120 0.2 0.9
1 0.00336019999999998 0 0 0.0 0.5021097046413502
2 0.003544500000000006 0 0 0.0 0.5021097046413502
3 0.0035788000000000486 0 0 0.0 0.5021097046413502
4 0.003605999999999998 0 0 0.0 0.5021097046413502
5 0.00341020000000003 1 0 0.008403361344537815 0.5021097046413502
6 0.003431599999999979 0 0 0.008403361344537815 0.5021097046413502
7 0.003409300000000004 0 0 0.008403361344537815 0.5021097046413502
8 0.0033273999999999804 0 0 0.008403361344537815 0.5021097046413502
9 0.003397399999999995 0 0 0.008403361344537815 0.5021097046413502
10 0.0033586999999999922 1 1 0.01680672268907563 0.5063291139240507
11 0.0033747999999999556 0 0 0.01680672268907563 0.5063291139240507
12 0.0024290000000000145 1 1 0.025210084033613446 0.510548523206751
13 0.0023604999999999876 0 0 0.025210084033613446 0.510548523206751
14 0.0024411000000000294 0 0 0.025210084033613446 0.510548523206751
15 0.0023534000000000055 0 0 0.025210084033613446 0.510548523206751
16 0.0024249000000000076 0 0 0.025210084033613446 0.510548523206751
17 0.0025835000000000163 0 0 0.025210084033613446 0.510548523206751
18 0.0025490000000000235 0 0 0.025210084033613446 0.510548523206751
19 0.0025975999999999777 0 0 0.025210084033613446 0.510548523206751
20 0.0024572999999999956 0 0 0.025210084033613446 0.510548523206751
21 0.0035047000000000272 0 0 0.025210084033613446 0.510548523206751
22 0.0034197000000000255 0 0 0.025210084033613446 0.510548523206751
23 0.0033084000000000446 0 0 0.025210084033613446 0.510548523206751
24 0.0033373999999999904 0 0 0.025210084033613446 0.510548523206751
25 0.003463600000000011 1 1 0.03361344537815126 0.5147679324894515
26 0.0033039000000000263 0 0 0.03361344537815126 0.5147679324894515
27 0.0031955000000000178 0 0 0.03361344537815126 0.5147679324894515
28 0.003425599999999973 0 0 0.03361344537815126 0.5147679324894515
29 0.002631500000000009 0 0 0.03361344537815126 0.5147679324894515
30 0.002406599999999981 0 0 0.03361344537815126 0.5147679324894515
31 0.0023790999999999674 0 0 0.03361344537815126 0.5147679324894515
32 0.0024115999999999582 0 0 0.03361344537815126 0.5147679324894515
33 0.00253679999999995 0 0 0.03361344537815126 0.5147679324894515
34 0.002624200000000021 1 1 0.04201680672268908 0.5189873417721519
35 0.002427400000000024 0 0 0.04201680672268908 0.5189873417721519
36 0.0025431999999999677 0 0 0.04201680672268908 0.5189873417721519
37 0.002536499999999997 0 0 0.04201680672268908 0.5189873417721519
38 0.002468700000000046 1 0 0.05042016806722689 0.5189873417721519
39 0.0025735000000000063 0 1 0.05042016806722689 0.5232067510548524
40 0.0025503000000000053 0 0 0.05042016806722689 0.5232067510548524
41 0.002578999999999998 0 0 0.05042016806722689 0.5232067510548524
42 0.0028232000000000257 0 0 0.05042016806722689 0.5232067510548524
43 0.002775799999999995 0 0 0.05042016806722689 0.5232067510548524
44 0.002549500000000038 1 1 0.058823529411764705 0.5274261603375527
45 0.002563800000000005 0 0 0.058823529411764705 0.5274261603375527
46 0.002854399999999979 0 0 0.058823529411764705 0.5274261603375527
47 0.0025499999999999967 0 0 0.058823529411764705 0.5274261603375527
48 0.002940300000000007 1 1 0.06722689075630252 0.5316455696202531
49 0.002659400000000034 0 0 0.06722689075630252 0.5316455696202531
50 0.0025149999999999895 0 0 0.06722689075630252 0.5316455696202531
51 0.0025556000000000467 0 0 0.06722689075630252 0.5316455696202531
52 0.0023807999999999607 0 0 0.06722689075630252 0.5316455696202531
53 0.002699700000000027 0 0 0.06722689075630252 0.5316455696202531
54 0.0029372000000000287 0 0 0.06722689075630252 0.5316455696202531
55 0.00263049999999998 0 0 0.06722689075630252 0.5316455696202531
56 0.0026480999999999866 1 1 0.07563025210084033 0.5358649789029536
57 0.0024654000000000065 0 0 0.07563025210084033 0.5358649789029536
58 0.002849500000000005 0 0 0.07563025210084033 0.5358649789029536
59 0.002580799999999994 0 0 0.07563025210084033 0.5358649789029536
60 0.0025178000000000145 0 0 0.07563025210084033 0.5358649789029536
61 0.002396499999999968 0 0 0.07563025210084033 0.5358649789029536
62 0.0024363000000000024 0 0 0.07563025210084033 0.5358649789029536
63 0.002503299999999986 0 0 0.07563025210084033 0.5358649789029536
64 0.0024930999999999703 0 0 0.07563025210084033 0.5358649789029536
65 0.0023864000000000107 0 0 0.07563025210084033 0.5358649789029536
66 0.002489000000000019 0 0 0.07563025210084033 0.5358649789029536
67 0.0024568000000000367 0 0 0.07563025210084033 0.5358649789029536
68 0.002587900000000032 0 0 0.07563025210084033 0.5358649789029536
69 0.002649200000000018 1 0 0.08403361344537816 0.5358649789029536
70 0.002867200000000014 0 1 0.08403361344537816 0.540084388185654
71 0.002654600000000007 0 0 0.08403361344537816 0.540084388185654
72 0.002620900000000037 0 0 0.08403361344537816 0.540084388185654
73 0.002715900000000049 0 0 0.08403361344537816 0.540084388185654
74 0.0025419000000000413 0 0 0.08403361344537816 0.540084388185654
75 0.0029153999999999014 0 0 0.08403361344537816 0.540084388185654
76 0.0026192000000000437 1 1 0.09243697478991597 0.5443037974683544
77 0.0025717000000000656 0 0 0.09243697478991597 0.5443037974683544
78 0.0025088000000000887 0 0 0.09243697478991597 0.5443037974683544
79 0.0024068000000000422 0 0 0.09243697478991597 0.5443037974683544
80 0.0025633999999999935 0 0 0.09243697478991597 0.5443037974683544
81 0.0024874000000000285 0 0 0.09243697478991597 0.5443037974683544
82 0.0025241999999999765 0 0 0.09243697478991597 0.5443037974683544
83 0.0025101000000000706 0 0 0.09243697478991597 0.5443037974683544
84 0.0027015999999999707 0 0 0.09243697478991597 0.5443037974683544
85 0.0024457999999999425 0 0 0.09243697478991597 0.5443037974683544
86 0.002534700000000001 0 0 0.09243697478991597 0.5443037974683544
87 0.0025068999999999786 0 0 0.09243697478991597 0.5443037974683544
88 0.0024580000000000712 0 0 0.09243697478991597 0.5443037974683544
89 0.002583800000000025 0 0 0.09243697478991597 0.5443037974683544
90 0.0027346000000000315 0 0 0.09243697478991597 0.5443037974683544
91 0.0025165000000000326 0 0 0.09243697478991597 0.5443037974683544
92 0.00252169999999996 0 0 0.09243697478991597 0.5443037974683544
93 0.002558499999999908 0 0 0.09243697478991597 0.5443037974683544
94 0.003620100000000015 0 0 0.09243697478991597 0.5443037974683544
95 0.0036714999999999387 1 1 0.10084033613445378 0.5485232067510548
96 0.002664600000000017 1 1 0.1092436974789916 0.5527426160337553
97 0.003724599999999967 0 0 0.1092436974789916 0.5527426160337553
98 0.0026119000000000003 0 0 0.1092436974789916 0.5527426160337553
99 0.0026768000000000347 1 1 0.11764705882352941 0.5569620253164557
100 0.0025543000000000093 0 0 0.11764705882352941 0.5569620253164557
101 0.0029018000000000654 0 0 0.11764705882352941 0.5569620253164557
102 0.0026016000000000927 0 0 0.11764705882352941 0.5569620253164557
103 0.0025688000000000377 0 0 0.11764705882352941 0.5569620253164557
104 0.0025252999999999526 0 0 0.11764705882352941 0.5569620253164557
105 0.0036959999999999216 0 0 0.11764705882352941 0.5569620253164557
106 0.002556399999999903 0 0 0.11764705882352941 0.5569620253164557
107 0.002449900000000005 0 0 0.11764705882352941 0.5569620253164557
108 0.002735799999999955 0 0 0.11764705882352941 0.5569620253164557
109 0.0026327999999999907 1 1 0.12605042016806722 0.5611814345991561
110 0.0026095000000000423 1 1 0.13445378151260504 0.5654008438818565
111 0.003664400000000012 0 0 0.13445378151260504 0.5654008438818565
112 0.0033583000000000363 0 0 0.13445378151260504 0.5654008438818565
113 0.0035389000000000115 0 0 0.13445378151260504 0.5654008438818565
114 0.0034726999999999952 0 0 0.13445378151260504 0.5654008438818565
115 0.0035376000000000296 0 0 0.13445378151260504 0.5654008438818565
116 0.003696900000000003 0 0 0.13445378151260504 0.5654008438818565
117 0.003451800000000005 0 0 0.13445378151260504 0.5654008438818565
118 0.0038391999999999316 0 0 0.13445378151260504 0.5654008438818565
119 0.003536600000000001 1 0 0.14285714285714285 0.5654008438818565
120 0.003734800000000038 0 0 0.14285714285714285 0.5654008438818565
121 0.0037274000000000473 0 0 0.14285714285714285 0.5654008438818565
122 0.0037569999999998993 0 0 0.14285714285714285 0.5654008438818565
123 0.0036759000000000652 0 1 0.14285714285714285 0.569620253164557
124 0.0035597000000000545 0 0 0.14285714285714285 0.569620253164557
125 0.003318800000000066 0 0 0.14285714285714285 0.569620253164557
126 0.0037036999999999765 0 0 0.14285714285714285 0.569620253164557
127 0.005264400000000058 0 0 0.14285714285714285 0.569620253164557
128 0.002985099999999963 0 0 0.14285714285714285 0.569620253164557
129 0.00466270000000002 0 0 0.14285714285714285 0.569620253164557
130 0.0030907000000000018 0 0 0.14285714285714285 0.569620253164557
131 0.0026504000000000527 0 0 0.14285714285714285 0.569620253164557
132 0.0024980000000000002 0 0 0.14285714285714285 0.569620253164557
133 0.002725699999999942 0 0 0.14285714285714285 0.569620253164557
134 0.0027220999999999496 0 0 0.14285714285714285 0.569620253164557
135 0.002701999999999982 1 1 0.15126050420168066 0.5738396624472574
136 0.00276809999999994 0 0 0.15126050420168066 0.5738396624472574
137 0.0025759000000000754 0 0 0.15126050420168066 0.5738396624472574
138 0.002627799999999958 0 0 0.15126050420168066 0.5738396624472574
139 0.0025031000000000914 0 0 0.15126050420168066 0.5738396624472574
140 0.0027865999999999724 0 0 0.15126050420168066 0.5738396624472574
141 0.0025225999999999305 0 0 0.15126050420168066 0.5738396624472574
142 0.002636599999999989 1 1 0.15966386554621848 0.5780590717299579
143 0.0025959000000000954 0 0 0.15966386554621848 0.5780590717299579
144 0.0027821000000000096 0 0 0.15966386554621848 0.5780590717299579
145 0.002686799999999989 0 0 0.15966386554621848 0.5780590717299579
146 0.0025761999999999174 0 0 0.15966386554621848 0.5780590717299579
147 0.0025998999999999883 0 0 0.15966386554621848 0.5780590717299579
148 0.0027161999999999464 0 0 0.15966386554621848 0.5780590717299579
149 0.00263419999999992 0 0 0.15966386554621848 0.5780590717299579
150 0.0026948999999999446 0 0 0.15966386554621848 0.5780590717299579
151 0.002709899999999932 1 1 0.16806722689075632 0.5822784810126582
152 0.0026416000000000217 0 0 0.16806722689075632 0.5822784810126582
153 0.002764300000000053 0 0 0.16806722689075632 0.5822784810126582
154 0.0025268000000000512 0 0 0.16806722689075632 0.5822784810126582
155 0.0025743999999999767 0 0 0.16806722689075632 0.5822784810126582
156 0.002493399999999979 0 0 0.16806722689075632 0.5822784810126582
157 0.0026196000000000552 0 0 0.16806722689075632 0.5822784810126582
158 0.0026967999999999437 0 0 0.16806722689075632 0.5822784810126582
159 0.0025401999999999925 0 0 0.16806722689075632 0.5822784810126582
160 0.0027017999999999764 0 0 0.16806722689075632 0.5822784810126582
161 0.0026492999999999656 0 0 0.16806722689075632 0.5822784810126582
162 0.0025064000000000197 0 0 0.16806722689075632 0.5822784810126582
163 0.002537899999999982 0 0 0.16806722689075632 0.5822784810126582
164 0.002757200000000015 1 1 0.17647058823529413 0.5864978902953587
165 0.0025298000000000265 1 1 0.18487394957983194 0.5907172995780591
166 0.0027517000000000236 0 0 0.18487394957983194 0.5907172995780591
167 0.002711000000000019 0 0 0.18487394957983194 0.5907172995780591
168 0.0023891999999999802 0 0 0.18487394957983194 0.5907172995780591
169 0.002603800000000045 0 0 0.18487394957983194 0.5907172995780591
170 0.0025180999999999676 0 0 0.18487394957983194 0.5907172995780591
171 0.002686999999999995 1 1 0.19327731092436976 0.5949367088607594
172 0.002753400000000017 0 0 0.19327731092436976 0.5949367088607594
173 0.0026439000000000323 0 0 0.19327731092436976 0.5949367088607594
174 0.0025104000000000237 0 0 0.19327731092436976 0.5949367088607594
175 0.00280860000000005 0 0 0.19327731092436976 0.5949367088607594
176 0.0025655999999999457 0 0 0.19327731092436976 0.5949367088607594
177 0.0027994000000000074 0 0 0.19327731092436976 0.5949367088607594
178 0.002740599999999982 0 0 0.19327731092436976 0.5949367088607594
179 0.0027582999999999913 0 0 0.19327731092436976 0.5949367088607594
180 0.002540100000000045 0 0 0.19327731092436976 0.5949367088607594
181 0.0027730000000000254 0 0 0.19327731092436976 0.5949367088607594
182 0.002531300000000014 0 0 0.19327731092436976 0.5949367088607594
183 0.002715599999999929 0 0 0.19327731092436976 0.5949367088607594
184 0.0031122999999999568 1 1 0.20168067226890757 0.5991561181434599
185 0.002689900000000023 0 0 0.20168067226890757 0.5991561181434599
186 0.0026728000000000307 0 0 0.20168067226890757 0.5991561181434599
187 0.0027617999999999254 0 0 0.20168067226890757 0.5991561181434599
188 0.002709199999999967 0 0 0.20168067226890757 0.5991561181434599
189 0.0027183000000000623 0 0 0.20168067226890757 0.5991561181434599
190 0.003062200000000015 0 0 0.20168067226890757 0.5991561181434599
191 0.0027760000000000007 0 0 0.20168067226890757 0.5991561181434599
192 0.0026808000000000387 0 0 0.20168067226890757 0.5991561181434599
193 0.002805200000000063 0 0 0.20168067226890757 0.5991561181434599
194 0.002706499999999945 1 1 0.21008403361344538 0.6033755274261603
195 0.0028257999999999894 0 0 0.21008403361344538 0.6033755274261603
196 0.002600900000000017 0 0 0.21008403361344538 0.6033755274261603
197 0.0026055000000000383 0 0 0.21008403361344538 0.6033755274261603
198 0.0026742999999999073 0 0 0.21008403361344538 0.6033755274261603
199 0.002700099999999983 0 0 0.21008403361344538 0.6033755274261603
200 0.0027895999999999477 0 0 0.21008403361344538 0.6033755274261603
201 0.0027654999999999763 0 0 0.21008403361344538 0.6033755274261603
202 0.0027076999999999796 1 1 0.2184873949579832 0.6075949367088608
203 0.002738200000000024 0 0 0.2184873949579832 0.6075949367088608
204 0.0026791000000000453 0 0 0.2184873949579832 0.6075949367088608
205 0.002610199999999896 0 0 0.2184873949579832 0.6075949367088608
206 0.0028896000000000477 0 0 0.2184873949579832 0.6075949367088608
207 0.0027146000000000114 1 1 0.226890756302521 0.6118143459915611
208 0.0026031999999999167 0 0 0.226890756302521 0.6118143459915611
209 0.002667599999999992 0 0 0.226890756302521 0.6118143459915611
210 0.002547799999999989 0 0 0.226890756302521 0.6118143459915611
211 0.002590199999999987 0 0 0.226890756302521 0.6118143459915611
212 0.0026950999999999503 1 1 0.23529411764705882 0.6160337552742616
213 0.0026394000000000695 0 0 0.23529411764705882 0.6160337552742616
214 0.002725700000000053 1 1 0.24369747899159663 0.620253164556962
215 0.002779000000000087 0 0 0.24369747899159663 0.620253164556962
216 0.0027246999999999133 0 0 0.24369747899159663 0.620253164556962
217 0.0025940999999999326 0 0 0.24369747899159663 0.620253164556962
218 0.002848900000000043 0 0 0.24369747899159663 0.620253164556962
219 0.0026621000000000006 1 1 0.25210084033613445 0.6244725738396625
220 0.002595799999999926 0 0 0.25210084033613445 0.6244725738396625
221 0.0027686999999999573 0 0 0.25210084033613445 0.6244725738396625
222 0.0026317000000000146 0 0 0.25210084033613445 0.6244725738396625
223 0.0028816000000000397 0 0 0.25210084033613445 0.6244725738396625
224 0.0027572999999999626 0 0 0.25210084033613445 0.6244725738396625
225 0.00261100000000003 0 0 0.25210084033613445 0.6244725738396625
226 0.0027604999999999436 0 0 0.25210084033613445 0.6244725738396625
227 0.002882199999999946 0 0 0.25210084033613445 0.6244725738396625
228 0.0028287999999999647 0 0 0.25210084033613445 0.6244725738396625
229 0.0026047000000000153 0 0 0.25210084033613445 0.6244725738396625
230 0.0027585999999999444 0 0 0.25210084033613445 0.6244725738396625
231 0.002658999999999967 1 1 0.2605042016806723 0.6286919831223629
232 0.0029433999999999294 0 0 0.2605042016806723 0.6286919831223629
233 0.002640599999999993 0 0 0.2605042016806723 0.6286919831223629
234 0.002849199999999996 0 0 0.2605042016806723 0.6286919831223629
235 0.00285790000000008 1 1 0.2689075630252101 0.6329113924050633
236 0.0028825999999999574 1 1 0.2773109243697479 0.6371308016877637
237 0.003119000000000094 1 0 0.2857142857142857 0.6371308016877637
238 0.0027440000000000797 0 0 0.2857142857142857 0.6371308016877637
239 0.0027628000000001762 0 0 0.2857142857142857 0.6371308016877637
240 0.002763499999999919 0 1 0.2857142857142857 0.6413502109704642
241 0.0033225999999999534 0 0 0.2857142857142857 0.6413502109704642
242 0.002649100000000182 0 0 0.2857142857142857 0.6413502109704642
243 0.002940399999999954 0 0 0.2857142857142857 0.6413502109704642
244 0.002819600000000033 0 0 0.2857142857142857 0.6413502109704642
245 0.0030623999999999096 0 0 0.2857142857142857 0.6413502109704642
246 0.002672400000000019 0 0 0.2857142857142857 0.6413502109704642
247 0.002767799999999987 0 0 0.2857142857142857 0.6413502109704642
248 0.0028144000000001057 0 0 0.2857142857142857 0.6413502109704642
249 0.0026076999999999906 0 0 0.2857142857142857 0.6413502109704642
250 0.002758700000000003 0 0 0.2857142857142857 0.6413502109704642
251 0.002719600000000044 1 1 0.29411764705882354 0.6455696202531646
252 0.0028767999999999017 1 1 0.3025210084033613 0.6497890295358649
253 0.002821900000000044 0 0 0.3025210084033613 0.6497890295358649
254 0.0027966999999999853 0 0 0.3025210084033613 0.6497890295358649
255 0.002704399999999829 0 0 0.3025210084033613 0.6497890295358649
256 0.0029090999999998868 0 0 0.3025210084033613 0.6497890295358649
257 0.0030730999999999398 1 1 0.31092436974789917 0.6540084388185654
258 0.002706199999999992 0 0 0.31092436974789917 0.6540084388185654
259 0.002882199999999946 0 0 0.31092436974789917 0.6540084388185654
260 0.002746700000000102 0 0 0.31092436974789917 0.6540084388185654
261 0.002721399999999985 0 0 0.31092436974789917 0.6540084388185654
262 0.0028695000000000803 0 0 0.31092436974789917 0.6540084388185654
263 0.002725699999999831 0 0 0.31092436974789917 0.6540084388185654
264 0.002834000000000003 0 0 0.31092436974789917 0.6540084388185654
265 0.002906799999999876 0 0 0.31092436974789917 0.6540084388185654
266 0.0027343999999998037 0 0 0.31092436974789917 0.6540084388185654
267 0.0028740999999998795 0 0 0.31092436974789917 0.6540084388185654
268 0.002711600000000036 0 0 0.31092436974789917 0.6540084388185654
269 0.002631599999999956 0 0 0.31092436974789917 0.6540084388185654
270 0.002747300000000008 0 0 0.31092436974789917 0.6540084388185654
271 0.0027284999999999116 0 0 0.31092436974789917 0.6540084388185654
272 0.002753100000000064 0 0 0.31092436974789917 0.6540084388185654
273 0.002778500000000017 0 0 0.31092436974789917 0.6540084388185654
274 0.002778500000000017 0 0 0.31092436974789917 0.6540084388185654
275 0.0027248000000001937 0 0 0.31092436974789917 0.6540084388185654
276 0.002927499999999972 0 0 0.31092436974789917 0.6540084388185654
277 0.002840600000000082 0 0 0.31092436974789917 0.6540084388185654
278 0.002875500000000031 0 0 0.31092436974789917 0.6540084388185654
279 0.002991799999999989 0 0 0.31092436974789917 0.6540084388185654
280 0.0027719999999999967 0 0 0.31092436974789917 0.6540084388185654
281 0.003106999999999971 1 1 0.31932773109243695 0.6582278481012658
282 0.002787600000000001 0 0 0.31932773109243695 0.6582278481012658
283 0.0036815999999999516 1 1 0.3277310924369748 0.6624472573839663
284 0.003801199999999838 0 0 0.3277310924369748 0.6624472573839663
285 0.003886300000000009 0 0 0.3277310924369748 0.6624472573839663
286 0.0029072000000001097 0 0 0.3277310924369748 0.6624472573839663
287 0.0029049999999999354 0 0 0.3277310924369748 0.6624472573839663
288 0.002939299999999978 0 0 0.3277310924369748 0.6624472573839663
289 0.0028135000000000243 0 0 0.3277310924369748 0.6624472573839663
290 0.002946499999999963 0 0 0.3277310924369748 0.6624472573839663
291 0.002821399999999974 0 0 0.3277310924369748 0.6624472573839663
292 0.002770200000000056 0 0 0.3277310924369748 0.6624472573839663
293 0.002644299999999822 1 0 0.33613445378151263 0.6624472573839663
294 0.002799800000000019 0 0 0.33613445378151263 0.6624472573839663
295 0.0028407000000001403 0 0 0.33613445378151263 0.6624472573839663
296 0.002905400000000169 0 0 0.33613445378151263 0.6624472573839663
297 0.0028010000000000534 1 1 0.3445378151260504 0.6666666666666666
298 0.002755299999999794 0 0 0.3445378151260504 0.6666666666666666
299 0.002726500000000076 1 1 0.35294117647058826 0.6708860759493671
300 0.002740899999999824 0 1 0.35294117647058826 0.6751054852320675
301 0.0030358999999999803 0 0 0.35294117647058826 0.6751054852320675
302 0.002826800000000018 1 1 0.36134453781512604 0.679324894514768
303 0.002824399999999949 0 0 0.36134453781512604 0.679324894514768
304 0.0029504000000000197 0 0 0.36134453781512604 0.679324894514768
305 0.0028669000000001166 1 1 0.3697478991596639 0.6835443037974683
306 0.002741899999999964 0 0 0.3697478991596639 0.6835443037974683
307 0.00293230000000011 0 0 0.3697478991596639 0.6835443037974683
308 0.0029212999999999045 0 0 0.3697478991596639 0.6835443037974683
309 0.002922199999999986 0 0 0.3697478991596639 0.6835443037974683
310 0.0029377999999999904 0 0 0.3697478991596639 0.6835443037974683
311 0.0028120000000000367 0 0 0.3697478991596639 0.6835443037974683
312 0.0028192000000000217 0 0 0.3697478991596639 0.6835443037974683
313 0.0028284999999999005 0 0 0.3697478991596639 0.6835443037974683
314 0.004222600000000076 0 0 0.3697478991596639 0.6835443037974683
315 0.0031612999999999225 1 1 0.37815126050420167 0.6877637130801688
316 0.002851600000000065 0 0 0.37815126050420167 0.6877637130801688
317 0.002960400000000085 1 1 0.3865546218487395 0.6919831223628692
318 0.0028553999999998414 0 0 0.3865546218487395 0.6919831223628692
319 0.0030479999999999396 0 0 0.3865546218487395 0.6919831223628692
320 0.0028004999999999836 0 0 0.3865546218487395 0.6919831223628692
321 0.003030000000000088 0 0 0.3865546218487395 0.6919831223628692
322 0.003014700000000037 0 0 0.3865546218487395 0.6919831223628692
323 0.0030048000000000297 0 0 0.3865546218487395 0.6919831223628692
324 0.003011000000000097 0 0 0.3865546218487395 0.6919831223628692
325 0.0029541000000001816 0 0 0.3865546218487395 0.6919831223628692
326 0.0032847000000000293 0 0 0.3865546218487395 0.6919831223628692
327 0.002801100000000112 0 0 0.3865546218487395 0.6919831223628692
328 0.0028949000000000336 0 0 0.3865546218487395 0.6919831223628692
329 0.005038499999999946 0 0 0.3865546218487395 0.6919831223628692
330 0.003947699999999887 0 0 0.3865546218487395 0.6919831223628692
331 0.0039285000000000014 0 0 0.3865546218487395 0.6919831223628692
332 0.00413029999999992 0 0 0.3865546218487395 0.6919831223628692
333 0.004001399999999933 0 0 0.3865546218487395 0.6919831223628692
334 0.004136399999999929 0 0 0.3865546218487395 0.6919831223628692
335 0.0038508999999999904 0 0 0.3865546218487395 0.6919831223628692
336 0.003765999999999936 0 0 0.3865546218487395 0.6919831223628692
337 0.003993099999999972 0 0 0.3865546218487395 0.6919831223628692
338 0.004011100000000045 0 0 0.3865546218487395 0.6919831223628692
339 0.004123899999999958 0 0 0.3865546218487395 0.6919831223628692
340 0.004086000000000034 1 1 0.3949579831932773 0.6962025316455697
341 0.004073899999999853 0 0 0.3949579831932773 0.6962025316455697
342 0.0038962999999998527 1 0 0.40336134453781514 0.6962025316455697
343 0.0040560000000000596 0 0 0.40336134453781514 0.6962025316455697
344 0.003929399999999861 0 1 0.40336134453781514 0.70042194092827
345 0.003134799999999993 0 0 0.40336134453781514 0.70042194092827
346 0.0030599000000000043 0 0 0.40336134453781514 0.70042194092827
347 0.0030487999999999627 0 0 0.40336134453781514 0.70042194092827
348 0.003888900000000195 1 1 0.4117647058823529 0.7046413502109705
349 0.003989900000000102 0 0 0.4117647058823529 0.7046413502109705
350 0.0038632000000000666 0 0 0.4117647058823529 0.7046413502109705
351 0.004030500000000048 0 0 0.4117647058823529 0.7046413502109705
352 0.004063099999999986 0 0 0.4117647058823529 0.7046413502109705
353 0.0032951000000001063 1 1 0.42016806722689076 0.7088607594936709
354 0.0029831000000000163 0 0 0.42016806722689076 0.7088607594936709
355 0.004564299999999966 0 0 0.42016806722689076 0.7088607594936709
356 0.0029425999999999064 0 0 0.42016806722689076 0.7088607594936709
357 0.003046700000000069 1 1 0.42857142857142855 0.7130801687763713
358 0.002901700000000007 0 0 0.42857142857142855 0.7130801687763713
359 0.0030285000000001006 0 0 0.42857142857142855 0.7130801687763713
360 0.0030852999999999575 1 1 0.4369747899159664 0.7172995780590717
361 0.0031447000000000003 0 0 0.4369747899159664 0.7172995780590717
362 0.002887300000000037 0 0 0.4369747899159664 0.7172995780590717
363 0.003119299999999825 0 0 0.4369747899159664 0.7172995780590717
364 0.0031932999999999545 0 0 0.4369747899159664 0.7172995780590717
365 0.002963000000000049 1 1 0.44537815126050423 0.7215189873417721
366 0.0029562000000000754 0 0 0.44537815126050423 0.7215189873417721
367 0.003370800000000118 0 0 0.44537815126050423 0.7215189873417721
368 0.002952600000000194 1 1 0.453781512605042 0.7257383966244726
369 0.003069699999999953 0 0 0.453781512605042 0.7257383966244726
370 0.0029193999999999054 0 0 0.453781512605042 0.7257383966244726
371 0.00284440000000008 0 0 0.453781512605042 0.7257383966244726
372 0.0029984000000000677 0 0 0.453781512605042 0.7257383966244726
373 0.0031015999999999266 0 0 0.453781512605042 0.7257383966244726
374 0.003163599999999933 0 0 0.453781512605042 0.7257383966244726
375 0.0033086999999998312 0 0 0.453781512605042 0.7257383966244726
376 0.0028775000000000883 0 0 0.453781512605042 0.7257383966244726
377 0.002863300000000013 0 0 0.453781512605042 0.7257383966244726
378 0.003102799999999961 0 0 0.453781512605042 0.7257383966244726
379 0.003147500000000081 0 0 0.453781512605042 0.7257383966244726
380 0.0028262999999999483 1 0 0.46218487394957986 0.7257383966244726
381 0.0029808000000000057 0 0 0.46218487394957986 0.7257383966244726
382 0.0031821000000000765 0 0 0.46218487394957986 0.7257383966244726
383 0.0032022999999998802 1 1 0.47058823529411764 0.729957805907173
384 0.003245699999999907 0 0 0.47058823529411764 0.729957805907173
385 0.003010999999999875 0 0 0.47058823529411764 0.729957805907173
386 0.0029079000000000743 0 0 0.47058823529411764 0.729957805907173
387 0.002976599999999996 0 0 0.47058823529411764 0.729957805907173
388 0.002932900000000016 0 1 0.47058823529411764 0.7341772151898734
389 0.002907599999999899 0 0 0.47058823529411764 0.7341772151898734
390 0.003214199999999945 0 0 0.47058823529411764 0.7341772151898734
391 0.0029697999999998004 0 0 0.47058823529411764 0.7341772151898734
392 0.0033130000000001214 0 0 0.47058823529411764 0.7341772151898734
393 0.0028424000000000227 0 0 0.47058823529411764 0.7341772151898734
394 0.003225900000000115 0 0 0.47058823529411764 0.7341772151898734
395 0.003204600000000113 0 0 0.47058823529411764 0.7341772151898734
396 0.0028886999999999663 0 0 0.47058823529411764 0.7341772151898734
397 0.003150500000000056 0 0 0.47058823529411764 0.7341772151898734
398 0.003207799999999983 1 1 0.4789915966386555 0.7383966244725738
399 0.0029117000000000726 0 0 0.4789915966386555 0.7383966244725738
400 0.0030447000000000113 1 1 0.48739495798319327 0.7426160337552743
401 0.0029969999999999164 0 0 0.48739495798319327 0.7426160337552743
402 0.0031664000000000136 1 1 0.4957983193277311 0.7468354430379747
403 0.0032288000000000316 0 0 0.4957983193277311 0.7468354430379747
404 0.003076300000000032 0 0 0.4957983193277311 0.7468354430379747
405 0.003081399999999901 1 1 0.5042016806722689 0.7510548523206751
406 0.00301079999999998 1 1 0.5126050420168067 0.7552742616033755
407 0.003286799999999923 1 1 0.5210084033613446 0.759493670886076
408 0.003485499999999808 0 0 0.5210084033613446 0.759493670886076
409 0.003226799999999974 1 1 0.5294117647058824 0.7637130801687764
410 0.003432600000000008 1 1 0.5378151260504201 0.7679324894514767
411 0.0029816000000000287 0 0 0.5378151260504201 0.7679324894514767
412 0.003162200000000004 0 0 0.5378151260504201 0.7679324894514767
413 0.0029143999999998726 0 0 0.5378151260504201 0.7679324894514767
414 0.003302200000000033 0 0 0.5378151260504201 0.7679324894514767
415 0.0031666999999999668 0 0 0.5378151260504201 0.7679324894514767
416 0.003156599999999843 0 0 0.5378151260504201 0.7679324894514767
417 0.003307800000000194 0 0 0.5378151260504201 0.7679324894514767
418 0.0058043000000000955 1 1 0.5462184873949579 0.7721518987341772
419 0.0036650000000000293 0 0 0.5462184873949579 0.7721518987341772
420 0.0029841999999999924 0 0 0.5462184873949579 0.7721518987341772
421 0.0031372999999998985 0 0 0.5462184873949579 0.7721518987341772
422 0.0029444999999999055 0 0 0.5462184873949579 0.7721518987341772
423 0.0034586999999999257 1 1 0.5546218487394958 0.7763713080168776
424 0.0032297999999999494 1 1 0.5630252100840336 0.7805907172995781
425 0.002992600000000012 0 0 0.5630252100840336 0.7805907172995781
426 0.003017400000000059 0 0 0.5630252100840336 0.7805907172995781
427 0.003058499999999853 0 0 0.5630252100840336 0.7805907172995781
428 0.003276599999999963 0 0 0.5630252100840336 0.7805907172995781
429 0.003090000000000037 0 0 0.5630252100840336 0.7805907172995781
430 0.0031993999999999634 0 0 0.5630252100840336 0.7805907172995781
431 0.003130499999999925 0 0 0.5630252100840336 0.7805907172995781
432 0.004002799999999862 0 0 0.5630252100840336 0.7805907172995781
433 0.004064599999999974 0 0 0.5630252100840336 0.7805907172995781
434 0.003180100000000019 0 0 0.5630252100840336 0.7805907172995781
435 0.003158200000000111 1 1 0.5714285714285714 0.7848101265822784
436 0.003068300000000024 0 0 0.5714285714285714 0.7848101265822784
437 0.0032563000000001008 0 0 0.5714285714285714 0.7848101265822784
438 0.0029325000000000045 0 0 0.5714285714285714 0.7848101265822784
439 0.003061999999999898 0 0 0.5714285714285714 0.7848101265822784
440 0.0032242000000000104 0 0 0.5714285714285714 0.7848101265822784
441 0.0032642000000000504 0 0 0.5714285714285714 0.7848101265822784
442 0.003048600000000068 0 0 0.5714285714285714 0.7848101265822784
443 0.003218500000000013 0 0 0.5714285714285714 0.7848101265822784
444 0.0031620999999999455 0 0 0.5714285714285714 0.7848101265822784
445 0.0033455000000000013 0 0 0.5714285714285714 0.7848101265822784
446 0.0032379000000000158 1 1 0.5798319327731093 0.7890295358649789
447 0.0032468999999999415 0 0 0.5798319327731093 0.7890295358649789
448 0.0032786999999998567 0 0 0.5798319327731093 0.7890295358649789
449 0.0030788999999999955 0 0 0.5798319327731093 0.7890295358649789
450 0.003250700000000162 0 0 0.5798319327731093 0.7890295358649789
451 0.0031320000000001347 0 0 0.5798319327731093 0.7890295358649789
452 0.0032273999999998804 0 0 0.5798319327731093 0.7890295358649789
453 0.0033492999999999995 0 0 0.5798319327731093 0.7890295358649789
454 0.0029071000000000513 1 1 0.5882352941176471 0.7932489451476793
455 0.003154799999999902 0 0 0.5882352941176471 0.7932489451476793
456 0.0028434000000001625 1 1 0.5966386554621849 0.7974683544303798
457 0.0032995000000000108 0 0 0.5966386554621849 0.7974683544303798
458 0.0032276999999998335 1 1 0.6050420168067226 0.8016877637130801
459 0.004557700000000109 1 1 0.6134453781512605 0.8059071729957806
460 0.004294499999999868 0 0 0.6134453781512605 0.8059071729957806
461 0.004214600000000068 0 0 0.6134453781512605 0.8059071729957806
462 0.0034284999999998345 0 0 0.6134453781512605 0.8059071729957806
463 0.0032687999999998496 0 0 0.6134453781512605 0.8059071729957806
464 0.0033041999999998684 0 0 0.6134453781512605 0.8059071729957806
465 0.0032782999999998452 1 1 0.6218487394957983 0.810126582278481
466 0.0032695000000000363 0 0 0.6218487394957983 0.810126582278481
467 0.0030200000000000227 0 0 0.6218487394957983 0.810126582278481
468 0.0031510999999999623 0 0 0.6218487394957983 0.810126582278481
469 0.0031053000000000885 1 0 0.6302521008403361 0.810126582278481
470 0.003133200000000169 1 1 0.6386554621848739 0.8143459915611815
471 0.0032858000000000054 0 0 0.6386554621848739 0.8143459915611815
472 0.0030798999999999133 0 0 0.6386554621848739 0.8143459915611815
473 0.00334039999999991 0 1 0.6386554621848739 0.8185654008438819
474 0.0032406999999998742 1 1 0.6470588235294118 0.8227848101265823
475 0.0033410000000000384 0 0 0.6470588235294118 0.8227848101265823
476 0.003154199999999996 0 0 0.6470588235294118 0.8227848101265823
477 0.0030634999999998858 1 1 0.6554621848739496 0.8270042194092827
478 0.003309199999999901 0 0 0.6554621848739496 0.8270042194092827
479 0.003352400000000033 0 0 0.6554621848739496 0.8270042194092827
480 0.0033452999999998845 0 0 0.6554621848739496 0.8270042194092827
481 0.004191899999999915 0 0 0.6554621848739496 0.8270042194092827
482 0.004491599999999929 0 0 0.6554621848739496 0.8270042194092827
483 0.004479099999999958 0 0 0.6554621848739496 0.8270042194092827
484 0.0046207999999998695 0 0 0.6554621848739496 0.8270042194092827
485 0.004254699999999945 0 0 0.6554621848739496 0.8270042194092827
486 0.004363500000000187 1 1 0.6638655462184874 0.8312236286919831
487 0.0032138999999999918 0 0 0.6638655462184874 0.8312236286919831
488 0.003120599999999918 0 0 0.6638655462184874 0.8312236286919831
489 0.0033316999999999375 0 0 0.6638655462184874 0.8312236286919831
490 0.003306799999999832 0 0 0.6638655462184874 0.8312236286919831
491 0.003450500000000023 0 0 0.6638655462184874 0.8312236286919831
492 0.0031642999999998978 1 1 0.6722689075630253 0.8354430379746836
493 0.0036479000000000372 0 0 0.6722689075630253 0.8354430379746836
494 0.0030920000000000947 0 0 0.6722689075630253 0.8354430379746836
495 0.0032113999999998644 1 1 0.680672268907563 0.8396624472573839
496 0.0031409999999998384 1 1 0.6890756302521008 0.8438818565400844
497 0.0031577999999998774 1 1 0.6974789915966386 0.8481012658227848
498 0.003049999999999997 0 0 0.6974789915966386 0.8481012658227848
499 0.003102799999999961 1 1 0.7058823529411765 0.8523206751054853
500 0.0033426999999999207 0 0 0.7058823529411765 0.8523206751054853
501 0.0031778000000000084 0 0 0.7058823529411765 0.8523206751054853
502 0.003311799999999865 1 1 0.7142857142857143 0.8565400843881856
503 0.0035154000000001684 0 0 0.7142857142857143 0.8565400843881856
504 0.003416699999999828 0 0 0.7142857142857143 0.8565400843881856
505 0.0033908999999998635 0 0 0.7142857142857143 0.8565400843881856
506 0.003395000000000037 0 0 0.7142857142857143 0.8565400843881856
507 0.003127300000000055 0 0 0.7142857142857143 0.8565400843881856
508 0.0034247000000000583 0 0 0.7142857142857143 0.8565400843881856
509 0.0033174999999998622 0 0 0.7142857142857143 0.8565400843881856
510 0.0033752000000000226 0 0 0.7142857142857143 0.8565400843881856
511 0.0033351999999999826 0 0 0.7142857142857143 0.8565400843881856
512 0.003430999999999962 0 0 0.7142857142857143 0.8565400843881856
513 0.0033072000000000656 1 1 0.7226890756302521 0.8607594936708861
514 0.0035815999999999626 0 0 0.7226890756302521 0.8607594936708861
515 0.0031807999999999836 0 0 0.7226890756302521 0.8607594936708861
516 0.0030775999999999026 0 0 0.7226890756302521 0.8607594936708861
517 0.0032294999999999963 1 1 0.7310924369747899 0.8649789029535865
518 0.0031738999999999518 0 0 0.7310924369747899 0.8649789029535865
519 0.003253200000000067 0 0 0.7310924369747899 0.8649789029535865
520 0.003326200000000057 0 0 0.7310924369747899 0.8649789029535865
521 0.003300599999999765 0 0 0.7310924369747899 0.8649789029535865
522 0.003309400000000018 1 0 0.7394957983193278 0.8649789029535865
523 0.0033894999999999342 0 0 0.7394957983193278 0.8649789029535865
524 0.0034521999999999053 0 0 0.7394957983193278 0.8649789029535865
525 0.0031596999999998765 0 0 0.7394957983193278 0.8649789029535865
526 0.0037248000000000836 0 0 0.7394957983193278 0.8649789029535865
527 0.003430800000000289 0 0 0.7394957983193278 0.8649789029535865
528 0.0032388999999999335 0 0 0.7394957983193278 0.8649789029535865
529 0.003187000000000051 0 0 0.7394957983193278 0.8649789029535865
530 0.0031536000000000897 1 1 0.7478991596638656 0.869198312236287
531 0.003355099999999833 0 0 0.7478991596638656 0.869198312236287
532 0.003313700000000086 1 1 0.7563025210084033 0.8734177215189873
533 0.003532400000000102 0 0 0.7563025210084033 0.8734177215189873
534 0.004618300000000186 0 1 0.7563025210084033 0.8776371308016878
535 0.004704199999999936 0 0 0.7563025210084033 0.8776371308016878
536 0.004651500000000031 1 1 0.7647058823529411 0.8818565400843882
537 0.00472450000000002 1 1 0.773109243697479 0.8860759493670886
538 0.004722800000000138 0 0 0.773109243697479 0.8860759493670886
539 0.004527300000000345 1 1 0.7815126050420168 0.890295358649789
540 0.004518100000000302 0 0 0.7815126050420168 0.890295358649789
541 0.004825900000000161 0 0 0.7815126050420168 0.890295358649789
542 0.003778800000000082 0 0 0.7815126050420168 0.890295358649789
543 0.0036271999999999416 0 0 0.7815126050420168 0.890295358649789
544 0.0036108999999999725 0 0 0.7815126050420168 0.890295358649789
545 0.0034015999999996716 0 0 0.7815126050420168 0.890295358649789
546 0.003335799999999889 0 0 0.7815126050420168 0.890295358649789
547 0.00327529999999987 0 0 0.7815126050420168 0.890295358649789
548 0.0032224000000002917 0 0 0.7815126050420168 0.890295358649789
549 0.003414999999999946 0 0 0.7815126050420168 0.890295358649789
550 0.004699600000000359 0 0 0.7815126050420168 0.890295358649789
551 0.004721299999999928 0 0 0.7815126050420168 0.890295358649789
552 0.004713499999999815 0 0 0.7815126050420168 0.890295358649789
553 0.0033970000000000944 0 0 0.7815126050420168 0.890295358649789
554 0.0034956999999997684 0 0 0.7815126050420168 0.890295358649789
555 0.004605599999999654 0 0 0.7815126050420168 0.890295358649789
556 0.004460499999999978 0 0 0.7815126050420168 0.890295358649789
557 0.004846199999999801 0 0 0.7815126050420168 0.890295358649789
558 0.0035237000000001295 0 0 0.7815126050420168 0.890295358649789
559 0.0032198999999999423 0 0 0.7815126050420168 0.890295358649789
560 0.0034524999999998585 0 0 0.7815126050420168 0.890295358649789
561 0.0033777999999999864 0 0 0.7815126050420168 0.890295358649789
562 0.0032388999999999335 0 0 0.7815126050420168 0.890295358649789
563 0.0034783000000002673 0 0 0.7815126050420168 0.890295358649789
564 0.0033335999999999366 1 1 0.7899159663865546 0.8945147679324894
565 0.0035650000000000404 1 1 0.7983193277310925 0.8987341772151899
566 0.0032378999999997937 0 0 0.7983193277310925 0.8987341772151899
567 0.003444099999999839 0 0 0.7983193277310925 0.8987341772151899
568 0.0032844999999999125 0 0 0.7983193277310925 0.8987341772151899
569 0.004592399999999941 0 0 0.7983193277310925 0.8987341772151899
570 0.004846000000000128 0 0 0.7983193277310925 0.8987341772151899
571 0.004802600000000101 1 1 0.8067226890756303 0.9029535864978903
572 0.004737800000000014 0 0 0.8067226890756303 0.9029535864978903
573 0.004692700000000105 0 0 0.8067226890756303 0.9029535864978903
574 0.0048730999999997415 0 0 0.8067226890756303 0.9029535864978903
575 0.0045159999999997424 0 0 0.8067226890756303 0.9029535864978903
576 0.004726099999999622 0 0 0.8067226890756303 0.9029535864978903
577 0.0033341000000000065 1 0 0.8151260504201681 0.9029535864978903
578 0.003447800000000001 0 1 0.8151260504201681 0.9071729957805907
579 0.0032966999999999302 0 0 0.8151260504201681 0.9071729957805907
580 0.0035484999999999545 0 0 0.8151260504201681 0.9071729957805907
581 0.003760100000000044 0 0 0.8151260504201681 0.9071729957805907
582 0.003340600000000027 0 0 0.8151260504201681 0.9071729957805907
583 0.0032697999999999894 0 0 0.8151260504201681 0.9071729957805907
584 0.00334140000000005 1 1 0.8235294117647058 0.9113924050632911
585 0.00326139999999997 0 0 0.8235294117647058 0.9113924050632911
586 0.003314499999999665 0 0 0.8235294117647058 0.9113924050632911
587 0.004688499999999873 0 0 0.8235294117647058 0.9113924050632911
588 0.003403800000000068 0 0 0.8235294117647058 0.9113924050632911
589 0.0032916999999996754 0 0 0.8235294117647058 0.9113924050632911
590 0.003520599999999874 0 0 0.8235294117647058 0.9113924050632911
591 0.0035135999999997836 0 0 0.8235294117647058 0.9113924050632911
592 0.003276099999999893 0 0 0.8235294117647058 0.9113924050632911
593 0.003415600000000296 0 0 0.8235294117647058 0.9113924050632911
594 0.003479299999999963 1 1 0.8319327731092437 0.9156118143459916
595 0.0033278999999999392 0 0 0.8319327731092437 0.9156118143459916
596 0.003718800000000133 0 0 0.8319327731092437 0.9156118143459916
597 0.003401999999999905 0 0 0.8319327731092437 0.9156118143459916
598 0.0033229000000001285 0 0 0.8319327731092437 0.9156118143459916
599 0.0046816999999999 0 0 0.8319327731092437 0.9156118143459916
600 0.0035537999999997183 0 0 0.8319327731092437 0.9156118143459916
601 0.0033159000000000383 0 0 0.8319327731092437 0.9156118143459916
602 0.003356899999999996 0 0 0.8319327731092437 0.9156118143459916
603 0.0034070999999999962 1 1 0.8403361344537815 0.919831223628692
604 0.00324649999999993 0 0 0.8403361344537815 0.919831223628692
605 0.0034504000000001867 1 0 0.8487394957983193 0.919831223628692
606 0.0034236999999999185 0 1 0.8487394957983193 0.9240506329113924
607 0.0033759000000004313 0 0 0.8487394957983193 0.9240506329113924
608 0.0034672000000002257 0 0 0.8487394957983193 0.9240506329113924
609 0.0032947000000000948 0 0 0.8487394957983193 0.9240506329113924
610 0.003365499999999688 0 0 0.8487394957983193 0.9240506329113924
611 0.0035528000000000226 0 0 0.8487394957983193 0.9240506329113924
612 0.00358780000000003 0 0 0.8487394957983193 0.9240506329113924
613 0.0033175000000000843 0 0 0.8487394957983193 0.9240506329113924
614 0.0035495000000000942 0 0 0.8487394957983193 0.9240506329113924
615 0.0035794999999998467 0 0 0.8487394957983193 0.9240506329113924
616 0.003267500000000201 1 0 0.8571428571428571 0.9240506329113924
617 0.003508099999999903 1 1 0.865546218487395 0.9282700421940928
618 0.003559099999999926 0 0 0.865546218487395 0.9282700421940928
619 0.0036247000000000362 0 0 0.865546218487395 0.9282700421940928
620 0.003856099999999696 0 0 0.865546218487395 0.9282700421940928
621 0.003828900000000246 0 0 0.865546218487395 0.9282700421940928
622 0.0033581000000002525 0 0 0.865546218487395 0.9282700421940928
623 0.0036199000000003423 0 0 0.865546218487395 0.9282700421940928
624 0.003619599999999945 0 0 0.865546218487395 0.9282700421940928
625 0.0034008000000000926 0 0 0.865546218487395 0.9282700421940928
626 0.0036605000000000665 0 0 0.865546218487395 0.9282700421940928
627 0.003427899999999706 0 1 0.865546218487395 0.9324894514767933
628 0.003847800000000401 0 0 0.865546218487395 0.9324894514767933
629 0.00391319999999995 1 1 0.8739495798319328 0.9367088607594937
630 0.0037055999999999756 0 0 0.8739495798319328 0.9367088607594937
631 0.003417200000000342 0 0 0.8739495798319328 0.9367088607594937
632 0.0033983000000001873 0 0 0.8739495798319328 0.9367088607594937
633 0.003662999999999972 0 0 0.8739495798319328 0.9367088607594937
634 0.003445699999999885 0 0 0.8739495798319328 0.9367088607594937
635 0.003556099999999951 1 1 0.8823529411764706 0.9409282700421941
636 0.003653700000000093 0 0 0.8823529411764706 0.9409282700421941
637 0.003626799999999708 0 0 0.8823529411764706 0.9409282700421941
638 0.0035674999999999457 0 0 0.8823529411764706 0.9409282700421941
639 0.003528900000000057 1 1 0.8907563025210085 0.9451476793248945
640 0.003536899999999843 0 0 0.8907563025210085 0.9451476793248945
641 0.0035311999999998456 0 0 0.8907563025210085 0.9451476793248945
642 0.0035164999999999225 0 0 0.8907563025210085 0.9451476793248945
643 0.0033539000000000208 0 0 0.8907563025210085 0.9451476793248945
644 0.003423300000000129 0 0 0.8907563025210085 0.9451476793248945
645 0.003584099999999868 0 0 0.8907563025210085 0.9451476793248945
646 0.0032767000000002433 0 0 0.8907563025210085 0.9451476793248945
647 0.0033735000000003623 0 0 0.8907563025210085 0.9451476793248945
648 0.003244600000000375 0 0 0.8907563025210085 0.9451476793248945
649 0.0035565000000001845 0 0 0.8907563025210085 0.9451476793248945
650 0.0036503999999997205 0 0 0.8907563025210085 0.9451476793248945
651 0.003373999999999988 1 1 0.8991596638655462 0.9493670886075949
652 0.0036749000000000365 0 0 0.8991596638655462 0.9493670886075949
653 0.0034651000000001098 0 0 0.8991596638655462 0.9493670886075949
654 0.003549399999999814 1 1 0.907563025210084 0.9535864978902954
655 0.0034388999999999115 0 0 0.907563025210084 0.9535864978902954
656 0.0034919000000002143 0 0 0.907563025210084 0.9535864978902954
657 0.0035937999999999803 0 0 0.907563025210084 0.9535864978902954
658 0.003642499999999771 0 0 0.907563025210084 0.9535864978902954
659 0.0034493000000002105 0 0 0.907563025210084 0.9535864978902954
660 0.005003700000000055 0 0 0.907563025210084 0.9535864978902954
661 0.00343530000000003 0 0 0.907563025210084 0.9535864978902954
662 0.003330500000000125 0 0 0.907563025210084 0.9535864978902954
663 0.003458199999999856 0 0 0.907563025210084 0.9535864978902954
664 0.0036491000000000717 0 0 0.907563025210084 0.9535864978902954
665 0.003500100000000117 0 0 0.907563025210084 0.9535864978902954
666 0.003442999999999863 1 0 0.9159663865546218 0.9535864978902954
667 0.003542299999999887 0 1 0.9159663865546218 0.9578059071729957
668 0.003624900000000153 0 0 0.9159663865546218 0.9578059071729957
669 0.003632099999999916 0 0 0.9159663865546218 0.9578059071729957
670 0.0035699000000000147 0 0 0.9159663865546218 0.9578059071729957
671 0.0033883000000001218 0 0 0.9159663865546218 0.9578059071729957
672 0.00389240000000024 0 0 0.9159663865546218 0.9578059071729957
673 0.003513700000000064 1 0 0.9243697478991597 0.9578059071729957
674 0.00350679999999981 1 1 0.9327731092436975 0.9620253164556962
675 0.003785400000000383 0 0 0.9327731092436975 0.9620253164556962
676 0.003488399999999725 0 0 0.9327731092436975 0.9620253164556962
677 0.003603299999999976 1 1 0.9411764705882353 0.9662447257383966
678 0.0038450999999999347 1 2 0.9495798319327731 0.9746835443037974
679 0.0038271999999999196 0 0 0.9495798319327731 0.9746835443037974
680 0.003438200000000169 0 0 0.9495798319327731 0.9746835443037974
681 0.003527599999999964 0 0 0.9495798319327731 0.9746835443037974
682 0.0036106000000000193 0 0 0.9495798319327731 0.9746835443037974
683 0.003665400000000041 0 0 0.9495798319327731 0.9746835443037974
684 0.0035221000000000835 0 0 0.9495798319327731 0.9746835443037974
685 0.003494799999999909 1 1 0.957983193277311 0.9789029535864979
686 0.004000299999999957 0 0 0.957983193277311 0.9789029535864979
687 0.0038983999999997465 0 0 0.957983193277311 0.9789029535864979
688 0.0037119000000003233 0 0 0.957983193277311 0.9789029535864979
689 0.003521399999999897 0 0 0.957983193277311 0.9789029535864979
690 0.003598800000000235 0 0 0.957983193277311 0.9789029535864979
691 0.003492599999999957 1 1 0.9663865546218487 0.9831223628691983
692 0.006605899999999831 0 0 0.9663865546218487 0.9831223628691983
693 0.003969900000000415 0 0 0.9663865546218487 0.9831223628691983
694 0.0037967999999999336 0 0 0.9663865546218487 0.9831223628691983
695 0.004065600000000114 0 0 0.9663865546218487 0.9831223628691983
696 0.0036583000000001142 1 1 0.9747899159663865 0.9873417721518988
697 0.0037571000000000687 0 0 0.9747899159663865 0.9873417721518988
698 0.0037970999999998867 1 0 0.9831932773109243 0.9873417721518988
699 0.003638800000000053 0 1 0.9831932773109243 0.9915611814345991
700 0.0037418000000002394 1 1 0.9915966386554622 0.9957805907172996
701 0.003772099999999945 0 0 0.9915966386554622 0.9957805907172996
702 0.0035132999999998304 0 0 0.9915966386554622 0.9957805907172996
703 0.003541400000000028 0 0 0.9915966386554622 0.9957805907172996
704 0.0040312000000000126 0 0 0.9915966386554622 0.9957805907172996
705 0.0037138999999997147 0 0 0.9915966386554622 0.9957805907172996
706 0.0038572999999999524 0 0 0.9915966386554622 0.9957805907172996
707 0.0033824000000000076 0 0 0.9915966386554622 0.9957805907172996
708 0.003812599999999833 1 1 1.0 1.0
