120 0.2 0.7
1 0.004089300000000018 0 0 0.0 0.5021097046413502
2 0.0025070999999999843 0 0 0.0 0.5021097046413502
3 0.00252150000000001 0 0 0.0 0.5021097046413502
4 0.0024735999999999647 0 0 0.0 0.5021097046413502
5 0.003271000000000024 0 0 0.0 0.5021097046413502
6 0.003472199999999981 0 0 0.0 0.5021097046413502
7 0.0025028000000000272 1 0 0.008403361344537815 0.5021097046413502
8 0.002417500000000017 0 0 0.008403361344537815 0.5021097046413502
9 0.002512699999999979 0 0 0.008403361344537815 0.5021097046413502
10 0.0024905000000000066 1 0 0.01680672268907563 0.5021097046413502
11 0.0034493999999999914 0 0 0.01680672268907563 0.5021097046413502
12 0.002437699999999987 0 0 0.01680672268907563 0.5021097046413502
13 0.003389399999999987 0 0 0.01680672268907563 0.5021097046413502
14 0.002439899999999995 0 0 0.01680672268907563 0.5021097046413502
15 0.002393000000000034 0 0 0.01680672268907563 0.5021097046413502
16 0.0027963000000000293 1 1 0.025210084033613446 0.5063291139240507
17 0.0024908000000000152 1 2 0.03361344537815126 0.5147679324894515
18 0.0029164999999999885 1 1 0.04201680672268908 0.5189873417721519
19 0.003367999999999982 1 1 0.05042016806722689 0.5232067510548524
20 0.0024634000000000045 0 0 0.05042016806722689 0.5232067510548524
21 0.002576199999999973 1 1 0.058823529411764705 0.5274261603375527
22 0.002597399999999972 0 0 0.058823529411764705 0.5274261603375527
23 0.004184500000000035 0 0 0.058823529411764705 0.5274261603375527
24 0.0025441999999999965 0 0 0.058823529411764705 0.5274261603375527
25 0.002671800000000002 0 0 0.058823529411764705 0.5274261603375527
26 0.002474299999999985 0 0 0.058823529411764705 0.5274261603375527
27 0.002578999999999998 0 0 0.058823529411764705 0.5274261603375527
28 0.002616300000000016 0 0 0.058823529411764705 0.5274261603375527
29 0.002604599999999957 0 0 0.058823529411764705 0.5274261603375527
30 0.0041979999999999795 1 1 0.06722689075630252 0.5316455696202531
31 0.002705299999999966 1 1 0.07563025210084033 0.5358649789029536
32 0.0027055000000000273 0 0 0.07563025210084033 0.5358649789029536
33 0.002722499999999961 1 1 0.08403361344537816 0.540084388185654
34 0.002907700000000013 0 0 0.08403361344537816 0.540084388185654
35 0.002600599999999953 0 0 0.08403361344537816 0.540084388185654
36 0.0031134999999999913 1 0 0.09243697478991597 0.540084388185654
37 0.002605199999999974 1 1 0.10084033613445378 0.5443037974683544
38 0.0025813000000000086 0 0 0.10084033613445378 0.5443037974683544
39 0.002770400000000006 0 0 0.10084033613445378 0.5443037974683544
40 0.0026731999999999867 0 0 0.10084033613445378 0.5443037974683544
41 0.00265559999999998 0 0 0.10084033613445378 0.5443037974683544
42 0.0026641000000000026 0 0 0.10084033613445378 0.5443037974683544
43 0.0027037999999999784 0 0 0.10084033613445378 0.5443037974683544
44 0.002954000000000012 0 0 0.10084033613445378 0.5443037974683544
45 0.0025886999999999993 0 0 0.10084033613445378 0.5443037974683544
46 0.0025177000000000116 0 0 0.10084033613445378 0.5443037974683544
47 0.002506900000000034 0 0 0.10084033613445378 0.5443037974683544
48 0.0025036999999999976 0 1 0.10084033613445378 0.5485232067510548
49 0.0025815000000000143 0 0 0.10084033613445378 0.5485232067510548
50 0.0028190999999999633 1 0 0.1092436974789916 0.5485232067510548
51 0.0024729 0 0 0.1092436974789916 0.5485232067510548
52 0.0026634999999999853 1 0 0.11764705882352941 0.5485232067510548
53 0.0027439000000000213 0 0 0.11764705882352941 0.5485232067510548
54 0.002646399999999993 0 0 0.11764705882352941 0.5485232067510548
55 0.0024309000000000136 0 0 0.11764705882352941 0.5485232067510548
56 0.0025680000000000147 0 1 0.11764705882352941 0.5527426160337553
57 0.002477399999999963 0 0 0.11764705882352941 0.5527426160337553
58 0.0027622999999999953 0 1 0.11764705882352941 0.5569620253164557
59 0.002751300000000012 0 0 0.11764705882352941 0.5569620253164557
60 0.003493999999999997 1 1 0.12605042016806722 0.5611814345991561
61 0.0036460999999999855 0 0 0.12605042016806722 0.5611814345991561
62 0.0036662000000000083 1 0 0.13445378151260504 0.5611814345991561
63 0.0036780000000000146 0 0 0.13445378151260504 0.5611814345991561
64 0.0028085999999999944 0 0 0.13445378151260504 0.5611814345991561
65 0.00256679999999998 0 1 0.13445378151260504 0.5654008438818565
66 0.0026316000000000117 1 1 0.14285714285714285 0.569620253164557
67 0.002654400000000001 0 0 0.14285714285714285 0.569620253164557
68 0.002996500000000013 0 0 0.14285714285714285 0.569620253164557
69 0.002547899999999992 0 0 0.14285714285714285 0.569620253164557
70 0.003045399999999976 0 0 0.14285714285714285 0.569620253164557
71 0.00251290000000004 1 1 0.15126050420168066 0.5738396624472574
72 0.0026142999999999583 0 0 0.15126050420168066 0.5738396624472574
73 0.0028369999999999784 0 0 0.15126050420168066 0.5738396624472574
74 0.0029025999999999774 0 0 0.15126050420168066 0.5738396624472574
75 0.0028780999999999946 1 1 0.15966386554621848 0.5780590717299579
76 0.0027386000000000355 0 0 0.15966386554621848 0.5780590717299579
77 0.002980499999999997 0 0 0.15966386554621848 0.5780590717299579
78 0.003407799999999961 0 0 0.15966386554621848 0.5780590717299579
79 0.003668899999999975 0 0 0.15966386554621848 0.5780590717299579
80 0.0035893000000000175 0 0 0.15966386554621848 0.5780590717299579
81 0.0026848000000000427 0 0 0.15966386554621848 0.5780590717299579
82 0.0026146000000000225 0 0 0.15966386554621848 0.5780590717299579
83 0.003216600000000014 0 0 0.15966386554621848 0.5780590717299579
84 0.002713999999999994 1 1 0.16806722689075632 0.5822784810126582
85 0.0030919000000000363 0 0 0.16806722689075632 0.5822784810126582
86 0.0037074999999999747 0 0 0.16806722689075632 0.5822784810126582
87 0.002774700000000019 0 0 0.16806722689075632 0.5822784810126582
88 0.002575800000000017 0 0 0.16806722689075632 0.5822784810126582
89 0.0026633999999999824 0 0 0.16806722689075632 0.5822784810126582
90 0.002695499999999962 0 0 0.16806722689075632 0.5822784810126582
91 0.002749699999999966 1 1 0.17647058823529413 0.5864978902953587
92 0.0027734999999999843 0 0 0.17647058823529413 0.5864978902953587
93 0.002827600000000041 0 0 0.17647058823529413 0.5864978902953587
94 0.0029084999999999805 0 0 0.17647058823529413 0.5864978902953587
95 0.0026804999999999746 1 1 0.18487394957983194 0.5907172995780591
96 0.0036298000000000163 0 0 0.18487394957983194 0.5907172995780591
97 0.003677700000000006 0 0 0.18487394957983194 0.5907172995780591
98 0.00381980000000004 0 0 0.18487394957983194 0.5907172995780591
99 0.0036610000000000253 0 0 0.18487394957983194 0.5907172995780591
100 0.00372069999999991 0 0 0.18487394957983194 0.5907172995780591
101 0.0035895999999999706 0 0 0.18487394957983194 0.5907172995780591
102 0.0036591000000000262 0 0 0.18487394957983194 0.5907172995780591
103 0.0037576000000000276 0 0 0.18487394957983194 0.5907172995780591
104 0.0035031000000000923 0 0 0.18487394957983194 0.5907172995780591
105 0.003691 0 0 0.18487394957983194 0.5907172995780591
106 0.0036705999999999683 0 0 0.18487394957983194 0.5907172995780591
107 0.003803000000000001 0 0 0.18487394957983194 0.5907172995780591
108 0.0026655999999999347 0 0 0.18487394957983194 0.5907172995780591
109 0.003810300000000044 0 0 0.18487394957983194 0.5907172995780591
110 0.003724599999999967 0 0 0.18487394957983194 0.5907172995780591
111 0.0036903999999999826 0 0 0.18487394957983194 0.5907172995780591
112 0.003735000000000044 0 0 0.18487394957983194 0.5907172995780591
113 0.0037475000000000147 0 0 0.18487394957983194 0.5907172995780591
114 0.0036631999999999776 0 0 0.18487394957983194 0.5907172995780591
115 0.0036460999999999855 0 0 0.18487394957983194 0.5907172995780591
116 0.003696900000000003 0 0 0.18487394957983194 0.5907172995780591
117 0.0032962999999999187 0 0 0.18487394957983194 0.5907172995780591
118 0.002644900000000061 0 0 0.18487394957983194 0.5907172995780591
119 0.0032828999999999775 0 0 0.18487394957983194 0.5907172995780591
120 0.003709499999999921 0 0 0.18487394957983194 0.5907172995780591
121 0.003722200000000009 0 0 0.18487394957983194 0.5907172995780591
122 0.0037496000000000196 0 0 0.18487394957983194 0.5907172995780591
123 0.003673700000000002 1 1 0.19327731092436976 0.5949367088607594
124 0.003592599999999946 0 0 0.19327731092436976 0.5949367088607594
125 0.002656899999999962 0 0 0.19327731092436976 0.5949367088607594
126 0.0028769999999999074 0 0 0.19327731092436976 0.5949367088607594
127 0.0028998999999999553 0 0 0.19327731092436976 0.5949367088607594
128 0.0028567999999999927 0 0 0.19327731092436976 0.5949367088607594
129 0.0027615999999999197 0 0 0.19327731092436976 0.5949367088607594
130 0.0027825999999999684 1 0 0.20168067226890757 0.5949367088607594
131 0.0028101000000000376 1 1 0.21008403361344538 0.5991561181434599
132 0.0024801999999999325 0 0 0.21008403361344538 0.5991561181434599
133 0.002720100000000003 0 0 0.21008403361344538 0.5991561181434599
134 0.0027004999999999946 0 0 0.21008403361344538 0.5991561181434599
135 0.002550799999999964 0 1 0.21008403361344538 0.6033755274261603
136 0.0026705999999999674 0 0 0.21008403361344538 0.6033755274261603
137 0.002914699999999937 1 1 0.2184873949579832 0.6075949367088608
138 0.0026196000000000552 0 0 0.2184873949579832 0.6075949367088608
139 0.0027812999999999866 0 0 0.2184873949579832 0.6075949367088608
140 0.00294670000000008 1 1 0.226890756302521 0.6118143459915611
141 0.0026551000000000213 0 0 0.226890756302521 0.6118143459915611
142 0.0028308999999999696 0 0 0.226890756302521 0.6118143459915611
143 0.002690199999999976 0 0 0.226890756302521 0.6118143459915611
144 0.0027719999999999967 0 0 0.226890756302521 0.6118143459915611
145 0.0028449999999999864 0 0 0.226890756302521 0.6118143459915611
146 0.0027615999999999197 0 0 0.226890756302521 0.6118143459915611
147 0.0027477000000000196 1 1 0.23529411764705882 0.6160337552742616
148 0.0027445000000000386 0 0 0.23529411764705882 0.6160337552742616
149 0.0028623999999999317 0 0 0.23529411764705882 0.6160337552742616
150 0.0027513999999999594 0 0 0.23529411764705882 0.6160337552742616
151 0.002885400000000038 0 0 0.23529411764705882 0.6160337552742616
152 0.0028536000000000117 0 0 0.23529411764705882 0.6160337552742616
153 0.0027566999999999453 0 0 0.23529411764705882 0.6160337552742616
154 0.004319799999999985 1 1 0.24369747899159663 0.620253164556962
155 0.0028399000000000063 0 0 0.24369747899159663 0.620253164556962
156 0.0027807999999999167 1 1 0.25210084033613445 0.6244725738396625
157 0.00281790000000004 0 0 0.25210084033613445 0.6244725738396625
158 0.0028810000000000224 1 1 0.2605042016806723 0.6286919831223629
159 0.0028362000000000664 0 0 0.2605042016806723 0.6286919831223629
160 0.0027378000000000124 1 1 0.2689075630252101 0.6329113924050633
161 0.002768400000000004 0 0 0.2689075630252101 0.6329113924050633
162 0.002948300000000015 0 0 0.2689075630252101 0.6329113924050633
163 0.0028660999999999826 0 0 0.2689075630252101 0.6329113924050633
164 0.002638499999999988 0 0 0.2689075630252101 0.6329113924050633
165 0.002713100000000024 0 0 0.2689075630252101 0.6329113924050633
166 0.002901199999999937 0 0 0.2689075630252101 0.6329113924050633
167 0.003190800000000049 0 0 0.2689075630252101 0.6329113924050633
168 0.002919800000000028 0 0 0.2689075630252101 0.6329113924050633
169 0.002870000000000039 0 0 0.2689075630252101 0.6329113924050633
170 0.0027142999999999473 0 0 0.2689075630252101 0.6329113924050633
171 0.002985899999999986 0 0 0.2689075630252101 0.6329113924050633
172 0.002804300000000093 0 0 0.2689075630252101 0.6329113924050633
173 0.002670700000000026 0 0 0.2689075630252101 0.6329113924050633
174 0.0027437000000000156 0 0 0.2689075630252101 0.6329113924050633
175 0.0027169999999999694 1 1 0.2773109243697479 0.6371308016877637
176 0.0032754000000000394 0 0 0.2773109243697479 0.6371308016877637
177 0.0028556999999999055 1 0 0.2857142857142857 0.6371308016877637
178 0.002834800000000026 0 0 0.2857142857142857 0.6371308016877637
179 0.0027545999999999404 0 0 0.2857142857142857 0.6371308016877637
180 0.0027671000000000223 0 0 0.2857142857142857 0.6371308016877637
181 0.004100400000000004 0 0 0.2857142857142857 0.6371308016877637
182 0.0031735000000000513 0 1 0.2857142857142857 0.6413502109704642
183 0.002897099999999986 0 0 0.2857142857142857 0.6413502109704642
184 0.003161999999999998 0 0 0.2857142857142857 0.6413502109704642
185 0.0027319000000000093 1 0 0.29411764705882354 0.6413502109704642
186 0.002922699999999945 0 0 0.29411764705882354 0.6413502109704642
187 0.002762000000000042 0 0 0.29411764705882354 0.6413502109704642
188 0.002695499999999962 0 0 0.29411764705882354 0.6413502109704642
189 0.002802699999999936 1 1 0.3025210084033613 0.6455696202531646
190 0.002639300000000011 0 0 0.3025210084033613 0.6455696202531646
191 0.0028314000000000394 0 0 0.3025210084033613 0.6455696202531646
192 0.0028713999999999684 0 0 0.3025210084033613 0.6455696202531646
193 0.002768599999999899 0 0 0.3025210084033613 0.6455696202531646
194 0.0026337999999999084 0 0 0.3025210084033613 0.6455696202531646
195 0.0029022999999999133 0 0 0.3025210084033613 0.6455696202531646
196 0.002879300000000029 0 0 0.3025210084033613 0.6455696202531646
197 0.002952100000000013 0 0 0.3025210084033613 0.6455696202531646
198 0.0030554000000000414 1 1 0.31092436974789917 0.6497890295358649
199 0.00291320000000006 0 0 0.31092436974789917 0.6497890295358649
200 0.00294250000000007 0 0 0.31092436974789917 0.6497890295358649
201 0.0029204999999999925 1 0 0.31932773109243695 0.6497890295358649
202 0.003246199999999977 0 1 0.31932773109243695 0.6540084388185654
203 0.002932099999999993 1 1 0.3277310924369748 0.6582278481012658
204 0.003234999999999988 0 0 0.3277310924369748 0.6582278481012658
205 0.0027279000000000053 0 0 0.3277310924369748 0.6582278481012658
206 0.0032056000000000306 0 0 0.3277310924369748 0.6582278481012658
207 0.003034199999999987 0 0 0.3277310924369748 0.6582278481012658
208 0.002948600000000079 1 1 0.33613445378151263 0.6624472573839663
209 0.0026895000000000113 0 0 0.33613445378151263 0.6624472573839663
210 0.0030665999999999194 0 0 0.33613445378151263 0.6624472573839663
211 0.002860099999999921 1 1 0.3445378151260504 0.6666666666666666
212 0.0029480000000000617 0 0 0.3445378151260504 0.6666666666666666
213 0.0029580999999999635 0 0 0.3445378151260504 0.6666666666666666
214 0.002795799999999904 0 1 0.3445378151260504 0.6708860759493671
215 0.0027521999999999824 0 0 0.3445378151260504 0.6708860759493671
216 0.0027935999999999517 1 1 0.35294117647058826 0.6751054852320675
217 0.0029109000000000496 0 0 0.35294117647058826 0.6751054852320675
218 0.0029234000000000204 0 0 0.35294117647058826 0.6751054852320675
219 0.003013700000000008 0 0 0.35294117647058826 0.6751054852320675
220 0.0028854999999999853 1 0 0.36134453781512604 0.6751054852320675
221 0.0028350999999999793 1 0 0.3697478991596639 0.6751054852320675
222 0.00291129999999995 1 1 0.37815126050420167 0.679324894514768
223 0.002968599999999988 1 2 0.3865546218487395 0.6877637130801688
224 0.002990999999999966 0 1 0.3865546218487395 0.6919831223628692
225 0.0028414999999999413 0 0 0.3865546218487395 0.6919831223628692
226 0.0036017999999999883 0 0 0.3865546218487395 0.6919831223628692
227 0.00280350000000007 0 0 0.3865546218487395 0.6919831223628692
228 0.002994799999999853 0 0 0.3865546218487395 0.6919831223628692
229 0.0030584000000000167 0 0 0.3865546218487395 0.6919831223628692
230 0.0030266000000001014 1 1 0.3949579831932773 0.6962025316455697
231 0.002904900000000099 0 0 0.3949579831932773 0.6962025316455697
232 0.0029015000000001123 1 1 0.40336134453781514 0.70042194092827
233 0.0031841999999999704 0 0 0.40336134453781514 0.70042194092827
234 0.003374499999999836 1 1 0.4117647058823529 0.7046413502109705
235 0.002948599999999857 0 0 0.4117647058823529 0.7046413502109705
236 0.002890199999999954 0 0 0.4117647058823529 0.7046413502109705
237 0.0029752000000000667 0 0 0.4117647058823529 0.7046413502109705
238 0.0027695000000000913 0 0 0.4117647058823529 0.7046413502109705
239 0.0029463000000000683 1 1 0.42016806722689076 0.7088607594936709
240 0.0029311000000000753 0 0 0.42016806722689076 0.7088607594936709
241 0.003088099999999816 1 1 0.42857142857142855 0.7130801687763713
242 0.0030204999999998705 0 0 0.42857142857142855 0.7130801687763713
243 0.003000399999999903 0 0 0.42857142857142855 0.7130801687763713
244 0.0031266999999999268 1 1 0.4369747899159664 0.7172995780590717
245 0.0030319999999999236 0 0 0.4369747899159664 0.7172995780590717
246 0.0028918999999998363 1 1 0.44537815126050423 0.7215189873417721
247 0.0030514000000001484 1 0 0.453781512605042 0.7215189873417721
248 0.0029002000000000194 0 0 0.453781512605042 0.7215189873417721
249 0.0030183000000001403 0 0 0.453781512605042 0.7215189873417721
250 0.003224099999999952 0 0 0.453781512605042 0.7215189873417721
251 0.003163599999999933 0 0 0.453781512605042 0.7215189873417721
252 0.002974199999999927 0 0 0.453781512605042 0.7215189873417721
253 0.003499600000000047 0 0 0.453781512605042 0.7215189873417721
254 0.003179800000000066 0 0 0.453781512605042 0.7215189873417721
255 0.0034672000000000036 0 1 0.453781512605042 0.7257383966244726
256 0.0031761999999999624 1 1 0.46218487394957986 0.729957805907173
257 0.0032746000000001274 0 0 0.46218487394957986 0.729957805907173
258 0.003115500000000049 0 0 0.46218487394957986 0.729957805907173
259 0.0034933000000001435 0 0 0.46218487394957986 0.729957805907173
260 0.0029554000000000524 0 0 0.46218487394957986 0.729957805907173
261 0.0030071999999998766 0 0 0.46218487394957986 0.729957805907173
262 0.0028765000000001706 0 0 0.46218487394957986 0.729957805907173
263 0.003138499999999933 1 0 0.47058823529411764 0.729957805907173
264 0.002919299999999847 1 1 0.4789915966386555 0.7341772151898734
265 0.0029929999999998014 0 0 0.4789915966386555 0.7341772151898734
266 0.003205400000000136 0 0 0.4789915966386555 0.7341772151898734
267 0.0031082000000000054 0 0 0.4789915966386555 0.7341772151898734
268 0.003154000000000101 0 0 0.4789915966386555 0.7341772151898734
269 0.002912599999999932 0 0 0.4789915966386555 0.7341772151898734
270 0.002978000000000147 1 0 0.48739495798319327 0.7341772151898734
271 0.003479600000000138 0 0 0.48739495798319327 0.7341772151898734
272 0.003223299999999929 1 2 0.4957983193277311 0.7426160337552743
273 0.002919499999999964 0 0 0.4957983193277311 0.7426160337552743
274 0.003030799999999889 0 0 0.4957983193277311 0.7426160337552743
275 0.0028833999999999804 0 0 0.4957983193277311 0.7426160337552743
276 0.0031252999999999975 1 0 0.5042016806722689 0.7426160337552743
277 0.0028957000000000566 0 0 0.5042016806722689 0.7426160337552743
278 0.0030548999999999715 0 0 0.5042016806722689 0.7426160337552743
279 0.0030164999999999775 0 0 0.5042016806722689 0.7426160337552743
280 0.004265900000000045 0 0 0.5042016806722689 0.7426160337552743
281 0.0044872000000000245 1 1 0.5126050420168067 0.7468354430379747
282 0.004172999999999982 0 0 0.5126050420168067 0.7468354430379747
283 0.004352999999999829 0 0 0.5126050420168067 0.7468354430379747
284 0.0038955000000000517 1 2 0.5210084033613446 0.7552742616033755
285 0.0042040000000000965 0 0 0.5210084033613446 0.7552742616033755
286 0.004212199999999999 1 0 0.5294117647058824 0.7552742616033755
287 0.004465799999999964 1 1 0.5378151260504201 0.759493670886076
288 0.004349799999999959 0 0 0.5378151260504201 0.759493670886076
289 0.004486199999999885 1 0 0.5462184873949579 0.759493670886076
290 0.004328399999999899 0 0 0.5462184873949579 0.759493670886076
291 0.00413550000000007 0 1 0.5462184873949579 0.7637130801687764
292 0.0036175999999998876 0 0 0.5462184873949579 0.7637130801687764
293 0.0030495999999999857 0 0 0.5462184873949579 0.7637130801687764
294 0.0032615999999998646 1 0 0.5546218487394958 0.7637130801687764
295 0.0031228999999999285 0 0 0.5546218487394958 0.7637130801687764
296 0.003331099999999809 0 1 0.5546218487394958 0.7679324894514767
297 0.0030970000000001274 0 0 0.5546218487394958 0.7679324894514767
298 0.003233400000000053 0 0 0.5546218487394958 0.7679324894514767
299 0.003219300000000036 0 0 0.5546218487394958 0.7679324894514767
300 0.0030303000000000413 0 1 0.5546218487394958 0.7721518987341772
301 0.0031046999999999603 0 0 0.5546218487394958 0.7721518987341772
302 0.0030250999999998918 0 0 0.5546218487394958 0.7721518987341772
303 0.0031775000000000553 0 0 0.5546218487394958 0.7721518987341772
304 0.003074000000000021 0 0 0.5546218487394958 0.7721518987341772
305 0.003141400000000072 1 1 0.5630252100840336 0.7763713080168776
306 0.003024599999999822 1 1 0.5714285714285714 0.7805907172995781
307 0.003132899999999994 0 0 0.5714285714285714 0.7805907172995781
308 0.0030802000000000884 0 1 0.5714285714285714 0.7848101265822784
309 0.003085999999999922 0 0 0.5714285714285714 0.7848101265822784
310 0.0033406999999998632 0 0 0.5714285714285714 0.7848101265822784
311 0.0032689999999999664 0 0 0.5714285714285714 0.7848101265822784
312 0.003624599999999978 1 1 0.5798319327731093 0.7890295358649789
313 0.003251600000000021 1 0 0.5882352941176471 0.7890295358649789
314 0.0031408000000001657 0 1 0.5882352941176471 0.7932489451476793
315 0.0029766999999998323 0 0 0.5882352941176471 0.7932489451476793
316 0.003071000000000046 0 0 0.5882352941176471 0.7932489451476793
317 0.0033012999999999515 0 0 0.5882352941176471 0.7932489451476793
318 0.0030970999999999638 1 1 0.5966386554621849 0.7974683544303798
319 0.0033556999999999615 0 0 0.5966386554621849 0.7974683544303798
320 0.0034631999999998886 0 0 0.5966386554621849 0.7974683544303798
321 0.0033290999999999737 0 0 0.5966386554621849 0.7974683544303798
322 0.0035155000000000047 0 0 0.5966386554621849 0.7974683544303798
323 0.0037712000000000856 0 0 0.5966386554621849 0.7974683544303798
324 0.0032042000000001014 0 0 0.5966386554621849 0.7974683544303798
325 0.003183600000000064 1 1 0.6050420168067226 0.8016877637130801
326 0.003204399999999996 0 0 0.6050420168067226 0.8016877637130801
327 0.0032494999999999052 0 0 0.6050420168067226 0.8016877637130801
328 0.0032118999999999343 0 0 0.6050420168067226 0.8016877637130801
329 0.0030750999999999973 0 0 0.6050420168067226 0.8016877637130801
330 0.003172899999999812 0 0 0.6050420168067226 0.8016877637130801
331 0.003066500000000083 0 0 0.6050420168067226 0.8016877637130801
332 0.00479469999999993 0 0 0.6050420168067226 0.8016877637130801
333 0.004890900000000142 0 0 0.6050420168067226 0.8016877637130801
334 0.0032735000000001513 1 1 0.6134453781512605 0.8059071729957806
335 0.0035928000000000626 0 0 0.6134453781512605 0.8059071729957806
336 0.003757400000000022 1 1 0.6218487394957983 0.810126582278481
337 0.003464699999999876 0 0 0.6218487394957983 0.810126582278481
338 0.0036418000000000283 1 1 0.6302521008403361 0.8143459915611815
339 0.004415599999999964 0 0 0.6302521008403361 0.8143459915611815
340 0.004448100000000066 0 0 0.6302521008403361 0.8143459915611815
341 0.004111099999999812 1 0 0.6386554621848739 0.8143459915611815
342 0.0041839999999999655 0 0 0.6386554621848739 0.8143459915611815
343 0.004605100000000029 0 0 0.6386554621848739 0.8143459915611815
344 0.004483599999999921 0 0 0.6386554621848739 0.8143459915611815
345 0.004308100000000037 0 0 0.6386554621848739 0.8143459915611815
346 0.004464299999999977 1 2 0.6470588235294118 0.8227848101265823
347 0.004474199999999984 0 0 0.6470588235294118 0.8227848101265823
348 0.004502000000000006 0 0 0.6470588235294118 0.8227848101265823
349 0.003766799999999959 0 0 0.6470588235294118 0.8227848101265823
350 0.0031962999999999298 0 0 0.6470588235294118 0.8227848101265823
351 0.003249399999999847 0 0 0.6470588235294118 0.8227848101265823
352 0.003297400000000117 0 0 0.6470588235294118 0.8227848101265823
353 0.0034851000000000187 1 0 0.6554621848739496 0.8227848101265823
354 0.0033039999999999736 1 1 0.6638655462184874 0.8270042194092827
355 0.0030422999999999423 0 0 0.6638655462184874 0.8270042194092827
356 0.0036367999999999956 0 0 0.6638655462184874 0.8270042194092827
357 0.0031383999999998746 1 1 0.6722689075630253 0.8312236286919831
358 0.003264900000000015 0 0 0.6722689075630253 0.8312236286919831
359 0.0033380999999998995 0 0 0.6722689075630253 0.8312236286919831
360 0.0032231000000000343 0 0 0.6722689075630253 0.8312236286919831
361 0.0035167000000000392 0 0 0.6722689075630253 0.8312236286919831
362 0.0034810000000000674 0 0 0.6722689075630253 0.8312236286919831
363 0.0033733000000000235 0 0 0.6722689075630253 0.8312236286919831
364 0.0031406999999998853 0 0 0.6722689075630253 0.8312236286919831
365 0.003510199999999797 0 0 0.6722689075630253 0.8312236286919831
366 0.0031626000000000154 1 1 0.680672268907563 0.8354430379746836
367 0.003401699999999952 0 0 0.680672268907563 0.8354430379746836
368 0.0035239000000000242 0 0 0.680672268907563 0.8354430379746836
369 0.003286200000000017 1 1 0.6890756302521008 0.8396624472573839
370 0.003361399999999959 0 0 0.6890756302521008 0.8396624472573839
371 0.003305999999999809 0 0 0.6890756302521008 0.8396624472573839
372 0.003309999999999924 1 0 0.6974789915966386 0.8396624472573839
373 0.0035150999999999932 0 0 0.6974789915966386 0.8396624472573839
374 0.0031642999999998978 0 0 0.6974789915966386 0.8396624472573839
375 0.0034259000000000928 0 0 0.6974789915966386 0.8396624472573839
376 0.003196599999999883 0 0 0.6974789915966386 0.8396624472573839
377 0.0036154000000001574 0 0 0.6974789915966386 0.8396624472573839
378 0.0034164999999999335 0 0 0.6974789915966386 0.8396624472573839
379 0.0033666999999999447 1 0 0.7058823529411765 0.8396624472573839
380 0.0032229000000001395 0 0 0.7058823529411765 0.8396624472573839
381 0.003180300000000136 0 0 0.7058823529411765 0.8396624472573839
382 0.0033071000000000073 0 1 0.7058823529411765 0.8438818565400844
383 0.005034900000000064 0 0 0.7058823529411765 0.8438818565400844
384 0.0033191000000001303 0 0 0.7058823529411765 0.8438818565400844
385 0.003284600000000193 0 0 0.7058823529411765 0.8438818565400844
386 0.0034180999999999795 0 0 0.7058823529411765 0.8438818565400844
387 0.0035373000000000765 0 0 0.7058823529411765 0.8438818565400844
388 0.0033028999999999975 1 1 0.7142857142857143 0.8481012658227848
389 0.0034297999999999274 1 1 0.7226890756302521 0.8523206751054853
390 0.0033802999999998917 0 0 0.7226890756302521 0.8523206751054853
391 0.0031919000000000253 0 0 0.7226890756302521 0.8523206751054853
392 0.003257400000000077 0 0 0.7226890756302521 0.8523206751054853
393 0.003503000000000034 0 0 0.7226890756302521 0.8523206751054853
394 0.0032134999999999803 0 0 0.7226890756302521 0.8523206751054853
395 0.0034041999999998573 1 0 0.7310924369747899 0.8523206751054853
396 0.0031213000000001045 0 0 0.7310924369747899 0.8523206751054853
397 0.0035377999999999243 0 1 0.7310924369747899 0.8565400843881856
398 0.0032656000000002017 0 0 0.7310924369747899 0.8565400843881856
399 0.003447600000000106 1 1 0.7394957983193278 0.8607594936708861
400 0.0033720000000001527 1 1 0.7478991596638656 0.8649789029535865
401 0.0033611000000000057 0 1 0.7478991596638656 0.869198312236287
402 0.003278200000000009 0 0 0.7478991596638656 0.869198312236287
403 0.0033199999999999896 0 0 0.7478991596638656 0.869198312236287
404 0.003200900000000173 0 0 0.7478991596638656 0.869198312236287
405 0.0034906999999999577 1 1 0.7563025210084033 0.8734177215189873
406 0.0032438999999999663 0 0 0.7563025210084033 0.8734177215189873
407 0.0035250000000000004 0 0 0.7563025210084033 0.8734177215189873
408 0.003159299999999865 0 0 0.7563025210084033 0.8734177215189873
409 0.0032278999999999503 0 0 0.7563025210084033 0.8734177215189873
410 0.003306499999999879 0 0 0.7563025210084033 0.8734177215189873
411 0.003273199999999976 0 0 0.7563025210084033 0.8734177215189873
412 0.0033318999999998322 0 1 0.7563025210084033 0.8776371308016878
413 0.003551599999999988 0 0 0.7563025210084033 0.8776371308016878
414 0.0032153999999999794 0 0 0.7563025210084033 0.8776371308016878
415 0.0034881999999998303 0 0 0.7563025210084033 0.8776371308016878
416 0.0032468999999999415 1 1 0.7647058823529411 0.8818565400843882
417 0.0036716999999999445 0 0 0.7647058823529411 0.8818565400843882
418 0.0034205000000000485 0 0 0.7647058823529411 0.8818565400843882
419 0.0035762999999999767 0 0 0.7647058823529411 0.8818565400843882
420 0.0035172999999999455 0 0 0.7647058823529411 0.8818565400843882
421 0.003261200000000075 0 0 0.7647058823529411 0.8818565400843882
422 0.003474499999999825 0 0 0.7647058823529411 0.8818565400843882
423 0.0033117000000000285 0 0 0.7647058823529411 0.8818565400843882
424 0.0033457999999999544 0 0 0.7647058823529411 0.8818565400843882
425 0.0034179000000000848 0 0 0.7647058823529411 0.8818565400843882
426 0.003626800000000152 1 1 0.773109243697479 0.8860759493670886
427 0.0033594999999999597 1 1 0.7815126050420168 0.890295358649789
428 0.0033347000000001348 0 0 0.7815126050420168 0.890295358649789
429 0.003744099999999806 0 0 0.7815126050420168 0.890295358649789
430 0.003484400000000054 0 0 0.7815126050420168 0.890295358649789
431 0.0033247000000000693 0 0 0.7815126050420168 0.890295358649789
432 0.003595000000000015 0 0 0.7815126050420168 0.890295358649789
433 0.003625400000000001 1 1 0.7899159663865546 0.8945147679324894
434 0.003548600000000013 1 1 0.7983193277310925 0.8987341772151899
435 0.003628699999999929 1 1 0.8067226890756303 0.9029535864978903
436 0.0035696000000000616 1 1 0.8151260504201681 0.9071729957805907
437 0.003604900000000022 0 0 0.8151260504201681 0.9071729957805907
438 0.0034619000000000177 0 0 0.8151260504201681 0.9071729957805907
439 0.0033034999999999037 0 0 0.8151260504201681 0.9071729957805907
440 0.0032847999999998656 1 1 0.8235294117647058 0.9113924050632911
441 0.00479099999999999 0 0 0.8235294117647058 0.9113924050632911
442 0.0034295000000001963 0 0 0.8235294117647058 0.9113924050632911
443 0.0032886999999999222 0 0 0.8235294117647058 0.9113924050632911
444 0.0036107000000000777 0 0 0.8235294117647058 0.9113924050632911
445 0.003747600000000073 1 1 0.8319327731092437 0.9156118143459916
446 0.003639799999999971 1 1 0.8403361344537815 0.919831223628692
447 0.003438000000000052 0 0 0.8403361344537815 0.919831223628692
448 0.0035289999999998933 0 0 0.8403361344537815 0.919831223628692
449 0.0032261000000000095 0 0 0.8403361344537815 0.919831223628692
450 0.0033808000000001837 0 0 0.8403361344537815 0.919831223628692
451 0.003348600000000035 1 0 0.8487394957983193 0.919831223628692
452 0.003372600000000059 0 0 0.8487394957983193 0.919831223628692
453 0.0033743999999999996 0 1 0.8487394957983193 0.9240506329113924
454 0.0034876999999999825 0 0 0.8487394957983193 0.9240506329113924
455 0.0033762999999999987 0 0 0.8487394957983193 0.9240506329113924
456 0.0036776000000000586 0 0 0.8487394957983193 0.9240506329113924
457 0.0035659000000001218 0 0 0.8487394957983193 0.9240506329113924
458 0.003624599999999978 0 0 0.8487394957983193 0.9240506329113924
459 0.0035583000000001253 0 0 0.8487394957983193 0.9240506329113924
460 0.003651600000000199 0 0 0.8487394957983193 0.9240506329113924
461 0.0036575999999999276 0 0 0.8487394957983193 0.9240506329113924
462 0.0033128000000000046 0 0 0.8487394957983193 0.9240506329113924
463 0.0036370000000001124 0 0 0.8487394957983193 0.9240506329113924
464 0.0034265999999998353 0 0 0.8487394957983193 0.9240506329113924
465 0.003459300000000054 0 0 0.8487394957983193 0.9240506329113924
466 0.003723799999999944 0 0 0.8487394957983193 0.9240506329113924
467 0.00346409999999997 0 0 0.8487394957983193 0.9240506329113924
468 0.0035114000000000534 0 0 0.8487394957983193 0.9240506329113924
469 0.0034804999999999975 0 0 0.8487394957983193 0.9240506329113924
470 0.0034122000000000874 0 0 0.8487394957983193 0.9240506329113924
471 0.0034999999999998366 1 0 0.8571428571428571 0.9240506329113924
472 0.003878999999999966 0 0 0.8571428571428571 0.9240506329113924
473 0.003416599999999992 0 1 0.8571428571428571 0.9282700421940928
474 0.006120499999999973 0 0 0.8571428571428571 0.9282700421940928
475 0.0036762999999999657 0 0 0.8571428571428571 0.9282700421940928
476 0.0034260999999999875 0 0 0.8571428571428571 0.9282700421940928
477 0.0034978999999999427 0 0 0.8571428571428571 0.9282700421940928
478 0.0035159999999998526 0 0 0.8571428571428571 0.9282700421940928
479 0.0033643000000000978 1 1 0.865546218487395 0.9324894514767933
480 0.003516900000000156 1 1 0.8739495798319328 0.9367088607594937
481 0.00487419999999994 0 0 0.8739495798319328 0.9367088607594937
482 0.0032962000000000824 1 1 0.8823529411764706 0.9409282700421941
483 0.003558799999999973 1 1 0.8907563025210085 0.9451476793248945
484 0.0034814999999999152 0 0 0.8907563025210085 0.9451476793248945
485 0.0034647999999999346 0 0 0.8907563025210085 0.9451476793248945
486 0.003449400000000047 0 0 0.8907563025210085 0.9451476793248945
487 0.003468600000000155 0 0 0.8907563025210085 0.9451476793248945
488 0.0036575000000000912 0 0 0.8907563025210085 0.9451476793248945
489 0.0033708999999999545 1 1 0.8991596638655462 0.9493670886075949
490 0.003746999999999945 0 0 0.8991596638655462 0.9493670886075949
491 0.0033818999999999377 0 0 0.8991596638655462 0.9493670886075949
492 0.00364169999999997 0 0 0.8991596638655462 0.9493670886075949
493 0.003584599999999938 0 0 0.8991596638655462 0.9493670886075949
494 0.005106999999999973 0 0 0.8991596638655462 0.9493670886075949
495 0.0033644999999999925 0 0 0.8991596638655462 0.9493670886075949
496 0.0036951000000000622 0 0 0.8991596638655462 0.9493670886075949
497 0.003361200000000064 0 0 0.8991596638655462 0.9493670886075949
498 0.003588099999999983 0 0 0.8991596638655462 0.9493670886075949
499 0.003432100000000382 0 0 0.8991596638655462 0.9493670886075949
500 0.0035218000000001304 0 0 0.8991596638655462 0.9493670886075949
501 0.003748899999999722 1 1 0.907563025210084 0.9535864978902954
502 0.0034780999999997064 1 0 0.9159663865546218 0.9535864978902954
503 0.003886500000000126 0 0 0.9159663865546218 0.9535864978902954
504 0.0033954000000000484 0 0 0.9159663865546218 0.9535864978902954
505 0.0038317000000001045 0 0 0.9159663865546218 0.9535864978902954
506 0.003464399999999923 1 1 0.9243697478991597 0.9578059071729957
507 0.003450799999999976 0 0 0.9243697478991597 0.9578059071729957
508 0.0033186000000000604 0 0 0.9243697478991597 0.9578059071729957
509 0.003264600000000062 0 0 0.9243697478991597 0.9578059071729957
510 0.0036415999999999116 1 0 0.9327731092436975 0.9578059071729957
511 0.003604900000000022 1 0 0.9411764705882353 0.9578059071729957
512 0.003591799999999701 0 0 0.9411764705882353 0.9578059071729957
513 0.003387000000000029 0 1 0.9411764705882353 0.9620253164556962
514 0.0038457999999996773 0 1 0.9411764705882353 0.9662447257383966
515 0.0036656000000001576 0 0 0.9411764705882353 0.9662447257383966
516 0.0033644999999999925 0 0 0.9411764705882353 0.9662447257383966
517 0.0033026999999998807 0 1 0.9411764705882353 0.9704641350210971
518 0.0034381000000003326 0 0 0.9411764705882353 0.9704641350210971
519 0.003599600000000258 0 0 0.9411764705882353 0.9704641350210971
520 0.0035415999999997005 0 0 0.9411764705882353 0.9704641350210971
521 0.0036061000000002785 1 1 0.9495798319327731 0.9746835443037974
522 0.0035584000000001836 0 0 0.9495798319327731 0.9746835443037974
523 0.003565199999999713 0 0 0.9495798319327731 0.9746835443037974
524 0.003525999999999918 1 1 0.957983193277311 0.9789029535864979
525 0.0036168000000000866 1 1 0.9663865546218487 0.9831223628691983
526 0.003799799999999909 0 0 0.9663865546218487 0.9831223628691983
527 0.0038233999999999213 0 0 0.9663865546218487 0.9831223628691983
528 0.0036239000000000132 0 0 0.9663865546218487 0.9831223628691983
529 0.0036640000000001116 0 0 0.9663865546218487 0.9831223628691983
530 0.00349979999999972 0 0 0.9663865546218487 0.9831223628691983
531 0.0036442999999999337 1 1 0.9747899159663865 0.9873417721518988
532 0.0033872000000001456 0 0 0.9747899159663865 0.9873417721518988
533 0.003582000000000196 0 0 0.9747899159663865 0.9873417721518988
534 0.003488099999999772 0 0 0.9747899159663865 0.9873417721518988
535 0.003530800000000056 1 1 0.9831932773109243 0.9915611814345991
536 0.0035663999999999696 0 0 0.9831932773109243 0.9915611814345991
537 0.0038475000000000037 0 0 0.9831932773109243 0.9915611814345991
538 0.003542299999999887 0 0 0.9831932773109243 0.9915611814345991
539 0.0034452999999996514 0 0 0.9831932773109243 0.9915611814345991
540 0.0036068999999998574 0 0 0.9831932773109243 0.9915611814345991
541 0.003424399999999661 0 0 0.9831932773109243 0.9915611814345991
542 0.005154500000000173 0 0 0.9831932773109243 0.9915611814345991
543 0.003902000000000072 0 0 0.9831932773109243 0.9915611814345991
544 0.0037020999999999304 0 0 0.9831932773109243 0.9915611814345991
545 0.004023399999999899 0 0 0.9831932773109243 0.9915611814345991
546 0.003921100000000344 1 1 0.9915966386554622 0.9957805907172996
547 0.0035034000000000454 0 0 0.9915966386554622 0.9957805907172996
548 0.0038217999999998753 1 1 1.0 1.0
