160 0.2 0.5
1 0.0033677999999999764 0 0 0.0 0.501577287066246
2 0.0035551999999999806 0 0 0.0 0.501577287066246
3 0.003433599999999981 0 0 0.0 0.501577287066246
4 0.0034533999999999954 0 0 0.0 0.501577287066246
5 0.0034642999999999757 0 0 0.0 0.501577287066246
6 0.00345479999999998 0 0 0.0 0.501577287066246
7 0.0034591999999999956 0 0 0.0 0.501577287066246
8 0.0033970999999999862 1 0 0.006289308176100629 0.501577287066246
9 0.003464199999999973 0 0 0.006289308176100629 0.501577287066246
10 0.003442899999999971 0 0 0.006289308176100629 0.501577287066246
11 0.003422399999999992 0 0 0.006289308176100629 0.501577287066246
12 0.0034390999999999727 0 0 0.006289308176100629 0.501577287066246
13 0.0034630999999999967 0 0 0.006289308176100629 0.501577287066246
14 0.003300499999999984 0 0 0.006289308176100629 0.501577287066246
15 0.0032706000000000124 0 0 0.006289308176100629 0.501577287066246
16 0.0032039000000000373 1 1 0.012578616352201259 0.5047318611987381
17 0.0030869000000000035 0 0 0.012578616352201259 0.5047318611987381
18 0.0031266999999999823 0 0 0.012578616352201259 0.5047318611987381
19 0.0031063999999999536 0 0 0.012578616352201259 0.5047318611987381
20 0.0031769999999999854 1 1 0.018867924528301886 0.5078864353312302
21 0.0030948000000000087 0 0 0.018867924528301886 0.5078864353312302
22 0.0031454000000000204 0 0 0.018867924528301886 0.5078864353312302
23 0.003098400000000001 0 0 0.018867924528301886 0.5078864353312302
24 0.00314819999999999 0 0 0.018867924528301886 0.5078864353312302
25 0.0030958999999999848 0 0 0.018867924528301886 0.5078864353312302
26 0.003196200000000038 0 0 0.018867924528301886 0.5078864353312302
27 0.0031617999999999924 1 0 0.025157232704402517 0.5078864353312302
28 0.0031531000000000198 0 0 0.025157232704402517 0.5078864353312302
29 0.003350600000000037 0 0 0.025157232704402517 0.5078864353312302
30 0.003170800000000029 1 0 0.031446540880503145 0.5078864353312302
31 0.003184200000000026 0 0 0.031446540880503145 0.5078864353312302
32 0.003161299999999978 0 0 0.031446540880503145 0.5078864353312302
33 0.003413799999999967 0 0 0.031446540880503145 0.5078864353312302
34 0.003524399999999983 1 1 0.03773584905660377 0.5110410094637224
35 0.004026200000000035 0 0 0.03773584905660377 0.5110410094637224
36 0.0045812000000000075 0 0 0.03773584905660377 0.5110410094637224
37 0.004639300000000013 0 1 0.03773584905660377 0.5141955835962145
38 0.004604700000000017 0 0 0.03773584905660377 0.5141955835962145
39 0.004644500000000051 0 0 0.03773584905660377 0.5141955835962145
40 0.004590500000000053 1 0 0.0440251572327044 0.5141955835962145
41 0.004373899999999931 0 0 0.0440251572327044 0.5141955835962145
42 0.0045160000000000755 0 0 0.0440251572327044 0.5141955835962145
43 0.004684600000000039 0 1 0.0440251572327044 0.5173501577287066
44 0.0033655000000000213 0 0 0.0440251572327044 0.5173501577287066
45 0.0035368000000000066 1 1 0.050314465408805034 0.5205047318611987
46 0.0032632000000000216 0 0 0.050314465408805034 0.5205047318611987
47 0.0035361999999999894 0 0 0.050314465408805034 0.5205047318611987
48 0.0032516999999999685 0 0 0.050314465408805034 0.5205047318611987
49 0.0034503000000000172 0 0 0.050314465408805034 0.5205047318611987
50 0.0033495000000000053 0 0 0.050314465408805034 0.5205047318611987
51 0.003485999999999989 1 0 0.05660377358490566 0.5205047318611987
52 0.0035397000000000345 1 0 0.06289308176100629 0.5205047318611987
53 0.003549400000000036 0 1 0.06289308176100629 0.5236593059936908
54 0.003538800000000064 0 1 0.06289308176100629 0.526813880126183
55 0.0034186999999999967 0 0 0.06289308176100629 0.526813880126183
56 0.0034952000000000316 0 0 0.06289308176100629 0.526813880126183
57 0.003364900000000004 0 0 0.06289308176100629 0.526813880126183
58 0.003502999999999923 0 0 0.06289308176100629 0.526813880126183
59 0.003308399999999989 1 1 0.06918238993710692 0.5299684542586751
60 0.0034216000000000246 0 0 0.06918238993710692 0.5299684542586751
61 0.003406200000000026 0 0 0.06918238993710692 0.5299684542586751
62 0.0036716999999999445 0 0 0.06918238993710692 0.5299684542586751
63 0.003536399999999995 0 0 0.06918238993710692 0.5299684542586751
64 0.0035479000000000482 0 0 0.06918238993710692 0.5299684542586751
65 0.003437200000000029 0 0 0.06918238993710692 0.5299684542586751
66 0.0032832000000000416 0 0 0.06918238993710692 0.5299684542586751
67 0.0033682999999999907 1 1 0.07547169811320754 0.5331230283911672
68 0.003518800000000044 1 0 0.08176100628930817 0.5331230283911672
69 0.0035365000000000535 0 0 0.08176100628930817 0.5331230283911672
70 0.0034009999999999874 0 0 0.08176100628930817 0.5331230283911672
71 0.003599000000000019 1 0 0.0880503144654088 0.5331230283911672
72 0.0033390999999999282 0 0 0.0880503144654088 0.5331230283911672
73 0.0036169999999999813 0 0 0.0880503144654088 0.5331230283911672
74 0.00340039999999997 0 1 0.0880503144654088 0.5362776025236593
75 0.0034777999999999754 0 0 0.0880503144654088 0.5362776025236593
76 0.004761900000000097 0 0 0.0880503144654088 0.5362776025236593
77 0.0044224000000000485 1 1 0.09433962264150944 0.5394321766561514
78 0.007182699999999986 1 1 0.10062893081761007 0.5425867507886435
79 0.003525200000000006 0 0 0.10062893081761007 0.5425867507886435
80 0.0034882999999999997 0 0 0.10062893081761007 0.5425867507886435
81 0.003604099999999999 0 0 0.10062893081761007 0.5425867507886435
82 0.0035815000000000152 0 0 0.10062893081761007 0.5425867507886435
83 0.003643799999999975 0 1 0.10062893081761007 0.5457413249211357
84 0.0036763000000000767 0 0 0.10062893081761007 0.5457413249211357
85 0.00335019999999997 1 0 0.1069182389937107 0.5457413249211357
86 0.003610800000000025 0 0 0.1069182389937107 0.5457413249211357
87 0.003304100000000032 1 1 0.11320754716981132 0.5488958990536278
88 0.003681200000000051 0 2 0.11320754716981132 0.555205047318612
89 0.0036521999999999943 0 0 0.11320754716981132 0.555205047318612
90 0.0036325000000000385 0 0 0.11320754716981132 0.555205047318612
91 0.0035806999999999922 1 0 0.11949685534591195 0.555205047318612
92 0.003648399999999996 0 0 0.11949685534591195 0.555205047318612
93 0.003620599999999974 0 0 0.11949685534591195 0.555205047318612
94 0.0033747000000000638 1 1 0.12578616352201258 0.5583596214511041
95 0.003587000000000007 1 0 0.1320754716981132 0.5583596214511041
96 0.0034904000000000046 0 0 0.1320754716981132 0.5583596214511041
97 0.0035402999999999407 0 0 0.1320754716981132 0.5583596214511041
98 0.003669999999999951 0 1 0.1320754716981132 0.5615141955835962
99 0.0036411000000000637 0 0 0.1320754716981132 0.5615141955835962
100 0.0036401999999999823 1 1 0.13836477987421383 0.5646687697160884
101 0.0035646999999999762 1 0 0.14465408805031446 0.5646687697160884
102 0.0038935999999999416 0 0 0.14465408805031446 0.5646687697160884
103 0.0036627000000000187 0 0 0.14465408805031446 0.5646687697160884
104 0.0036650000000000293 0 0 0.14465408805031446 0.5646687697160884
105 0.0037011000000000127 1 1 0.1509433962264151 0.5678233438485805
106 0.0032948999999999895 0 0 0.1509433962264151 0.5678233438485805
107 0.00335160000000001 1 1 0.15723270440251572 0.5709779179810726
108 0.003314000000000039 0 0 0.15723270440251572 0.5709779179810726
109 0.0032896000000000036 0 0 0.15723270440251572 0.5709779179810726
110 0.00332650000000001 0 0 0.15723270440251572 0.5709779179810726
111 0.0037194999999999867 0 1 0.15723270440251572 0.5741324921135647
112 0.0035167000000000392 0 0 0.15723270440251572 0.5741324921135647
113 0.0036899000000000237 1 1 0.16352201257861634 0.5772870662460567
114 0.0037361999999999673 0 0 0.16352201257861634 0.5772870662460567
115 0.003661400000000037 1 1 0.16981132075471697 0.580441640378549
116 0.0033674000000000204 0 0 0.16981132075471697 0.580441640378549
117 0.003679800000000011 0 1 0.16981132075471697 0.583596214511041
118 0.0037076999999999805 0 0 0.16981132075471697 0.583596214511041
119 0.0035743000000000302 1 0 0.1761006289308176 0.583596214511041
120 0.003632100000000027 0 1 0.1761006289308176 0.5867507886435331
121 0.003433200000000025 1 1 0.18238993710691823 0.5899053627760252
122 0.0037463999999999276 0 0 0.18238993710691823 0.5899053627760252
123 0.003806199999999982 0 0 0.18238993710691823 0.5899053627760252
124 0.003614000000000006 0 0 0.18238993710691823 0.5899053627760252
125 0.0037455999999999046 0 0 0.18238993710691823 0.5899053627760252
126 0.0033984000000000236 0 0 0.18238993710691823 0.5899053627760252
127 0.003542000000000045 0 0 0.18238993710691823 0.5899053627760252
128 0.00372539999999999 0 0 0.18238993710691823 0.5899053627760252
129 0.00372680000000003 0 0 0.18238993710691823 0.5899053627760252
130 0.00375610000000004 0 0 0.18238993710691823 0.5899053627760252
131 0.003749200000000008 1 0 0.18867924528301888 0.5899053627760252
132 0.003715799999999936 0 0 0.18867924528301888 0.5899053627760252
133 0.0036547000000000107 0 0 0.18867924528301888 0.5899053627760252
134 0.003759599999999974 0 0 0.18867924528301888 0.5899053627760252
135 0.003567300000000051 0 0 0.18867924528301888 0.5899053627760252
136 0.003519599999999956 0 0 0.18867924528301888 0.5899053627760252
137 0.0034119000000000232 0 0 0.18867924528301888 0.5899053627760252
138 0.003390800000000027 0 1 0.18867924528301888 0.5930599369085173
139 0.0034657999999999634 1 1 0.1949685534591195 0.5962145110410094
140 0.004835399999999934 1 1 0.20125786163522014 0.5993690851735016
141 0.004980099999999932 0 0 0.20125786163522014 0.5993690851735016
142 0.00491470000000005 0 0 0.20125786163522014 0.5993690851735016
143 0.004887599999999992 1 0 0.20754716981132076 0.5993690851735016
144 0.004895300000000047 0 0 0.20754716981132076 0.5993690851735016
145 0.004977800000000032 0 0 0.20754716981132076 0.5993690851735016
146 0.004528300000000041 0 0 0.20754716981132076 0.5993690851735016
147 0.004912299999999981 0 0 0.20754716981132076 0.5993690851735016
148 0.003595299999999968 0 0 0.20754716981132076 0.5993690851735016
149 0.00399779999999994 0 0 0.20754716981132076 0.5993690851735016
150 0.0037514999999999077 0 0 0.20754716981132076 0.5993690851735016
151 0.003799600000000014 0 0 0.20754716981132076 0.5993690851735016
152 0.0035665999999999753 0 0 0.20754716981132076 0.5993690851735016
153 0.0035434999999999217 0 0 0.20754716981132076 0.5993690851735016
154 0.0037224000000000146 0 0 0.20754716981132076 0.5993690851735016
155 0.0037785999999999653 0 0 0.20754716981132076 0.5993690851735016
156 0.0037023000000000472 0 0 0.20754716981132076 0.5993690851735016
157 0.003754499999999994 0 0 0.20754716981132076 0.5993690851735016
158 0.003828600000000071 0 0 0.20754716981132076 0.5993690851735016
159 0.0036671000000000342 0 0 0.20754716981132076 0.5993690851735016
160 0.00363609999999992 1 0 0.2138364779874214 0.5993690851735016
161 0.003859100000000004 1 1 0.22012578616352202 0.6025236593059937
162 0.0035780999999999175 0 0 0.22012578616352202 0.6025236593059937
163 0.005002700000000027 1 1 0.22641509433962265 0.6056782334384858
164 0.00503739999999997 1 0 0.23270440251572327 0.6056782334384858
165 0.004951799999999951 0 0 0.23270440251572327 0.6056782334384858
166 0.00471379999999999 0 0 0.23270440251572327 0.6056782334384858
167 0.004986599999999841 0 0 0.23270440251572327 0.6056782334384858
168 0.005003599999999997 1 1 0.2389937106918239 0.6088328075709779
169 0.005060199999999959 0 0 0.2389937106918239 0.6088328075709779
170 0.005061900000000064 0 0 0.2389937106918239 0.6088328075709779
171 0.005055000000000032 0 0 0.2389937106918239 0.6088328075709779
172 0.004851299999999892 0 0 0.2389937106918239 0.6088328075709779
173 0.005035400000000134 0 1 0.2389937106918239 0.61198738170347
174 0.005076999999999998 0 0 0.2389937106918239 0.61198738170347
175 0.0050296000000000785 0 0 0.2389937106918239 0.61198738170347
176 0.005042600000000119 0 0 0.2389937106918239 0.61198738170347
177 0.004846899999999987 1 1 0.24528301886792453 0.6151419558359621
178 0.0050448000000000714 0 0 0.24528301886792453 0.6151419558359621
179 0.0035392000000000756 0 0 0.24528301886792453 0.6151419558359621
180 0.003459299999999832 0 0 0.24528301886792453 0.6151419558359621
181 0.0034939000000000497 0 0 0.24528301886792453 0.6151419558359621
182 0.003454199999999963 0 0 0.24528301886792453 0.6151419558359621
183 0.0034335999999999256 0 0 0.24528301886792453 0.6151419558359621
184 0.0037777999999999423 0 0 0.24528301886792453 0.6151419558359621
185 0.0039023999999998615 1 0 0.25157232704402516 0.6151419558359621
186 0.003739900000000018 0 1 0.25157232704402516 0.6182965299684543
187 0.003878800000000071 0 0 0.25157232704402516 0.6182965299684543
188 0.00391739999999996 0 1 0.25157232704402516 0.6214511041009464
189 0.003842299999999854 0 1 0.25157232704402516 0.6246056782334385
190 0.0038218000000000973 0 0 0.25157232704402516 0.6246056782334385
191 0.003800900000000107 0 0 0.25157232704402516 0.6246056782334385
192 0.003872099999999934 1 0 0.2578616352201258 0.6246056782334385
193 0.00398849999999995 1 1 0.2641509433962264 0.6277602523659306
194 0.0036864000000000896 0 0 0.2641509433962264 0.6277602523659306
195 0.0036186999999998637 0 0 0.2641509433962264 0.6277602523659306
196 0.003704399999999941 1 1 0.27044025157232704 0.6309148264984227
197 0.003527599999999964 0 0 0.27044025157232704 0.6309148264984227
198 0.003677199999999825 0 0 0.27044025157232704 0.6309148264984227
199 0.003512600000000088 0 0 0.27044025157232704 0.6309148264984227
200 0.0035309000000001145 0 1 0.27044025157232704 0.6340694006309149
201 0.0039263999999998855 0 0 0.27044025157232704 0.6340694006309149
202 0.0036282000000000814 1 0 0.27672955974842767 0.6340694006309149
203 0.003608599999999962 0 0 0.27672955974842767 0.6340694006309149
204 0.003918699999999831 1 0 0.2830188679245283 0.6340694006309149
205 0.0035084999999999145 0 0 0.2830188679245283 0.6340694006309149
206 0.003547600000000095 0 1 0.2830188679245283 0.637223974763407
207 0.0035005000000001285 0 0 0.2830188679245283 0.637223974763407
208 0.003516899999999934 1 0 0.2893081761006289 0.637223974763407
209 0.003551800000000105 0 0 0.2893081761006289 0.637223974763407
210 0.003706499999999835 1 0 0.29559748427672955 0.637223974763407
211 0.003912200000000032 0 0 0.29559748427672955 0.637223974763407
212 0.00394300000000003 0 0 0.29559748427672955 0.637223974763407
213 0.0035074999999999967 0 1 0.29559748427672955 0.6403785488958991
214 0.0035729999999998263 0 1 0.29559748427672955 0.6435331230283912
215 0.0035433999999998633 0 0 0.29559748427672955 0.6435331230283912
216 0.0037833999999998813 0 0 0.29559748427672955 0.6435331230283912
217 0.0034821000000000435 0 0 0.29559748427672955 0.6435331230283912
218 0.005204399999999998 0 1 0.29559748427672955 0.6466876971608833
219 0.005165299999999817 1 0 0.3018867924528302 0.6466876971608833
220 0.005140699999999887 0 1 0.3018867924528302 0.6498422712933754
221 0.0051915000000000155 0 0 0.3018867924528302 0.6498422712933754
222 0.005154099999999939 0 0 0.3018867924528302 0.6498422712933754
223 0.0037114000000000313 0 0 0.3018867924528302 0.6498422712933754
224 0.0037226000000001314 0 0 0.3018867924528302 0.6498422712933754
225 0.0035019000000000577 0 0 0.3018867924528302 0.6498422712933754
226 0.003640400000000099 1 0 0.3081761006289308 0.6498422712933754
227 0.004985699999999982 0 0 0.3081761006289308 0.6498422712933754
228 0.0053027000000001046 0 1 0.3081761006289308 0.6529968454258676
229 0.005135400000000123 1 0 0.31446540880503143 0.6529968454258676
230 0.005154199999999998 0 0 0.31446540880503143 0.6529968454258676
231 0.005222199999999955 0 0 0.31446540880503143 0.6529968454258676
232 0.0037305999999999173 0 0 0.31446540880503143 0.6529968454258676
233 0.0036033999999998123 0 0 0.31446540880503143 0.6529968454258676
234 0.0036563000000000567 0 0 0.31446540880503143 0.6529968454258676
235 0.003902199999999967 0 0 0.31446540880503143 0.6529968454258676
236 0.003969000000000111 0 0 0.31446540880503143 0.6529968454258676
237 0.003541200000000133 1 1 0.32075471698113206 0.6561514195583596
238 0.0036282999999999177 1 1 0.3270440251572327 0.6593059936908517
239 0.00358679999999989 0 0 0.3270440251572327 0.6593059936908517
240 0.0035832000000000086 1 1 0.3333333333333333 0.6624605678233438
241 0.0037021000000001525 0 1 0.3333333333333333 0.6656151419558359
242 0.0036426000000000514 0 0 0.3333333333333333 0.6656151419558359
243 0.0037506999999998847 0 0 0.3333333333333333 0.6656151419558359
244 0.003709199999999857 0 0 0.3333333333333333 0.6656151419558359
245 0.003649399999999803 0 0 0.3333333333333333 0.6656151419558359
246 0.003546999999999967 0 0 0.3333333333333333 0.6656151419558359
247 0.003654199999999941 0 0 0.3333333333333333 0.6656151419558359
248 0.0036000000000000476 0 0 0.3333333333333333 0.6656151419558359
249 0.003643899999999922 1 1 0.33962264150943394 0.668769716088328
250 0.0036087000000000202 0 0 0.33962264150943394 0.668769716088328
251 0.003617199999999876 0 0 0.33962264150943394 0.668769716088328
252 0.0039007999999998155 1 1 0.34591194968553457 0.6719242902208202
253 0.003611000000000031 0 0 0.34591194968553457 0.6719242902208202
254 0.003957699999999953 1 1 0.3522012578616352 0.6750788643533123
255 0.004003800000000002 0 0 0.3522012578616352 0.6750788643533123
256 0.003711299999999973 1 1 0.3584905660377358 0.6782334384858044
257 0.003791600000000006 0 0 0.3584905660377358 0.6782334384858044
258 0.007156900000000022 0 0 0.3584905660377358 0.6782334384858044
259 0.0036218999999999557 0 0 0.3584905660377358 0.6782334384858044
260 0.003634799999999938 1 0 0.36477987421383645 0.6782334384858044
261 0.0036066000000001264 0 0 0.36477987421383645 0.6782334384858044
262 0.003650299999999884 1 1 0.3710691823899371 0.6813880126182965
263 0.0040607999999999755 0 0 0.3710691823899371 0.6813880126182965
264 0.0035944000000001086 0 0 0.3710691823899371 0.6813880126182965
265 0.0035776000000000696 0 0 0.3710691823899371 0.6813880126182965
266 0.003615299999999877 0 0 0.3710691823899371 0.6813880126182965
267 0.003587600000000135 0 0 0.3710691823899371 0.6813880126182965
268 0.0036078999999999972 1 1 0.37735849056603776 0.6845425867507886
269 0.003829699999999825 0 0 0.37735849056603776 0.6845425867507886
270 0.003816400000000053 0 0 0.37735849056603776 0.6845425867507886
271 0.0036305999999999283 0 0 0.37735849056603776 0.6845425867507886
272 0.003868900000000064 1 1 0.3836477987421384 0.6876971608832808
273 0.004034599999999999 0 0 0.3836477987421384 0.6876971608832808
274 0.004133100000000001 0 0 0.3836477987421384 0.6876971608832808
275 0.0039365000000000094 0 0 0.3836477987421384 0.6876971608832808
276 0.003658199999999834 1 1 0.389937106918239 0.6908517350157729
277 0.003705700000000034 0 0 0.389937106918239 0.6908517350157729
278 0.00537680000000007 0 0 0.389937106918239 0.6908517350157729
279 0.0038575999999999055 0 1 0.389937106918239 0.694006309148265
280 0.0037039999999999296 0 0 0.389937106918239 0.694006309148265
281 0.003707799999999928 0 0 0.389937106918239 0.694006309148265
282 0.0036594999999999267 0 0 0.389937106918239 0.694006309148265
283 0.003785499999999997 0 0 0.389937106918239 0.694006309148265
284 0.003680899999999987 0 0 0.389937106918239 0.694006309148265
285 0.0036442000000000974 0 0 0.389937106918239 0.694006309148265
286 0.003662800000000077 1 0 0.39622641509433965 0.694006309148265
287 0.003684900000000102 0 0 0.39622641509433965 0.694006309148265
288 0.0036407000000000522 0 0 0.39622641509433965 0.694006309148265
289 0.004166699999999857 1 1 0.4025157232704403 0.6971608832807571
290 0.00373929999999989 0 0 0.4025157232704403 0.6971608832807571
291 0.0037460999999998634 0 0 0.4025157232704403 0.6971608832807571
292 0.0041488999999999 0 0 0.4025157232704403 0.6971608832807571
293 0.0040024000000000726 0 0 0.4025157232704403 0.6971608832807571
294 0.003662499999999902 0 0 0.4025157232704403 0.6971608832807571
295 0.004037300000000021 1 1 0.4088050314465409 0.7003154574132492
296 0.003692100000000087 1 0 0.41509433962264153 0.7003154574132492
297 0.003760899999999845 1 2 0.42138364779874216 0.7066246056782335
298 0.004052200000000061 0 0 0.42138364779874216 0.7066246056782335
299 0.0037578000000000333 0 0 0.42138364779874216 0.7066246056782335
300 0.0036472000000000726 0 0 0.42138364779874216 0.7066246056782335
301 0.0036812999999999985 0 0 0.42138364779874216 0.7066246056782335
302 0.004186999999999941 0 0 0.42138364779874216 0.7066246056782335
303 0.0040895999999999155 0 0 0.42138364779874216 0.7066246056782335
304 0.003874500000000003 1 0 0.4276729559748428 0.7066246056782335
305 0.0038626999999999967 1 0 0.4339622641509434 0.7066246056782335
306 0.0037679999999999936 0 1 0.4339622641509434 0.7097791798107256
307 0.0037016000000000826 1 1 0.44025157232704404 0.7129337539432177
308 0.003833399999999987 0 0 0.44025157232704404 0.7129337539432177
309 0.0037525000000000475 0 1 0.44025157232704404 0.7160883280757098
310 0.0037161999999999473 0 0 0.44025157232704404 0.7160883280757098
311 0.004118999999999984 0 0 0.44025157232704404 0.7160883280757098
312 0.005030199999999985 0 0 0.44025157232704404 0.7160883280757098
313 0.0057298999999999545 0 0 0.44025157232704404 0.7160883280757098
314 0.0037594999999999157 0 0 0.44025157232704404 0.7160883280757098
315 0.003690799999999994 0 0 0.44025157232704404 0.7160883280757098
316 0.0037727000000000732 0 0 0.44025157232704404 0.7160883280757098
317 0.0037992000000000026 1 1 0.44654088050314467 0.7192429022082019
318 0.0038079000000001972 1 1 0.4528301886792453 0.722397476340694
319 0.004052000000000167 1 0 0.4591194968553459 0.722397476340694
320 0.003993800000000158 0 0 0.4591194968553459 0.722397476340694
321 0.0037930000000001574 0 0 0.4591194968553459 0.722397476340694
322 0.0038626999999999967 0 0 0.4591194968553459 0.722397476340694
323 0.003753400000000129 0 1 0.4591194968553459 0.7255520504731862
324 0.0037971000000001087 0 0 0.4591194968553459 0.7255520504731862
325 0.0039093000000001155 0 0 0.4591194968553459 0.7255520504731862
326 0.0042095999999998135 0 0 0.4591194968553459 0.7255520504731862
327 0.004376399999999947 0 0 0.4591194968553459 0.7255520504731862
328 0.004279900000000003 1 0 0.46540880503144655 0.7255520504731862
329 0.0038453000000000515 0 1 0.46540880503144655 0.7287066246056783
330 0.003793399999999947 0 0 0.46540880503144655 0.7287066246056783
331 0.0037177999999999933 0 0 0.46540880503144655 0.7287066246056783
332 0.00399269999999996 0 0 0.46540880503144655 0.7287066246056783
333 0.0037901000000000185 0 0 0.46540880503144655 0.7287066246056783
334 0.004108699999999965 0 0 0.46540880503144655 0.7287066246056783
335 0.004052399999999956 0 0 0.46540880503144655 0.7287066246056783
336 0.0043303999999999565 1 1 0.4716981132075472 0.7318611987381703
337 0.004203599999999863 0 1 0.4716981132075472 0.7350157728706624
338 0.004478699999999947 0 0 0.4716981132075472 0.7350157728706624
339 0.0042357000000001754 1 0 0.4779874213836478 0.7350157728706624
340 0.004241399999999951 0 0 0.4779874213836478 0.7350157728706624
341 0.004013999999999962 0 0 0.4779874213836478 0.7350157728706624
342 0.0038445000000000285 1 1 0.48427672955974843 0.7381703470031545
343 0.003952600000000084 0 0 0.48427672955974843 0.7381703470031545
344 0.003904399999999919 0 0 0.48427672955974843 0.7381703470031545
345 0.003787800000000008 1 1 0.49056603773584906 0.7413249211356467
346 0.003893399999999936 0 0 0.49056603773584906 0.7413249211356467
347 0.0037955000000000627 0 0 0.49056603773584906 0.7413249211356467
348 0.0038135000000001362 0 0 0.49056603773584906 0.7413249211356467
349 0.0039279999999999315 0 0 0.49056603773584906 0.7413249211356467
350 0.0038130999999999027 0 0 0.49056603773584906 0.7413249211356467
351 0.004041200000000078 0 0 0.49056603773584906 0.7413249211356467
352 0.0037536000000000236 0 0 0.49056603773584906 0.7413249211356467
353 0.0038555000000000117 0 0 0.49056603773584906 0.7413249211356467
354 0.0037762999999999547 1 0 0.4968553459119497 0.7413249211356467
355 0.0040343999999998825 1 0 0.5031446540880503 0.7413249211356467
356 0.0038149000000000655 1 0 0.5094339622641509 0.7413249211356467
357 0.003773400000000038 0 1 0.5094339622641509 0.7444794952681388
358 0.0038659000000000887 0 1 0.5094339622641509 0.7476340694006309
359 0.003829400000000094 0 0 0.5094339622641509 0.7476340694006309
360 0.0037618999999999847 0 1 0.5094339622641509 0.750788643533123
361 0.003993699999999878 1 0 0.5157232704402516 0.750788643533123
362 0.003792599999999924 1 0 0.5220125786163522 0.750788643533123
363 0.0038021000000001415 1 1 0.5283018867924528 0.7539432176656151
364 0.004111600000000104 0 1 0.5283018867924528 0.7570977917981072
365 0.003812600000000055 0 0 0.5283018867924528 0.7570977917981072
366 0.003976599999999886 0 1 0.5283018867924528 0.7602523659305994
367 0.003954000000000013 0 0 0.5283018867924528 0.7602523659305994
368 0.00400109999999998 0 1 0.5283018867924528 0.7634069400630915
369 0.0038508999999999904 0 0 0.5283018867924528 0.7634069400630915
370 0.0037849999999999273 0 0 0.5283018867924528 0.7634069400630915
371 0.003882500000000011 0 0 0.5283018867924528 0.7634069400630915
372 0.003882299999999894 0 0 0.5283018867924528 0.7634069400630915
373 0.003794299999999806 0 0 0.5283018867924528 0.7634069400630915
374 0.003984599999999894 0 0 0.5283018867924528 0.7634069400630915
375 0.003918599999999994 0 0 0.5283018867924528 0.7634069400630915
376 0.004360600000000048 0 0 0.5283018867924528 0.7634069400630915
377 0.0038730000000000153 0 0 0.5283018867924528 0.7634069400630915
378 0.003813999999999984 0 0 0.5283018867924528 0.7634069400630915
379 0.004416399999999987 0 0 0.5283018867924528 0.7634069400630915
380 0.004090099999999985 1 1 0.5345911949685535 0.7665615141955836
381 0.0042903999999999165 0 0 0.5345911949685535 0.7665615141955836
382 0.004309300000000071 0 0 0.5345911949685535 0.7665615141955836
383 0.004142899999999949 0 0 0.5345911949685535 0.7665615141955836
384 0.004318700000000009 0 0 0.5345911949685535 0.7665615141955836
385 0.004357100000000003 0 0 0.5345911949685535 0.7665615141955836
386 0.004297800000000018 0 0 0.5345911949685535 0.7665615141955836
387 0.004075499999999899 0 0 0.5345911949685535 0.7665615141955836
388 0.004349099999999995 0 0 0.5345911949685535 0.7665615141955836
389 0.004139700000000079 0 0 0.5345911949685535 0.7665615141955836
390 0.004328899999999969 1 0 0.5408805031446541 0.7665615141955836
391 0.004150000000000098 0 0 0.5408805031446541 0.7665615141955836
392 0.003864599999999996 0 0 0.5408805031446541 0.7665615141955836
393 0.0044600000000001305 1 2 0.5471698113207547 0.7728706624605678
394 0.0038971000000000977 1 1 0.5534591194968553 0.7760252365930599
395 0.004419299999999904 0 0 0.5534591194968553 0.7760252365930599
396 0.004058099999999953 0 0 0.5534591194968553 0.7760252365930599
397 0.00390619999999986 0 0 0.5534591194968553 0.7760252365930599
398 0.003936899999999799 0 0 0.5534591194968553 0.7760252365930599
399 0.004077899999999968 0 0 0.5534591194968553 0.7760252365930599
400 0.004229500000000108 0 0 0.5534591194968553 0.7760252365930599
401 0.0040295999999999665 0 0 0.5534591194968553 0.7760252365930599
402 0.003941600000000101 0 0 0.5534591194968553 0.7760252365930599
403 0.003799599999999792 0 0 0.5534591194968553 0.7760252365930599
404 0.004098800000000402 0 0 0.5534591194968553 0.7760252365930599
405 0.003943399999999819 0 0 0.5534591194968553 0.7760252365930599
406 0.00398580000000015 0 0 0.5534591194968553 0.7760252365930599
407 0.004318299999999997 0 0 0.5534591194968553 0.7760252365930599
408 0.0039119999999996935 1 1 0.559748427672956 0.7791798107255521
409 0.003873699999999758 0 0 0.559748427672956 0.7791798107255521
410 0.004075400000000062 0 0 0.559748427672956 0.7791798107255521
411 0.00394249999999996 0 0 0.559748427672956 0.7791798107255521
412 0.003918000000000088 1 0 0.5660377358490566 0.7791798107255521
413 0.004123099999999713 0 0 0.5660377358490566 0.7791798107255521
414 0.004114500000000021 0 0 0.5660377358490566 0.7791798107255521
415 0.0039039999999999075 0 0 0.5660377358490566 0.7791798107255521
416 0.003837400000000102 0 0 0.5660377358490566 0.7791798107255521
417 0.004486899999999849 1 0 0.5723270440251572 0.7791798107255521
418 0.004050300000000284 1 0 0.5786163522012578 0.7791798107255521
419 0.0039351999999999165 0 1 0.5786163522012578 0.7823343848580442
420 0.0042016000000000275 0 0 0.5786163522012578 0.7823343848580442
421 0.003992000000000218 0 0 0.5786163522012578 0.7823343848580442
422 0.0043728000000000655 0 0 0.5786163522012578 0.7823343848580442
423 0.004408699999999932 0 0 0.5786163522012578 0.7823343848580442
424 0.003988600000000009 0 0 0.5786163522012578 0.7823343848580442
425 0.003903900000000071 0 0 0.5786163522012578 0.7823343848580442
426 0.004433099999999968 0 0 0.5786163522012578 0.7823343848580442
427 0.0039613000000002785 0 0 0.5786163522012578 0.7823343848580442
428 0.003943299999999983 0 0 0.5786163522012578 0.7823343848580442
429 0.0040407999999998445 1 1 0.5849056603773585 0.7854889589905363
430 0.004163499999999765 0 0 0.5849056603773585 0.7854889589905363
431 0.004341199999999823 0 0 0.5849056603773585 0.7854889589905363
432 0.003908900000000326 1 0 0.5911949685534591 0.7854889589905363
433 0.003937000000000079 1 1 0.5974842767295597 0.7886435331230284
434 0.0038650000000002294 0 0 0.5974842767295597 0.7886435331230284
435 0.003999300000000261 0 0 0.5974842767295597 0.7886435331230284
436 0.004365500000000022 1 1 0.6037735849056604 0.7917981072555205
437 0.004037100000000127 0 1 0.6037735849056604 0.7949526813880127
438 0.003989499999999868 0 0 0.6037735849056604 0.7949526813880127
439 0.004068299999999692 0 0 0.6037735849056604 0.7949526813880127
440 0.003973199999999899 0 0 0.6037735849056604 0.7949526813880127
441 0.004106600000000071 1 2 0.610062893081761 0.8012618296529969
442 0.004039699999999868 0 0 0.610062893081761 0.8012618296529969
443 0.00396329999999967 0 0 0.610062893081761 0.8012618296529969
444 0.003965299999999949 1 1 0.6163522012578616 0.804416403785489
445 0.004053700000000049 0 1 0.6163522012578616 0.807570977917981
446 0.004023800000000133 1 0 0.6226415094339622 0.807570977917981
447 0.004038699999999729 1 0 0.6289308176100629 0.807570977917981
448 0.004032700000000222 0 0 0.6289308176100629 0.807570977917981
449 0.0040496000000000976 0 0 0.6289308176100629 0.807570977917981
450 0.004062200000000349 0 0 0.6289308176100629 0.807570977917981
451 0.005869200000000241 0 0 0.6289308176100629 0.807570977917981
452 0.005788700000000091 0 0 0.6289308176100629 0.807570977917981
453 0.004035000000000011 0 0 0.6289308176100629 0.807570977917981
454 0.004485100000000131 1 0 0.6352201257861635 0.807570977917981
455 0.0045768000000001585 0 0 0.6352201257861635 0.807570977917981
456 0.004043800000000264 0 0 0.6352201257861635 0.807570977917981
457 0.004001000000000143 0 0 0.6352201257861635 0.807570977917981
458 0.003969899999999971 0 0 0.6352201257861635 0.807570977917981
459 0.004074800000000156 1 1 0.6415094339622641 0.8107255520504731
460 0.0041445000000002175 0 0 0.6415094339622641 0.8107255520504731
461 0.004195000000000171 0 1 0.6415094339622641 0.8138801261829653
462 0.003955599999999837 0 0 0.6415094339622641 0.8138801261829653
463 0.004172599999999971 0 0 0.6415094339622641 0.8138801261829653
464 0.004220299999999622 1 0 0.6477987421383647 0.8138801261829653
465 0.00415859999999979 0 1 0.6477987421383647 0.8170347003154574
466 0.004004999999999814 0 0 0.6477987421383647 0.8170347003154574
467 0.004124100000000297 0 1 0.6477987421383647 0.8201892744479495
468 0.003940599999999961 0 0 0.6477987421383647 0.8201892744479495
469 0.004042000000000101 1 1 0.6540880503144654 0.8233438485804416
470 0.004058200000000234 1 0 0.660377358490566 0.8233438485804416
471 0.004001399999999933 1 1 0.6666666666666666 0.8264984227129337
472 0.0041104000000000696 0 0 0.6666666666666666 0.8264984227129337
473 0.004176100000000016 0 0 0.6666666666666666 0.8264984227129337
474 0.00401460000000009 0 0 0.6666666666666666 0.8264984227129337
475 0.004002300000000236 0 0 0.6666666666666666 0.8264984227129337
476 0.0040621000000000684 0 0 0.6666666666666666 0.8264984227129337
477 0.00401510000000016 1 0 0.6729559748427673 0.8264984227129337
478 0.006040099999999882 0 0 0.6729559748427673 0.8264984227129337
479 0.0059414999999996 0 1 0.6729559748427673 0.8296529968454258
480 0.005731099999999767 0 0 0.6729559748427673 0.8296529968454258
481 0.0043015999999997945 1 1 0.6792452830188679 0.832807570977918
482 0.0040168000000000426 0 0 0.6792452830188679 0.832807570977918
483 0.004151799999999817 0 0 0.6792452830188679 0.832807570977918
484 0.004055799999999721 0 0 0.6792452830188679 0.832807570977918
485 0.004003200000000096 0 0 0.6792452830188679 0.832807570977918
486 0.004160699999999906 0 0 0.6792452830188679 0.832807570977918
487 0.0040405000000003355 0 0 0.6792452830188679 0.832807570977918
488 0.004154000000000213 1 2 0.6855345911949685 0.8391167192429022
489 0.00402849999999999 0 0 0.6855345911949685 0.8391167192429022
490 0.004169899999999949 0 0 0.6855345911949685 0.8391167192429022
491 0.004068600000000089 0 0 0.6855345911949685 0.8391167192429022
492 0.0042151999999999745 1 1 0.6918238993710691 0.8422712933753943
493 0.004081799999999802 0 0 0.6918238993710691 0.8422712933753943
494 0.0041415999999996345 1 2 0.6981132075471698 0.8485804416403786
495 0.004406799999999933 0 0 0.6981132075471698 0.8485804416403786
496 0.004027099999999617 0 0 0.6981132075471698 0.8485804416403786
497 0.004122600000000087 0 0 0.6981132075471698 0.8485804416403786
498 0.004084699999999941 0 0 0.6981132075471698 0.8485804416403786
499 0.004454200000000075 0 0 0.6981132075471698 0.8485804416403786
500 0.004692099999999755 0 0 0.6981132075471698 0.8485804416403786
501 0.0040391999999997985 0 0 0.6981132075471698 0.8485804416403786
502 0.004081999999999919 0 0 0.6981132075471698 0.8485804416403786
503 0.004114299999999904 1 0 0.7044025157232704 0.8485804416403786
504 0.004023600000000016 0 0 0.7044025157232704 0.8485804416403786
505 0.004395300000000102 0 0 0.7044025157232704 0.8485804416403786
506 0.004280099999999898 0 0 0.7044025157232704 0.8485804416403786
507 0.004177699999999618 0 0 0.7044025157232704 0.8485804416403786
508 0.004542999999999964 0 0 0.7044025157232704 0.8485804416403786
509 0.004078299999999757 0 0 0.7044025157232704 0.8485804416403786
510 0.004065900000000067 0 0 0.7044025157232704 0.8485804416403786
511 0.004220400000000346 0 0 0.7044025157232704 0.8485804416403786
512 0.004213499999999648 0 0 0.7044025157232704 0.8485804416403786
513 0.0046319999999999695 1 1 0.710691823899371 0.8517350157728707
514 0.00467480000000009 1 1 0.7169811320754716 0.8548895899053628
515 0.004365700000000139 0 0 0.7169811320754716 0.8548895899053628
516 0.004641700000000082 1 0 0.7232704402515723 0.8548895899053628
517 0.004582699999999829 0 0 0.7232704402515723 0.8548895899053628
518 0.004495600000000266 0 0 0.7232704402515723 0.8548895899053628
519 0.004548199999999891 0 0 0.7232704402515723 0.8548895899053628
520 0.004727400000000159 0 1 0.7232704402515723 0.8580441640378549
521 0.004414299999999649 0 0 0.7232704402515723 0.8580441640378549
522 0.004558299999999793 0 0 0.7232704402515723 0.8580441640378549
523 0.00447949999999997 0 0 0.7232704402515723 0.8580441640378549
524 0.004165500000000044 1 1 0.7295597484276729 0.861198738170347
525 0.004190899999999775 0 0 0.7295597484276729 0.861198738170347
526 0.004308400000000212 1 0 0.7358490566037735 0.861198738170347
527 0.0041535999999999795 1 1 0.7421383647798742 0.8643533123028391
528 0.004157699999999931 0 0 0.7421383647798742 0.8643533123028391
529 0.0041856000000000115 0 0 0.7421383647798742 0.8643533123028391
530 0.004161799999999882 0 0 0.7421383647798742 0.8643533123028391
531 0.004200099999999818 0 0 0.7421383647798742 0.8643533123028391
532 0.0058259000000000505 1 0 0.7484276729559748 0.8643533123028391
533 0.006156800000000295 1 1 0.7547169811320755 0.8675078864353313
534 0.007234299999999916 1 0 0.7610062893081762 0.8675078864353313
535 0.0065580999999999 0 0 0.7610062893081762 0.8675078864353313
536 0.006060900000000036 0 1 0.7610062893081762 0.8706624605678234
537 0.006423300000000243 1 1 0.7672955974842768 0.8738170347003155
538 0.004554599999999631 0 0 0.7672955974842768 0.8738170347003155
539 0.004568900000000209 0 0 0.7672955974842768 0.8738170347003155
540 0.004564600000000141 0 1 0.7672955974842768 0.8769716088328076
541 0.004436699999999849 0 0 0.7672955974842768 0.8769716088328076
542 0.004528099999999924 0 0 0.7672955974842768 0.8769716088328076
543 0.00454209999999966 0 0 0.7672955974842768 0.8769716088328076
544 0.004464999999999719 0 0 0.7672955974842768 0.8769716088328076
545 0.004713499999999815 0 0 0.7672955974842768 0.8769716088328076
546 0.004721999999999671 1 0 0.7735849056603774 0.8769716088328076
547 0.0046431999999998474 0 0 0.7735849056603774 0.8769716088328076
548 0.004181700000000177 0 0 0.7735849056603774 0.8769716088328076
549 0.004739599999999733 0 1 0.7735849056603774 0.8801261829652997
550 0.004490600000000011 1 1 0.779874213836478 0.8832807570977917
551 0.004218799999999856 0 0 0.779874213836478 0.8832807570977917
552 0.004537000000000013 0 0 0.779874213836478 0.8832807570977917
553 0.004229899999999898 0 0 0.779874213836478 0.8832807570977917
554 0.004582500000000156 0 0 0.779874213836478 0.8832807570977917
555 0.004334300000000013 0 0 0.779874213836478 0.8832807570977917
556 0.0041469000000002865 0 0 0.779874213836478 0.8832807570977917
557 0.004185899999999965 1 0 0.7861635220125787 0.8832807570977917
558 0.0041927999999997745 0 0 0.7861635220125787 0.8832807570977917
559 0.0042983999999997025 0 0 0.7861635220125787 0.8832807570977917
560 0.00411690000000009 0 0 0.7861635220125787 0.8832807570977917
561 0.004207699999999814 0 0 0.7861635220125787 0.8832807570977917
562 0.004187599999999847 0 0 0.7861635220125787 0.8832807570977917
563 0.004266100000000161 0 0 0.7861635220125787 0.8832807570977917
564 0.004188200000000197 0 0 0.7861635220125787 0.8832807570977917
565 0.0047063999999998885 0 0 0.7861635220125787 0.8832807570977917
566 0.004164800000000302 0 0 0.7861635220125787 0.8832807570977917
567 0.004195100000000007 0 0 0.7861635220125787 0.8832807570977917
568 0.004135699999999964 0 0 0.7861635220125787 0.8832807570977917
569 0.004294000000000242 0 0 0.7861635220125787 0.8832807570977917
570 0.004728099999999902 1 1 0.7924528301886793 0.886435331230284
571 0.0043343999999998495 0 0 0.7924528301886793 0.886435331230284
572 0.004563300000000048 0 0 0.7924528301886793 0.886435331230284
573 0.0042455999999999605 1 1 0.7987421383647799 0.889589905362776
574 0.004707100000000075 0 1 0.7987421383647799 0.8927444794952681
575 0.004171099999999761 0 0 0.7987421383647799 0.8927444794952681
576 0.004120200000000018 0 0 0.7987421383647799 0.8927444794952681
577 0.004265900000000045 0 0 0.7987421383647799 0.8927444794952681
578 0.004540899999999848 1 0 0.8050314465408805 0.8927444794952681
579 0.004714899999999744 0 0 0.8050314465408805 0.8927444794952681
580 0.00438369999999999 0 0 0.8050314465408805 0.8927444794952681
581 0.004549499999999984 0 2 0.8050314465408805 0.8990536277602523
582 0.004690899999999942 1 1 0.8113207547169812 0.9022082018927445
583 0.004834100000000063 0 0 0.8113207547169812 0.9022082018927445
584 0.004312500000000163 0 0 0.8113207547169812 0.9022082018927445
585 0.004701299999999797 0 0 0.8113207547169812 0.9022082018927445
586 0.004809599999999747 1 1 0.8176100628930818 0.9053627760252366
587 0.00446459999999993 0 0 0.8176100628930818 0.9053627760252366
588 0.004746600000000267 0 0 0.8176100628930818 0.9053627760252366
589 0.00437719999999997 0 0 0.8176100628930818 0.9053627760252366
590 0.00462410000000002 0 0 0.8176100628930818 0.9053627760252366
591 0.004591699999999754 0 0 0.8176100628930818 0.9053627760252366
592 0.004363699999999859 0 0 0.8176100628930818 0.9053627760252366
593 0.00450779999999984 0 0 0.8176100628930818 0.9053627760252366
594 0.004708900000000238 0 0 0.8176100628930818 0.9053627760252366
595 0.006250800000000112 1 1 0.8238993710691824 0.9085173501577287
596 0.006189999999999696 0 0 0.8238993710691824 0.9085173501577287
597 0.006210399999999616 1 0 0.8301886792452831 0.9085173501577287
598 0.006368399999999941 0 0 0.8301886792452831 0.9085173501577287
599 0.006167999999999729 0 0 0.8301886792452831 0.9085173501577287
600 0.006216999999999917 0 1 0.8301886792452831 0.9116719242902208
601 0.006180500000000144 1 0 0.8364779874213837 0.9116719242902208
602 0.005991099999999694 1 0 0.8427672955974843 0.9116719242902208
603 0.006119599999999892 0 0 0.8427672955974843 0.9116719242902208
604 0.006257999999999875 0 0 0.8427672955974843 0.9116719242902208
605 0.004447799999999891 0 2 0.8427672955974843 0.917981072555205
606 0.0042792000000000385 0 0 0.8427672955974843 0.917981072555205
607 0.004447099999999704 0 0 0.8427672955974843 0.917981072555205
608 0.004194000000000031 1 0 0.8490566037735849 0.917981072555205
609 0.004345999999999961 0 0 0.8490566037735849 0.917981072555205
610 0.0043031999999998405 0 0 0.8490566037735849 0.917981072555205
611 0.004331300000000038 0 1 0.8490566037735849 0.9211356466876972
612 0.004303900000000027 0 1 0.8490566037735849 0.9242902208201893
613 0.004323299999999808 0 0 0.8490566037735849 0.9242902208201893
614 0.005047400000000035 0 0 0.8490566037735849 0.9242902208201893
615 0.004534699999999781 1 1 0.8553459119496856 0.9274447949526814
616 0.004500100000000007 1 0 0.8616352201257862 0.9274447949526814
617 0.00431220000000021 0 0 0.8616352201257862 0.9274447949526814
618 0.004577900000000135 0 0 0.8616352201257862 0.9274447949526814
619 0.004456499999999863 1 1 0.8679245283018868 0.9305993690851735
620 0.004342700000000033 1 0 0.8742138364779874 0.9305993690851735
621 0.004476699999999667 0 1 0.8742138364779874 0.9337539432176656
622 0.004418699999999998 0 0 0.8742138364779874 0.9337539432176656
623 0.0042498999999995846 0 0 0.8742138364779874 0.9337539432176656
624 0.004345100000000102 0 0 0.8742138364779874 0.9337539432176656
625 0.004423000000000066 0 0 0.8742138364779874 0.9337539432176656
626 0.00439899999999982 0 0 0.8742138364779874 0.9337539432176656
627 0.0044560000000002375 0 0 0.8742138364779874 0.9337539432176656
628 0.004418000000000255 0 1 0.8742138364779874 0.9369085173501577
629 0.005031600000000136 1 0 0.8805031446540881 0.9369085173501577
630 0.004344499999999751 0 0 0.8805031446540881 0.9369085173501577
631 0.004547899999999938 0 0 0.8805031446540881 0.9369085173501577
632 0.004469300000000231 1 1 0.8867924528301887 0.9400630914826499
633 0.004285400000000106 0 0 0.8867924528301887 0.9400630914826499
634 0.0043416000000000565 0 0 0.8867924528301887 0.9400630914826499
635 0.004636700000000271 1 0 0.8930817610062893 0.9400630914826499
636 0.004387799999999942 1 0 0.89937106918239 0.9400630914826499
637 0.004308900000000282 1 0 0.9056603773584906 0.9400630914826499
638 0.004454299999999911 0 0 0.9056603773584906 0.9400630914826499
639 0.004407699999999792 0 0 0.9056603773584906 0.9400630914826499
640 0.004308500000000048 0 0 0.9056603773584906 0.9400630914826499
641 0.0043616000000001875 0 1 0.9056603773584906 0.943217665615142
642 0.004412400000000094 0 0 0.9056603773584906 0.943217665615142
643 0.005005200000000265 0 0 0.9056603773584906 0.943217665615142
644 0.004382099999999944 1 1 0.9119496855345912 0.9463722397476341
645 0.00444179999999994 0 0 0.9119496855345912 0.9463722397476341
646 0.0049354999999997595 0 0 0.9119496855345912 0.9463722397476341
647 0.004451299999999936 0 1 0.9119496855345912 0.9495268138801262
648 0.004698799999999892 0 0 0.9119496855345912 0.9495268138801262
649 0.004348499999999866 0 0 0.9119496855345912 0.9495268138801262
650 0.004383299999999757 0 0 0.9119496855345912 0.9495268138801262
651 0.004432299999999945 0 1 0.9119496855345912 0.9526813880126183
652 0.004495099999999752 1 1 0.9182389937106918 0.9558359621451105
653 0.004498999999999587 1 1 0.9245283018867925 0.9589905362776026
654 0.00447109999999995 0 0 0.9245283018867925 0.9589905362776026
655 0.004505200000000098 0 0 0.9245283018867925 0.9589905362776026
656 0.00429080000000015 1 1 0.9308176100628931 0.9621451104100947
657 0.004470700000000161 0 0 0.9308176100628931 0.9621451104100947
658 0.0044032000000000515 0 0 0.9308176100628931 0.9621451104100947
659 0.004623299999999997 1 0 0.9371069182389937 0.9621451104100947
660 0.004707500000000309 0 1 0.9371069182389937 0.9652996845425867
661 0.006474099999999705 0 0 0.9371069182389937 0.9652996845425867
662 0.004678299999999691 0 0 0.9371069182389937 0.9652996845425867
663 0.004553999999999725 0 0 0.9371069182389937 0.9652996845425867
664 0.004367800000000255 0 0 0.9371069182389937 0.9652996845425867
665 0.004484099999999991 0 1 0.9371069182389937 0.9684542586750788
666 0.00447860000000011 0 0 0.9371069182389937 0.9684542586750788
667 0.004959700000000122 0 0 0.9371069182389937 0.9684542586750788
668 0.004699299999999962 0 0 0.9371069182389937 0.9684542586750788
669 0.004469700000000021 0 0 0.9371069182389937 0.9684542586750788
670 0.004558200000000401 1 1 0.9433962264150944 0.9716088328075709
671 0.004511000000000376 0 0 0.9433962264150944 0.9716088328075709
672 0.0044095999999997915 0 0 0.9433962264150944 0.9716088328075709
673 0.004474199999999762 0 0 0.9433962264150944 0.9716088328075709
674 0.0044493000000001 0 0 0.9433962264150944 0.9716088328075709
675 0.004402899999999654 0 0 0.9433962264150944 0.9716088328075709
676 0.004565799999999953 0 0 0.9433962264150944 0.9716088328075709
677 0.0046576000000002615 0 0 0.9433962264150944 0.9716088328075709
678 0.004693200000000175 0 0 0.9433962264150944 0.9716088328075709
679 0.004699400000000242 0 0 0.9433962264150944 0.9716088328075709
680 0.0044119999999998605 1 1 0.949685534591195 0.9747634069400631
681 0.004542799999999847 0 0 0.949685534591195 0.9747634069400631
682 0.005163700000000215 0 0 0.949685534591195 0.9747634069400631
683 0.004481999999999875 0 0 0.949685534591195 0.9747634069400631
684 0.004387599999999825 0 0 0.949685534591195 0.9747634069400631
685 0.004409400000000119 0 0 0.949685534591195 0.9747634069400631
686 0.004541800000000151 1 0 0.9559748427672956 0.9747634069400631
687 0.004518000000000022 0 0 0.9559748427672956 0.9747634069400631
688 0.0043517000000004025 0 0 0.9559748427672956 0.9747634069400631
689 0.0046272000000002755 0 0 0.9559748427672956 0.9747634069400631
690 0.004624999999999879 0 0 0.9559748427672956 0.9747634069400631
691 0.0045855999999999675 0 0 0.9559748427672956 0.9747634069400631
692 0.00470510000000024 0 0 0.9559748427672956 0.9747634069400631
693 0.0065573999999997135 0 0 0.9559748427672956 0.9747634069400631
694 0.006598499999999952 1 1 0.9622641509433962 0.9779179810725552
695 0.006414599999999826 0 0 0.9622641509433962 0.9779179810725552
696 0.0064827000000002855 0 0 0.9622641509433962 0.9779179810725552
697 0.006235900000000072 1 0 0.9685534591194969 0.9779179810725552
698 0.006676099999999963 1 1 0.9748427672955975 0.9810725552050473
699 0.006606899999999971 1 1 0.9811320754716981 0.9842271293375394
700 0.006461100000000108 0 0 0.9811320754716981 0.9842271293375394
701 0.006510099999999852 0 1 0.9811320754716981 0.9873817034700315
702 0.006358100000000366 0 0 0.9811320754716981 0.9873817034700315
703 0.00645669999999976 0 0 0.9811320754716981 0.9873817034700315
704 0.006627500000000008 0 0 0.9811320754716981 0.9873817034700315
705 0.006685099999999888 0 0 0.9811320754716981 0.9873817034700315
706 0.004851900000000242 0 0 0.9811320754716981 0.9873817034700315
707 0.007859100000000119 0 0 0.9811320754716981 0.9873817034700315
708 0.004617799999999672 0 0 0.9811320754716981 0.9873817034700315
709 0.004548899999999634 1 0 0.9874213836477987 0.9873817034700315
710 0.0047906000000002 0 0 0.9874213836477987 0.9873817034700315
711 0.0044751999999999015 0 0 0.9874213836477987 0.9873817034700315
712 0.0045160000000001865 0 1 0.9874213836477987 0.9905362776025236
713 0.004484300000000108 0 0 0.9874213836477987 0.9905362776025236
714 0.004495499999999986 0 0 0.9874213836477987 0.9905362776025236
715 0.004577700000000018 1 1 0.9937106918238994 0.9936908517350158
716 0.005082999999999949 0 0 0.9937106918238994 0.9936908517350158
717 0.004843900000000012 0 0 0.9937106918238994 0.9936908517350158
718 0.0047050999999997956 0 0 0.9937106918238994 0.9936908517350158
719 0.00459490000000029 0 0 0.9937106918238994 0.9936908517350158
720 0.004530299999999876 0 0 0.9937106918238994 0.9936908517350158
721 0.004533400000000132 0 0 0.9937106918238994 0.9936908517350158
722 0.004398899999999983 0 0 0.9937106918238994 0.9936908517350158
723 0.005009900000000123 1 0 1.0 0.9936908517350158
724 0.005169300000000376 0 0 1.0 0.9936908517350158
725 0.00475329999999996 0 0 1.0 0.9936908517350158
726 0.004820100000000327 0 1 1.0 0.9968454258675079
727 0.004740500000000036 0 0 1.0 0.9968454258675079
728 0.008831600000000162 0 0 1.0 0.9968454258675079
729 0.004970000000000141 0 0 1.0 0.9968454258675079
730 0.004885299999999759 0 0 1.0 0.9968454258675079
731 0.0049352000000002505 0 0 1.0 0.9968454258675079
732 0.004998099999999894 0 0 1.0 0.9968454258675079
733 0.005121700000000118 0 0 1.0 0.9968454258675079
734 0.0049727999999999994 0 0 1.0 0.9968454258675079
735 0.004636500000000154 0 0 1.0 0.9968454258675079
736 0.0047239999999999505 0 1 1.0 1.0
