125 1.0 1.0
1 0.003154800000000013 1 0 0.008064516129032258 0.5020242914979757
2 0.002662500000000012 1 1 0.016129032258064516 0.5060728744939271
3 0.002608100000000002 1 1 0.024193548387096774 0.5101214574898786
4 0.0024759999999999782 1 1 0.03225806451612903 0.5141700404858299
5 0.0031320000000000237 1 1 0.04032258064516129 0.5182186234817814
6 0.0027053000000000216 1 1 0.04838709677419355 0.5222672064777328
7 0.0031068000000000207 1 1 0.056451612903225805 0.5263157894736842
8 0.0031716999999999995 1 1 0.06451612903225806 0.5303643724696356
9 0.0041544000000000025 1 1 0.07258064516129033 0.5344129554655871
10 0.002799700000000016 1 1 0.08064516129032258 0.5384615384615384
11 0.0032290999999999848 1 1 0.08870967741935484 0.5425101214574899
12 0.0030719000000000163 1 1 0.0967741935483871 0.5465587044534413
13 0.00293549999999998 1 1 0.10483870967741936 0.5506072874493927
14 0.002909099999999998 1 1 0.11290322580645161 0.5546558704453441
15 0.0030912999999999635 1 1 0.12096774193548387 0.5587044534412956
16 0.002835299999999985 1 1 0.12903225806451613 0.562753036437247
17 0.0031883000000000328 1 1 0.13709677419354838 0.5668016194331984
18 0.003968200000000033 1 1 0.14516129032258066 0.5708502024291497
19 0.003226799999999974 1 1 0.1532258064516129 0.5748987854251012
20 0.0030049000000000325 1 1 0.16129032258064516 0.5789473684210527
21 0.0036286000000000374 1 1 0.1693548387096774 0.582995951417004
22 0.003893499999999994 1 1 0.1774193548387097 0.5870445344129555
23 0.003178599999999976 1 1 0.18548387096774194 0.5910931174089069
24 0.0031674000000000424 1 1 0.1935483870967742 0.5951417004048583
25 0.003525400000000012 1 1 0.20161290322580644 0.5991902834008097
26 0.003211799999999987 1 1 0.20967741935483872 0.6032388663967612
27 0.0031324999999999825 1 1 0.21774193548387097 0.6072874493927125
28 0.0032988999999999935 1 1 0.22580645161290322 0.611336032388664
29 0.0033848999999999685 1 1 0.23387096774193547 0.6153846153846154
30 0.0036268999999999885 1 1 0.24193548387096775 0.6194331983805668
31 0.004221699999999995 1 1 0.25 0.6234817813765182
32 0.006041099999999966 1 1 0.25806451612903225 0.6275303643724697
33 0.0037773999999999863 1 1 0.2661290322580645 0.631578947368421
34 0.0034540000000000126 1 1 0.27419354838709675 0.6356275303643725
35 0.0032502999999999838 1 1 0.28225806451612906 0.6396761133603239
36 0.004693400000000014 1 1 0.2903225806451613 0.6437246963562753
37 0.0032945000000000335 1 1 0.29838709677419356 0.6477732793522267
38 0.0037055999999999756 1 1 0.3064516129032258 0.6518218623481782
39 0.004379400000000033 1 1 0.31451612903225806 0.6558704453441295
40 0.0035682999999999687 1 1 0.3225806451612903 0.659919028340081
41 0.004171000000000036 1 1 0.33064516129032256 0.6639676113360324
42 0.004700099999999985 1 1 0.3387096774193548 0.6680161943319838
43 0.0036237000000000075 1 1 0.3467741935483871 0.6720647773279352
44 0.0038716000000000306 1 1 0.3548387096774194 0.6761133603238867
45 0.003971400000000014 1 1 0.3629032258064516 0.680161943319838
46 0.003554999999999975 1 1 0.3709677419354839 0.6842105263157895
47 0.0032904000000000266 1 1 0.3790322580645161 0.6882591093117408
48 0.005010100000000017 1 1 0.3870967741935484 0.6923076923076923
49 0.003837500000000049 1 1 0.3951612903225806 0.6963562753036437
50 0.0051706999999999725 1 1 0.4032258064516129 0.7004048582995951
51 0.004398299999999966 1 1 0.4112903225806452 0.7044534412955465
52 0.003989199999999915 1 1 0.41935483870967744 0.708502024291498
53 0.004003499999999938 1 1 0.4274193548387097 0.7125506072874493
54 0.00369240000000004 1 1 0.43548387096774194 0.7165991902834008
55 0.004893500000000106 1 1 0.4435483870967742 0.7206477732793523
56 0.004392899999999922 1 1 0.45161290322580644 0.7246963562753036
57 0.004644500000000051 1 1 0.4596774193548387 0.728744939271255
58 0.005457000000000045 1 1 0.46774193548387094 0.7327935222672065
59 0.0043056000000000205 1 1 0.47580645161290325 0.7368421052631579
60 0.00401689999999999 1 1 0.4838709677419355 0.7408906882591093
61 0.004221900000000001 1 1 0.49193548387096775 0.7449392712550608
62 0.004336499999999965 1 1 0.5 0.7489878542510121
63 0.004131600000000013 1 1 0.5080645161290323 0.7530364372469636
64 0.003811299999999962 1 1 0.5161290322580645 0.757085020242915
65 0.004558599999999968 1 1 0.5241935483870968 0.7611336032388664
66 0.0039041999999999133 1 1 0.532258064516129 0.7651821862348178
67 0.004559499999999939 1 1 0.5403225806451613 0.7692307692307693
68 0.0053555000000000685 1 1 0.5483870967741935 0.7732793522267206
69 0.004321799999999931 1 1 0.5564516129032258 0.7773279352226721
70 0.004427599999999976 1 1 0.5645161290322581 0.7813765182186235
71 0.004058899999999976 1 1 0.5725806451612904 0.7854251012145749
72 0.0038665999999999423 1 1 0.5806451612903226 0.7894736842105263
73 0.004221200000000036 1 1 0.5887096774193549 0.7935222672064778
74 0.0046199999999999575 1 1 0.5967741935483871 0.7975708502024291
75 0.0053467000000000375 1 1 0.6048387096774194 0.8016194331983806
76 0.004034700000000058 1 1 0.6129032258064516 0.805668016194332
77 0.004702800000000007 1 1 0.6209677419354839 0.8097165991902834
78 0.0045975999999999795 1 1 0.6290322580645161 0.8137651821862348
79 0.004109000000000029 1 1 0.6370967741935484 0.8178137651821862
80 0.004726600000000025 1 1 0.6451612903225806 0.8218623481781376
81 0.004566299999999912 1 1 0.6532258064516129 0.8259109311740891
82 0.004512499999999919 1 1 0.6612903225806451 0.8299595141700404
83 0.0041039999999999965 1 1 0.6693548387096774 0.8340080971659919
84 0.0047888000000000375 1 1 0.6774193548387096 0.8380566801619433
85 0.005825399999999981 1 1 0.6854838709677419 0.8421052631578947
86 0.004050700000000074 1 1 0.6935483870967742 0.8461538461538461
87 0.004789299999999996 1 1 0.7016129032258065 0.8502024291497976
88 0.004546099999999997 1 1 0.7096774193548387 0.854251012145749
89 0.004471599999999909 1 1 0.717741935483871 0.8582995951417004
90 0.004141000000000061 1 1 0.7258064516129032 0.8623481781376519
91 0.004977800000000032 1 1 0.7338709677419355 0.8663967611336032
92 0.006559300000000046 1 1 0.7419354838709677 0.8704453441295547
93 0.004841300000000048 1 1 0.75 0.8744939271255061
94 0.005868099999999932 1 1 0.7580645161290323 0.8785425101214575
95 0.004818800000000012 1 1 0.7661290322580645 0.8825910931174089
96 0.00497930000000002 1 1 0.7741935483870968 0.8866396761133604
97 0.004786100000000015 1 1 0.782258064516129 0.8906882591093117
98 0.005319000000000074 1 1 0.7903225806451613 0.8947368421052632
99 0.0049938999999999956 1 1 0.7983870967741935 0.8987854251012146
100 0.005277399999999988 1 1 0.8064516129032258 0.902834008097166
101 0.00479150000000006 1 1 0.8145161290322581 0.9068825910931174
102 0.005343300000000051 1 1 0.8225806451612904 0.9109311740890689
103 0.0050111999999999934 1 1 0.8306451612903226 0.9149797570850202
104 0.004549800000000048 1 1 0.8387096774193549 0.9190283400809717
105 0.004738100000000078 1 1 0.8467741935483871 0.9230769230769231
106 0.0065134000000000025 1 1 0.8548387096774194 0.9271255060728745
107 0.00570460000000006 1 1 0.8629032258064516 0.9311740890688259
108 0.005186499999999983 1 1 0.8709677419354839 0.9352226720647774
109 0.006064999999999987 1 1 0.8790322580645161 0.9392712550607287
110 0.004789700000000008 1 1 0.8870967741935484 0.9433198380566802
111 0.005436200000000002 1 1 0.8951612903225806 0.9473684210526315
112 0.004803700000000077 1 1 0.9032258064516129 0.951417004048583
113 0.005111599999999994 1 1 0.9112903225806451 0.9554655870445344
114 0.005611900000000003 1 1 0.9193548387096774 0.9595141700404858
115 0.006014100000000022 1 1 0.9274193548387096 0.9635627530364372
116 0.004996600000000018 1 1 0.9354838709677419 0.9676113360323887
117 0.005653599999999925 1 1 0.9435483870967742 0.97165991902834
118 0.005145000000000066 1 1 0.9516129032258065 0.9757085020242915
119 0.005921500000000024 1 1 0.9596774193548387 0.979757085020243
120 0.007517200000000002 1 1 0.967741935483871 0.9838056680161943
121 0.006249199999999955 1 1 0.9758064516129032 0.9878542510121457
122 0.005946499999999966 1 1 0.9838709677419355 0.9919028340080972
123 0.005865500000000079 1 1 0.9919354838709677 0.9959514170040485
124 0.00510250000000001 1 1 1.0 1.0
