25 0.5 1.0
1 0.0007279000000000035 1 0 0.041666666666666664 0.5106382978723404
2 0.0005282000000000064 1 1 0.08333333333333333 0.5319148936170213
3 0.0006520000000000137 1 1 0.125 0.5531914893617021
4 0.000732499999999997 0 0 0.125 0.5531914893617021
5 0.0007322999999999913 1 1 0.16666666666666666 0.574468085106383
6 0.0006150000000000044 0 0 0.16666666666666666 0.574468085106383
7 0.0005590000000000039 0 0 0.16666666666666666 0.574468085106383
8 0.0005787999999999904 0 0 0.16666666666666666 0.574468085106383
9 0.0005986000000000047 1 1 0.20833333333333334 0.5957446808510638
10 0.0005816000000000154 0 0 0.20833333333333334 0.5957446808510638
11 0.0005768999999999913 1 1 0.25 0.6170212765957447
12 0.000706299999999993 0 0 0.25 0.6170212765957447
13 0.0007482999999999795 0 0 0.25 0.6170212765957447
14 0.0006408999999999998 1 1 0.2916666666666667 0.6382978723404256
15 0.0006339999999999957 1 1 0.3333333333333333 0.6595744680851063
16 0.0006485000000000241 1 1 0.375 0.6808510638297872
17 0.0006160000000000054 0 0 0.375 0.6808510638297872
18 0.0006983999999999879 1 1 0.4166666666666667 0.7021276595744681
19 0.001348800000000011 0 0 0.4166666666666667 0.7021276595744681
20 0.0007178000000000184 0 0 0.4166666666666667 0.7021276595744681
21 0.0006164000000000169 0 0 0.4166666666666667 0.7021276595744681
22 0.0007016000000000244 0 0 0.4166666666666667 0.7021276595744681
23 0.0006439000000000028 0 0 0.4166666666666667 0.7021276595744681
24 0.000697100000000006 1 1 0.4583333333333333 0.723404255319149
25 0.0006994999999999918 1 1 0.5 0.7446808510638298
26 0.0010691999999999924 1 1 0.5416666666666666 0.7659574468085106
27 0.0011661000000000032 1 1 0.5833333333333334 0.7872340425531915
28 0.0008648000000000267 0 0 0.5833333333333334 0.7872340425531915
29 0.0009133000000000058 1 1 0.625 0.8085106382978723
30 0.0007233999999999852 0 0 0.625 0.8085106382978723
31 0.0006887999999999894 1 1 0.6666666666666666 0.8297872340425532
32 0.000744500000000009 1 1 0.7083333333333334 0.851063829787234
33 0.001030100000000006 1 1 0.75 0.8723404255319149
34 0.0008280000000000232 0 0 0.75 0.8723404255319149
35 0.0008409000000000055 1 1 0.7916666666666666 0.8936170212765957
36 0.0009551000000000143 1 1 0.8333333333333334 0.9148936170212766
37 0.0008179000000000103 0 0 0.8333333333333334 0.9148936170212766
38 0.0008917999999999981 1 1 0.875 0.9361702127659575
39 0.000904099999999991 1 1 0.9166666666666666 0.9574468085106383
40 0.0008675999999999962 0 0 0.9166666666666666 0.9574468085106383
41 0.0008757999999999821 0 0 0.9166666666666666 0.9574468085106383
42 0.0008301000000000003 0 0 0.9166666666666666 0.9574468085106383
43 0.0007376000000000049 0 0 0.9166666666666666 0.9574468085106383
44 0.000843499999999997 1 1 0.9583333333333334 0.9787234042553191
45 0.0007766999999999913 1 1 1.0 1.0
