50 0.8 0.7
1 0.001384300000000005 1 0 0.02040816326530612 0.5051546391752577
2 0.0011511999999999911 1 0 0.04081632653061224 0.5051546391752577
3 0.0012256999999999962 1 1 0.061224489795918366 0.5154639175257731
4 0.0011053000000000035 1 1 0.08163265306122448 0.5257731958762887
5 0.0011900000000000244 0 1 0.08163265306122448 0.5360824742268041
6 0.001553899999999997 1 0 0.10204081632653061 0.5360824742268041
7 0.001165300000000008 1 2 0.12244897959183673 0.5567010309278351
8 0.0011315999999999826 1 0 0.14285714285714285 0.5567010309278351
9 0.0011797999999999809 1 2 0.16326530612244897 0.5773195876288659
10 0.0012618000000000074 1 1 0.1836734693877551 0.5876288659793815
11 0.001479000000000008 0 0 0.1836734693877551 0.5876288659793815
12 0.0016049000000000202 1 0 0.20408163265306123 0.5876288659793815
13 0.0012380000000000169 1 2 0.22448979591836735 0.6082474226804123
14 0.0012776999999999927 1 1 0.24489795918367346 0.6185567010309279
15 0.0012341999999999909 1 1 0.2653061224489796 0.6288659793814433
16 0.0012301999999999869 0 0 0.2653061224489796 0.6288659793814433
17 0.0010687999999999809 0 0 0.2653061224489796 0.6288659793814433
18 0.0013160999999999867 0 0 0.2653061224489796 0.6288659793814433
19 0.0017301000000000122 1 0 0.2857142857142857 0.6288659793814433
20 0.0013061000000000045 1 2 0.30612244897959184 0.6494845360824743
21 0.0011173999999999906 1 1 0.32653061224489793 0.6597938144329897
22 0.001363100000000006 1 1 0.3469387755102041 0.6701030927835051
23 0.0012176999999999882 1 1 0.3673469387755102 0.6804123711340206
24 0.0012535000000000185 1 1 0.3877551020408163 0.6907216494845361
25 0.0014224999999999932 1 1 0.40816326530612246 0.7010309278350515
26 0.001496000000000025 0 0 0.40816326530612246 0.7010309278350515
27 0.0013508999999999882 0 0 0.40816326530612246 0.7010309278350515
28 0.0013427000000000022 1 1 0.42857142857142855 0.711340206185567
29 0.0014575999999999756 1 1 0.4489795918367347 0.7216494845360825
30 0.0013757999999999826 1 1 0.46938775510204084 0.7319587628865979
31 0.0012375000000000025 1 1 0.4897959183673469 0.7422680412371134
32 0.0014007999999999798 1 1 0.5102040816326531 0.7525773195876289
33 0.0017501999999999795 0 0 0.5102040816326531 0.7525773195876289
34 0.0015601000000000087 1 1 0.5306122448979592 0.7628865979381443
35 0.0016422999999999854 1 0 0.5510204081632653 0.7628865979381443
36 0.0014260999999999857 1 2 0.5714285714285714 0.7835051546391752
37 0.0025846999999999953 1 1 0.5918367346938775 0.7938144329896907
38 0.002361800000000025 1 0 0.6122448979591837 0.7938144329896907
39 0.0017771999999999788 1 2 0.6326530612244898 0.8144329896907216
40 0.0016105000000000147 0 0 0.6326530612244898 0.8144329896907216
41 0.001737799999999956 1 0 0.6530612244897959 0.8144329896907216
42 0.0014697999999999656 1 2 0.673469387755102 0.8350515463917526
43 0.001575099999999996 0 0 0.673469387755102 0.8350515463917526
44 0.0013507999999999853 1 1 0.6938775510204082 0.845360824742268
45 0.001455800000000007 1 0 0.7142857142857143 0.845360824742268
46 0.00151100000000004 1 2 0.7346938775510204 0.865979381443299
47 0.0034941 1 1 0.7551020408163265 0.8762886597938144
48 0.001629500000000006 1 1 0.7755102040816326 0.8865979381443299
49 0.0019464000000000148 1 1 0.7959183673469388 0.8969072164948454
50 0.001893800000000001 1 1 0.8163265306122449 0.9072164948453608
51 0.001962599999999981 1 0 0.8367346938775511 0.9072164948453608
52 0.001694199999999979 1 2 0.8571428571428571 0.9278350515463918
53 0.001932299999999998 1 1 0.8775510204081632 0.9381443298969072
54 0.0017100999999999922 1 0 0.8979591836734694 0.9381443298969072
55 0.0015886999999999984 1 1 0.9183673469387755 0.9484536082474226
56 0.002228099999999955 1 2 0.9387755102040817 0.9690721649484536
57 0.002148199999999989 1 1 0.9591836734693877 0.979381443298969
58 0.0017713999999999785 0 0 0.9591836734693877 0.979381443298969
59 0.001734200000000019 0 0 0.9591836734693877 0.979381443298969
60 0.0016311999999999993 1 0 0.9795918367346939 0.979381443298969
61 0.0017709000000000197 1 1 1.0 0.9896907216494846
62 0.0018040000000000278 0 1 1.0 1.0
