120 0.7 0.8
1 0.002627500000000005 0 0 0.0 0.5021097046413502
2 0.002351499999999951 1 0 0.008403361344537815 0.5021097046413502
3 0.0023098000000000285 0 0 0.008403361344537815 0.5021097046413502
4 0.002283399999999991 0 0 0.008403361344537815 0.5021097046413502
5 0.0023232000000000252 0 0 0.008403361344537815 0.5021097046413502
6 0.002300599999999986 1 0 0.01680672268907563 0.5021097046413502
7 0.002438899999999966 1 1 0.025210084033613446 0.5063291139240507
8 0.002570099999999964 1 1 0.03361344537815126 0.510548523206751
9 0.002878899999999962 1 1 0.04201680672268908 0.5147679324894515
10 0.003616399999999964 1 2 0.05042016806722689 0.5232067510548524
11 0.002822099999999994 1 1 0.058823529411764705 0.5274261603375527
12 0.0038993999999999973 1 0 0.06722689075630252 0.5274261603375527
13 0.0026589000000000196 1 1 0.07563025210084033 0.5316455696202531
14 0.0025912000000000157 1 1 0.08403361344537816 0.5358649789029536
15 0.0028499999999999637 0 1 0.08403361344537816 0.540084388185654
16 0.0025815000000000143 1 1 0.09243697478991597 0.5443037974683544
17 0.002779900000000002 1 1 0.10084033613445378 0.5485232067510548
18 0.0025583000000000133 1 1 0.1092436974789916 0.5527426160337553
19 0.003042800000000012 1 1 0.11764705882352941 0.5569620253164557
20 0.0027445000000000386 1 1 0.12605042016806722 0.5611814345991561
21 0.002739199999999997 1 1 0.13445378151260504 0.5654008438818565
22 0.0026449000000000056 0 0 0.13445378151260504 0.5654008438818565
23 0.002672299999999961 1 1 0.14285714285714285 0.569620253164557
24 0.002767300000000028 0 0 0.14285714285714285 0.569620253164557
25 0.0026012000000000257 0 0 0.14285714285714285 0.569620253164557
26 0.0027359999999999607 1 1 0.15126050420168066 0.5738396624472574
27 0.003648399999999996 0 0 0.15126050420168066 0.5738396624472574
28 0.0027010999999999563 1 1 0.15966386554621848 0.5780590717299579
29 0.0029040000000000177 0 0 0.15966386554621848 0.5780590717299579
30 0.002789900000000012 1 1 0.16806722689075632 0.5822784810126582
31 0.002647400000000022 1 1 0.17647058823529413 0.5864978902953587
32 0.00266050000000001 1 1 0.18487394957983194 0.5907172995780591
33 0.002780199999999955 1 1 0.19327731092436976 0.5949367088607594
34 0.002710199999999996 1 1 0.20168067226890757 0.5991561181434599
35 0.0027157999999999904 0 0 0.20168067226890757 0.5991561181434599
36 0.0026916999999999636 1 0 0.21008403361344538 0.5991561181434599
37 0.0030414999999999748 1 2 0.2184873949579832 0.6075949367088608
38 0.002623399999999998 1 1 0.226890756302521 0.6118143459915611
39 0.002902600000000033 1 1 0.23529411764705882 0.6160337552742616
40 0.002921000000000007 1 1 0.24369747899159663 0.620253164556962
41 0.003043399999999974 1 1 0.25210084033613445 0.6244725738396625
42 0.002677600000000002 0 0 0.25210084033613445 0.6244725738396625
43 0.0028448999999999836 0 0 0.25210084033613445 0.6244725738396625
44 0.0027821000000000096 0 0 0.25210084033613445 0.6244725738396625
45 0.0030436999999999825 0 0 0.25210084033613445 0.6244725738396625
46 0.0028548999999999936 0 0 0.25210084033613445 0.6244725738396625
47 0.0028417000000000026 1 0 0.2605042016806723 0.6244725738396625
48 0.0032485999999999904 1 2 0.2689075630252101 0.6329113924050633
49 0.002851500000000007 1 1 0.2773109243697479 0.6371308016877637
50 0.002905999999999964 1 0 0.2857142857142857 0.6371308016877637
51 0.0030132999999999965 1 1 0.29411764705882354 0.6413502109704642
52 0.002871599999999974 1 2 0.3025210084033613 0.6497890295358649
53 0.003203799999999979 1 1 0.31092436974789917 0.6540084388185654
54 0.0032365999999999784 1 0 0.31932773109243695 0.6540084388185654
55 0.002967400000000009 0 0 0.31932773109243695 0.6540084388185654
56 0.0031986999999999988 1 1 0.3277310924369748 0.6582278481012658
57 0.003138400000000041 1 1 0.33613445378151263 0.6624472573839663
58 0.003578199999999976 0 1 0.33613445378151263 0.6666666666666666
59 0.0030529999999999724 1 1 0.3445378151260504 0.6708860759493671
60 0.0030990000000000184 0 0 0.3445378151260504 0.6708860759493671
61 0.0029968000000000217 0 0 0.3445378151260504 0.6708860759493671
62 0.0029725000000000446 1 1 0.35294117647058826 0.6751054852320675
63 0.0031576999999999855 0 0 0.35294117647058826 0.6751054852320675
64 0.0029175000000000173 0 0 0.35294117647058826 0.6751054852320675
65 0.004364099999999982 1 1 0.36134453781512604 0.679324894514768
66 0.0041323999999999805 1 1 0.3697478991596639 0.6835443037974683
67 0.004149500000000028 1 1 0.37815126050420167 0.6877637130801688
68 0.004523700000000019 0 0 0.37815126050420167 0.6877637130801688
69 0.004358300000000037 1 1 0.3865546218487395 0.6919831223628692
70 0.004325899999999994 1 1 0.3949579831932773 0.6962025316455697
71 0.004329000000000027 0 0 0.3949579831932773 0.6962025316455697
72 0.0044007999999999825 0 0 0.3949579831932773 0.6962025316455697
73 0.00421539999999998 1 1 0.40336134453781514 0.70042194092827
74 0.004306000000000032 1 1 0.4117647058823529 0.7046413502109705
75 0.004340400000000022 1 1 0.42016806722689076 0.7088607594936709
76 0.0043560000000000265 1 1 0.42857142857142855 0.7130801687763713
77 0.004413399999999901 0 0 0.42857142857142855 0.7130801687763713
78 0.003215799999999991 1 1 0.4369747899159664 0.7172995780590717
79 0.003322000000000047 1 0 0.44537815126050423 0.7172995780590717
80 0.0033246999999999582 1 0 0.453781512605042 0.7172995780590717
81 0.003150199999999992 0 1 0.453781512605042 0.7215189873417721
82 0.003107799999999994 1 1 0.46218487394957986 0.7257383966244726
83 0.00317259999999997 1 2 0.47058823529411764 0.7341772151898734
84 0.003236100000000075 1 1 0.4789915966386555 0.7383966244725738
85 0.0035014999999999352 1 1 0.48739495798319327 0.7426160337552743
86 0.0032501000000000335 1 1 0.4957983193277311 0.7468354430379747
87 0.00311259999999991 1 1 0.5042016806722689 0.7510548523206751
88 0.0033950999999999842 1 0 0.5126050420168067 0.7510548523206751
89 0.0032818999999999487 1 1 0.5210084033613446 0.7552742616033755
90 0.003367600000000026 1 0 0.5294117647058824 0.7552742616033755
91 0.003618800000000033 0 2 0.5294117647058824 0.7637130801687764
92 0.0035264000000000406 0 0 0.5294117647058824 0.7637130801687764
93 0.003345399999999943 1 1 0.5378151260504201 0.7679324894514767
94 0.00333159999999999 0 0 0.5378151260504201 0.7679324894514767
95 0.0033870999999999762 1 1 0.5462184873949579 0.7721518987341772
96 0.0033714000000000244 1 1 0.5546218487394958 0.7763713080168776
97 0.0037624000000000546 1 1 0.5630252100840336 0.7805907172995781
98 0.0033900999999999515 1 0 0.5714285714285714 0.7805907172995781
99 0.003609199999999979 1 1 0.5798319327731093 0.7848101265822784
100 0.0032967000000000413 0 1 0.5798319327731093 0.7890295358649789
101 0.003612599999999966 1 1 0.5882352941176471 0.7932489451476793
102 0.0031818999999999598 0 0 0.5882352941176471 0.7932489451476793
103 0.0037492999999999554 1 1 0.5966386554621849 0.7974683544303798
104 0.0038586999999999927 1 1 0.6050420168067226 0.8016877637130801
105 0.0034238999999999242 1 1 0.6134453781512605 0.8059071729957806
106 0.0034882000000000524 0 0 0.6134453781512605 0.8059071729957806
107 0.003585999999999978 1 0 0.6218487394957983 0.8059071729957806
108 0.005057599999999995 1 0 0.6302521008403361 0.8059071729957806
109 0.004961400000000005 0 1 0.6302521008403361 0.810126582278481
110 0.0034617999999999594 0 1 0.6302521008403361 0.8143459915611815
111 0.0034720000000000306 1 1 0.6386554621848739 0.8185654008438819
112 0.0035979000000000427 1 1 0.6470588235294118 0.8227848101265823
113 0.0036338000000000203 1 1 0.6554621848739496 0.8270042194092827
114 0.0036379000000000827 1 1 0.6638655462184874 0.8312236286919831
115 0.003635300000000008 1 1 0.6722689075630253 0.8354430379746836
116 0.0038337999999999983 1 1 0.680672268907563 0.8396624472573839
117 0.0034959999999999436 1 1 0.6890756302521008 0.8438818565400844
118 0.00374489999999994 0 0 0.6890756302521008 0.8438818565400844
119 0.0034408000000000216 1 1 0.6974789915966386 0.8481012658227848
120 0.003664400000000012 0 0 0.6974789915966386 0.8481012658227848
121 0.003677199999999936 1 0 0.7058823529411765 0.8481012658227848
122 0.003698800000000002 1 2 0.7142857142857143 0.8565400843881856
123 0.0037295000000000522 1 1 0.7226890756302521 0.8607594936708861
124 0.0035631999999999886 1 1 0.7310924369747899 0.8649789029535865
125 0.0038251000000000257 1 1 0.7394957983193278 0.869198312236287
126 0.0036922000000000343 1 1 0.7478991596638656 0.8734177215189873
127 0.0037143999999998956 1 0 0.7563025210084033 0.8734177215189873
128 0.00372629999999996 1 2 0.7647058823529411 0.8818565400843882
129 0.0037280000000000646 1 0 0.773109243697479 0.8818565400843882
130 0.0039133000000000084 1 2 0.7815126050420168 0.890295358649789
131 0.0038793999999999773 0 0 0.7815126050420168 0.890295358649789
132 0.004304200000000091 1 1 0.7899159663865546 0.8945147679324894
133 0.004269300000000031 1 0 0.7983193277310925 0.8945147679324894
134 0.00391969999999997 1 2 0.8067226890756303 0.9029535864978903
135 0.0043199999999999905 0 0 0.8067226890756303 0.9029535864978903
136 0.004130999999999996 1 1 0.8151260504201681 0.9071729957805907
137 0.004010699999999923 1 1 0.8235294117647058 0.9113924050632911
138 0.00428980000000001 1 0 0.8319327731092437 0.9113924050632911
139 0.004687899999999967 1 1 0.8403361344537815 0.9156118143459916
140 0.004419800000000085 1 1 0.8487394957983193 0.919831223628692
141 0.004029900000000031 0 1 0.8487394957983193 0.9240506329113924
142 0.003792400000000029 1 1 0.8571428571428571 0.9282700421940928
143 0.0042512000000000105 1 1 0.865546218487395 0.9324894514767933
144 0.004400199999999965 1 1 0.8739495798319328 0.9367088607594937
145 0.0036188999999999805 1 0 0.8823529411764706 0.9367088607594937
146 0.004271400000000036 1 1 0.8907563025210085 0.9409282700421941
147 0.0037914000000000003 0 0 0.8907563025210085 0.9409282700421941
148 0.004024899999999998 1 1 0.8991596638655462 0.9451476793248945
149 0.004122700000000035 0 0 0.8991596638655462 0.9451476793248945
150 0.004209999999999936 0 0 0.8991596638655462 0.9451476793248945
151 0.004455500000000057 1 2 0.907563025210084 0.9535864978902954
152 0.004310799999999948 1 1 0.9159663865546218 0.9578059071729957
153 0.004190699999999992 1 1 0.9243697478991597 0.9620253164556962
154 0.004122199999999965 1 1 0.9327731092436975 0.9662447257383966
155 0.004061800000000004 1 1 0.9411764705882353 0.9704641350210971
156 0.004347400000000001 1 1 0.9495798319327731 0.9746835443037974
157 0.004279399999999933 0 0 0.9495798319327731 0.9746835443037974
158 0.004177399999999998 1 0 0.957983193277311 0.9746835443037974
159 0.004071500000000006 1 2 0.9663865546218487 0.9831223628691983
160 0.0056850999999999985 0 0 0.9663865546218487 0.9831223628691983
161 0.0057707000000000175 0 0 0.9663865546218487 0.9831223628691983
162 0.005825999999999998 0 0 0.9663865546218487 0.9831223628691983
163 0.005774400000000068 1 0 0.9747899159663865 0.9831223628691983
164 0.005970900000000001 1 2 0.9831932773109243 0.9915611814345991
165 0.006822400000000006 1 1 0.9915966386554622 0.9957805907172996
166 0.004079700000000019 0 0 0.9915966386554622 0.9957805907172996
167 0.004149700000000034 1 1 1.0 1.0
