180 0.9 0.9
1 0.003612100000000007 0 0 0.0 0.5014005602240896
2 0.003923799999999977 1 0 0.00558659217877095 0.5014005602240896
3 0.0038243000000000027 1 0 0.0111731843575419 0.5014005602240896
4 0.003619799999999951 1 2 0.01675977653631285 0.5070028011204482
5 0.0039991999999999805 1 1 0.0223463687150838 0.5098039215686274
6 0.003917100000000007 1 1 0.027932960893854747 0.5126050420168067
7 0.0040392000000000206 1 0 0.0335195530726257 0.5126050420168067
8 0.003975400000000018 0 1 0.0335195530726257 0.5154061624649859
9 0.004049899999999995 1 1 0.03910614525139665 0.5182072829131653
10 0.004025400000000012 1 1 0.0446927374301676 0.5210084033613446
11 0.0038718999999999837 1 1 0.05027932960893855 0.5238095238095238
12 0.004090099999999985 1 1 0.055865921787709494 0.5266106442577031
13 0.003739400000000004 1 1 0.061452513966480445 0.5294117647058824
14 0.004138499999999989 1 1 0.0670391061452514 0.5322128851540616
15 0.003696699999999997 1 0 0.07262569832402235 0.5322128851540616
16 0.0037495000000000167 1 1 0.0782122905027933 0.5350140056022409
17 0.0037678999999999907 1 2 0.08379888268156424 0.5406162464985994
18 0.005360099999999979 1 1 0.0893854748603352 0.5434173669467787
19 0.005584399999999989 1 1 0.09497206703910614 0.5462184873949579
20 0.005635600000000018 1 0 0.1005586592178771 0.5462184873949579
21 0.005471500000000018 0 1 0.1005586592178771 0.5490196078431373
22 0.005517800000000017 1 1 0.10614525139664804 0.5518207282913166
23 0.005348099999999967 1 1 0.11173184357541899 0.5546218487394958
24 0.005662100000000003 1 1 0.11731843575418995 0.5574229691876751
25 0.00404340000000003 1 1 0.12290502793296089 0.5602240896358543
26 0.0039005000000000845 1 1 0.12849162011173185 0.5630252100840336
27 0.003910600000000097 1 1 0.1340782122905028 0.5658263305322129
28 0.003972599999999993 1 1 0.13966480446927373 0.5686274509803921
29 0.004020400000000035 1 1 0.1452513966480447 0.5714285714285714
30 0.0039623999999999215 1 1 0.15083798882681565 0.5742296918767507
31 0.0039828999999999 1 1 0.1564245810055866 0.5770308123249299
32 0.004020200000000029 1 1 0.16201117318435754 0.5798319327731093
33 0.004519900000000021 1 1 0.16759776536312848 0.5826330532212886
34 0.004310600000000053 1 0 0.17318435754189945 0.5826330532212886
35 0.004191400000000067 1 2 0.1787709497206704 0.5882352941176471
36 0.004150600000000004 1 0 0.18435754189944134 0.5882352941176471
37 0.004281900000000061 1 2 0.18994413407821228 0.5938375350140056
38 0.004009200000000046 0 0 0.18994413407821228 0.5938375350140056
39 0.004239899999999963 1 1 0.19553072625698323 0.5966386554621849
40 0.004085099999999953 0 0 0.19553072625698323 0.5966386554621849
41 0.004153500000000032 1 1 0.2011173184357542 0.5994397759103641
42 0.004117499999999996 0 0 0.2011173184357542 0.5994397759103641
43 0.004211499999999924 0 0 0.2011173184357542 0.5994397759103641
44 0.004139000000000004 1 1 0.20670391061452514 0.6022408963585434
45 0.004406799999999933 1 1 0.2122905027932961 0.6050420168067226
46 0.004371500000000084 1 1 0.21787709497206703 0.6078431372549019
47 0.004186299999999976 0 0 0.21787709497206703 0.6078431372549019
48 0.00434190000000001 1 1 0.22346368715083798 0.6106442577030813
49 0.0042103999999999475 1 1 0.22905027932960895 0.6134453781512605
50 0.004208199999999995 1 1 0.2346368715083799 0.6162464985994398
51 0.004396100000000014 1 1 0.24022346368715083 0.6190476190476191
52 0.00435260000000004 1 1 0.24581005586592178 0.6218487394957983
53 0.004725900000000061 1 1 0.25139664804469275 0.6246498599439776
54 0.004312100000000041 1 1 0.2569832402234637 0.6274509803921569
55 0.004331399999999985 1 1 0.26256983240223464 0.6302521008403361
56 0.004831099999999977 1 1 0.2681564245810056 0.6330532212885154
57 0.004383499999999985 1 1 0.2737430167597765 0.6358543417366946
58 0.004646600000000056 1 1 0.27932960893854747 0.6386554621848739
59 0.0048391999999999324 1 0 0.2849162011173184 0.6386554621848739
60 0.004725399999999991 1 1 0.2905027932960894 0.6414565826330533
61 0.004510800000000037 0 1 0.2905027932960894 0.6442577030812325
62 0.004754700000000001 1 1 0.29608938547486036 0.6470588235294118
63 0.0044431999999999805 1 1 0.3016759776536313 0.6498599439775911
64 0.004497100000000032 1 1 0.30726256983240224 0.6526610644257703
65 0.004745400000000011 0 0 0.30726256983240224 0.6526610644257703
66 0.004558800000000085 1 1 0.3128491620111732 0.6554621848739496
67 0.004452500000000081 1 1 0.31843575418994413 0.6582633053221288
68 0.006933700000000043 1 1 0.3240223463687151 0.6610644257703081
69 0.005230999999999986 1 1 0.329608938547486 0.6638655462184874
70 0.004997400000000041 1 1 0.33519553072625696 0.6666666666666666
71 0.0049072000000000005 1 1 0.3407821229050279 0.6694677871148459
72 0.00485100000000005 1 1 0.3463687150837989 0.6722689075630253
73 0.005278999999999923 1 1 0.35195530726256985 0.6750700280112045
74 0.005045199999999972 1 1 0.3575418994413408 0.6778711484593838
75 0.005151000000000017 1 0 0.36312849162011174 0.6778711484593838
76 0.0050563000000000136 1 1 0.3687150837988827 0.680672268907563
77 0.004778999999999978 1 2 0.3743016759776536 0.6862745098039216
78 0.00492910000000002 1 1 0.37988826815642457 0.6890756302521008
79 0.0048823999999999534 1 1 0.3854748603351955 0.6918767507002801
80 0.005046800000000018 1 0 0.39106145251396646 0.6918767507002801
81 0.005184099999999914 1 2 0.39664804469273746 0.6974789915966386
82 0.004792099999999966 1 1 0.4022346368715084 0.7002801120448179
83 0.004971100000000006 1 1 0.40782122905027934 0.7030812324929971
84 0.005187700000000017 0 0 0.40782122905027934 0.7030812324929971
85 0.005203899999999928 1 1 0.4134078212290503 0.7058823529411765
86 0.004794799999999988 1 0 0.41899441340782123 0.7058823529411765
87 0.0049610999999999406 1 1 0.4245810055865922 0.7086834733893558
88 0.005078599999999933 1 2 0.4301675977653631 0.7142857142857143
89 0.005417499999999964 1 1 0.43575418994413406 0.7170868347338936
90 0.004855300000000007 1 1 0.441340782122905 0.7198879551820728
91 0.005489700000000042 1 1 0.44692737430167595 0.7226890756302521
92 0.004869399999999913 1 1 0.45251396648044695 0.7254901960784313
93 0.00496070000000004 1 0 0.4581005586592179 0.7254901960784313
94 0.005523000000000056 1 2 0.46368715083798884 0.7310924369747899
95 0.004916099999999979 1 1 0.4692737430167598 0.7338935574229691
96 0.0048754999999999216 1 1 0.4748603351955307 0.7366946778711485
97 0.005343699999999951 1 1 0.48044692737430167 0.7394957983193278
98 0.00486770000000003 1 1 0.4860335195530726 0.742296918767507
99 0.007348800000000044 0 0 0.4860335195530726 0.742296918767507
100 0.007004999999999928 1 1 0.49162011173184356 0.7450980392156863
101 0.007357300000000011 1 1 0.4972067039106145 0.7478991596638656
102 0.0073777000000000426 1 1 0.5027932960893855 0.7507002801120448
103 0.007247700000000079 0 0 0.5027932960893855 0.7507002801120448
104 0.007038800000000012 1 1 0.5083798882681564 0.7535014005602241
105 0.007244200000000034 0 0 0.5083798882681564 0.7535014005602241
106 0.007383200000000034 1 1 0.5139664804469274 0.7563025210084033
107 0.00755820000000007 1 1 0.5195530726256983 0.7591036414565826
108 0.007278899999999977 1 1 0.5251396648044693 0.7619047619047619
109 0.0073624999999999385 0 0 0.5251396648044693 0.7619047619047619
110 0.007631400000000066 1 1 0.5307262569832403 0.7647058823529411
111 0.007116899999999982 1 0 0.5363128491620112 0.7647058823529411
112 0.005305000000000004 0 1 0.5363128491620112 0.7675070028011205
113 0.005106300000000008 1 1 0.5418994413407822 0.7703081232492998
114 0.0050866999999999996 1 1 0.547486033519553 0.773109243697479
115 0.005121799999999954 1 1 0.553072625698324 0.7759103641456583
116 0.005141400000000074 1 1 0.5586592178770949 0.7787114845938375
117 0.005190800000000051 1 1 0.5642458100558659 0.7815126050420168
118 0.005226500000000023 1 1 0.5698324022346368 0.7843137254901961
119 0.00517079999999992 1 1 0.5754189944134078 0.7871148459383753
120 0.0052000000000000934 1 1 0.5810055865921788 0.7899159663865546
121 0.007791000000000103 1 1 0.5865921787709497 0.7927170868347339
122 0.007423699999999922 1 1 0.5921787709497207 0.7955182072829131
123 0.007747799999999971 1 1 0.5977653631284916 0.7983193277310925
124 0.00778689999999993 0 0 0.5977653631284916 0.7983193277310925
125 0.009349099999999888 1 1 0.6033519553072626 0.8011204481792717
126 0.0052714999999998735 1 1 0.6089385474860335 0.803921568627451
127 0.005274299999999954 1 1 0.6145251396648045 0.8067226890756303
128 0.00532979999999994 1 1 0.6201117318435754 0.8095238095238095
129 0.0059162999999999855 1 1 0.6256983240223464 0.8123249299719888
130 0.005321499999999979 1 1 0.6312849162011173 0.8151260504201681
131 0.005463999999999913 1 1 0.6368715083798883 0.8179271708683473
132 0.007977799999999924 1 1 0.6424581005586593 0.8207282913165266
133 0.005998200000000065 1 1 0.6480446927374302 0.8235294117647058
134 0.005401199999999884 1 1 0.6536312849162011 0.8263305322128851
135 0.0054459000000000035 1 1 0.659217877094972 0.8291316526610645
136 0.006135299999999955 1 1 0.664804469273743 0.8319327731092437
137 0.008113599999999943 1 1 0.6703910614525139 0.834733893557423
138 0.007970600000000161 1 1 0.6759776536312849 0.8375350140056023
139 0.007929999999999993 1 1 0.6815642458100558 0.8403361344537815
140 0.00820770000000004 1 1 0.6871508379888268 0.8431372549019608
141 0.008137199999999956 0 0 0.6871508379888268 0.8431372549019608
142 0.007907399999999898 1 1 0.6927374301675978 0.84593837535014
143 0.008217499999999989 1 1 0.6983240223463687 0.8487394957983193
144 0.008001799999999948 1 1 0.7039106145251397 0.8515406162464986
145 0.00793709999999992 1 1 0.7094972067039106 0.8543417366946778
146 0.007895999999999903 1 1 0.7150837988826816 0.8571428571428571
147 0.008324299999999951 1 1 0.7206703910614525 0.8599439775910365
148 0.008150799999999903 1 1 0.7262569832402235 0.8627450980392157
149 0.008077700000000076 1 1 0.7318435754189944 0.865546218487395
150 0.008391399999999827 1 1 0.7374301675977654 0.8683473389355743
151 0.008296500000000151 1 1 0.7430167597765364 0.8711484593837535
152 0.008496099999999895 1 1 0.7486033519553073 0.8739495798319328
153 0.008193200000000012 1 1 0.7541899441340782 0.876750700280112
154 0.008247799999999916 1 1 0.7597765363128491 0.8795518207282913
155 0.008343599999999896 1 1 0.7653631284916201 0.8823529411764706
156 0.008215300000000036 1 1 0.770949720670391 0.8851540616246498
157 0.00844990000000001 1 1 0.776536312849162 0.8879551820728291
158 0.008360799999999946 1 1 0.7821229050279329 0.8907563025210085
159 0.008514799999999934 1 1 0.7877094972067039 0.8935574229691877
160 0.00837000000000021 1 1 0.7932960893854749 0.896358543417367
161 0.008485500000000146 1 1 0.7988826815642458 0.8991596638655462
162 0.00601829999999981 1 1 0.8044692737430168 0.9019607843137255
163 0.006010400000000082 1 1 0.8100558659217877 0.9047619047619048
164 0.006571500000000174 1 1 0.8156424581005587 0.907563025210084
165 0.0064990000000000325 1 1 0.8212290502793296 0.9103641456582633
166 0.006607400000000041 1 1 0.8268156424581006 0.9131652661064426
167 0.006639300000000015 1 1 0.8324022346368715 0.9159663865546218
168 0.006440500000000071 1 1 0.8379888268156425 0.9187675070028011
169 0.006515100000000107 1 1 0.8435754189944135 0.9215686274509803
170 0.006650000000000045 1 1 0.8491620111731844 0.9243697478991597
171 0.006325699999999879 1 1 0.8547486033519553 0.927170868347339
172 0.008690699999999829 1 1 0.8603351955307262 0.9299719887955182
173 0.008828500000000128 1 0 0.8659217877094972 0.9299719887955182
174 0.0062526000000000526 1 2 0.8715083798882681 0.9355742296918768
175 0.006118300000000021 1 1 0.8770949720670391 0.938375350140056
176 0.0061590000000000256 1 1 0.88268156424581 0.9411764705882353
177 0.006284500000000026 1 1 0.888268156424581 0.9439775910364145
178 0.009044599999999958 1 1 0.8938547486033519 0.9467787114845938
179 0.006239499999999953 1 1 0.8994413407821229 0.9495798319327731
180 0.006381100000000028 0 0 0.8994413407821229 0.9495798319327731
181 0.006174799999999925 1 1 0.9050279329608939 0.9523809523809523
182 0.00623000000000018 1 1 0.9106145251396648 0.9551820728291317
183 0.006281000000000203 1 1 0.9162011173184358 0.957983193277311
184 0.006928899999999905 0 0 0.9162011173184358 0.957983193277311
185 0.006175199999999936 0 0 0.9162011173184358 0.957983193277311
186 0.009199200000000074 1 1 0.9217877094972067 0.9607843137254902
187 0.00917940000000006 1 1 0.9273743016759777 0.9635854341736695
188 0.008949099999999932 1 1 0.9329608938547486 0.9663865546218487
189 0.00924859999999983 1 1 0.9385474860335196 0.969187675070028
190 0.006445999999999952 1 1 0.9441340782122905 0.9719887955182073
191 0.006418500000000105 1 1 0.9497206703910615 0.9747899159663865
192 0.006261800000000095 1 1 0.9553072625698324 0.9775910364145658
193 0.006240500000000093 1 1 0.9608938547486033 0.9803921568627451
194 0.009064599999999867 1 1 0.9664804469273743 0.9831932773109243
195 0.009022799999999886 1 1 0.9720670391061452 0.9859943977591037
196 0.009196700000000169 1 1 0.9776536312849162 0.988795518207283
197 0.009325199999999922 1 1 0.9832402234636871 0.9915966386554622
198 0.009411000000000058 1 1 0.9888268156424581 0.9943977591036415
199 0.00912449999999998 1 1 0.994413407821229 0.9971988795518207
200 0.009344500000000089 0 0 0.994413407821229 0.9971988795518207
201 0.009599499999999983 1 1 1.0 1.0
