140 1.0 0.3
1 0.0028367000000000253 1 0 0.007194244604316547 0.5018050541516246
2 0.0027287999999999757 1 0 0.014388489208633094 0.5018050541516246
3 0.002859500000000015 1 0 0.02158273381294964 0.5018050541516246
4 0.002875300000000025 1 1 0.02877697841726619 0.5054151624548736
5 0.0030318999999999763 1 1 0.03597122302158273 0.5090252707581228
6 0.0028144999999999976 1 0 0.04316546762589928 0.5090252707581228
7 0.0027000000000000357 1 0 0.050359712230215826 0.5090252707581228
8 0.0028749000000000136 1 3 0.05755395683453238 0.51985559566787
9 0.002753899999999976 1 0 0.06474820143884892 0.51985559566787
10 0.0029817000000000315 1 2 0.07194244604316546 0.5270758122743683
11 0.0029727999999999977 1 2 0.07913669064748201 0.5342960288808665
12 0.0028427999999999787 1 0 0.08633093525179857 0.5342960288808665
13 0.0031597999999999904 1 1 0.09352517985611511 0.5379061371841155
14 0.002969200000000005 1 1 0.10071942446043165 0.5415162454873647
15 0.002840800000000032 1 0 0.1079136690647482 0.5415162454873647
16 0.0028942000000000134 1 0 0.11510791366906475 0.5415162454873647
17 0.002896400000000021 1 2 0.1223021582733813 0.5487364620938628
18 0.002900700000000034 1 0 0.12949640287769784 0.5487364620938628
19 0.002929800000000038 1 1 0.1366906474820144 0.5523465703971119
20 0.0028619999999999757 1 1 0.14388489208633093 0.555956678700361
21 0.0032028000000000056 1 2 0.1510791366906475 0.5631768953068592
22 0.0030859999999999776 1 0 0.15827338129496402 0.5631768953068592
23 0.003227800000000003 1 3 0.16546762589928057 0.5740072202166066
24 0.003332500000000016 1 1 0.17266187050359713 0.5776173285198556
25 0.003157700000000041 1 0 0.17985611510791366 0.5776173285198556
26 0.0036286999999999847 1 1 0.18705035971223022 0.5812274368231047
27 0.0035146999999999817 1 1 0.19424460431654678 0.5848375451263538
28 0.0032846999999999738 1 1 0.2014388489208633 0.5884476534296029
29 0.0031635000000000413 1 0 0.20863309352517986 0.5884476534296029
30 0.003159399999999979 1 0 0.2158273381294964 0.5884476534296029
31 0.003513299999999997 1 0 0.22302158273381295 0.5884476534296029
32 0.0031415999999999666 1 1 0.2302158273381295 0.592057761732852
33 0.003086000000000033 1 3 0.23741007194244604 0.6028880866425993
34 0.0032620000000000426 1 1 0.2446043165467626 0.6064981949458483
35 0.003138099999999977 1 1 0.2517985611510791 0.6101083032490975
36 0.0033401000000000125 1 2 0.2589928057553957 0.6173285198555957
37 0.003337300000000043 1 2 0.26618705035971224 0.6245487364620939
38 0.003255700000000028 1 2 0.2733812949640288 0.631768953068592
39 0.003166100000000005 1 0 0.2805755395683453 0.631768953068592
40 0.003260199999999991 1 1 0.28776978417266186 0.6353790613718412
41 0.003364900000000004 1 2 0.2949640287769784 0.6425992779783394
42 0.0034999000000000002 1 0 0.302158273381295 0.6425992779783394
43 0.0032482999999999818 1 1 0.30935251798561153 0.6462093862815884
44 0.0033976000000000006 1 1 0.31654676258992803 0.6498194945848376
45 0.003658899999999965 1 1 0.3237410071942446 0.6534296028880866
46 0.0034672000000000036 1 1 0.33093525179856115 0.6570397111913358
47 0.003709299999999971 1 2 0.3381294964028777 0.6642599277978339
48 0.003733900000000012 1 2 0.34532374100719426 0.6714801444043321
49 0.0036192000000000446 1 0 0.35251798561151076 0.6714801444043321
50 0.0033061999999999814 1 1 0.3597122302158273 0.6750902527075813
51 0.0035011000000000347 1 1 0.3669064748201439 0.6787003610108303
52 0.004714200000000002 1 0 0.37410071942446044 0.6787003610108303
53 0.005002600000000024 1 0 0.381294964028777 0.6787003610108303
54 0.0035984000000000016 1 2 0.38848920863309355 0.6859205776173285
55 0.003716200000000003 1 0 0.39568345323741005 0.6859205776173285
56 0.003626299999999971 1 0 0.4028776978417266 0.6859205776173285
57 0.0035298999999999747 1 0 0.41007194244604317 0.6859205776173285
58 0.003802300000000036 1 1 0.4172661870503597 0.6895306859205776
59 0.0037722000000000033 1 3 0.4244604316546763 0.7003610108303249
60 0.0034971000000000307 1 0 0.4316546762589928 0.7003610108303249
61 0.0036631000000000302 1 2 0.43884892086330934 0.7075812274368231
62 0.0035716999999999555 1 0 0.4460431654676259 0.7075812274368231
63 0.0035416000000000336 1 2 0.45323741007194246 0.7148014440433214
64 0.0035692999999999975 1 2 0.460431654676259 0.7220216606498195
65 0.0035382999999999942 1 0 0.4676258992805755 0.7220216606498195
66 0.0036114999999999897 1 2 0.4748201438848921 0.7292418772563177
67 0.0035764999999999825 1 1 0.48201438848920863 0.7328519855595668
68 0.003767100000000023 1 1 0.4892086330935252 0.7364620938628159
69 0.0036258999999999597 1 0 0.49640287769784175 0.7364620938628159
70 0.0036479999999999846 1 0 0.5035971223021583 0.7364620938628159
71 0.0036703999999999626 1 3 0.5107913669064749 0.7472924187725631
72 0.003743899999999911 1 2 0.5179856115107914 0.7545126353790613
73 0.0038279999999999426 1 1 0.5251798561151079 0.7581227436823105
74 0.0036891000000000007 1 0 0.5323741007194245 0.7581227436823105
75 0.00380069999999999 1 1 0.539568345323741 0.7617328519855595
76 0.003741400000000006 1 0 0.5467625899280576 0.7617328519855595
77 0.003791800000000012 1 2 0.5539568345323741 0.7689530685920578
78 0.00386439999999999 1 0 0.5611510791366906 0.7689530685920578
79 0.0038331000000000337 1 1 0.5683453237410072 0.7725631768953068
80 0.003813399999999967 1 1 0.5755395683453237 0.776173285198556
81 0.004283399999999937 1 1 0.5827338129496403 0.779783393501805
82 0.0038426000000000293 1 1 0.5899280575539568 0.7833935018050542
83 0.003954699999999978 1 3 0.5971223021582733 0.7942238267148014
84 0.0037755000000000427 1 0 0.60431654676259 0.7942238267148014
85 0.003940100000000002 1 2 0.6115107913669064 0.8014440433212996
86 0.0038344000000000156 1 0 0.6187050359712231 0.8014440433212996
87 0.0039024000000000836 1 1 0.6258992805755396 0.8050541516245487
88 0.003983599999999976 1 1 0.6330935251798561 0.8086642599277978
89 0.004068299999999914 1 1 0.6402877697841727 0.8122743682310469
90 0.00394810000000001 1 0 0.6474820143884892 0.8122743682310469
91 0.003945100000000035 1 0 0.6546762589928058 0.8122743682310469
92 0.003924000000000039 1 3 0.6618705035971223 0.8231046931407943
93 0.004222699999999913 1 1 0.6690647482014388 0.8267148014440433
94 0.004190699999999992 1 1 0.6762589928057554 0.8303249097472925
95 0.0044368000000000185 1 0 0.6834532374100719 0.8303249097472925
96 0.004126900000000044 1 2 0.6906474820143885 0.8375451263537906
97 0.004082199999999925 1 1 0.697841726618705 0.8411552346570397
98 0.004083399999999959 1 1 0.7050359712230215 0.8447653429602888
99 0.004254700000000056 1 2 0.7122302158273381 0.851985559566787
100 0.004230799999999979 1 0 0.7194244604316546 0.851985559566787
101 0.004183500000000007 1 1 0.7266187050359713 0.855595667870036
102 0.004368299999999992 1 1 0.7338129496402878 0.8592057761732852
103 0.004170699999999972 1 1 0.7410071942446043 0.8628158844765343
104 0.004218500000000014 1 1 0.7482014388489209 0.8664259927797834
105 0.004480299999999993 1 0 0.7553956834532374 0.8664259927797834
106 0.004227300000000045 1 1 0.762589928057554 0.8700361010830325
107 0.004275600000000046 1 1 0.7697841726618705 0.8736462093862816
108 0.004562500000000025 1 1 0.7769784172661871 0.8772563176895307
109 0.004722800000000027 1 1 0.7841726618705036 0.8808664259927798
110 0.004560299999999962 1 2 0.7913669064748201 0.8880866425992779
111 0.0043159999999999865 1 1 0.7985611510791367 0.8916967509025271
112 0.004266300000000056 1 1 0.8057553956834532 0.8953068592057761
113 0.004347700000000065 1 0 0.8129496402877698 0.8953068592057761
114 0.007900999999999936 1 2 0.8201438848920863 0.9025270758122743
115 0.004360499999999989 1 2 0.8273381294964028 0.9097472924187726
116 0.004640900000000059 1 0 0.8345323741007195 0.9097472924187726
117 0.00430929999999996 1 0 0.841726618705036 0.9097472924187726
118 0.004416199999999981 1 1 0.8489208633093526 0.9133574007220217
119 0.00438700000000003 1 0 0.8561151079136691 0.9133574007220217
120 0.004738199999999915 1 2 0.8633093525179856 0.9205776173285198
121 0.004505900000000063 1 0 0.8705035971223022 0.9205776173285198
122 0.0049672000000000605 1 2 0.8776978417266187 0.927797833935018
123 0.004579800000000023 1 0 0.8848920863309353 0.927797833935018
124 0.00471710000000003 1 2 0.8920863309352518 0.9350180505415162
125 0.004442999999999975 1 2 0.8992805755395683 0.9422382671480144
126 0.006475599999999915 1 2 0.9064748201438849 0.9494584837545126
127 0.006687999999999916 1 0 0.9136690647482014 0.9494584837545126
128 0.004739599999999955 1 1 0.920863309352518 0.9530685920577617
129 0.004594100000000045 1 0 0.9280575539568345 0.9530685920577617
130 0.004557900000000004 1 0 0.935251798561151 0.9530685920577617
131 0.006494499999999959 1 3 0.9424460431654677 0.9638989169675091
132 0.006434900000000021 1 2 0.9496402877697842 0.9711191335740073
133 0.006846600000000036 1 2 0.9568345323741008 0.9783393501805054
134 0.006905700000000015 1 1 0.9640287769784173 0.9819494584837545
135 0.004621800000000009 1 1 0.9712230215827338 0.9855595667870036
136 0.004755100000000012 1 1 0.9784172661870504 0.9891696750902527
137 0.0046416000000000235 1 0 0.9856115107913669 0.9891696750902527
138 0.004643100000000011 1 0 0.9928057553956835 0.9891696750902527
139 0.004686999999999997 1 0 1.0 0.9891696750902527
140 0.0048688000000000065 0 1 1.0 0.9927797833935018
141 0.004831499999999989 0 0 1.0 0.9927797833935018
142 0.004942299999999955 0 0 1.0 0.9927797833935018
143 0.0047344000000000275 0 0 1.0 0.9927797833935018
144 0.004657800000000045 0 0 1.0 0.9927797833935018
145 0.0046416000000000235 0 0 1.0 0.9927797833935018
146 0.004678000000000071 0 0 1.0 0.9927797833935018
147 0.0048994999999999456 0 0 1.0 0.9927797833935018
148 0.0048319 0 0 1.0 0.9927797833935018
149 0.005518800000000046 0 1 1.0 0.9963898916967509
150 0.00559300000000007 0 0 1.0 0.9963898916967509
151 0.004719099999999976 0 1 1.0 1.0
