175 0.8 0.4
1 0.006245300000000009 1 0 0.005747126436781609 0.5014409221902018
2 0.0046231999999999385 1 0 0.011494252873563218 0.5014409221902018
3 0.004281299999999932 1 0 0.017241379310344827 0.5014409221902018
4 0.006797000000000053 1 2 0.022988505747126436 0.5072046109510087
5 0.004979700000000031 1 2 0.028735632183908046 0.5129682997118156
6 0.005590600000000001 1 0 0.034482758620689655 0.5129682997118156
7 0.004506699999999975 1 0 0.040229885057471264 0.5129682997118156
8 0.005172500000000024 1 0 0.04597701149425287 0.5129682997118156
9 0.004129400000000061 0 2 0.04597701149425287 0.5187319884726225
10 0.004952500000000026 0 0 0.04597701149425287 0.5187319884726225
11 0.004384700000000019 1 2 0.05172413793103448 0.5244956772334294
12 0.004831099999999977 1 0 0.05747126436781609 0.5244956772334294
13 0.005191900000000027 1 0 0.06321839080459771 0.5244956772334294
14 0.0051866999999999885 0 1 0.06321839080459771 0.5273775216138329
15 0.005345299999999997 0 0 0.06321839080459771 0.5273775216138329
16 0.005342399999999969 0 0 0.06321839080459771 0.5273775216138329
17 0.005876400000000004 1 1 0.06896551724137931 0.5302593659942363
18 0.006335500000000049 1 0 0.07471264367816093 0.5302593659942363
19 0.0047696000000000405 1 0 0.08045977011494253 0.5302593659942363
20 0.0057890999999999915 1 2 0.08620689655172414 0.5360230547550432
21 0.005572999999999939 1 1 0.09195402298850575 0.5389048991354467
22 0.005998100000000006 1 0 0.09770114942528736 0.5389048991354467
23 0.006013200000000052 1 1 0.10344827586206896 0.5417867435158501
24 0.006687899999999969 1 2 0.10919540229885058 0.547550432276657
25 0.006014500000000034 1 0 0.11494252873563218 0.547550432276657
26 0.007169800000000004 1 2 0.1206896551724138 0.553314121037464
27 0.006058000000000008 1 0 0.12643678160919541 0.553314121037464
28 0.005179000000000045 0 0 0.12643678160919541 0.553314121037464
29 0.009233799999999959 1 1 0.13218390804597702 0.5561959654178674
30 0.00626709999999997 1 3 0.13793103448275862 0.5648414985590778
31 0.006743900000000025 1 1 0.14367816091954022 0.5677233429394812
32 0.0053898 0 0 0.14367816091954022 0.5677233429394812
33 0.005464999999999942 0 1 0.14367816091954022 0.5706051873198847
34 0.005315599999999976 1 0 0.14942528735632185 0.5706051873198847
35 0.004960499999999923 1 1 0.15517241379310345 0.5734870317002881
36 0.006015299999999946 1 1 0.16091954022988506 0.5763688760806917
37 0.00496070000000004 1 1 0.16666666666666666 0.579250720461095
38 0.005535300000000021 1 0 0.1724137931034483 0.579250720461095
39 0.0063913000000001 1 0 0.1781609195402299 0.579250720461095
40 0.005945800000000001 1 1 0.1839080459770115 0.5821325648414986
41 0.004817700000000036 1 3 0.1896551724137931 0.590778097982709
42 0.00566639999999996 1 0 0.19540229885057472 0.590778097982709
43 0.006514499999999979 1 1 0.20114942528735633 0.5936599423631124
44 0.006328299999999953 0 1 0.20114942528735633 0.5965417867435159
45 0.006348499999999979 1 2 0.20689655172413793 0.6023054755043228
46 0.0065878000000000325 1 1 0.21264367816091953 0.6051873198847262
47 0.007432699999999959 1 0 0.21839080459770116 0.6051873198847262
48 0.004739900000000019 1 0 0.22413793103448276 0.6051873198847262
49 0.006368999999999958 1 0 0.22988505747126436 0.6051873198847262
50 0.0055819000000000285 1 0 0.23563218390804597 0.6051873198847262
51 0.0060107000000000355 1 2 0.2413793103448276 0.6109510086455331
52 0.005252900000000005 0 2 0.2413793103448276 0.6167146974063401
53 0.006055599999999939 1 2 0.2471264367816092 0.622478386167147
54 0.005518100000000081 0 0 0.2471264367816092 0.622478386167147
55 0.005340799999999923 0 0 0.2471264367816092 0.622478386167147
56 0.004661099999999974 1 0 0.25287356321839083 0.622478386167147
57 0.0068589999999999485 0 0 0.25287356321839083 0.622478386167147
58 0.006146800000000008 1 0 0.25862068965517243 0.622478386167147
59 0.0052257 1 2 0.26436781609195403 0.6282420749279539
60 0.005608199999999952 1 1 0.27011494252873564 0.6311239193083573
61 0.005244899999999997 0 0 0.27011494252873564 0.6311239193083573
62 0.005116800000000032 1 1 0.27586206896551724 0.6340057636887608
63 0.007473200000000069 1 0 0.28160919540229884 0.6340057636887608
64 0.006725800000000004 0 1 0.28160919540229884 0.6368876080691642
65 0.005203199999999963 0 1 0.28160919540229884 0.6397694524495677
66 0.006617299999999937 1 0 0.28735632183908044 0.6397694524495677
67 0.0047703999999999525 1 1 0.29310344827586204 0.6426512968299711
68 0.005993299999999979 1 2 0.2988505747126437 0.6484149855907781
69 0.004835799999999946 1 1 0.3045977011494253 0.6512968299711815
70 0.0061445999999999446 1 0 0.3103448275862069 0.6512968299711815
71 0.009075599999999961 0 1 0.3103448275862069 0.654178674351585
72 0.006684999999999941 1 0 0.3160919540229885 0.654178674351585
73 0.008330700000000024 1 0 0.3218390804597701 0.654178674351585
74 0.00497739999999991 1 0 0.3275862068965517 0.654178674351585
75 0.006062899999999871 0 0 0.3275862068965517 0.654178674351585
76 0.00601560000000001 0 2 0.3275862068965517 0.659942363112392
77 0.0063381999999998495 1 0 0.3333333333333333 0.659942363112392
78 0.006485799999999875 0 1 0.3333333333333333 0.6628242074927954
79 0.008944800000000086 1 2 0.3390804597701149 0.6685878962536023
80 0.005823299999999865 1 0 0.3448275862068966 0.6685878962536023
81 0.005188100000000029 1 0 0.3505747126436782 0.6685878962536023
82 0.0056955000000000755 1 3 0.3563218390804598 0.6772334293948127
83 0.0059811000000000725 1 0 0.3620689655172414 0.6772334293948127
84 0.007515600000000067 0 0 0.3620689655172414 0.6772334293948127
85 0.010240999999999945 1 1 0.367816091954023 0.6801152737752162
86 0.0067166000000000725 0 1 0.367816091954023 0.6829971181556196
87 0.006607999999999947 0 0 0.367816091954023 0.6829971181556196
88 0.006011899999999848 1 1 0.3735632183908046 0.6858789625360231
89 0.007684699999999989 0 0 0.3735632183908046 0.6858789625360231
90 0.009160000000000057 1 1 0.3793103448275862 0.6887608069164265
91 0.0058626999999999985 1 0 0.3850574712643678 0.6887608069164265
92 0.0051485 1 0 0.39080459770114945 0.6887608069164265
93 0.006630600000000042 1 1 0.39655172413793105 0.69164265129683
94 0.006855500000000125 1 1 0.40229885057471265 0.6945244956772334
95 0.007004299999999963 1 2 0.40804597701149425 0.7002881844380403
96 0.0063454000000000566 1 1 0.41379310344827586 0.7031700288184438
97 0.01027929999999988 1 0 0.41954022988505746 0.7031700288184438
98 0.009008799999999928 0 1 0.41954022988505746 0.7060518731988472
99 0.006234099999999909 1 0 0.42528735632183906 0.7060518731988472
100 0.008429600000000148 1 1 0.43103448275862066 0.7089337175792507
101 0.007731500000000002 1 3 0.4367816091954023 0.7175792507204611
102 0.005881000000000025 1 1 0.4425287356321839 0.7204610951008645
103 0.006498899999999974 1 1 0.4482758620689655 0.723342939481268
104 0.006573300000000115 1 0 0.4540229885057471 0.723342939481268
105 0.006464000000000025 1 1 0.45977011494252873 0.7262247838616714
106 0.007142999999999899 1 1 0.46551724137931033 0.729106628242075
107 0.005825299999999922 0 1 0.46551724137931033 0.7319884726224783
108 0.007271199999999922 1 1 0.47126436781609193 0.7348703170028819
109 0.00625079999999989 1 0 0.47701149425287354 0.7348703170028819
110 0.008663000000000087 1 0 0.4827586206896552 0.7348703170028819
111 0.006136000000000141 1 2 0.4885057471264368 0.7406340057636888
112 0.008203399999999972 0 1 0.4885057471264368 0.7435158501440923
113 0.006899999999999906 0 0 0.4885057471264368 0.7435158501440923
114 0.005579999999999918 1 1 0.4942528735632184 0.7463976945244957
115 0.008336699999999864 1 1 0.5 0.7492795389048992
116 0.0079631 1 1 0.5057471264367817 0.7521613832853026
117 0.007399099999999992 1 1 0.5114942528735632 0.7550432276657061
118 0.005694800000000111 1 0 0.5172413793103449 0.7550432276657061
119 0.007006499999999916 1 0 0.5229885057471264 0.7550432276657061
120 0.006189999999999918 1 1 0.5287356321839081 0.7579250720461095
121 0.006702800000000009 1 1 0.5344827586206896 0.760806916426513
122 0.008619500000000002 1 1 0.5402298850574713 0.7636887608069164
123 0.006808099999999984 0 2 0.5402298850574713 0.7694524495677233
124 0.006115700000000057 0 0 0.5402298850574713 0.7694524495677233
125 0.005228100000000069 1 1 0.5459770114942529 0.7723342939481268
126 0.006294699999999986 0 0 0.5459770114942529 0.7723342939481268
127 0.006611900000000004 1 1 0.5517241379310345 0.7752161383285303
128 0.006393199999999988 1 1 0.5574712643678161 0.7780979827089337
129 0.008058499999999968 1 1 0.5632183908045977 0.7809798270893372
130 0.007846899999999879 1 0 0.5689655172413793 0.7809798270893372
131 0.01572970000000007 1 2 0.5747126436781609 0.7867435158501441
132 0.006911399999999901 1 1 0.5804597701149425 0.7896253602305475
133 0.012156000000000056 1 0 0.5862068965517241 0.7896253602305475
134 0.00857590000000008 0 1 0.5862068965517241 0.792507204610951
135 0.011641900000000094 0 0 0.5862068965517241 0.792507204610951
136 0.006698499999999941 0 0 0.5862068965517241 0.792507204610951
137 0.006807499999999855 1 1 0.5919540229885057 0.7953890489913544
138 0.005702800000000119 1 0 0.5977011494252874 0.7953890489913544
139 0.006646299999999883 1 0 0.603448275862069 0.7953890489913544
140 0.007376400000000061 1 2 0.6091954022988506 0.8011527377521613
141 0.011322700000000019 1 2 0.6149425287356322 0.8069164265129684
142 0.006915200000000121 1 1 0.6206896551724138 0.8097982708933718
143 0.007093500000000086 1 0 0.6264367816091954 0.8097982708933718
144 0.006140500000000104 1 0 0.632183908045977 0.8097982708933718
145 0.007048699999999908 1 0 0.6379310344827587 0.8097982708933718
146 0.008269899999999941 1 1 0.6436781609195402 0.8126801152737753
147 0.009249099999999899 1 1 0.6494252873563219 0.8155619596541787
148 0.007157199999999975 1 1 0.6551724137931034 0.8184438040345822
149 0.007093299999999969 1 0 0.6609195402298851 0.8184438040345822
150 0.006776899999999975 1 2 0.6666666666666666 0.8242074927953891
151 0.007104299999999952 1 0 0.6724137931034483 0.8242074927953891
152 0.007106599999999963 1 4 0.6781609195402298 0.8357348703170029
153 0.007579400000000014 0 0 0.6781609195402298 0.8357348703170029
154 0.0070381999999999945 1 1 0.6839080459770115 0.8386167146974063
155 0.005891300000000044 0 0 0.6839080459770115 0.8386167146974063
156 0.007991199999999976 1 1 0.6896551724137931 0.8414985590778098
157 0.008252000000000148 1 1 0.6954022988505747 0.8443804034582133
158 0.00750150000000005 1 0 0.7011494252873564 0.8443804034582133
159 0.0061653999999999876 1 1 0.7068965517241379 0.8472622478386167
160 0.007891599999999999 1 1 0.7126436781609196 0.8501440922190202
161 0.009157599999999988 1 1 0.7183908045977011 0.8530259365994236
162 0.008790300000000029 1 0 0.7241379310344828 0.8530259365994236
163 0.0063093999999999095 1 0 0.7298850574712644 0.8530259365994236
164 0.006739999999999968 1 2 0.735632183908046 0.8587896253602305
165 0.006350900000000159 1 0 0.7413793103448276 0.8587896253602305
166 0.007393800000000006 1 1 0.7471264367816092 0.861671469740634
167 0.007659100000000141 0 1 0.7471264367816092 0.8645533141210374
168 0.007237900000000019 1 2 0.7528735632183908 0.8703170028818443
169 0.007205700000000093 1 1 0.7586206896551724 0.8731988472622478
170 0.0059162999999999855 1 0 0.764367816091954 0.8731988472622478
171 0.007043899999999992 1 1 0.7701149425287356 0.8760806916426513
172 0.007751499999999911 1 1 0.7758620689655172 0.8789625360230547
173 0.006496799999999858 1 1 0.7816091954022989 0.8818443804034583
174 0.007716999999999974 1 1 0.7873563218390804 0.8847262247838616
175 0.0072080999999999396 1 4 0.7931034482758621 0.8962536023054755
176 0.00790460000000004 1 1 0.7988505747126436 0.899135446685879
177 0.008731100000000103 1 0 0.8045977011494253 0.899135446685879
178 0.008256099999999877 1 1 0.8103448275862069 0.9020172910662824
179 0.009090800000000065 1 1 0.8160919540229885 0.9048991354466859
180 0.006940300000000121 0 1 0.8160919540229885 0.9077809798270894
181 0.008513800000000016 1 0 0.8218390804597702 0.9077809798270894
182 0.009807699999999864 1 2 0.8275862068965517 0.9135446685878963
183 0.010629999999999917 0 0 0.8275862068965517 0.9135446685878963
184 0.007565299999999997 1 1 0.8333333333333334 0.9164265129682997
185 0.011095700000000042 0 0 0.8333333333333334 0.9164265129682997
186 0.008862700000000112 0 0 0.8333333333333334 0.9164265129682997
187 0.00810679999999997 1 1 0.8390804597701149 0.9193083573487032
188 0.007536700000000174 1 0 0.8448275862068966 0.9193083573487032
189 0.006859699999999913 0 0 0.8448275862068966 0.9193083573487032
190 0.01107670000000005 1 2 0.8505747126436781 0.9250720461095101
191 0.008931599999999928 1 1 0.8563218390804598 0.9279538904899135
192 0.007749100000000064 1 0 0.8620689655172413 0.9279538904899135
193 0.00661619999999985 1 2 0.867816091954023 0.9337175792507204
194 0.007238300000000031 1 1 0.8735632183908046 0.9365994236311239
195 0.007910700000000048 1 0 0.8793103448275862 0.9365994236311239
196 0.011801599999999857 1 0 0.8850574712643678 0.9365994236311239
197 0.008245299999999789 1 2 0.8908045977011494 0.9423631123919308
198 0.007182299999999975 1 1 0.896551724137931 0.9452449567723343
199 0.008148600000000172 1 1 0.9022988505747126 0.9481268011527377
200 0.008439100000000366 0 0 0.9022988505747126 0.9481268011527377
201 0.007559000000000093 1 0 0.9080459770114943 0.9481268011527377
202 0.008037700000000036 0 1 0.9080459770114943 0.9510086455331412
203 0.007738500000000315 1 2 0.9137931034482759 0.9567723342939481
204 0.007085200000000125 1 0 0.9195402298850575 0.9567723342939481
205 0.008026000000000089 0 1 0.9195402298850575 0.9596541786743515
206 0.009546400000000066 1 1 0.9252873563218391 0.962536023054755
207 0.00772449999999969 1 1 0.9310344827586207 0.9654178674351584
208 0.007633199999999896 1 0 0.9367816091954023 0.9654178674351584
209 0.010282899999999984 1 1 0.9425287356321839 0.968299711815562
210 0.008491400000000038 1 1 0.9482758620689655 0.9711815561959655
211 0.008404700000000265 1 1 0.9540229885057471 0.9740634005763689
212 0.010142899999999955 1 0 0.9597701149425287 0.9740634005763689
213 0.006918300000000155 1 0 0.9655172413793104 0.9740634005763689
214 0.007587700000000197 1 1 0.9712643678160919 0.9769452449567724
215 0.009449800000000064 1 2 0.9770114942528736 0.9827089337175793
216 0.006952999999999765 1 2 0.9827586206896551 0.9884726224783862
217 0.0075248999999999455 1 0 0.9885057471264368 0.9884726224783862
218 0.012913300000000127 0 1 0.9885057471264368 0.9913544668587896
219 0.010081399999999796 1 1 0.9942528735632183 0.9942363112391931
220 0.009659200000000201 1 1 1.0 0.9971181556195965
221 0.009336599999999695 0 0 1.0 0.9971181556195965
222 0.010562199999999855 0 0 1.0 0.9971181556195965
223 0.011130300000000037 0 0 1.0 0.9971181556195965
224 0.008266499999999954 0 0 1.0 0.9971181556195965
225 0.00960789999999978 0 1 1.0 1.0
