50 0.7 0.1
1 0.0009944999999999815 1 0 0.02040816326530612 0.5051546391752577
2 0.0010355999999999976 1 0 0.04081632653061224 0.5051546391752577
3 0.0010093999999999936 1 0 0.061224489795918366 0.5051546391752577
4 0.0009496999999999978 1 0 0.08163265306122448 0.5051546391752577
5 0.0009021999999999919 1 0 0.10204081632653061 0.5051546391752577
6 0.0010792000000000024 1 1 0.12244897959183673 0.5154639175257731
7 0.0009143000000000068 0 0 0.12244897959183673 0.5154639175257731
8 0.001471800000000023 1 0 0.14285714285714285 0.5154639175257731
9 0.0011937000000000197 1 0 0.16326530612244897 0.5154639175257731
10 0.0010316999999999965 1 1 0.1836734693877551 0.5257731958762887
11 0.0010046999999999973 1 1 0.20408163265306123 0.5360824742268041
12 0.0010881000000000085 1 2 0.22448979591836735 0.5567010309278351
13 0.0011678999999999995 1 1 0.24489795918367346 0.5670103092783505
14 0.0012758999999999965 1 0 0.2653061224489796 0.5670103092783505
15 0.0012900999999999885 1 1 0.2857142857142857 0.5773195876288659
16 0.0011192999999999897 1 1 0.30612244897959184 0.5876288659793815
17 0.0011422000000000099 1 0 0.32653061224489793 0.5876288659793815
18 0.0019710000000000005 0 0 0.32653061224489793 0.5876288659793815
19 0.001304699999999992 1 1 0.3469387755102041 0.5979381443298969
20 0.0012058000000000069 0 0 0.3469387755102041 0.5979381443298969
21 0.0012474000000000096 0 1 0.3469387755102041 0.6082474226804123
22 0.0012419999999999931 1 0 0.3673469387755102 0.6082474226804123
23 0.001322600000000007 1 0 0.3877551020408163 0.6082474226804123
24 0.0012282000000000126 0 0 0.3877551020408163 0.6082474226804123
25 0.001250299999999982 0 2 0.3877551020408163 0.6288659793814433
26 0.0011497999999999786 0 0 0.3877551020408163 0.6288659793814433
27 0.0011402000000000079 1 0 0.40816326530612246 0.6288659793814433
28 0.0013723999999999958 1 0 0.42857142857142855 0.6288659793814433
29 0.001155299999999998 1 0 0.4489795918367347 0.6288659793814433
30 0.0012114000000000014 1 0 0.46938775510204084 0.6288659793814433
31 0.0011658999999999975 1 1 0.4897959183673469 0.6391752577319587
32 0.0015872000000000108 0 0 0.4897959183673469 0.6391752577319587
33 0.0013018000000000196 1 2 0.5102040816326531 0.6597938144329897
34 0.0011977000000000237 0 0 0.5102040816326531 0.6597938144329897
35 0.001340299999999961 1 3 0.5306122448979592 0.6907216494845361
36 0.0012130000000000196 1 2 0.5510204081632653 0.711340206185567
37 0.0012520000000000309 0 0 0.5510204081632653 0.711340206185567
38 0.0014970999999999735 0 1 0.5510204081632653 0.7216494845360825
39 0.0012696999999999847 0 0 0.5510204081632653 0.7216494845360825
40 0.0012476000000000154 1 0 0.5714285714285714 0.7216494845360825
41 0.0014823999999999948 0 0 0.5714285714285714 0.7216494845360825
42 0.0015119000000000105 1 0 0.5918367346938775 0.7216494845360825
43 0.001348999999999989 0 0 0.5918367346938775 0.7216494845360825
44 0.0017167000000000154 1 3 0.6122448979591837 0.7525773195876289
45 0.0014258000000000326 1 0 0.6326530612244898 0.7525773195876289
46 0.0015039000000000025 0 1 0.6326530612244898 0.7628865979381443
47 0.0014590000000000436 0 0 0.6326530612244898 0.7628865979381443
48 0.0014324000000000003 1 0 0.6530612244897959 0.7628865979381443
49 0.0025585999999999665 1 1 0.673469387755102 0.7731958762886598
50 0.00134780000000001 1 0 0.6938775510204082 0.7731958762886598
51 0.0015333000000000152 1 0 0.7142857142857143 0.7731958762886598
52 0.0012222000000000066 1 1 0.7346938775510204 0.7835051546391752
53 0.0013932999999999862 1 1 0.7551020408163265 0.7938144329896907
54 0.0016089999999999716 1 0 0.7755102040816326 0.7938144329896907
55 0.0014978999999999965 1 0 0.7959183673469388 0.7938144329896907
56 0.00170300000000001 0 1 0.7959183673469388 0.8041237113402062
57 0.0013849000000000222 1 0 0.8163265306122449 0.8041237113402062
58 0.0013624999999999887 1 0 0.8367346938775511 0.8041237113402062
59 0.001481499999999969 1 1 0.8571428571428571 0.8144329896907216
60 0.0012815999999999939 1 1 0.8775510204081632 0.8247422680412371
61 0.00218630000000003 1 0 0.8979591836734694 0.8247422680412371
62 0.0015696000000000043 1 1 0.9183673469387755 0.8350515463917526
63 0.0014335999999999793 1 3 0.9387755102040817 0.865979381443299
64 0.0015634999999999954 1 3 0.9591836734693877 0.8969072164948454
65 0.0018631000000000064 0 0 0.9591836734693877 0.8969072164948454
66 0.001504200000000011 0 0 0.9591836734693877 0.8969072164948454
67 0.0016251999999999933 1 2 0.9795918367346939 0.9175257731958762
68 0.0026006000000000085 1 0 1.0 0.9175257731958762
69 0.0015937000000000312 0 0 1.0 0.9175257731958762
70 0.001402300000000023 0 0 1.0 0.9175257731958762
71 0.001420300000000041 0 0 1.0 0.9175257731958762
72 0.0016650000000000276 0 1 1.0 0.9278350515463918
73 0.0016229999999999856 0 0 1.0 0.9278350515463918
74 0.0014577000000000062 0 0 1.0 0.9278350515463918
75 0.0016501999999999906 0 1 1.0 0.9381443298969072
76 0.002808299999999986 0 0 1.0 0.9381443298969072
77 0.004292999999999991 0 1 1.0 0.9484536082474226
78 0.001546700000000012 0 0 1.0 0.9484536082474226
79 0.001602300000000001 0 1 1.0 0.9587628865979382
80 0.0014129999999999976 0 0 1.0 0.9587628865979382
81 0.0016121000000000052 0 0 1.0 0.9587628865979382
82 0.00184620000000002 0 0 1.0 0.9587628865979382
83 0.001410200000000028 0 0 1.0 0.9587628865979382
84 0.0014468000000000258 0 0 1.0 0.9587628865979382
85 0.0031762999999999653 0 0 1.0 0.9587628865979382
86 0.0014396999999999882 0 0 1.0 0.9587628865979382
87 0.0014000000000000123 0 0 1.0 0.9587628865979382
88 0.0016168000000000293 0 0 1.0 0.9587628865979382
89 0.0017149999999999666 0 0 1.0 0.9587628865979382
90 0.0014342999999999995 0 0 1.0 0.9587628865979382
91 0.0014186000000000476 0 0 1.0 0.9587628865979382
92 0.002029100000000006 0 0 1.0 0.9587628865979382
93 0.0017021000000000397 0 0 1.0 0.9587628865979382
94 0.0015149999999999886 0 0 1.0 0.9587628865979382
95 0.0015449000000000157 0 1 1.0 0.9690721649484536
96 0.0016728999999999772 0 0 1.0 0.9690721649484536
97 0.0015849000000000002 0 0 1.0 0.9690721649484536
98 0.0014097000000000137 0 1 1.0 0.979381443298969
99 0.001590299999999989 0 0 1.0 0.979381443298969
100 0.0014198000000000266 0 0 1.0 0.979381443298969
101 0.001626599999999978 0 0 1.0 0.979381443298969
102 0.0013987999999999778 0 0 1.0 0.979381443298969
103 0.0019579000000000124 0 0 1.0 0.979381443298969
104 0.002750699999999995 0 0 1.0 0.979381443298969
105 0.0014354999999999785 0 0 1.0 0.979381443298969
106 0.0015784999999999827 0 0 1.0 0.979381443298969
107 0.0017604000000000508 0 0 1.0 0.979381443298969
108 0.0016118999999999994 0 0 1.0 0.979381443298969
109 0.0014524999999999677 0 0 1.0 0.979381443298969
110 0.0019244999999999957 0 0 1.0 0.979381443298969
111 0.0017955000000000054 0 0 1.0 0.979381443298969
112 0.0014141000000000292 0 0 1.0 0.979381443298969
113 0.0015490000000000226 0 0 1.0 0.979381443298969
114 0.001927100000000015 0 0 1.0 0.979381443298969
115 0.001620200000000016 0 0 1.0 0.979381443298969
116 0.0015048000000000283 0 1 1.0 0.9896907216494846
117 0.0020632000000000428 0 0 1.0 0.9896907216494846
118 0.0015865999999999936 0 0 1.0 0.9896907216494846
119 0.0014203999999999883 0 0 1.0 0.9896907216494846
120 0.0015763999999999778 0 0 1.0 0.9896907216494846
121 0.001613399999999987 0 1 1.0 1.0
