150 1.0 0.5
1 0.0032247000000000248 1 0 0.006711409395973154 0.5016835016835017
2 0.0032159999999999966 1 0 0.013422818791946308 0.5016835016835017
3 0.0043451999999999935 1 2 0.020134228187919462 0.5084175084175084
4 0.0042947999999999875 1 1 0.026845637583892617 0.5117845117845118
5 0.004154999999999964 1 0 0.03355704697986577 0.5117845117845118
6 0.0031838000000000144 1 0 0.040268456375838924 0.5117845117845118
7 0.0032042999999999933 1 2 0.04697986577181208 0.5185185185185185
8 0.0032038999999999818 1 2 0.053691275167785234 0.5252525252525253
9 0.003003900000000004 1 0 0.06040268456375839 0.5252525252525253
10 0.0030961999999999934 1 1 0.06711409395973154 0.5286195286195287
11 0.003067199999999992 1 1 0.0738255033557047 0.531986531986532
12 0.0031847999999999876 1 1 0.08053691275167785 0.5353535353535354
13 0.003050200000000003 1 1 0.087248322147651 0.5387205387205387
14 0.0032008000000000036 1 0 0.09395973154362416 0.5387205387205387
15 0.0034530999999999867 1 2 0.10067114093959731 0.5454545454545454
16 0.003447699999999998 1 1 0.10738255033557047 0.5488215488215489
17 0.003374800000000011 1 2 0.11409395973154363 0.5555555555555556
18 0.0034599000000000157 1 0 0.12080536912751678 0.5555555555555556
19 0.0034737999999999714 1 0 0.12751677852348994 0.5555555555555556
20 0.003353800000000018 1 2 0.1342281879194631 0.5622895622895623
21 0.0036690000000000333 1 1 0.14093959731543623 0.5656565656565656
22 0.0036266999999999827 1 0 0.1476510067114094 0.5656565656565656
23 0.0034335000000000337 1 2 0.15436241610738255 0.5723905723905723
24 0.0035017999999999994 1 1 0.1610738255033557 0.5757575757575758
25 0.0033695999999999726 1 1 0.16778523489932887 0.5791245791245792
26 0.003667599999999993 1 1 0.174496644295302 0.5824915824915825
27 0.0037324000000000246 1 1 0.18120805369127516 0.5858585858585859
28 0.003648399999999996 1 2 0.18791946308724833 0.5925925925925926
29 0.0037993000000000055 1 1 0.19463087248322147 0.5959595959595959
30 0.003720100000000004 1 0 0.20134228187919462 0.5959595959595959
31 0.003779599999999994 1 0 0.2080536912751678 0.5959595959595959
32 0.0035842000000000374 1 1 0.21476510067114093 0.5993265993265994
33 0.0035071000000000407 1 2 0.2214765100671141 0.6060606060606061
34 0.0038305000000000144 1 1 0.22818791946308725 0.6094276094276094
35 0.0036255000000000037 1 0 0.2348993288590604 0.6094276094276094
36 0.0035031000000000367 1 2 0.24161073825503357 0.6161616161616161
37 0.0036883999999999806 1 1 0.2483221476510067 0.6195286195286195
38 0.0035443000000000002 1 0 0.2550335570469799 0.6195286195286195
39 0.003587600000000024 1 1 0.26174496644295303 0.622895622895623
40 0.0037490000000000023 1 2 0.2684563758389262 0.6296296296296297
41 0.005237699999999956 1 0 0.2751677852348993 0.6296296296296297
42 0.005192299999999983 1 2 0.28187919463087246 0.6363636363636364
43 0.005258900000000011 1 2 0.28859060402684567 0.6430976430976431
44 0.005028699999999997 1 0 0.2953020134228188 0.6430976430976431
45 0.005267799999999989 1 2 0.30201342281879195 0.6498316498316499
46 0.003666999999999976 1 1 0.3087248322147651 0.6531986531986532
47 0.0036842000000000263 1 1 0.31543624161073824 0.6565656565656566
48 0.003722499999999962 1 0 0.3221476510067114 0.6565656565656566
49 0.003944999999999976 1 1 0.3288590604026846 0.6599326599326599
50 0.004203300000000021 1 2 0.33557046979865773 0.6666666666666666
51 0.003778199999999954 1 1 0.3422818791946309 0.67003367003367
52 0.0037791999999999826 1 0 0.348993288590604 0.67003367003367
53 0.003783800000000004 1 2 0.35570469798657717 0.6767676767676768
54 0.0038373000000000435 1 0 0.3624161073825503 0.6767676767676768
55 0.003927000000000014 1 1 0.3691275167785235 0.6801346801346801
56 0.003921100000000011 1 0 0.37583892617449666 0.6801346801346801
57 0.0040192000000000005 1 2 0.3825503355704698 0.6868686868686869
58 0.003834499999999963 1 0 0.38926174496644295 0.6868686868686869
59 0.0039903999999999495 1 2 0.3959731543624161 0.6936026936026936
60 0.003993399999999925 1 1 0.40268456375838924 0.696969696969697
61 0.0039439 1 0 0.40939597315436244 0.696969696969697
62 0.004288100000000017 1 1 0.4161073825503356 0.7003367003367004
63 0.004348899999999989 1 2 0.4228187919463087 0.7070707070707071
64 0.004376099999999994 1 0 0.42953020134228187 0.7070707070707071
65 0.004482999999999904 1 2 0.436241610738255 0.7138047138047138
66 0.004284399999999966 1 2 0.4429530201342282 0.7205387205387206
67 0.008513299999999946 1 0 0.44966442953020136 0.7205387205387206
68 0.004532100000000039 1 0 0.4563758389261745 0.7205387205387206
69 0.004084400000000099 1 1 0.46308724832214765 0.7239057239057239
70 0.004444499999999962 1 1 0.4697986577181208 0.7272727272727273
71 0.004520300000000033 1 1 0.47651006711409394 0.7306397306397306
72 0.0041655999999999915 1 3 0.48322147651006714 0.7407407407407407
73 0.00431719999999991 1 1 0.4899328859060403 0.7441077441077442
74 0.004286299999999965 1 0 0.4966442953020134 0.7441077441077442
75 0.004215100000000027 1 2 0.5033557046979866 0.7508417508417509
76 0.004171799999999948 1 1 0.5100671140939598 0.7542087542087542
77 0.004107500000000042 1 1 0.5167785234899329 0.7575757575757576
78 0.004225400000000046 1 1 0.5234899328859061 0.7609427609427609
79 0.0041152000000000966 1 1 0.5302013422818792 0.7643097643097643
80 0.004162599999999905 1 1 0.5369127516778524 0.7676767676767676
81 0.004232300000000078 1 0 0.5436241610738255 0.7676767676767676
82 0.004138700000000051 1 1 0.5503355704697986 0.7710437710437711
83 0.004298099999999971 1 1 0.5570469798657718 0.7744107744107744
84 0.004610299999999956 1 2 0.5637583892617449 0.7811447811447811
85 0.004415900000000028 1 1 0.5704697986577181 0.7845117845117845
86 0.004240299999999975 1 0 0.5771812080536913 0.7845117845117845
87 0.004218200000000061 1 1 0.5838926174496645 0.7878787878787878
88 0.004488200000000053 1 1 0.5906040268456376 0.7912457912457912
89 0.004474700000000054 1 0 0.5973154362416108 0.7912457912457912
90 0.0045048000000000865 1 2 0.6040268456375839 0.797979797979798
91 0.004554900000000028 1 1 0.610738255033557 0.8013468013468014
92 0.004664999999999919 1 0 0.6174496644295302 0.8013468013468014
93 0.004456400000000027 1 2 0.6241610738255033 0.8080808080808081
94 0.0044687999999999395 1 0 0.6308724832214765 0.8080808080808081
95 0.004365700000000028 1 1 0.6375838926174496 0.8114478114478114
96 0.00441720000000001 1 2 0.6442953020134228 0.8181818181818182
97 0.00440700000000005 1 1 0.6510067114093959 0.8215488215488216
98 0.004967100000000002 1 1 0.6577181208053692 0.8249158249158249
99 0.005265599999999981 1 2 0.6644295302013423 0.8316498316498316
100 0.0045991999999999145 1 1 0.6711409395973155 0.835016835016835
101 0.004508399999999968 1 0 0.6778523489932886 0.835016835016835
102 0.0045199999999999685 1 1 0.6845637583892618 0.8383838383838383
103 0.004492900000000022 1 1 0.6912751677852349 0.8417508417508418
104 0.004901099999999992 1 2 0.697986577181208 0.8484848484848485
105 0.0047968000000000455 1 1 0.7046979865771812 0.8518518518518519
106 0.0045104000000000255 1 0 0.7114093959731543 0.8518518518518519
107 0.004678100000000018 1 1 0.7181208053691275 0.8552188552188552
108 0.004811400000000021 1 1 0.7248322147651006 0.8585858585858586
109 0.00451160000000006 1 1 0.7315436241610739 0.8619528619528619
110 0.005193499999999962 1 1 0.738255033557047 0.8653198653198653
111 0.004835400000000045 1 2 0.7449664429530202 0.8720538720538721
112 0.004813500000000026 1 1 0.7516778523489933 0.8754208754208754
113 0.004785199999999934 1 1 0.7583892617449665 0.8787878787878788
114 0.004653099999999966 1 0 0.7651006711409396 0.8787878787878788
115 0.004906900000000047 1 1 0.7718120805369127 0.8821548821548821
116 0.004830700000000077 1 1 0.7785234899328859 0.8855218855218855
117 0.005272500000000013 1 2 0.785234899328859 0.8922558922558923
118 0.005309299999999961 1 0 0.7919463087248322 0.8922558922558923
119 0.0048055999999999655 1 1 0.7986577181208053 0.8956228956228957
120 0.00500899999999993 1 0 0.8053691275167785 0.8956228956228957
121 0.0052515000000000756 1 3 0.8120805369127517 0.9057239057239057
122 0.004974099999999981 1 0 0.8187919463087249 0.9057239057239057
123 0.004850299999999974 1 2 0.825503355704698 0.9124579124579124
124 0.0049687999999999954 1 1 0.8322147651006712 0.9158249158249159
125 0.0049143999999999854 1 0 0.8389261744966443 0.9158249158249159
126 0.005420399999999992 1 0 0.8456375838926175 0.9158249158249159
127 0.0048871999999999804 1 1 0.8523489932885906 0.9191919191919192
128 0.005051199999999922 1 0 0.8590604026845637 0.9191919191919192
129 0.005181500000000061 1 1 0.8657718120805369 0.9225589225589226
130 0.005153199999999969 1 1 0.87248322147651 0.9259259259259259
131 0.004971900000000029 1 1 0.8791946308724832 0.9292929292929293
132 0.005330400000000068 1 2 0.8859060402684564 0.936026936026936
133 0.005336400000000019 1 2 0.8926174496644296 0.9427609427609428
134 0.0052098999999999895 1 0 0.8993288590604027 0.9427609427609428
135 0.005518999999999941 1 1 0.9060402684563759 0.9461279461279462
136 0.0053018999999999705 1 0 0.912751677852349 0.9461279461279462
137 0.0050738999999999645 1 1 0.9194630872483222 0.9494949494949495
138 0.005157199999999973 1 2 0.9261744966442953 0.9562289562289562
139 0.005308800000000002 1 1 0.9328859060402684 0.9595959595959596
140 0.00559300000000007 1 2 0.9395973154362416 0.9663299663299664
141 0.00575480000000006 1 1 0.9463087248322147 0.9696969696969697
142 0.005267199999999916 1 1 0.9530201342281879 0.9730639730639731
143 0.005244200000000032 1 0 0.959731543624161 0.9730639730639731
144 0.005331300000000039 1 2 0.9664429530201343 0.9797979797979798
145 0.005559100000000039 1 1 0.9731543624161074 0.9831649831649831
146 0.005708700000000011 1 0 0.9798657718120806 0.9831649831649831
147 0.005694099999999924 1 3 0.9865771812080537 0.9932659932659933
148 0.005872400000000111 1 0 0.9932885906040269 0.9932659932659933
149 0.005182600000000148 1 1 1.0 0.9966329966329966
150 0.005379800000000046 0 0 1.0 0.9966329966329966
151 0.005582199999999871 0 0 1.0 0.9966329966329966
152 0.005302199999999813 0 0 1.0 0.9966329966329966
153 0.005491600000000041 0 0 1.0 0.9966329966329966
154 0.005857699999999966 0 0 1.0 0.9966329966329966
155 0.00576869999999996 0 0 1.0 0.9966329966329966
156 0.00543490000000002 0 1 1.0 1.0
