140 0.4 1.0
1 0.002851500000000007 1 0 0.007194244604316547 0.5018050541516246
2 0.00283810000000001 0 0 0.007194244604316547 0.5018050541516246
3 0.0026661000000000046 0 0 0.007194244604316547 0.5018050541516246
4 0.002701000000000009 1 1 0.014388489208633094 0.5054151624548736
5 0.0026213000000000486 0 0 0.014388489208633094 0.5054151624548736
6 0.002670700000000026 0 0 0.014388489208633094 0.5054151624548736
7 0.003758600000000001 1 1 0.02158273381294964 0.5090252707581228
8 0.003141700000000025 1 1 0.02877697841726619 0.5126353790613718
9 0.0029080000000000217 0 0 0.02877697841726619 0.5126353790613718
10 0.002755599999999969 0 0 0.02877697841726619 0.5126353790613718
11 0.003023600000000015 0 0 0.02877697841726619 0.5126353790613718
12 0.0027097999999999844 1 1 0.03597122302158273 0.516245487364621
13 0.002777799999999997 0 0 0.03597122302158273 0.516245487364621
14 0.0028026999999999913 1 1 0.04316546762589928 0.51985559566787
15 0.002778500000000017 1 1 0.050359712230215826 0.5234657039711191
16 0.003022799999999992 0 0 0.050359712230215826 0.5234657039711191
17 0.005994300000000008 0 0 0.050359712230215826 0.5234657039711191
18 0.0034720000000000306 1 1 0.05755395683453238 0.5270758122743683
19 0.002900299999999967 1 1 0.06474820143884892 0.5306859205776173
20 0.0029364000000000057 1 1 0.07194244604316546 0.5342960288808665
21 0.0029418999999999973 0 0 0.07194244604316546 0.5342960288808665
22 0.003092399999999995 0 0 0.07194244604316546 0.5342960288808665
23 0.002826200000000001 1 1 0.07913669064748201 0.5379061371841155
24 0.002967899999999968 1 1 0.08633093525179857 0.5415162454873647
25 0.0029556000000000027 1 1 0.09352517985611511 0.5451263537906137
26 0.002850000000000019 1 1 0.10071942446043165 0.5487364620938628
27 0.0029376999999999875 0 0 0.10071942446043165 0.5487364620938628
28 0.003171299999999988 1 1 0.1079136690647482 0.5523465703971119
29 0.0028888000000000247 0 0 0.1079136690647482 0.5523465703971119
30 0.0031287000000000398 1 1 0.11510791366906475 0.555956678700361
31 0.0028812999999999755 0 0 0.11510791366906475 0.555956678700361
32 0.0028187000000000073 0 0 0.11510791366906475 0.555956678700361
33 0.0029753999999999614 0 0 0.11510791366906475 0.555956678700361
34 0.002918299999999985 1 1 0.1223021582733813 0.5595667870036101
35 0.0028177999999999814 0 0 0.1223021582733813 0.5595667870036101
36 0.0028321999999999514 0 0 0.1223021582733813 0.5595667870036101
37 0.0031819000000000153 1 1 0.12949640287769784 0.5631768953068592
38 0.0032803000000000138 1 1 0.1366906474820144 0.5667870036101083
39 0.0032254999999999923 0 0 0.1366906474820144 0.5667870036101083
40 0.00289619999999996 1 1 0.14388489208633093 0.5703971119133574
41 0.0029165999999999914 0 0 0.14388489208633093 0.5703971119133574
42 0.002805000000000002 0 0 0.14388489208633093 0.5703971119133574
43 0.002897099999999986 0 0 0.14388489208633093 0.5703971119133574
44 0.0029330999999999663 1 1 0.1510791366906475 0.5740072202166066
45 0.002908299999999975 0 0 0.1510791366906475 0.5740072202166066
46 0.0030438999999999883 0 0 0.1510791366906475 0.5740072202166066
47 0.002863300000000013 0 0 0.1510791366906475 0.5740072202166066
48 0.0029528999999999805 1 1 0.15827338129496402 0.5776173285198556
49 0.0028651000000000093 1 1 0.16546762589928057 0.5812274368231047
50 0.0029789000000000065 0 0 0.16546762589928057 0.5812274368231047
51 0.0028490999999999933 0 0 0.16546762589928057 0.5812274368231047
52 0.002994400000000008 1 1 0.17266187050359713 0.5848375451263538
53 0.0028833999999999804 0 0 0.17266187050359713 0.5848375451263538
54 0.003073400000000004 0 0 0.17266187050359713 0.5848375451263538
55 0.003244600000000042 0 0 0.17266187050359713 0.5848375451263538
56 0.003012099999999962 0 0 0.17266187050359713 0.5848375451263538
57 0.002952399999999966 1 1 0.17985611510791366 0.5884476534296029
58 0.002973500000000018 0 0 0.17985611510791366 0.5884476534296029
59 0.002910600000000041 1 1 0.18705035971223022 0.592057761732852
60 0.003093599999999974 1 1 0.19424460431654678 0.5956678700361011
61 0.0029517000000000015 0 0 0.19424460431654678 0.5956678700361011
62 0.00297639999999999 0 0 0.19424460431654678 0.5956678700361011
63 0.0032186000000000714 1 1 0.2014388489208633 0.5992779783393501
64 0.003530000000000033 1 1 0.20863309352517986 0.6028880866425993
65 0.002979300000000018 1 1 0.2158273381294964 0.6064981949458483
66 0.0032819000000000598 0 0 0.2158273381294964 0.6064981949458483
67 0.0029888000000000137 0 0 0.2158273381294964 0.6064981949458483
68 0.002947500000000103 0 0 0.2158273381294964 0.6064981949458483
69 0.0029730999999999508 1 1 0.22302158273381295 0.6101083032490975
70 0.0033303000000000083 1 1 0.2302158273381295 0.6137184115523465
71 0.00299130000000003 0 0 0.2302158273381295 0.6137184115523465
72 0.003295599999999954 1 1 0.23741007194244604 0.6173285198555957
73 0.0031927999999999956 0 0 0.23741007194244604 0.6173285198555957
74 0.003226500000000021 1 1 0.2446043165467626 0.6209386281588448
75 0.0034343999999999486 1 1 0.2517985611510791 0.6245487364620939
76 0.0031491000000000158 1 1 0.2589928057553957 0.628158844765343
77 0.0034403000000000628 1 1 0.26618705035971224 0.631768953068592
78 0.003107500000000041 1 1 0.2733812949640288 0.6353790613718412
79 0.0032320000000000126 1 1 0.2805755395683453 0.6389891696750902
80 0.0031347000000000458 1 1 0.28776978417266186 0.6425992779783394
81 0.0030533000000000365 0 0 0.28776978417266186 0.6425992779783394
82 0.0030890999999999558 1 1 0.2949640287769784 0.6462093862815884
83 0.0031487000000000043 0 0 0.2949640287769784 0.6462093862815884
84 0.0031695000000000473 1 1 0.302158273381295 0.6498194945848376
85 0.0031529999999999614 1 1 0.30935251798561153 0.6534296028880866
86 0.0032366999999999813 0 0 0.30935251798561153 0.6534296028880866
87 0.0031520000000000437 1 1 0.31654676258992803 0.6570397111913358
88 0.0033058999999999727 1 1 0.3237410071942446 0.6606498194945848
89 0.0033379000000000048 0 0 0.3237410071942446 0.6606498194945848
90 0.0032887000000000333 1 1 0.33093525179856115 0.6642599277978339
91 0.0031711000000000933 1 1 0.3381294964028777 0.6678700361010831
92 0.0032466999999999357 0 0 0.3381294964028777 0.6678700361010831
93 0.0035243000000000357 1 1 0.34532374100719426 0.6714801444043321
94 0.0032872000000000456 1 1 0.35251798561151076 0.6750902527075813
95 0.0031512000000000207 1 1 0.3597122302158273 0.6787003610108303
96 0.003376900000000016 1 1 0.3669064748201439 0.6823104693140795
97 0.003186000000000022 0 0 0.3669064748201439 0.6823104693140795
98 0.0032626000000000044 0 0 0.3669064748201439 0.6823104693140795
99 0.0032013000000000735 1 1 0.37410071942446044 0.6859205776173285
100 0.0033772999999999165 1 1 0.381294964028777 0.6895306859205776
101 0.0032581000000000415 1 1 0.38848920863309355 0.6931407942238267
102 0.0032601999999999354 0 0 0.38848920863309355 0.6931407942238267
103 0.0035215000000000662 0 0 0.38848920863309355 0.6931407942238267
104 0.0032594999999999708 1 1 0.39568345323741005 0.6967509025270758
105 0.0033743000000000523 0 0 0.39568345323741005 0.6967509025270758
106 0.0035591000000000372 0 0 0.39568345323741005 0.6967509025270758
107 0.003555799999999998 0 0 0.39568345323741005 0.6967509025270758
108 0.0036500999999999895 1 1 0.4028776978417266 0.7003610108303249
109 0.0034665999999999864 0 0 0.4028776978417266 0.7003610108303249
110 0.0032801999999999554 1 1 0.41007194244604317 0.703971119133574
111 0.00349480000000002 0 0 0.41007194244604317 0.703971119133574
112 0.0036735999999999436 0 0 0.41007194244604317 0.703971119133574
113 0.0033733000000000235 0 0 0.41007194244604317 0.703971119133574
114 0.003596399999999944 0 0 0.41007194244604317 0.703971119133574
115 0.003338799999999975 0 0 0.41007194244604317 0.703971119133574
116 0.0036359999999999726 1 1 0.4172661870503597 0.7075812274368231
117 0.0036479000000000372 0 0 0.4172661870503597 0.7075812274368231
118 0.0034485000000000765 0 0 0.4172661870503597 0.7075812274368231
119 0.0034788999999999515 0 0 0.4172661870503597 0.7075812274368231
120 0.0035154000000000574 1 1 0.4244604316546763 0.7111913357400722
121 0.0037575000000000802 0 0 0.4244604316546763 0.7111913357400722
122 0.003558000000000061 0 0 0.4244604316546763 0.7111913357400722
123 0.0034534999999999982 1 1 0.4316546762589928 0.7148014440433214
124 0.003774499999999903 1 1 0.43884892086330934 0.7184115523465704
125 0.003726999999999925 0 0 0.43884892086330934 0.7184115523465704
126 0.0035623000000000182 0 0 0.43884892086330934 0.7184115523465704
127 0.003605199999999975 0 0 0.43884892086330934 0.7184115523465704
128 0.00379980000000002 0 0 0.43884892086330934 0.7184115523465704
129 0.0037641999999999953 1 1 0.4460431654676259 0.7220216606498195
130 0.003720399999999957 1 1 0.45323741007194246 0.7256317689530686
131 0.0036914999999999587 0 0 0.45323741007194246 0.7256317689530686
132 0.003689700000000018 0 0 0.45323741007194246 0.7256317689530686
133 0.003789199999999937 0 0 0.45323741007194246 0.7256317689530686
134 0.0034817999999999794 1 1 0.460431654676259 0.7292418772563177
135 0.0033088000000000006 1 1 0.4676258992805755 0.7328519855595668
136 0.0036019000000000467 0 0 0.4676258992805755 0.7328519855595668
137 0.003787899999999955 0 0 0.4676258992805755 0.7328519855595668
138 0.00345849999999992 0 0 0.4676258992805755 0.7328519855595668
139 0.0036596999999999325 1 1 0.4748201438848921 0.7364620938628159
140 0.003391299999999986 1 1 0.48201438848920863 0.740072202166065
141 0.0035819000000000267 0 0 0.48201438848920863 0.740072202166065
142 0.0036034000000000344 1 1 0.4892086330935252 0.7436823104693141
143 0.0035218999999999667 1 1 0.49640287769784175 0.7472924187725631
144 0.003986600000000062 1 1 0.5035971223021583 0.7509025270758123
145 0.0034446999999999672 0 0 0.5035971223021583 0.7509025270758123
146 0.003808399999999934 1 1 0.5107913669064749 0.7545126353790613
147 0.0038723000000000507 1 1 0.5179856115107914 0.7581227436823105
148 0.0037560000000000926 0 0 0.5179856115107914 0.7581227436823105
149 0.0036809999999999343 1 1 0.5251798561151079 0.7617328519855595
150 0.0036640000000000006 1 1 0.5323741007194245 0.7653429602888087
151 0.004125500000000004 0 0 0.5323741007194245 0.7653429602888087
152 0.0035431000000000212 0 0 0.5323741007194245 0.7653429602888087
153 0.003609700000000049 1 1 0.539568345323741 0.7689530685920578
154 0.003625499999999948 1 1 0.5467625899280576 0.7725631768953068
155 0.0038044999999999884 1 1 0.5539568345323741 0.776173285198556
156 0.0040559999999999485 1 1 0.5611510791366906 0.779783393501805
157 0.0035735000000000072 0 0 0.5611510791366906 0.779783393501805
158 0.003977699999999973 0 0 0.5611510791366906 0.779783393501805
159 0.004096199999999994 1 1 0.5683453237410072 0.7833935018050542
160 0.0040000000000000036 0 0 0.5683453237410072 0.7833935018050542
161 0.003949600000000109 0 0 0.5683453237410072 0.7833935018050542
162 0.0038877000000000494 0 0 0.5683453237410072 0.7833935018050542
163 0.003909199999999946 0 0 0.5683453237410072 0.7833935018050542
164 0.0041535999999999795 1 1 0.5755395683453237 0.7870036101083032
165 0.004062499999999969 0 0 0.5755395683453237 0.7870036101083032
166 0.0039848000000000106 0 0 0.5755395683453237 0.7870036101083032
167 0.0036864000000000896 0 0 0.5755395683453237 0.7870036101083032
168 0.004123800000000011 1 1 0.5827338129496403 0.7906137184115524
169 0.00406289999999998 0 0 0.5827338129496403 0.7906137184115524
170 0.003991500000000037 0 0 0.5827338129496403 0.7906137184115524
171 0.0040464000000000055 0 0 0.5827338129496403 0.7906137184115524
172 0.003792600000000035 0 0 0.5827338129496403 0.7906137184115524
173 0.003788699999999978 0 0 0.5827338129496403 0.7906137184115524
174 0.003556600000000021 0 0 0.5827338129496403 0.7906137184115524
175 0.0038330999999999227 1 1 0.5899280575539568 0.7942238267148014
176 0.0036009999999999653 1 1 0.5971223021582733 0.7978339350180506
177 0.0036079999999999446 0 0 0.5971223021582733 0.7978339350180506
178 0.0035708999999999325 0 0 0.5971223021582733 0.7978339350180506
179 0.0036778000000000644 1 1 0.60431654676259 0.8014440433212996
180 0.0038065999999999933 1 1 0.6115107913669064 0.8050541516245487
181 0.0036882999999999777 1 1 0.6187050359712231 0.8086642599277978
182 0.003661200000000031 0 0 0.6187050359712231 0.8086642599277978
183 0.0035948999999999565 0 0 0.6187050359712231 0.8086642599277978
184 0.003750000000000031 0 0 0.6187050359712231 0.8086642599277978
185 0.003636899999999943 0 0 0.6187050359712231 0.8086642599277978
186 0.0038196999999999814 0 0 0.6187050359712231 0.8086642599277978
187 0.003673700000000002 0 0 0.6187050359712231 0.8086642599277978
188 0.0036355000000000137 0 0 0.6187050359712231 0.8086642599277978
189 0.0036036999999999875 0 0 0.6187050359712231 0.8086642599277978
190 0.003686999999999996 1 1 0.6258992805755396 0.8122743682310469
191 0.003643899999999922 0 0 0.6258992805755396 0.8122743682310469
192 0.0036242999999999137 1 1 0.6330935251798561 0.8158844765342961
193 0.0037144000000001176 1 1 0.6402877697841727 0.8194945848375451
194 0.003867000000000065 0 0 0.6402877697841727 0.8194945848375451
195 0.0036320000000000796 1 1 0.6474820143884892 0.8231046931407943
196 0.004055599999999826 1 1 0.6546762589928058 0.8267148014440433
197 0.00373240000000008 0 0 0.6546762589928058 0.8267148014440433
198 0.0038396999999998904 1 1 0.6618705035971223 0.8303249097472925
199 0.003773999999999944 1 1 0.6690647482014388 0.8339350180505415
200 0.003811100000000067 1 1 0.6762589928057554 0.8375451263537906
201 0.0039000000000000146 1 1 0.6834532374100719 0.8411552346570397
202 0.003810000000000091 1 1 0.6906474820143885 0.8447653429602888
203 0.0037930999999999937 0 0 0.6906474820143885 0.8447653429602888
204 0.003921499999999911 0 0 0.6906474820143885 0.8447653429602888
205 0.0037401999999999713 1 1 0.697841726618705 0.8483754512635379
206 0.003891599999999995 1 1 0.7050359712230215 0.851985559566787
207 0.0038419000000000647 0 0 0.7050359712230215 0.851985559566787
208 0.0038633999999999613 1 1 0.7122302158273381 0.855595667870036
209 0.003799099999999944 1 1 0.7194244604316546 0.8592057761732852
210 0.003766799999999959 0 0 0.7194244604316546 0.8592057761732852
211 0.0040269000000001665 0 0 0.7194244604316546 0.8592057761732852
212 0.003908399999999812 0 0 0.7194244604316546 0.8592057761732852
213 0.003710199999999997 1 1 0.7266187050359713 0.8628158844765343
214 0.004019100000000053 1 1 0.7338129496402878 0.8664259927797834
215 0.003857500000000069 0 0 0.7338129496402878 0.8664259927797834
216 0.0038713999999999693 0 0 0.7338129496402878 0.8664259927797834
217 0.00410670000000013 0 0 0.7338129496402878 0.8664259927797834
218 0.0038727999999998985 1 1 0.7410071942446043 0.8700361010830325
219 0.003878999999999966 0 0 0.7410071942446043 0.8700361010830325
220 0.004180700000000037 0 0 0.7410071942446043 0.8700361010830325
221 0.0038805000000001755 1 1 0.7482014388489209 0.8736462093862816
222 0.0039051000000001057 0 0 0.7482014388489209 0.8736462093862816
223 0.003794499999999923 0 0 0.7482014388489209 0.8736462093862816
224 0.0038257999999999903 1 1 0.7553956834532374 0.8772563176895307
225 0.00398670000000001 0 0 0.7553956834532374 0.8772563176895307
226 0.0038714000000001914 1 1 0.762589928057554 0.8808664259927798
227 0.003868399999999994 1 1 0.7697841726618705 0.8844765342960289
228 0.0038561999999999763 0 0 0.7697841726618705 0.8844765342960289
229 0.003837400000000102 1 1 0.7769784172661871 0.8880866425992779
230 0.004062099999999846 0 0 0.7769784172661871 0.8880866425992779
231 0.003843100000000099 1 1 0.7841726618705036 0.8916967509025271
232 0.004043499999999867 0 0 0.7841726618705036 0.8916967509025271
233 0.00429069999999987 0 0 0.7841726618705036 0.8916967509025271
234 0.003930699999999954 1 1 0.7913669064748201 0.8953068592057761
235 0.003838000000000008 0 0 0.7913669064748201 0.8953068592057761
236 0.004053900000000166 0 0 0.7913669064748201 0.8953068592057761
237 0.004075000000000051 1 1 0.7985611510791367 0.8989169675090253
238 0.003824899999999909 0 0 0.7985611510791367 0.8989169675090253
239 0.00410149999999998 0 0 0.7985611510791367 0.8989169675090253
240 0.003822200000000109 0 0 0.7985611510791367 0.8989169675090253
241 0.0039027000000000367 0 0 0.7985611510791367 0.8989169675090253
242 0.004366199999999987 1 1 0.8057553956834532 0.9025270758122743
243 0.004311399999999965 0 0 0.8057553956834532 0.9025270758122743
244 0.004563600000000001 0 0 0.8057553956834532 0.9025270758122743
245 0.004041999999999879 1 1 0.8129496402877698 0.9061371841155235
246 0.004023799999999911 1 1 0.8201438848920863 0.9097472924187726
247 0.00415539999999992 0 0 0.8201438848920863 0.9097472924187726
248 0.004095799999999983 0 0 0.8201438848920863 0.9097472924187726
249 0.003976399999999991 0 0 0.8201438848920863 0.9097472924187726
250 0.0042775999999999925 0 0 0.8201438848920863 0.9097472924187726
251 0.004129899999999909 0 0 0.8201438848920863 0.9097472924187726
252 0.00388860000000002 1 1 0.8273381294964028 0.9133574007220217
253 0.003987500000000033 1 1 0.8345323741007195 0.9169675090252708
254 0.004094299999999995 0 0 0.8345323741007195 0.9169675090252708
255 0.0038539000000001877 0 0 0.8345323741007195 0.9169675090252708
256 0.003984599999999894 0 0 0.8345323741007195 0.9169675090252708
257 0.004081400000000013 0 0 0.8345323741007195 0.9169675090252708
258 0.003891899999999948 0 0 0.8345323741007195 0.9169675090252708
259 0.0058338 0 0 0.8345323741007195 0.9169675090252708
260 0.003908299999999976 1 1 0.841726618705036 0.9205776173285198
261 0.0040607999999999755 0 0 0.841726618705036 0.9205776173285198
262 0.004103900000000049 0 0 0.841726618705036 0.9205776173285198
263 0.004133100000000001 0 0 0.841726618705036 0.9205776173285198
264 0.004338500000000023 1 1 0.8489208633093526 0.924187725631769
265 0.003977800000000142 1 1 0.8561151079136691 0.927797833935018
266 0.003941700000000159 0 0 0.8561151079136691 0.927797833935018
267 0.00386949999999997 0 0 0.8561151079136691 0.927797833935018
268 0.004059800000000058 1 1 0.8633093525179856 0.9314079422382672
269 0.004188199999999975 1 1 0.8705035971223022 0.9350180505415162
270 0.004329100000000086 1 1 0.8776978417266187 0.9386281588447654
271 0.004281399999999991 1 1 0.8848920863309353 0.9422382671480144
272 0.004032599999999942 0 0 0.8848920863309353 0.9422382671480144
273 0.004123899999999958 0 0 0.8848920863309353 0.9422382671480144
274 0.004176500000000027 0 0 0.8848920863309353 0.9422382671480144
275 0.00400059999999991 0 0 0.8848920863309353 0.9422382671480144
276 0.007611100000000093 0 0 0.8848920863309353 0.9422382671480144
277 0.0041285000000002015 0 0 0.8848920863309353 0.9422382671480144
278 0.0041031999999998625 1 1 0.8920863309352518 0.9458483754512635
279 0.004086899999999893 0 0 0.8920863309352518 0.9458483754512635
280 0.004137900000000139 0 0 0.8920863309352518 0.9458483754512635
281 0.0040375999999999745 0 0 0.8920863309352518 0.9458483754512635
282 0.00422049999999996 0 0 0.8920863309352518 0.9458483754512635
283 0.004067299999999996 0 0 0.8920863309352518 0.9458483754512635
284 0.004299000000000053 0 0 0.8920863309352518 0.9458483754512635
285 0.00439949999999989 1 1 0.8992805755395683 0.9494584837545126
286 0.004059799999999836 1 1 0.9064748201438849 0.9530685920577617
287 0.004266300000000056 1 1 0.9136690647482014 0.9566787003610109
288 0.004057100000000036 0 0 0.9136690647482014 0.9566787003610109
289 0.004263300000000081 1 1 0.920863309352518 0.9602888086642599
290 0.00465570000000004 0 0 0.920863309352518 0.9602888086642599
291 0.004131899999999966 1 1 0.9280575539568345 0.9638989169675091
292 0.004419900000000032 0 0 0.9280575539568345 0.9638989169675091
293 0.004217799999999938 0 0 0.9280575539568345 0.9638989169675091
294 0.004092200000000101 0 0 0.9280575539568345 0.9638989169675091
295 0.004176500000000027 1 1 0.935251798561151 0.9675090252707581
296 0.004220899999999972 1 1 0.9424460431654677 0.9711191335740073
297 0.004325099999999971 0 0 0.9424460431654677 0.9711191335740073
298 0.004791899999999849 1 1 0.9496402877697842 0.9747292418772563
299 0.004579499999999959 0 0 0.9496402877697842 0.9747292418772563
300 0.004412300000000036 0 0 0.9496402877697842 0.9747292418772563
301 0.004435500000000037 0 0 0.9496402877697842 0.9747292418772563
302 0.004459400000000002 1 1 0.9568345323741008 0.9783393501805054
303 0.004249100000000006 0 0 0.9568345323741008 0.9783393501805054
304 0.004271399999999925 0 0 0.9568345323741008 0.9783393501805054
305 0.004268300000000114 0 0 0.9568345323741008 0.9783393501805054
306 0.0045383999999999425 0 0 0.9568345323741008 0.9783393501805054
307 0.004239700000000068 1 1 0.9640287769784173 0.9819494584837545
308 0.004404199999999969 0 0 0.9640287769784173 0.9819494584837545
309 0.004137000000000057 0 0 0.9640287769784173 0.9819494584837545
310 0.004225399999999935 0 0 0.9640287769784173 0.9819494584837545
311 0.004338100000000011 1 1 0.9712230215827338 0.9855595667870036
312 0.004579500000000181 1 1 0.9784172661870504 0.9891696750902527
313 0.00445669999999998 1 1 0.9856115107913669 0.9927797833935018
314 0.00428699999999993 1 1 0.9928057553956835 0.9963898916967509
315 0.004499099999999867 0 0 0.9928057553956835 0.9963898916967509
316 0.004400699999999924 1 1 1.0 1.0
