25 1.0 1.0
1 0.0008168000000000064 1 0 0.041666666666666664 0.5106382978723404
2 0.0007388999999999868 1 1 0.08333333333333333 0.5319148936170213
3 0.0006213999999999942 1 1 0.125 0.5531914893617021
4 0.0008159000000000083 1 1 0.16666666666666666 0.574468085106383
5 0.0006104000000000109 1 1 0.20833333333333334 0.5957446808510638
6 0.0005981999999999932 1 1 0.25 0.6170212765957447
7 0.0009204999999999908 1 1 0.2916666666666667 0.6382978723404256
8 0.0014615000000000045 1 1 0.3333333333333333 0.6595744680851063
9 0.0009673000000000043 1 1 0.375 0.6808510638297872
10 0.0011011999999999966 1 1 0.4166666666666667 0.7021276595744681
11 0.0007987000000000133 1 1 0.4583333333333333 0.723404255319149
12 0.0009441999999999784 1 1 0.5 0.7446808510638298
13 0.0007784999999999875 1 1 0.5416666666666666 0.7659574468085106
14 0.0007865999999999984 1 1 0.5833333333333334 0.7872340425531915
15 0.0008776000000000062 1 1 0.625 0.8085106382978723
16 0.0008639000000000008 1 1 0.6666666666666666 0.8297872340425532
17 0.0009911999999999976 1 1 0.7083333333333334 0.851063829787234
18 0.0008637999999999979 1 1 0.75 0.8723404255319149
19 0.0012814000000000159 1 1 0.7916666666666666 0.8936170212765957
20 0.0010954999999999993 1 1 0.8333333333333334 0.9148936170212766
21 0.0010121000000000158 1 1 0.875 0.9361702127659575
22 0.0012555999999999956 1 1 0.9166666666666666 0.9574468085106383
23 0.0013022999999999785 1 1 0.9583333333333334 0.9787234042553191
24 0.0009921999999999986 1 1 1.0 1.0
