160 0.5 0.4
1 0.0032514000000000154 1 0 0.006289308176100629 0.501577287066246
2 0.0030456999999999845 0 0 0.006289308176100629 0.501577287066246
3 0.0030576999999999965 0 0 0.006289308176100629 0.501577287066246
4 0.0031574999999999798 0 0 0.006289308176100629 0.501577287066246
5 0.0034806000000000004 0 0 0.006289308176100629 0.501577287066246
6 0.0032959000000000183 1 0 0.012578616352201259 0.501577287066246
7 0.0033320000000000016 1 2 0.018867924528301886 0.5078864353312302
8 0.0032168000000000196 0 0 0.018867924528301886 0.5078864353312302
9 0.003495399999999982 1 1 0.025157232704402517 0.5110410094637224
10 0.0033058999999999727 0 0 0.025157232704402517 0.5110410094637224
11 0.003476199999999985 1 0 0.031446540880503145 0.5110410094637224
12 0.0033310999999999757 0 0 0.031446540880503145 0.5110410094637224
13 0.014631800000000084 0 0 0.031446540880503145 0.5110410094637224
14 0.007937400000000094 1 1 0.03773584905660377 0.5141955835962145
15 0.005774500000000016 1 2 0.0440251572327044 0.5205047318611987
16 0.0046224000000000265 1 0 0.050314465408805034 0.5205047318611987
17 0.004117099999999985 1 0 0.05660377358490566 0.5205047318611987
18 0.00379419999999997 0 1 0.05660377358490566 0.5236593059936908
19 0.003571099999999938 1 1 0.06289308176100629 0.526813880126183
20 0.0032267000000000268 0 0 0.06289308176100629 0.526813880126183
21 0.0032018000000000324 1 1 0.06918238993710692 0.5299684542586751
22 0.0032233999999999874 0 1 0.06918238993710692 0.5331230283911672
23 0.0031392000000000087 0 0 0.06918238993710692 0.5331230283911672
24 0.0032786000000000204 0 0 0.06918238993710692 0.5331230283911672
25 0.003488099999999994 0 0 0.06918238993710692 0.5331230283911672
26 0.003206200000000048 1 0 0.07547169811320754 0.5331230283911672
27 0.0033149000000000095 1 1 0.08176100628930817 0.5362776025236593
28 0.003487599999999924 1 0 0.0880503144654088 0.5362776025236593
29 0.0032688000000000716 0 1 0.0880503144654088 0.5394321766561514
30 0.0032851000000000408 0 0 0.0880503144654088 0.5394321766561514
31 0.003276599999999963 0 0 0.0880503144654088 0.5394321766561514
32 0.0032385999999999804 0 0 0.0880503144654088 0.5394321766561514
33 0.0032432000000000016 1 0 0.09433962264150944 0.5394321766561514
34 0.003185699999999958 0 0 0.09433962264150944 0.5394321766561514
35 0.003249700000000022 0 0 0.09433962264150944 0.5394321766561514
36 0.003422499999999995 1 1 0.10062893081761007 0.5425867507886435
37 0.003530200000000039 1 2 0.1069182389937107 0.5488958990536278
38 0.003299599999999958 1 1 0.11320754716981132 0.5520504731861199
39 0.003373700000000035 0 1 0.11320754716981132 0.555205047318612
40 0.003273700000000046 0 0 0.11320754716981132 0.555205047318612
41 0.0032520000000000326 0 0 0.11320754716981132 0.555205047318612
42 0.003779100000000035 1 0 0.11949685534591195 0.555205047318612
43 0.0033316999999999375 0 0 0.11949685534591195 0.555205047318612
44 0.003762999999999961 1 1 0.12578616352201258 0.5583596214511041
45 0.0036003000000000007 1 1 0.1320754716981132 0.5615141955835962
46 0.0036416000000000226 0 0 0.1320754716981132 0.5615141955835962
47 0.0038021000000000305 1 1 0.13836477987421383 0.5646687697160884
48 0.003302499999999986 1 1 0.14465408805031446 0.5678233438485805
49 0.0038154000000000243 0 1 0.14465408805031446 0.5709779179810726
50 0.003391299999999986 1 1 0.1509433962264151 0.5741324921135647
51 0.003912000000000027 1 1 0.15723270440251572 0.5772870662460567
52 0.003576099999999971 0 0 0.15723270440251572 0.5772870662460567
53 0.0034402000000000044 1 0 0.16352201257861634 0.5772870662460567
54 0.003866499999999995 1 1 0.16981132075471697 0.580441640378549
55 0.0035120000000000706 0 0 0.16981132075471697 0.580441640378549
56 0.003875799999999985 1 0 0.1761006289308176 0.580441640378549
57 0.0033628999999999465 1 0 0.18238993710691823 0.580441640378549
58 0.003851099999999996 0 0 0.18238993710691823 0.580441640378549
59 0.003877499999999978 1 2 0.18867924528301888 0.5867507886435331
60 0.003488099999999994 1 3 0.1949685534591195 0.5962145110410094
61 0.0034087000000000423 0 0 0.1949685534591195 0.5962145110410094
62 0.0036092999999999265 0 0 0.1949685534591195 0.5962145110410094
63 0.003896099999999958 0 0 0.1949685534591195 0.5962145110410094
64 0.003891099999999925 1 0 0.20125786163522014 0.5962145110410094
65 0.0036988999999998384 1 0 0.20754716981132076 0.5962145110410094
66 0.003908100000000081 0 0 0.20754716981132076 0.5962145110410094
67 0.0035250000000000004 1 1 0.2138364779874214 0.5993690851735016
68 0.003883099999999917 0 0 0.2138364779874214 0.5993690851735016
69 0.003875300000000026 0 0 0.2138364779874214 0.5993690851735016
70 0.003781699999999999 1 1 0.22012578616352202 0.6025236593059937
71 0.003979500000000025 1 1 0.22641509433962265 0.6056782334384858
72 0.0037194999999998757 0 0 0.22641509433962265 0.6056782334384858
73 0.003895900000000063 0 1 0.22641509433962265 0.6088328075709779
74 0.0038720000000000976 0 0 0.22641509433962265 0.6088328075709779
75 0.0035282999999999287 1 1 0.23270440251572327 0.61198738170347
76 0.003971900000000028 0 1 0.23270440251572327 0.6151419558359621
77 0.003587599999999913 1 0 0.2389937106918239 0.6151419558359621
78 0.0035488000000001296 1 2 0.24528301886792453 0.6214511041009464
79 0.003722800000000026 1 0 0.25157232704402516 0.6214511041009464
80 0.003731599999999835 1 1 0.2578616352201258 0.6246056782334385
81 0.0035826000000001024 0 0 0.2578616352201258 0.6246056782334385
82 0.003679899999999847 1 0 0.2641509433962264 0.6246056782334385
83 0.0036439999999999806 1 2 0.27044025157232704 0.6309148264984227
84 0.003570199999999968 0 1 0.27044025157232704 0.6340694006309149
85 0.0035077000000001135 1 1 0.27672955974842767 0.637223974763407
86 0.00558320000000001 1 0 0.2830188679245283 0.637223974763407
87 0.0037815999999999406 0 0 0.2830188679245283 0.637223974763407
88 0.003937800000000102 1 2 0.2893081761006289 0.6435331230283912
89 0.0038945999999999703 0 0 0.2893081761006289 0.6435331230283912
90 0.003970699999999994 0 0 0.2893081761006289 0.6435331230283912
91 0.004163399999999928 1 0 0.29559748427672955 0.6435331230283912
92 0.003710500000000172 0 0 0.29559748427672955 0.6435331230283912
93 0.00409830000000011 0 0 0.29559748427672955 0.6435331230283912
94 0.0037221000000000615 1 1 0.3018867924528302 0.6466876971608833
95 0.007876299999999947 1 1 0.3081761006289308 0.6498422712933754
96 0.004160400000000175 0 0 0.3081761006289308 0.6498422712933754
97 0.003888699999999856 1 1 0.31446540880503143 0.6529968454258676
98 0.003595800000000038 0 0 0.31446540880503143 0.6529968454258676
99 0.003958999999999824 0 1 0.31446540880503143 0.6561514195583596
100 0.0037456000000000156 0 0 0.31446540880503143 0.6561514195583596
101 0.004060600000000081 0 0 0.31446540880503143 0.6561514195583596
102 0.003947399999999934 1 1 0.32075471698113206 0.6593059936908517
103 0.003779900000000058 1 1 0.3270440251572327 0.6624605678233438
104 0.004037899999999928 1 0 0.3333333333333333 0.6624605678233438
105 0.003722199999999898 1 1 0.33962264150943394 0.6656151419558359
106 0.0036791000000000462 1 1 0.34591194968553457 0.668769716088328
107 0.00368489999999988 0 0 0.34591194968553457 0.668769716088328
108 0.0037209999999998633 0 1 0.34591194968553457 0.6719242902208202
109 0.003619000000000039 0 0 0.34591194968553457 0.6719242902208202
110 0.003769699999999876 0 0 0.34591194968553457 0.6719242902208202
111 0.004136099999999976 1 0 0.3522012578616352 0.6719242902208202
112 0.004207599999999978 1 1 0.3584905660377358 0.6750788643533123
113 0.003860599999999881 1 0 0.36477987421383645 0.6750788643533123
114 0.0037994999999999557 1 0 0.3710691823899371 0.6750788643533123
115 0.003936299999999893 0 1 0.3710691823899371 0.6782334384858044
116 0.003774199999999839 0 0 0.3710691823899371 0.6782334384858044
117 0.004278300000000179 0 1 0.3710691823899371 0.6813880126182965
118 0.003738299999999972 1 1 0.37735849056603776 0.6845425867507886
119 0.004081800000000024 0 1 0.37735849056603776 0.6876971608832808
120 0.0038224000000000036 1 0 0.3836477987421384 0.6876971608832808
121 0.003787100000000043 1 1 0.389937106918239 0.6908517350157729
122 0.003875899999999932 0 1 0.389937106918239 0.694006309148265
123 0.0039016000000000606 1 0 0.39622641509433965 0.694006309148265
124 0.0037617999999999263 1 0 0.4025157232704403 0.694006309148265
125 0.003893499999999994 1 0 0.4088050314465409 0.694006309148265
126 0.003860599999999881 0 0 0.4088050314465409 0.694006309148265
127 0.0037944000000000866 1 2 0.41509433962264153 0.7003154574132492
128 0.0040055999999999425 1 0 0.42138364779874216 0.7003154574132492
129 0.0037036999999999765 0 0 0.42138364779874216 0.7003154574132492
130 0.0037968000000001556 0 0 0.42138364779874216 0.7003154574132492
131 0.0039759999999999796 1 0 0.4276729559748428 0.7003154574132492
132 0.0043135999999999175 0 1 0.4276729559748428 0.7034700315457413
133 0.004292199999999857 0 0 0.4276729559748428 0.7034700315457413
134 0.0040151999999999965 1 1 0.4339622641509434 0.7066246056782335
135 0.0038347000000000797 0 0 0.4339622641509434 0.7066246056782335
136 0.004066099999999961 0 1 0.4339622641509434 0.7097791798107256
137 0.0038944000000000756 1 0 0.44025157232704404 0.7097791798107256
138 0.003816700000000006 1 1 0.44654088050314467 0.7129337539432177
139 0.004277899999999946 0 0 0.44654088050314467 0.7129337539432177
140 0.004008400000000023 0 0 0.44654088050314467 0.7129337539432177
141 0.005768500000000065 0 0 0.44654088050314467 0.7129337539432177
142 0.005719699999999994 0 1 0.44654088050314467 0.7160883280757098
143 0.005610399999999904 1 0 0.4528301886792453 0.7160883280757098
144 0.003939499999999985 1 0 0.4591194968553459 0.7160883280757098
145 0.003928700000000118 0 2 0.4591194968553459 0.722397476340694
146 0.003908299999999976 0 0 0.4591194968553459 0.722397476340694
147 0.003960699999999928 0 0 0.4591194968553459 0.722397476340694
148 0.003951400000000049 0 1 0.4591194968553459 0.7255520504731862
149 0.003999899999999945 1 2 0.46540880503144655 0.7318611987381703
150 0.005885699999999883 1 1 0.4716981132075472 0.7350157728706624
151 0.005882500000000013 1 1 0.4779874213836478 0.7381703470031545
152 0.005730899999999872 1 0 0.48427672955974843 0.7381703470031545
153 0.005662300000000009 0 0 0.48427672955974843 0.7381703470031545
154 0.004112699999999858 0 0 0.48427672955974843 0.7381703470031545
155 0.004120899999999983 0 0 0.48427672955974843 0.7381703470031545
156 0.00443260000000012 0 0 0.48427672955974843 0.7381703470031545
157 0.003952200000000072 0 0 0.48427672955974843 0.7381703470031545
158 0.004019400000000006 1 0 0.49056603773584906 0.7381703470031545
159 0.004422200000000043 1 0 0.4968553459119497 0.7381703470031545
160 0.0039696000000000176 1 2 0.5031446540880503 0.7444794952681388
161 0.004030600000000106 1 0 0.5094339622641509 0.7444794952681388
162 0.003990200000000055 1 1 0.5157232704402516 0.7476340694006309
163 0.004216400000000009 1 1 0.5220125786163522 0.750788643533123
164 0.00407690000000005 1 0 0.5283018867924528 0.750788643533123
165 0.005977600000000027 0 2 0.5283018867924528 0.7570977917981072
166 0.005857600000000129 1 1 0.5345911949685535 0.7602523659305994
167 0.005589199999999961 0 1 0.5345911949685535 0.7634069400630915
168 0.0059602999999999184 1 1 0.5408805031446541 0.7665615141955836
169 0.004792499999999977 1 0 0.5471698113207547 0.7665615141955836
170 0.004114700000000138 0 0 0.5471698113207547 0.7665615141955836
171 0.004187500000000011 1 0 0.5534591194968553 0.7665615141955836
172 0.004633499999999957 1 1 0.559748427672956 0.7697160883280757
173 0.004350700000000041 0 1 0.559748427672956 0.7728706624605678
174 0.00402199999999997 1 0 0.5660377358490566 0.7728706624605678
175 0.004049100000000028 0 1 0.5660377358490566 0.7760252365930599
176 0.004103299999999921 1 1 0.5723270440251572 0.7791798107255521
177 0.0040599999999999525 0 0 0.5723270440251572 0.7791798107255521
178 0.004178800000000038 1 2 0.5786163522012578 0.7854889589905363
179 0.004124699999999981 0 0 0.5786163522012578 0.7854889589905363
180 0.00407219999999997 0 1 0.5786163522012578 0.7886435331230284
181 0.0041240000000000165 0 0 0.5786163522012578 0.7886435331230284
182 0.004121799999999842 0 0 0.5786163522012578 0.7886435331230284
183 0.004135100000000058 1 1 0.5849056603773585 0.7917981072555205
184 0.004427500000000029 1 1 0.5911949685534591 0.7949526813880127
185 0.00416329999999987 1 0 0.5974842767295597 0.7949526813880127
186 0.004078999999999944 0 0 0.5974842767295597 0.7949526813880127
187 0.004137900000000139 0 0 0.5974842767295597 0.7949526813880127
188 0.0041200000000001236 1 1 0.6037735849056604 0.7981072555205048
189 0.004017700000000124 0 0 0.6037735849056604 0.7981072555205048
190 0.004214799999999963 1 1 0.610062893081761 0.8012618296529969
191 0.0047855999999999455 0 1 0.610062893081761 0.804416403785489
192 0.004879800000000101 0 0 0.610062893081761 0.804416403785489
193 0.004250500000000157 1 1 0.6163522012578616 0.807570977917981
194 0.004690900000000164 0 0 0.6163522012578616 0.807570977917981
195 0.004493800000000103 1 1 0.6226415094339622 0.8107255520504731
196 0.0045072000000001555 1 0 0.6289308176100629 0.8107255520504731
197 0.004342499999999916 1 1 0.6352201257861635 0.8138801261829653
198 0.004615900000000117 1 1 0.6415094339622641 0.8170347003154574
199 0.004521399999999787 1 0 0.6477987421383647 0.8170347003154574
200 0.004783399999999993 1 0 0.6540880503144654 0.8170347003154574
201 0.004333399999999932 1 0 0.660377358490566 0.8170347003154574
202 0.00426470000000001 0 2 0.660377358490566 0.8233438485804416
203 0.004344499999999973 0 1 0.660377358490566 0.8264984227129337
204 0.004386199999999896 1 1 0.6666666666666666 0.8296529968454258
205 0.00490310000000016 1 1 0.6729559748427673 0.832807570977918
206 0.004360299999999873 0 0 0.6729559748427673 0.832807570977918
207 0.004413299999999953 0 0 0.6729559748427673 0.832807570977918
208 0.004389699999999941 1 1 0.6792452830188679 0.8359621451104101
209 0.004444200000000009 1 0 0.6855345911949685 0.8359621451104101
210 0.006879699999999822 0 1 0.6855345911949685 0.8391167192429022
211 0.004380700000000015 0 0 0.6855345911949685 0.8391167192429022
212 0.0049280000000000435 1 0 0.6918238993710691 0.8391167192429022
213 0.004397699999999949 1 1 0.6981132075471698 0.8422712933753943
214 0.004365900000000034 0 0 0.6981132075471698 0.8422712933753943
215 0.004373699999999925 0 0 0.6981132075471698 0.8422712933753943
216 0.004946099999999953 1 1 0.7044025157232704 0.8454258675078864
217 0.004325400000000146 0 0 0.7044025157232704 0.8454258675078864
218 0.0044144000000001515 1 1 0.710691823899371 0.8485804416403786
219 0.0044568000000000385 0 0 0.710691823899371 0.8485804416403786
220 0.004419000000000173 0 1 0.710691823899371 0.8517350157728707
221 0.004345199999999938 1 0 0.7169811320754716 0.8517350157728707
222 0.004550199999999949 0 1 0.7169811320754716 0.8548895899053628
223 0.00465570000000004 0 0 0.7169811320754716 0.8548895899053628
224 0.0044767999999999475 0 0 0.7169811320754716 0.8548895899053628
225 0.0046527999999999015 0 0 0.7169811320754716 0.8548895899053628
226 0.004992400000000119 0 0 0.7169811320754716 0.8548895899053628
227 0.004570100000000021 0 0 0.7169811320754716 0.8548895899053628
228 0.004587899999999978 0 0 0.7169811320754716 0.8548895899053628
229 0.004984300000000053 0 1 0.7169811320754716 0.8580441640378549
230 0.005088500000000051 1 0 0.7232704402515723 0.8580441640378549
231 0.004429500000000086 0 0 0.7232704402515723 0.8580441640378549
232 0.004786300000000132 0 0 0.7232704402515723 0.8580441640378549
233 0.004788500000000084 0 0 0.7232704402515723 0.8580441640378549
234 0.004619499999999999 0 0 0.7232704402515723 0.8580441640378549
235 0.004616600000000082 1 1 0.7295597484276729 0.861198738170347
236 0.004787399999999886 0 0 0.7295597484276729 0.861198738170347
237 0.00513499999999989 0 1 0.7295597484276729 0.8643533123028391
238 0.004595899999999986 1 1 0.7358490566037735 0.8675078864353313
239 0.0046840000000001325 1 0 0.7421383647798742 0.8675078864353313
240 0.005109699999999995 0 0 0.7421383647798742 0.8675078864353313
241 0.005083699999999913 1 0 0.7484276729559748 0.8675078864353313
242 0.004515900000000128 1 1 0.7547169811320755 0.8706624605678234
243 0.0049335999999999824 1 0 0.7610062893081762 0.8706624605678234
244 0.004623899999999903 0 0 0.7610062893081762 0.8706624605678234
245 0.008575800000000022 0 1 0.7610062893081762 0.8738170347003155
246 0.005206000000000044 0 0 0.7610062893081762 0.8738170347003155
247 0.005138900000000168 1 2 0.7672955974842768 0.8801261829652997
248 0.004611499999999991 1 0 0.7735849056603774 0.8801261829652997
249 0.004890499999999909 0 1 0.7735849056603774 0.8832807570977917
250 0.005316199999999993 1 0 0.779874213836478 0.8832807570977917
251 0.005173300000000047 1 2 0.7861635220125787 0.889589905362776
252 0.004608600000000074 0 1 0.7861635220125787 0.8927444794952681
253 0.00468180000000018 0 0 0.7861635220125787 0.8927444794952681
254 0.006613499999999828 1 0 0.7924528301886793 0.8927444794952681
255 0.006491099999999861 0 0 0.7924528301886793 0.8927444794952681
256 0.006614600000000026 1 1 0.7987421383647799 0.8958990536277602
257 0.006741000000000108 1 0 0.8050314465408805 0.8958990536277602
258 0.006653999999999938 1 0 0.8113207547169812 0.8958990536277602
259 0.006595300000000082 1 0 0.8176100628930818 0.8958990536277602
260 0.006618500000000083 1 2 0.8238993710691824 0.9022082018927445
261 0.006807599999999914 1 2 0.8301886792452831 0.9085173501577287
262 0.006752199999999986 1 1 0.8364779874213837 0.9116719242902208
263 0.006672200000000128 1 0 0.8427672955974843 0.9116719242902208
264 0.005016099999999968 1 1 0.8490566037735849 0.9148264984227129
265 0.004716399999999954 1 0 0.8553459119496856 0.9148264984227129
266 0.005273500000000153 1 2 0.8616352201257862 0.9211356466876972
267 0.004923100000000069 1 1 0.8679245283018868 0.9242902208201893
268 0.004607899999999887 1 0 0.8742138364779874 0.9242902208201893
269 0.005308599999999997 0 0 0.8742138364779874 0.9242902208201893
270 0.0051362999999997605 1 0 0.8805031446540881 0.9242902208201893
271 0.004859999999999864 0 0 0.8805031446540881 0.9242902208201893
272 0.005067799999999956 1 1 0.8867924528301887 0.9274447949526814
273 0.004816700000000118 0 1 0.8867924528301887 0.9305993690851735
274 0.005205699999999869 0 0 0.8867924528301887 0.9305993690851735
275 0.005312899999999843 0 1 0.8867924528301887 0.9337539432176656
276 0.005327899999999719 1 1 0.8930817610062893 0.9369085173501577
277 0.005373699999999815 1 2 0.89937106918239 0.943217665615142
278 0.005380099999999999 1 1 0.9056603773584906 0.9463722397476341
279 0.005284599999999973 0 0 0.9056603773584906 0.9463722397476341
280 0.005408599999999986 1 1 0.9119496855345912 0.9495268138801262
281 0.004756400000000216 1 1 0.9182389937106918 0.9526813880126183
282 0.005086600000000274 0 0 0.9182389937106918 0.9526813880126183
283 0.005299200000000059 0 1 0.9182389937106918 0.9558359621451105
284 0.005005000000000148 0 0 0.9182389937106918 0.9558359621451105
285 0.005330400000000068 0 1 0.9182389937106918 0.9589905362776026
286 0.004944700000000246 0 0 0.9182389937106918 0.9589905362776026
287 0.005832199999999954 1 0 0.9245283018867925 0.9589905362776026
288 0.008180300000000251 1 2 0.9308176100628931 0.9652996845425867
289 0.004791900000000293 1 0 0.9371069182389937 0.9652996845425867
290 0.005380399999999952 0 0 0.9371069182389937 0.9652996845425867
291 0.004775699999999716 0 0 0.9371069182389937 0.9652996845425867
292 0.005063999999999957 1 1 0.9433962264150944 0.9684542586750788
293 0.004973399999999906 1 2 0.949685534591195 0.9747634069400631
294 0.004727699999999668 1 1 0.9559748427672956 0.9779179810725552
295 0.004781399999999714 1 1 0.9622641509433962 0.9810725552050473
296 0.005063299999999771 1 0 0.9685534591194969 0.9810725552050473
297 0.00486299999999984 0 0 0.9685534591194969 0.9810725552050473
298 0.00498030000000016 1 0 0.9748427672955975 0.9810725552050473
299 0.005229299999999881 0 1 0.9748427672955975 0.9842271293375394
300 0.004908100000000193 1 0 0.9811320754716981 0.9842271293375394
301 0.005069499999999838 0 0 0.9811320754716981 0.9842271293375394
302 0.005459199999999775 1 2 0.9874213836477987 0.9905362776025236
303 0.005405500000000174 1 1 0.9937106918238994 0.9936908517350158
304 0.00555860000000008 1 0 1.0 0.9936908517350158
305 0.005002999999999869 0 0 1.0 0.9936908517350158
306 0.005529999999999813 0 0 1.0 0.9936908517350158
307 0.005162300000000286 0 0 1.0 0.9936908517350158
308 0.005522000000000027 0 0 1.0 0.9936908517350158
309 0.005610499999999963 0 1 1.0 0.9968454258675079
310 0.005012999999999934 0 0 1.0 0.9968454258675079
311 0.005259000000000125 0 0 1.0 0.9968454258675079
312 0.005338499999999691 0 0 1.0 0.9968454258675079
313 0.005402200000000246 0 1 1.0 1.0
