30 0.3 0.3
1 0.0007117999999999847 1 0 0.034482758620689655 0.5087719298245614
2 0.0006542999999999966 0 0 0.034482758620689655 0.5087719298245614
3 0.000781900000000002 0 0 0.034482758620689655 0.5087719298245614
4 0.0008698000000000039 0 0 0.034482758620689655 0.5087719298245614
5 0.0006947999999999954 0 0 0.034482758620689655 0.5087719298245614
6 0.0008332000000000062 1 0 0.06896551724137931 0.5087719298245614
7 0.0006094000000000099 1 0 0.10344827586206896 0.5087719298245614
8 0.0006111000000000033 0 0 0.10344827586206896 0.5087719298245614
9 0.000776899999999997 0 0 0.10344827586206896 0.5087719298245614
10 0.0006342000000000014 1 0 0.13793103448275862 0.5087719298245614
11 0.0005775999999999837 0 0 0.13793103448275862 0.5087719298245614
12 0.0006878999999999913 1 1 0.1724137931034483 0.5263157894736842
13 0.0006018999999999886 0 0 0.1724137931034483 0.5263157894736842
14 0.0006116999999999928 0 0 0.1724137931034483 0.5263157894736842
15 0.0006108999999999976 0 0 0.1724137931034483 0.5263157894736842
16 0.0006427999999999989 0 0 0.1724137931034483 0.5263157894736842
17 0.0006622000000000017 0 0 0.1724137931034483 0.5263157894736842
18 0.0006461999999999857 0 0 0.1724137931034483 0.5263157894736842
19 0.0006999999999999784 1 0 0.20689655172413793 0.5263157894736842
20 0.0007337000000000038 0 1 0.20689655172413793 0.543859649122807
21 0.0012525000000000175 0 1 0.20689655172413793 0.5614035087719298
22 0.0006714999999999915 0 0 0.20689655172413793 0.5614035087719298
23 0.000674900000000006 1 1 0.2413793103448276 0.5789473684210527
24 0.0006329999999999947 0 0 0.2413793103448276 0.5789473684210527
25 0.0012754000000000099 1 1 0.27586206896551724 0.5964912280701754
26 0.0016164000000000178 1 0 0.3103448275862069 0.5964912280701754
27 0.0008934000000000164 1 1 0.3448275862068966 0.6140350877192983
28 0.0007872000000000157 0 0 0.3448275862068966 0.6140350877192983
29 0.0007973000000000008 1 1 0.3793103448275862 0.631578947368421
30 0.0006999000000000033 0 0 0.3793103448275862 0.631578947368421
31 0.0006983000000000128 0 0 0.3793103448275862 0.631578947368421
32 0.000777899999999998 0 1 0.3793103448275862 0.6491228070175439
33 0.0015037999999999996 0 0 0.3793103448275862 0.6491228070175439
34 0.0007097999999999827 0 0 0.3793103448275862 0.6491228070175439
35 0.0007234000000000129 0 0 0.3793103448275862 0.6491228070175439
36 0.0007128000000000134 0 0 0.3793103448275862 0.6491228070175439
37 0.0008184999999999998 0 0 0.3793103448275862 0.6491228070175439
38 0.0006981999999999822 1 0 0.41379310344827586 0.6491228070175439
39 0.0008719000000000088 0 1 0.41379310344827586 0.6666666666666666
40 0.000914100000000001 1 0 0.4482758620689655 0.6666666666666666
41 0.0010708999999999858 0 1 0.4482758620689655 0.6842105263157895
42 0.0008776000000000062 1 0 0.4827586206896552 0.6842105263157895
43 0.0007706000000000102 1 1 0.5172413793103449 0.7017543859649122
44 0.000818100000000016 0 0 0.5172413793103449 0.7017543859649122
45 0.0012688999999999895 0 0 0.5172413793103449 0.7017543859649122
46 0.0008225000000000038 0 0 0.5172413793103449 0.7017543859649122
47 0.0007466000000000139 1 0 0.5517241379310345 0.7017543859649122
48 0.0007549999999999779 0 0 0.5517241379310345 0.7017543859649122
49 0.000751500000000016 0 0 0.5517241379310345 0.7017543859649122
50 0.0008497000000000088 0 0 0.5517241379310345 0.7017543859649122
51 0.0007947999999999844 0 0 0.5517241379310345 0.7017543859649122
52 0.0008453999999999962 0 0 0.5517241379310345 0.7017543859649122
53 0.0009977999999999931 1 0 0.5862068965517241 0.7017543859649122
54 0.0007922000000000207 0 0 0.5862068965517241 0.7017543859649122
55 0.0008906999999999665 0 0 0.5862068965517241 0.7017543859649122
56 0.000817900000000038 0 1 0.5862068965517241 0.7192982456140351
57 0.0007593000000000183 1 1 0.6206896551724138 0.7368421052631579
58 0.0007525999999999922 1 1 0.6551724137931034 0.7543859649122807
59 0.0009912000000000254 0 1 0.6551724137931034 0.7719298245614035
60 0.0008637000000000228 0 0 0.6551724137931034 0.7719298245614035
61 0.0008094000000000157 0 0 0.6551724137931034 0.7719298245614035
62 0.0008141999999999872 1 0 0.6896551724137931 0.7719298245614035
63 0.0007860999999999563 1 0 0.7241379310344828 0.7719298245614035
64 0.0008534000000000042 1 0 0.7586206896551724 0.7719298245614035
65 0.0008477999999999541 1 1 0.7931034482758621 0.7894736842105263
66 0.0018180999999999892 0 1 0.7931034482758621 0.8070175438596491
67 0.0010489000000000193 0 0 0.7931034482758621 0.8070175438596491
68 0.0010685999999999751 0 1 0.7931034482758621 0.8245614035087719
69 0.000988300000000053 0 1 0.7931034482758621 0.8421052631578947
70 0.0010112999999999928 0 0 0.7931034482758621 0.8421052631578947
71 0.0013543000000000305 1 1 0.8275862068965517 0.8596491228070176
72 0.0012927999999999829 1 0 0.8620689655172413 0.8596491228070176
73 0.0013675000000000215 0 0 0.8620689655172413 0.8596491228070176
74 0.0009736999999999663 1 1 0.896551724137931 0.8771929824561403
75 0.0015422999999999965 1 0 0.9310344827586207 0.8771929824561403
76 0.0009853000000000223 0 1 0.9310344827586207 0.8947368421052632
77 0.0011075999999999864 1 1 0.9655172413793104 0.9122807017543859
78 0.0011691999999999814 0 0 0.9655172413793104 0.9122807017543859
79 0.0011174000000000461 1 1 1.0 0.9298245614035088
80 0.001192699999999991 0 0 1.0 0.9298245614035088
81 0.001344600000000029 0 0 1.0 0.9298245614035088
82 0.0008691000000000115 0 0 1.0 0.9298245614035088
83 0.0010881000000000363 0 1 1.0 0.9473684210526315
84 0.0009458999999999995 0 0 1.0 0.9473684210526315
85 0.0009387000000000145 0 0 1.0 0.9473684210526315
86 0.0009450000000000292 0 0 1.0 0.9473684210526315
87 0.0009570999999999885 0 0 1.0 0.9473684210526315
88 0.0008653000000000133 0 0 1.0 0.9473684210526315
89 0.000837100000000035 0 0 1.0 0.9473684210526315
90 0.0008439000000000085 0 1 1.0 0.9649122807017544
91 0.0009091999999999989 0 0 1.0 0.9649122807017544
92 0.0008112000000000119 0 0 1.0 0.9649122807017544
93 0.0008441999999999616 0 0 1.0 0.9649122807017544
94 0.0011271999999999949 0 1 1.0 0.9824561403508771
95 0.0009405000000000108 0 0 1.0 0.9824561403508771
96 0.0009226999999999985 0 0 1.0 0.9824561403508771
97 0.0009031999999999929 0 0 1.0 0.9824561403508771
98 0.0009007999999999794 0 0 1.0 0.9824561403508771
99 0.0008749999999999591 0 0 1.0 0.9824561403508771
100 0.0010845999999999911 0 1 1.0 1.0
