25 0.6 0.5
1 0.0006342000000000014 0 0 0.0 0.5106382978723404
2 0.0005643000000000176 1 0 0.041666666666666664 0.5106382978723404
3 0.0005396000000000012 1 0 0.08333333333333333 0.5106382978723404
4 0.0004938999999999916 1 1 0.125 0.5319148936170213
5 0.0005098000000000047 1 1 0.16666666666666666 0.5531914893617021
6 0.0006770000000000109 1 1 0.20833333333333334 0.574468085106383
7 0.0007394999999999763 1 1 0.25 0.5957446808510638
8 0.0006585999999999814 1 1 0.2916666666666667 0.6170212765957447
9 0.0007476000000000149 0 1 0.2916666666666667 0.6382978723404256
10 0.0006875000000000075 0 0 0.2916666666666667 0.6382978723404256
11 0.0006548000000000109 1 1 0.3333333333333333 0.6595744680851063
12 0.0006045000000000078 0 0 0.3333333333333333 0.6595744680851063
13 0.0006437999999999999 1 0 0.375 0.6595744680851063
14 0.0006966999999999945 1 1 0.4166666666666667 0.6808510638297872
15 0.0007651999999999937 1 0 0.4583333333333333 0.6808510638297872
16 0.0006806000000000034 0 1 0.4583333333333333 0.7021276595744681
17 0.0008038999999999963 0 0 0.4583333333333333 0.7021276595744681
18 0.0006990000000000052 1 0 0.5 0.7021276595744681
19 0.0006859999999999922 1 2 0.5416666666666666 0.7446808510638298
20 0.000667899999999999 1 1 0.5833333333333334 0.7659574468085106
21 0.0006744000000000194 1 1 0.625 0.7872340425531915
22 0.0006835000000000035 1 0 0.6666666666666666 0.7872340425531915
23 0.0007194000000000089 0 1 0.6666666666666666 0.8085106382978723
24 0.0010402000000000189 1 1 0.7083333333333334 0.8297872340425532
25 0.001000899999999999 1 0 0.75 0.8297872340425532
26 0.0007085000000000008 1 0 0.7916666666666666 0.8297872340425532
27 0.0008755000000000013 0 2 0.7916666666666666 0.8723404255319149
28 0.0009976000000000151 0 0 0.7916666666666666 0.8723404255319149
29 0.0007749999999999979 0 0 0.7916666666666666 0.8723404255319149
30 0.0009429999999999994 1 1 0.8333333333333334 0.8936170212765957
31 0.0012766999999999917 0 1 0.8333333333333334 0.9148936170212766
32 0.0009320000000000161 0 0 0.8333333333333334 0.9148936170212766
33 0.0010406000000000026 1 0 0.875 0.9148936170212766
34 0.0007843999999999907 1 0 0.9166666666666666 0.9148936170212766
35 0.0008167000000000035 1 1 0.9583333333333334 0.9361702127659575
36 0.0007671999999999957 0 0 0.9583333333333334 0.9361702127659575
37 0.00081210000000001 1 2 1.0 0.9787234042553191
38 0.0010827999999999949 0 1 1.0 1.0
