200 0.9 0.7
1 0.0065509999999999735 0 0 0.0 0.5012594458438288
2 0.0046648000000000245 1 0 0.005025125628140704 0.5012594458438288
3 0.004618600000000028 1 1 0.010050251256281407 0.5037783375314862
4 0.004451100000000041 1 0 0.01507537688442211 0.5037783375314862
5 0.004430500000000004 0 0 0.01507537688442211 0.5037783375314862
6 0.0043431999999999915 1 1 0.020100502512562814 0.5062972292191436
7 0.004694799999999999 1 1 0.02512562814070352 0.5088161209068011
8 0.0044984000000000135 1 1 0.03015075376884422 0.5113350125944585
9 0.006580499999999989 1 1 0.035175879396984924 0.5138539042821159
10 0.005187199999999947 1 1 0.04020100502512563 0.5163727959697733
11 0.004699399999999909 0 0 0.04020100502512563 0.5163727959697733
12 0.0047184000000000115 0 0 0.04020100502512563 0.5163727959697733
13 0.004637000000000002 1 1 0.04522613065326633 0.5188916876574308
14 0.004622899999999985 1 1 0.05025125628140704 0.5214105793450882
15 0.004603400000000035 1 2 0.05527638190954774 0.5264483627204031
16 0.00459569999999998 0 0 0.05527638190954774 0.5264483627204031
17 0.0046112000000000375 1 1 0.06030150753768844 0.5289672544080605
18 0.004645400000000022 1 0 0.06532663316582915 0.5289672544080605
19 0.00493050000000006 1 1 0.07035175879396985 0.5314861460957179
20 0.004989999999999939 1 0 0.07537688442211055 0.5314861460957179
21 0.004846699999999982 1 2 0.08040201005025126 0.5365239294710328
22 0.0051626999999999645 1 1 0.08542713567839195 0.5390428211586902
23 0.00475239999999999 1 1 0.09045226130653267 0.5415617128463476
24 0.005130300000000032 1 1 0.09547738693467336 0.5440806045340051
25 0.004566699999999924 1 1 0.10050251256281408 0.5465994962216625
26 0.004809300000000016 1 1 0.10552763819095477 0.5491183879093199
27 0.00492859999999995 1 0 0.11055276381909548 0.5491183879093199
28 0.005295199999999944 1 3 0.11557788944723618 0.5566750629722922
29 0.004957400000000001 1 1 0.12060301507537688 0.5591939546599496
30 0.007903400000000005 1 0 0.12562814070351758 0.5591939546599496
31 0.004984300000000053 1 2 0.1306532663316583 0.5642317380352645
32 0.004898300000000022 1 1 0.135678391959799 0.5667506297229219
33 0.004925700000000033 1 1 0.1407035175879397 0.5692695214105793
34 0.005427600000000088 1 1 0.1457286432160804 0.5717884130982368
35 0.0049432000000000365 1 1 0.1507537688442211 0.5743073047858942
36 0.004867900000000036 1 0 0.15577889447236182 0.5743073047858942
37 0.004928399999999944 1 2 0.16080402010050251 0.5793450881612091
38 0.005023600000000017 1 0 0.1658291457286432 0.5793450881612091
39 0.0048767999999999034 1 2 0.1708542713567839 0.5843828715365239
40 0.0048304000000000125 1 0 0.17587939698492464 0.5843828715365239
41 0.005166800000000027 1 1 0.18090452261306533 0.5869017632241813
42 0.004988699999999957 1 1 0.18592964824120603 0.5894206549118388
43 0.005524099999999921 1 2 0.19095477386934673 0.5944584382871536
44 0.00501510000000005 1 1 0.19597989949748743 0.5969773299748111
45 0.005139400000000016 1 1 0.20100502512562815 0.5994962216624685
46 0.005021200000000059 1 0 0.20603015075376885 0.5994962216624685
47 0.0052611000000000185 1 1 0.21105527638190955 0.6020151133501259
48 0.005482899999999957 1 2 0.21608040201005024 0.6070528967254408
49 0.005665800000000054 1 1 0.22110552763819097 0.6095717884130982
50 0.0055011000000000365 1 1 0.22613065326633167 0.6120906801007556
51 0.005871799999999983 1 0 0.23115577889447236 0.6120906801007556
52 0.007210799999999962 1 2 0.23618090452261306 0.6171284634760705
53 0.007076399999999983 1 1 0.24120603015075376 0.6196473551637279
54 0.007666699999999915 1 1 0.24623115577889448 0.6221662468513854
55 0.0052467000000000485 1 1 0.25125628140703515 0.6246851385390428
56 0.005629200000000001 1 0 0.2562814070351759 0.6246851385390428
57 0.005417800000000028 1 0 0.2613065326633166 0.6246851385390428
58 0.005439399999999983 1 3 0.2663316582914573 0.6322418136020151
59 0.00528010000000001 0 0 0.2663316582914573 0.6322418136020151
60 0.00537030000000005 1 0 0.271356783919598 0.6322418136020151
61 0.005326900000000023 1 2 0.27638190954773867 0.6372795969773299
62 0.005390000000000006 1 1 0.2814070351758794 0.6397984886649875
63 0.0054146999999999945 1 1 0.2864321608040201 0.6423173803526449
64 0.005394900000000091 1 0 0.2914572864321608 0.6423173803526449
65 0.005494100000000057 1 2 0.2964824120603015 0.6473551637279596
66 0.005360999999999949 1 1 0.3015075376884422 0.6498740554156172
67 0.005411400000000066 1 0 0.3065326633165829 0.6498740554156172
68 0.005615399999999937 1 2 0.31155778894472363 0.654911838790932
69 0.005790199999999968 1 0 0.3165829145728643 0.654911838790932
70 0.005977299999999963 1 1 0.32160804020100503 0.6574307304785895
71 0.005493300000000034 1 1 0.32663316582914576 0.6599496221662469
72 0.007169899999999951 1 2 0.3316582914572864 0.6649874055415617
73 0.007604300000000008 1 1 0.33668341708542715 0.6675062972292192
74 0.007884299999999955 1 1 0.3417085427135678 0.6700251889168766
75 0.005448000000000008 1 0 0.34673366834170855 0.6700251889168766
76 0.005998100000000006 1 1 0.35175879396984927 0.672544080604534
77 0.005443900000000057 0 0 0.35175879396984927 0.672544080604534
78 0.005539399999999972 1 2 0.35678391959798994 0.6775818639798489
79 0.005763399999999974 1 1 0.36180904522613067 0.6801007556675063
80 0.005531200000000069 1 1 0.36683417085427134 0.6826196473551638
81 0.005686800000000103 1 1 0.37185929648241206 0.6851385390428212
82 0.005778400000000072 1 0 0.3768844221105528 0.6851385390428212
83 0.005539200000000077 0 1 0.3768844221105528 0.6876574307304786
84 0.005387100000000089 0 0 0.3768844221105528 0.6876574307304786
85 0.006300200000000089 1 1 0.38190954773869346 0.690176322418136
86 0.006233500000000003 0 0 0.38190954773869346 0.690176322418136
87 0.00555810000000001 1 1 0.3869346733668342 0.6926952141057935
88 0.00557300000000005 1 0 0.39195979899497485 0.6926952141057935
89 0.00567479999999998 1 2 0.3969849246231156 0.6977329974811083
90 0.005846100000000076 1 1 0.4020100502512563 0.7002518891687658
91 0.007824400000000065 1 1 0.40703517587939697 0.7027707808564232
92 0.008684099999999972 0 0 0.40703517587939697 0.7027707808564232
93 0.0079035999999999 1 0 0.4120603015075377 0.7027707808564232
94 0.008028099999999982 1 2 0.41708542713567837 0.707808564231738
95 0.005846800000000041 1 0 0.4221105527638191 0.707808564231738
96 0.005871200000000076 1 2 0.4271356783919598 0.7128463476070529
97 0.006065500000000057 1 1 0.4321608040201005 0.7153652392947103
98 0.006196499999999938 1 1 0.4371859296482412 0.7178841309823678
99 0.005913400000000069 1 1 0.44221105527638194 0.7204030226700252
100 0.011277900000000063 0 0 0.44221105527638194 0.7204030226700252
101 0.008019299999999951 0 0 0.44221105527638194 0.7204030226700252
102 0.00824439999999993 1 1 0.4472361809045226 0.7229219143576826
103 0.007098399999999838 1 1 0.45226130653266333 0.72544080604534
104 0.005987700000000151 1 0 0.457286432160804 0.72544080604534
105 0.006285299999999827 1 1 0.4623115577889447 0.7279596977329975
106 0.006727499999999997 1 2 0.46733668341708545 0.7329974811083123
107 0.006576499999999985 1 1 0.4723618090452261 0.7355163727959698
108 0.007086700000000112 1 1 0.47738693467336685 0.7380352644836272
109 0.008244300000000093 1 0 0.4824120603015075 0.7380352644836272
110 0.008698000000000095 1 2 0.48743718592964824 0.743073047858942
111 0.006687499999999957 1 1 0.49246231155778897 0.7455919395465995
112 0.00605929999999999 1 1 0.49748743718592964 0.7481108312342569
113 0.0061419000000000334 1 1 0.5025125628140703 0.7506297229219143
114 0.006026399999999876 1 0 0.507537688442211 0.7506297229219143
115 0.00909099999999996 1 1 0.5125628140703518 0.7531486146095718
116 0.010684700000000102 1 2 0.5175879396984925 0.7581863979848866
117 0.006445699999999999 1 1 0.5226130653266332 0.760705289672544
118 0.006132500000000096 1 1 0.5276381909547738 0.7632241813602015
119 0.0062661999999999995 1 0 0.5326633165829145 0.7632241813602015
120 0.0064702000000000925 1 1 0.5376884422110553 0.7657430730478589
121 0.006665600000000049 1 1 0.542713567839196 0.7682619647355163
122 0.006268199999999835 1 2 0.5477386934673367 0.7732997481108312
123 0.006413299999999955 1 1 0.5527638190954773 0.7758186397984886
124 0.006776800000000138 1 1 0.5577889447236181 0.7783375314861462
125 0.006839700000000004 0 0 0.5577889447236181 0.7783375314861462
126 0.006412100000000143 1 1 0.5628140703517588 0.7808564231738035
127 0.006571400000000116 1 1 0.5678391959798995 0.783375314861461
128 0.00656829999999986 1 1 0.5728643216080402 0.7858942065491183
129 0.006528800000000112 0 0 0.5728643216080402 0.7858942065491183
130 0.006703300000000079 1 1 0.5778894472361809 0.7884130982367759
131 0.006516799999999989 1 1 0.5829145728643216 0.7909319899244333
132 0.006774700000000022 0 0 0.5829145728643216 0.7909319899244333
133 0.006509699999999841 1 1 0.5879396984924623 0.7934508816120907
134 0.006489900000000048 1 1 0.592964824120603 0.7959697732997482
135 0.006611900000000004 1 0 0.5979899497487438 0.7959697732997482
136 0.00664229999999999 1 1 0.6030150753768844 0.7984886649874056
137 0.006364000000000036 1 1 0.6080402010050251 0.801007556675063
138 0.006245999999999974 1 2 0.6130653266331658 0.8060453400503779
139 0.006489600000000095 1 1 0.6180904522613065 0.8085642317380353
140 0.006382799999999911 1 1 0.6231155778894473 0.8110831234256927
141 0.006206699999999898 1 1 0.628140703517588 0.8136020151133502
142 0.006679700000000066 1 0 0.6331658291457286 0.8136020151133502
143 0.006545999999999941 1 2 0.6381909547738693 0.818639798488665
144 0.006329000000000029 1 1 0.6432160804020101 0.8211586901763224
145 0.007066600000000145 0 0 0.6432160804020101 0.8211586901763224
146 0.0064782000000001005 1 1 0.6482412060301508 0.8236775818639799
147 0.006687499999999957 1 1 0.6532663316582915 0.8261964735516373
148 0.0067669999999999675 1 0 0.6582914572864321 0.8261964735516373
149 0.00688869999999997 1 1 0.6633165829145728 0.8287153652392947
150 0.006704799999999844 1 1 0.6683417085427136 0.8312342569269522
151 0.00675160000000008 1 2 0.6733668341708543 0.836272040302267
152 0.006905099999999997 1 1 0.678391959798995 0.8387909319899244
153 0.007145500000000027 1 0 0.6834170854271356 0.8387909319899244
154 0.006607600000000158 1 2 0.6884422110552764 0.8438287153652393
155 0.007228199999999907 1 1 0.6934673366834171 0.8463476070528967
156 0.007239400000000007 1 1 0.6984924623115578 0.8488664987405542
157 0.007225399999999826 1 1 0.7035175879396985 0.8513853904282116
158 0.006712800000000074 1 1 0.7085427135678392 0.853904282115869
159 0.009595799999999821 1 0 0.7135678391959799 0.853904282115869
160 0.009260299999999999 1 1 0.7185929648241206 0.8564231738035264
161 0.010047800000000162 1 1 0.7236180904522613 0.8589420654911839
162 0.009174500000000085 1 2 0.7286432160804021 0.8639798488664987
163 0.009017100000000111 1 0 0.7336683417085427 0.8639798488664987
164 0.009317299999999973 1 2 0.7386934673366834 0.8690176322418136
165 0.009231999999999907 1 1 0.7437185929648241 0.871536523929471
166 0.009060000000000068 1 1 0.7487437185929648 0.8740554156171285
167 0.006946499999999967 1 0 0.7537688442211056 0.8740554156171285
168 0.006787399999999888 1 1 0.7587939698492462 0.8765743073047859
169 0.007334000000000174 1 2 0.7638190954773869 0.8816120906801007
170 0.007295199999999946 1 0 0.7688442211055276 0.8816120906801007
171 0.008579899999999974 1 2 0.7738693467336684 0.8866498740554156
172 0.011374900000000077 1 1 0.7788944723618091 0.889168765743073
173 0.009565899999999905 1 1 0.7839195979899497 0.8916876574307305
174 0.007503300000000213 1 1 0.7889447236180904 0.8942065491183879
175 0.007198199999999932 1 1 0.7939698492462312 0.8967254408060453
176 0.006904000000000021 1 0 0.7989949748743719 0.8967254408060453
177 0.007266299999999948 0 1 0.7989949748743719 0.8992443324937027
178 0.007299100000000003 1 1 0.8040201005025126 0.9017632241813602
179 0.007162300000000066 1 1 0.8090452261306532 0.9042821158690176
180 0.007276300000000013 1 0 0.8140703517587939 0.9042821158690176
181 0.007306899999999894 1 1 0.8190954773869347 0.906801007556675
182 0.007335199999999986 1 1 0.8241206030150754 0.9093198992443325
183 0.007789599999999952 1 2 0.8291457286432161 0.9143576826196473
184 0.008087600000000084 1 1 0.8341708542713567 0.9168765743073047
185 0.0072470000000000034 1 1 0.8391959798994975 0.9193954659949622
186 0.007345600000000063 1 1 0.8442211055276382 0.9219143576826196
187 0.007255900000000093 1 1 0.8492462311557789 0.924433249370277
188 0.007301500000000072 1 0 0.8542713567839196 0.924433249370277
189 0.007128999999999941 1 2 0.8592964824120602 0.929471032745592
190 0.007342699999999924 1 1 0.864321608040201 0.9319899244332494
191 0.007101000000000024 1 0 0.8693467336683417 0.9319899244332494
192 0.007738100000000081 1 2 0.8743718592964824 0.9370277078085643
193 0.00739539999999983 1 0 0.8793969849246231 0.9370277078085643
194 0.007589799999999869 1 0 0.8844221105527639 0.9370277078085643
195 0.007515500000000008 1 1 0.8894472361809045 0.9395465994962217
196 0.007543500000000147 0 2 0.8894472361809045 0.9445843828715366
197 0.0076496999999999815 1 1 0.8944723618090452 0.947103274559194
198 0.008254500000000053 1 1 0.8994974874371859 0.9496221662468514
199 0.007775500000000157 0 0 0.8994974874371859 0.9496221662468514
200 0.007693300000000125 1 0 0.9045226130653267 0.9496221662468514
201 0.007277899999999837 1 2 0.9095477386934674 0.9546599496221663
202 0.007763999999999882 1 1 0.914572864321608 0.9571788413098237
203 0.007457599999999953 1 0 0.9195979899497487 0.9571788413098237
204 0.007384599999999963 1 2 0.9246231155778895 0.9622166246851386
205 0.00819649999999994 1 1 0.9296482412060302 0.964735516372796
206 0.007778899999999922 1 1 0.9346733668341709 0.9672544080604534
207 0.007587799999999811 1 0 0.9396984924623115 0.9672544080604534
208 0.007593499999999809 1 2 0.9447236180904522 0.9722921914357683
209 0.007588600000000056 0 0 0.9447236180904522 0.9722921914357683
210 0.007626800000000156 0 0 0.9447236180904522 0.9722921914357683
211 0.01074860000000033 1 1 0.949748743718593 0.9748110831234257
212 0.007490899999999634 1 0 0.9547738693467337 0.9748110831234257
213 0.0077297000000000615 1 1 0.9597989949748744 0.9773299748110831
214 0.009336599999999695 0 0 0.9597989949748744 0.9773299748110831
215 0.008684600000000042 1 2 0.964824120603015 0.982367758186398
216 0.0081538000000001 1 0 0.9698492462311558 0.982367758186398
217 0.008981899999999765 1 2 0.9748743718592965 0.9874055415617129
218 0.007603599999999933 1 0 0.9798994974874372 0.9874055415617129
219 0.008164700000000025 1 1 0.9849246231155779 0.9899244332493703
220 0.0084569000000001 1 2 0.9899497487437185 0.9949622166246851
221 0.008377100000000137 1 1 0.9949748743718593 0.9974811083123426
222 0.00830519999999968 1 1 1.0 1.0
