50 0.5 0.1
1 0.0016432999999999864 1 0 0.02040816326530612 0.5051546391752577
2 0.0009829999999999839 1 0 0.04081632653061224 0.5051546391752577
3 0.001005900000000004 0 0 0.04081632653061224 0.5051546391752577
4 0.0009952000000000016 1 0 0.061224489795918366 0.5051546391752577
5 0.0010119999999999851 1 0 0.08163265306122448 0.5051546391752577
6 0.0010322000000000109 1 1 0.10204081632653061 0.5154639175257731
7 0.001358999999999999 1 0 0.12244897959183673 0.5154639175257731
8 0.0011967999999999979 0 1 0.12244897959183673 0.5257731958762887
9 0.0012781999999999794 1 0 0.14285714285714285 0.5257731958762887
10 0.0012139000000000177 1 0 0.16326530612244897 0.5257731958762887
11 0.0016453999999999913 1 0 0.1836734693877551 0.5257731958762887
12 0.0013393999999999906 0 0 0.1836734693877551 0.5257731958762887
13 0.0010418000000000094 0 0 0.1836734693877551 0.5257731958762887
14 0.0010191000000000228 1 1 0.20408163265306123 0.5360824742268041
15 0.0014465000000000172 1 2 0.22448979591836735 0.5567010309278351
16 0.0023915999999999937 1 1 0.24489795918367346 0.5670103092783505
17 0.0017320000000000113 1 0 0.2653061224489796 0.5670103092783505
18 0.0012030000000000096 1 0 0.2857142857142857 0.5670103092783505
19 0.0011615999999999849 0 0 0.2857142857142857 0.5670103092783505
20 0.0019055999999999795 0 1 0.2857142857142857 0.5773195876288659
21 0.0011893000000000042 1 0 0.30612244897959184 0.5773195876288659
22 0.0011121999999999799 0 0 0.30612244897959184 0.5773195876288659
23 0.0012250000000000039 0 0 0.30612244897959184 0.5773195876288659
24 0.0014128999999999947 1 0 0.32653061224489793 0.5773195876288659
25 0.0012411999999999979 1 0 0.3469387755102041 0.5773195876288659
26 0.0010988000000000109 0 0 0.3469387755102041 0.5773195876288659
27 0.0011151000000000078 1 0 0.3673469387755102 0.5773195876288659
28 0.0010827000000000198 1 0 0.3877551020408163 0.5773195876288659
29 0.0011864000000000041 0 0 0.3877551020408163 0.5773195876288659
30 0.0013718999999999815 1 1 0.40816326530612246 0.5876288659793815
31 0.001442899999999997 0 0 0.40816326530612246 0.5876288659793815
32 0.001208899999999985 1 1 0.42857142857142855 0.5979381443298969
33 0.001298699999999986 1 0 0.4489795918367347 0.5979381443298969
34 0.0017039000000000082 1 2 0.46938775510204084 0.6185567010309279
35 0.0011631000000000002 0 0 0.46938775510204084 0.6185567010309279
36 0.0011268000000000111 1 1 0.4897959183673469 0.6288659793814433
37 0.0011593000000000298 1 2 0.5102040816326531 0.6494845360824743
38 0.001673099999999983 0 1 0.5102040816326531 0.6597938144329897
39 0.0012690000000000201 0 0 0.5102040816326531 0.6597938144329897
40 0.0015144999999999742 1 0 0.5306122448979592 0.6597938144329897
41 0.0014124999999999832 0 1 0.5306122448979592 0.6701030927835051
42 0.0012194999999999845 1 0 0.5510204081632653 0.6701030927835051
43 0.0012659999999999894 0 0 0.5510204081632653 0.6701030927835051
44 0.001252199999999981 1 1 0.5714285714285714 0.6804123711340206
45 0.0012122999999999995 0 0 0.5714285714285714 0.6804123711340206
46 0.001143100000000008 0 0 0.5714285714285714 0.6804123711340206
47 0.0018547999999999898 1 0 0.5918367346938775 0.6804123711340206
48 0.0015974000000000266 1 1 0.6122448979591837 0.6907216494845361
49 0.0011742000000000141 0 0 0.6122448979591837 0.6907216494845361
50 0.0012755000000000405 0 1 0.6122448979591837 0.7010309278350515
51 0.0012604000000000504 1 0 0.6326530612244898 0.7010309278350515
52 0.0015812999999999522 0 2 0.6326530612244898 0.7216494845360825
53 0.0018159999999999843 1 1 0.6530612244897959 0.7319587628865979
54 0.0013130000000000086 0 0 0.6530612244897959 0.7319587628865979
55 0.0012851999999999864 1 2 0.673469387755102 0.7525773195876289
56 0.002256900000000006 1 0 0.6938775510204082 0.7525773195876289
57 0.0013153000000000192 1 1 0.7142857142857143 0.7628865979381443
58 0.0013116999999999712 0 0 0.7142857142857143 0.7628865979381443
59 0.001294699999999982 0 0 0.7142857142857143 0.7628865979381443
60 0.0018240999999999952 1 0 0.7346938775510204 0.7628865979381443
61 0.0015640999999999572 1 0 0.7551020408163265 0.7628865979381443
62 0.0015583000000000125 1 1 0.7755102040816326 0.7731958762886598
63 0.001990500000000006 1 1 0.7959183673469388 0.7835051546391752
64 0.0018793000000000282 1 1 0.8163265306122449 0.7938144329896907
65 0.0017659999999999898 0 0 0.8163265306122449 0.7938144329896907
66 0.0013832000000000289 0 0 0.8163265306122449 0.7938144329896907
67 0.0019788000000000028 1 0 0.8367346938775511 0.7938144329896907
68 0.0016357000000000177 1 3 0.8571428571428571 0.8247422680412371
69 0.0015476999999999852 1 0 0.8775510204081632 0.8247422680412371
70 0.002044199999999996 1 1 0.8979591836734694 0.8350515463917526
71 0.002663699999999991 0 0 0.8979591836734694 0.8350515463917526
72 0.001426700000000003 0 1 0.8979591836734694 0.845360824742268
73 0.0023428000000000337 1 0 0.9183673469387755 0.845360824742268
74 0.001385100000000028 0 0 0.9183673469387755 0.845360824742268
75 0.0015943999999999958 0 0 0.9183673469387755 0.845360824742268
76 0.001377000000000017 0 0 0.9183673469387755 0.845360824742268
77 0.0022153999999999785 0 0 0.9183673469387755 0.845360824742268
78 0.0017503999999999853 1 0 0.9387755102040817 0.845360824742268
79 0.0014704000000000383 1 2 0.9591836734693877 0.865979381443299
80 0.0014752999999999572 0 2 0.9591836734693877 0.8865979381443299
81 0.002113699999999996 0 0 0.9591836734693877 0.8865979381443299
82 0.0018468000000000373 0 0 0.9591836734693877 0.8865979381443299
83 0.002231700000000003 1 0 0.9795918367346939 0.8865979381443299
84 0.0025509000000000226 1 1 1.0 0.8969072164948454
85 0.0021719000000000044 0 1 1.0 0.9072164948453608
86 0.0016680000000000028 0 0 1.0 0.9072164948453608
87 0.001602300000000001 0 1 1.0 0.9175257731958762
88 0.0016026000000000096 0 1 1.0 0.9278350515463918
89 0.0014635000000000065 0 1 1.0 0.9381443298969072
90 0.0020436999999999816 0 0 1.0 0.9381443298969072
91 0.002880400000000005 0 0 1.0 0.9381443298969072
92 0.002359100000000003 0 0 1.0 0.9381443298969072
93 0.0017653000000000252 0 0 1.0 0.9381443298969072
94 0.001710699999999954 0 0 1.0 0.9381443298969072
95 0.001669900000000002 0 0 1.0 0.9381443298969072
96 0.0019691000000000014 0 0 1.0 0.9381443298969072
97 0.001941100000000029 0 0 1.0 0.9381443298969072
98 0.0015412999999999677 0 0 1.0 0.9381443298969072
99 0.001675099999999985 0 0 1.0 0.9381443298969072
100 0.0021790999999999894 0 0 1.0 0.9381443298969072
101 0.0017680999999999947 0 0 1.0 0.9381443298969072
102 0.0014347999999999583 0 0 1.0 0.9381443298969072
103 0.0015726999999999824 0 1 1.0 0.9484536082474226
104 0.002708900000000014 0 1 1.0 0.9587628865979382
105 0.0019986999999999644 0 0 1.0 0.9587628865979382
106 0.0021162000000000125 0 0 1.0 0.9587628865979382
107 0.0021294000000000035 0 0 1.0 0.9587628865979382
108 0.0019388999999999657 0 0 1.0 0.9587628865979382
109 0.0021325999999999845 0 0 1.0 0.9587628865979382
110 0.0024638999999999633 0 0 1.0 0.9587628865979382
111 0.0021754000000000495 0 0 1.0 0.9587628865979382
112 0.0014961000000000002 0 1 1.0 0.9690721649484536
113 0.0014582000000000206 0 0 1.0 0.9690721649484536
114 0.001407400000000003 0 0 1.0 0.9690721649484536
115 0.0014759999999999773 0 0 1.0 0.9690721649484536
116 0.0027569000000000066 0 2 1.0 0.9896907216494846
117 0.0014879999999999893 0 0 1.0 0.9896907216494846
118 0.0014840999999999882 0 0 1.0 0.9896907216494846
119 0.0014651999999999998 0 0 1.0 0.9896907216494846
120 0.002018500000000034 0 0 1.0 0.9896907216494846
121 0.0017848999999999782 0 0 1.0 0.9896907216494846
122 0.0015288999999999997 0 0 1.0 0.9896907216494846
123 0.0015363999999999933 0 0 1.0 0.9896907216494846
124 0.0027995999999999577 0 0 1.0 0.9896907216494846
125 0.0015838999999999714 0 0 1.0 0.9896907216494846
126 0.001529500000000017 0 0 1.0 0.9896907216494846
127 0.0017508000000000523 0 0 1.0 0.9896907216494846
128 0.0017840000000000078 0 0 1.0 0.9896907216494846
129 0.0017385000000000317 0 0 1.0 0.9896907216494846
130 0.0015774000000000066 0 0 1.0 0.9896907216494846
131 0.0014777000000000262 0 0 1.0 0.9896907216494846
132 0.0015401999999999916 0 0 1.0 0.9896907216494846
133 0.0015318000000000276 0 0 1.0 0.9896907216494846
134 0.001695000000000002 0 0 1.0 0.9896907216494846
135 0.0020709999999999895 0 0 1.0 0.9896907216494846
136 0.0015764999999999807 0 0 1.0 0.9896907216494846
137 0.00159980000000004 0 0 1.0 0.9896907216494846
138 0.0019266000000000005 0 0 1.0 0.9896907216494846
139 0.0021082000000000045 0 0 1.0 0.9896907216494846
140 0.0016441999999999846 0 0 1.0 0.9896907216494846
141 0.0020860000000000323 0 0 1.0 0.9896907216494846
142 0.0021927999999999948 0 1 1.0 1.0
