150 0.3 0.4
1 0.0035087000000000312 0 0 0.0 0.5016835016835017
2 0.003612100000000007 1 0 0.006711409395973154 0.5016835016835017
3 0.0033825000000000105 0 0 0.006711409395973154 0.5016835016835017
4 0.004722600000000021 0 0 0.006711409395973154 0.5016835016835017
5 0.0035399000000000402 0 0 0.006711409395973154 0.5016835016835017
6 0.0038276999999999894 0 0 0.006711409395973154 0.5016835016835017
7 0.0033374999999999932 0 0 0.006711409395973154 0.5016835016835017
8 0.003119800000000006 1 1 0.013422818791946308 0.5050505050505051
9 0.0036455000000000237 0 0 0.013422818791946308 0.5050505050505051
10 0.0034783999999999926 0 0 0.013422818791946308 0.5050505050505051
11 0.0038862000000000063 0 0 0.013422818791946308 0.5050505050505051
12 0.0037669000000000175 1 0 0.020134228187919462 0.5050505050505051
13 0.003284399999999965 0 0 0.020134228187919462 0.5050505050505051
14 0.0036951000000000067 0 0 0.020134228187919462 0.5050505050505051
15 0.0037148999999999655 0 0 0.020134228187919462 0.5050505050505051
16 0.003274900000000025 0 0 0.020134228187919462 0.5050505050505051
17 0.003170200000000012 0 0 0.020134228187919462 0.5050505050505051
18 0.003774600000000017 1 0 0.026845637583892617 0.5050505050505051
19 0.0031200000000000117 0 1 0.026845637583892617 0.5084175084175084
20 0.0037379999999999636 0 1 0.026845637583892617 0.5117845117845118
21 0.003757399999999911 0 0 0.026845637583892617 0.5117845117845118
22 0.0032880000000000686 0 0 0.026845637583892617 0.5117845117845118
23 0.003611299999999984 0 0 0.026845637583892617 0.5117845117845118
24 0.0034066999999999847 0 0 0.026845637583892617 0.5117845117845118
25 0.004733099999999935 0 0 0.026845637583892617 0.5117845117845118
26 0.00343020000000005 0 0 0.026845637583892617 0.5117845117845118
27 0.0036471000000000142 1 1 0.03355704697986577 0.5151515151515151
28 0.003469200000000061 0 0 0.03355704697986577 0.5151515151515151
29 0.0031647000000000203 0 0 0.03355704697986577 0.5151515151515151
30 0.004445200000000038 1 0 0.040268456375838924 0.5151515151515151
31 0.004423900000000036 0 0 0.040268456375838924 0.5151515151515151
32 0.003673999999999955 1 1 0.04697986577181208 0.5185185185185185
33 0.004329100000000086 0 0 0.04697986577181208 0.5185185185185185
34 0.003921399999999964 1 1 0.053691275167785234 0.5218855218855218
35 0.00404709999999997 0 0 0.053691275167785234 0.5218855218855218
36 0.0036544000000000576 0 0 0.053691275167785234 0.5218855218855218
37 0.0034712000000000076 0 1 0.053691275167785234 0.5252525252525253
38 0.0035070999999999852 0 0 0.053691275167785234 0.5252525252525253
39 0.003998700000000022 0 0 0.053691275167785234 0.5252525252525253
40 0.003763799999999984 0 0 0.053691275167785234 0.5252525252525253
41 0.00406059999999997 0 0 0.053691275167785234 0.5252525252525253
42 0.0032934999999999492 0 0 0.053691275167785234 0.5252525252525253
43 0.003715899999999994 1 0 0.06040268456375839 0.5252525252525253
44 0.004906799999999989 0 0 0.06040268456375839 0.5252525252525253
45 0.0036498000000000363 0 0 0.06040268456375839 0.5252525252525253
46 0.003768900000000075 1 0 0.06711409395973154 0.5252525252525253
47 0.0035146999999999817 1 0 0.0738255033557047 0.5252525252525253
48 0.0031175999999999426 0 0 0.0738255033557047 0.5252525252525253
49 0.0042695999999999845 1 0 0.08053691275167785 0.5252525252525253
50 0.003817700000000035 0 1 0.08053691275167785 0.5286195286195287
51 0.0039023999999999726 1 0 0.087248322147651 0.5286195286195287
52 0.004253400000000074 0 0 0.087248322147651 0.5286195286195287
53 0.003392100000000009 1 2 0.09395973154362416 0.5353535353535354
54 0.003881199999999918 1 1 0.10067114093959731 0.5387205387205387
55 0.003493999999999997 1 1 0.10738255033557047 0.5420875420875421
56 0.0033658000000000854 1 1 0.11409395973154363 0.5454545454545454
57 0.00416889999999992 0 0 0.11409395973154363 0.5454545454545454
58 0.0033571000000000017 1 1 0.12080536912751678 0.5488215488215489
59 0.004322500000000007 0 0 0.12080536912751678 0.5488215488215489
60 0.005352899999999994 0 0 0.12080536912751678 0.5488215488215489
61 0.0034534999999999982 1 1 0.12751677852348994 0.5521885521885522
62 0.004077499999999956 0 1 0.12751677852348994 0.5555555555555556
63 0.004705400000000082 0 0 0.12751677852348994 0.5555555555555556
64 0.003401700000000063 0 1 0.12751677852348994 0.5589225589225589
65 0.0041727999999999765 0 1 0.12751677852348994 0.5622895622895623
66 0.004034599999999999 0 0 0.12751677852348994 0.5622895622895623
67 0.0036186999999999747 1 0 0.1342281879194631 0.5622895622895623
68 0.004526699999999995 0 1 0.1342281879194631 0.5656565656565656
69 0.003596900000000014 0 0 0.1342281879194631 0.5656565656565656
70 0.004159899999999994 0 0 0.1342281879194631 0.5656565656565656
71 0.0049040000000000195 0 0 0.1342281879194631 0.5656565656565656
72 0.004021399999999953 1 1 0.14093959731543623 0.569023569023569
73 0.004077899999999968 0 0 0.14093959731543623 0.569023569023569
74 0.0036559000000000452 0 0 0.14093959731543623 0.569023569023569
75 0.0032381000000000215 0 0 0.14093959731543623 0.569023569023569
76 0.0038953999999999933 0 0 0.14093959731543623 0.569023569023569
77 0.003450499999999912 1 0 0.1476510067114094 0.569023569023569
78 0.004178800000000038 0 0 0.1476510067114094 0.569023569023569
79 0.0048679999999999835 0 0 0.1476510067114094 0.569023569023569
80 0.003447800000000001 1 1 0.15436241610738255 0.5723905723905723
81 0.00411729999999999 0 0 0.15436241610738255 0.5723905723905723
82 0.004771399999999981 0 0 0.15436241610738255 0.5723905723905723
83 0.0037759999999998906 0 1 0.15436241610738255 0.5757575757575758
84 0.004061299999999934 0 0 0.15436241610738255 0.5757575757575758
85 0.004061899999999952 0 0 0.15436241610738255 0.5757575757575758
86 0.0036561999999999983 0 0 0.15436241610738255 0.5757575757575758
87 0.003991000000000078 0 0 0.15436241610738255 0.5757575757575758
88 0.003530199999999928 0 0 0.15436241610738255 0.5757575757575758
89 0.00404709999999997 0 0 0.15436241610738255 0.5757575757575758
90 0.004726699999999973 1 0 0.1610738255033557 0.5757575757575758
91 0.0034425999999999624 0 0 0.1610738255033557 0.5757575757575758
92 0.004028600000000049 0 0 0.1610738255033557 0.5757575757575758
93 0.0037929999999999353 0 0 0.1610738255033557 0.5757575757575758
94 0.003317999999999932 0 0 0.1610738255033557 0.5757575757575758
95 0.0036647000000000762 0 0 0.1610738255033557 0.5757575757575758
96 0.0033715000000000828 0 0 0.1610738255033557 0.5757575757575758
97 0.004049100000000028 0 1 0.1610738255033557 0.5791245791245792
98 0.005100099999999941 0 0 0.1610738255033557 0.5791245791245792
99 0.003298499999999982 1 0 0.16778523489932887 0.5791245791245792
100 0.0037842000000000153 0 0 0.16778523489932887 0.5791245791245792
101 0.004274300000000064 0 0 0.16778523489932887 0.5791245791245792
102 0.0036363000000000367 0 0 0.16778523489932887 0.5791245791245792
103 0.003843000000000041 0 0 0.16778523489932887 0.5791245791245792
104 0.0039019000000000137 0 0 0.16778523489932887 0.5791245791245792
105 0.003804099999999977 0 1 0.16778523489932887 0.5824915824915825
106 0.0036074000000000384 1 1 0.174496644295302 0.5858585858585859
107 0.0038551 0 0 0.174496644295302 0.5858585858585859
108 0.004986999999999964 1 0 0.18120805369127516 0.5858585858585859
109 0.004357899999999915 0 0 0.18120805369127516 0.5858585858585859
110 0.0037405000000000355 0 0 0.18120805369127516 0.5858585858585859
111 0.004176999999999986 0 0 0.18120805369127516 0.5858585858585859
112 0.0037413000000000585 0 0 0.18120805369127516 0.5858585858585859
113 0.003600099999999995 1 0 0.18791946308724833 0.5858585858585859
114 0.003962899999999991 1 0 0.19463087248322147 0.5858585858585859
115 0.003687600000000013 0 1 0.19463087248322147 0.5892255892255892
116 0.004126600000000091 0 0 0.19463087248322147 0.5892255892255892
117 0.004957499999999948 0 1 0.19463087248322147 0.5925925925925926
118 0.003515299999999999 0 1 0.19463087248322147 0.5959595959595959
119 0.0040863999999999345 1 1 0.20134228187919462 0.5993265993265994
120 0.004096899999999959 1 1 0.2080536912751678 0.6026936026936027
121 0.0037101000000000495 0 0 0.2080536912751678 0.6026936026936027
122 0.003912000000000027 0 0 0.2080536912751678 0.6026936026936027
123 0.0038747000000000087 0 0 0.2080536912751678 0.6026936026936027
124 0.003579299999999952 0 0 0.2080536912751678 0.6026936026936027
125 0.004205699999999979 0 0 0.2080536912751678 0.6026936026936027
126 0.0036731000000000957 0 0 0.2080536912751678 0.6026936026936027
127 0.004134300000000035 0 0 0.2080536912751678 0.6026936026936027
128 0.004119499999999943 0 0 0.2080536912751678 0.6026936026936027
129 0.003639300000000012 0 0 0.2080536912751678 0.6026936026936027
130 0.0037717000000000445 1 0 0.21476510067114093 0.6026936026936027
131 0.00381929999999997 0 1 0.21476510067114093 0.6060606060606061
132 0.0035846999999999962 0 0 0.21476510067114093 0.6060606060606061
133 0.0037186000000000163 0 0 0.21476510067114093 0.6060606060606061
134 0.0035667000000000337 1 0 0.2214765100671141 0.6060606060606061
135 0.0037067000000000627 0 1 0.2214765100671141 0.6094276094276094
136 0.004168900000000031 1 0 0.22818791946308725 0.6094276094276094
137 0.003593700000000144 0 0 0.22818791946308725 0.6094276094276094
138 0.0037258000000000013 0 1 0.22818791946308725 0.6127946127946128
139 0.004052699999999909 1 1 0.2348993288590604 0.6161616161616161
140 0.004429299999999969 1 0 0.24161073825503357 0.6161616161616161
141 0.003742499999999982 0 0 0.24161073825503357 0.6161616161616161
142 0.004044500000000006 0 0 0.24161073825503357 0.6161616161616161
143 0.0037362000000000783 0 0 0.24161073825503357 0.6161616161616161
144 0.003366800000000003 0 0 0.24161073825503357 0.6161616161616161
145 0.005256099999999986 1 1 0.2483221476510067 0.6195286195286195
146 0.003871299999999911 0 0 0.2483221476510067 0.6195286195286195
147 0.004439500000000152 0 0 0.2483221476510067 0.6195286195286195
148 0.003615300000000099 1 0 0.2550335570469799 0.6195286195286195
149 0.00460269999999996 0 0 0.2550335570469799 0.6195286195286195
150 0.0036713999999999913 0 1 0.2550335570469799 0.622895622895623
151 0.0036041999999998353 1 1 0.26174496644295303 0.6262626262626263
152 0.003894799999999865 0 0 0.26174496644295303 0.6262626262626263
153 0.0036385000000001 0 0 0.26174496644295303 0.6262626262626263
154 0.004510500000000084 1 1 0.2684563758389262 0.6296296296296297
155 0.004728999999999983 1 0 0.2751677852348993 0.6296296296296297
156 0.0035984000000000016 0 0 0.2751677852348993 0.6296296296296297
157 0.004000999999999921 1 1 0.28187919463087246 0.632996632996633
158 0.004608200000000062 0 1 0.28187919463087246 0.6363636363636364
159 0.0035992000000000246 0 0 0.28187919463087246 0.6363636363636364
160 0.004416299999999929 1 1 0.28859060402684567 0.6397306397306397
161 0.0038202000000000513 1 0 0.2953020134228188 0.6397306397306397
162 0.0034931000000000267 1 1 0.30201342281879195 0.6430976430976431
163 0.004504899999999923 0 0 0.30201342281879195 0.6430976430976431
164 0.0038922999999999597 1 1 0.3087248322147651 0.6464646464646465
165 0.004288300000000023 0 0 0.3087248322147651 0.6464646464646465
166 0.004924700000000115 0 0 0.3087248322147651 0.6464646464646465
167 0.004038199999999881 0 0 0.3087248322147651 0.6464646464646465
168 0.004306999999999839 0 0 0.3087248322147651 0.6464646464646465
169 0.003951800000000061 0 1 0.3087248322147651 0.6498316498316499
170 0.003672099999999956 1 0 0.31543624161073824 0.6498316498316499
171 0.003977499999999967 0 0 0.31543624161073824 0.6498316498316499
172 0.004196899999999948 1 0 0.3221476510067114 0.6498316498316499
173 0.004212699999999847 1 1 0.3288590604026846 0.6531986531986532
174 0.004495799999999939 0 0 0.3288590604026846 0.6531986531986532
175 0.004815400000000025 1 1 0.33557046979865773 0.6565656565656566
176 0.004921300000000128 0 0 0.33557046979865773 0.6565656565656566
177 0.0036357000000000195 0 0 0.33557046979865773 0.6565656565656566
178 0.006468499999999988 1 1 0.3422818791946309 0.6599326599326599
179 0.004047300000000087 1 1 0.348993288590604 0.6632996632996633
180 0.0044928999999998 0 0 0.348993288590604 0.6632996632996633
181 0.004545000000000021 1 0 0.35570469798657717 0.6632996632996633
182 0.0045640000000000125 1 0 0.3624161073825503 0.6632996632996633
183 0.0049034999999999496 1 1 0.3691275167785235 0.6666666666666666
184 0.003720399999999957 0 1 0.3691275167785235 0.67003367003367
185 0.004357200000000061 0 0 0.3691275167785235 0.67003367003367
186 0.004394199999999904 0 3 0.3691275167785235 0.6801346801346801
187 0.0041263999999998635 0 0 0.3691275167785235 0.6801346801346801
188 0.00419590000000003 1 1 0.37583892617449666 0.6835016835016835
189 0.004227800000000004 0 0 0.37583892617449666 0.6835016835016835
190 0.005789999999999962 1 0 0.3825503355704698 0.6835016835016835
191 0.0035605000000000775 0 0 0.3825503355704698 0.6835016835016835
192 0.004374300000000053 1 2 0.38926174496644295 0.6902356902356902
193 0.004972999999999894 0 0 0.38926174496644295 0.6902356902356902
194 0.006129999999999969 0 0 0.38926174496644295 0.6902356902356902
195 0.0052411000000001096 1 1 0.3959731543624161 0.6936026936026936
196 0.003766199999999831 1 0 0.40268456375838924 0.6936026936026936
197 0.003871300000000133 0 0 0.40268456375838924 0.6936026936026936
198 0.0036888000000001586 0 0 0.40268456375838924 0.6936026936026936
199 0.0049322999999998896 0 0 0.40268456375838924 0.6936026936026936
200 0.005657800000000046 0 0 0.40268456375838924 0.6936026936026936
201 0.004789800000000177 1 0 0.40939597315436244 0.6936026936026936
202 0.00418570000000007 1 1 0.4161073825503356 0.696969696969697
203 0.004724900000000032 0 0 0.4161073825503356 0.696969696969697
204 0.005265900000000157 0 1 0.4161073825503356 0.7003367003367004
205 0.004434200000000166 1 1 0.4228187919463087 0.7037037037037037
206 0.004202299999999992 0 0 0.4228187919463087 0.7037037037037037
207 0.004396100000000125 0 0 0.4228187919463087 0.7037037037037037
208 0.004653999999999936 1 0 0.42953020134228187 0.7037037037037037
209 0.0041879999999998585 0 0 0.42953020134228187 0.7037037037037037
210 0.005009599999999947 0 1 0.42953020134228187 0.7070707070707071
211 0.0049327999999999594 0 0 0.42953020134228187 0.7070707070707071
212 0.005395299999999992 0 0 0.42953020134228187 0.7070707070707071
213 0.004236499999999976 1 1 0.436241610738255 0.7104377104377104
214 0.004124899999999876 0 0 0.436241610738255 0.7104377104377104
215 0.0049810999999999606 1 1 0.4429530201342282 0.7138047138047138
216 0.004607699999999992 0 1 0.4429530201342282 0.7171717171717171
217 0.0037252999999999314 1 1 0.44966442953020136 0.7205387205387206
218 0.0045152000000001635 0 1 0.44966442953020136 0.7239057239057239
219 0.005269799999999991 0 0 0.44966442953020136 0.7239057239057239
220 0.004773799999999939 0 0 0.44966442953020136 0.7239057239057239
221 0.0039704000000000406 0 0 0.44966442953020136 0.7239057239057239
222 0.004939400000000038 0 0 0.44966442953020136 0.7239057239057239
223 0.004759500000000028 1 0 0.4563758389261745 0.7239057239057239
224 0.0038260999999999434 1 0 0.46308724832214765 0.7239057239057239
225 0.005799200000000004 0 0 0.46308724832214765 0.7239057239057239
226 0.006091300000000022 0 0 0.46308724832214765 0.7239057239057239
227 0.005076700000000045 0 0 0.46308724832214765 0.7239057239057239
228 0.004349999999999854 1 1 0.4697986577181208 0.7272727272727273
229 0.0037138000000001004 0 0 0.4697986577181208 0.7272727272727273
230 0.004763599999999979 0 0 0.4697986577181208 0.7272727272727273
231 0.004920499999999883 0 0 0.4697986577181208 0.7272727272727273
232 0.0048615999999999104 1 0 0.47651006711409394 0.7272727272727273
233 0.0041495999999998645 1 1 0.48322147651006714 0.7306397306397306
234 0.004253099999999899 0 0 0.48322147651006714 0.7306397306397306
235 0.004491599999999929 0 1 0.48322147651006714 0.734006734006734
236 0.004064099999999904 0 0 0.48322147651006714 0.734006734006734
237 0.005155999999999938 0 0 0.48322147651006714 0.734006734006734
238 0.0046992000000001255 1 0 0.4899328859060403 0.734006734006734
239 0.0044504000000000765 0 1 0.4899328859060403 0.7373737373737373
240 0.003838299999999961 0 0 0.4899328859060403 0.7373737373737373
241 0.004466900000000162 0 0 0.4899328859060403 0.7373737373737373
242 0.0056867000000000445 0 0 0.4899328859060403 0.7373737373737373
243 0.004058299999999848 0 0 0.4899328859060403 0.7373737373737373
244 0.004496999999999973 0 0 0.4899328859060403 0.7373737373737373
245 0.0041160000000000085 0 0 0.4899328859060403 0.7373737373737373
246 0.0044536000000001685 0 0 0.4899328859060403 0.7373737373737373
247 0.005126000000000186 0 0 0.4899328859060403 0.7373737373737373
248 0.004972599999999883 1 0 0.4966442953020134 0.7373737373737373
249 0.00465709999999997 0 0 0.4966442953020134 0.7373737373737373
250 0.004502600000000134 0 0 0.4966442953020134 0.7373737373737373
251 0.004252700000000109 0 0 0.4966442953020134 0.7373737373737373
252 0.004771800000000104 0 0 0.4966442953020134 0.7373737373737373
253 0.005591399999999913 1 1 0.5033557046979866 0.7407407407407407
254 0.004534299999999991 0 0 0.5033557046979866 0.7407407407407407
255 0.0045079999999999565 1 2 0.5100671140939598 0.7474747474747475
256 0.0046167999999999765 0 2 0.5100671140939598 0.7542087542087542
257 0.00433299999999992 0 0 0.5100671140939598 0.7542087542087542
258 0.004170599999999913 0 0 0.5100671140939598 0.7542087542087542
259 0.005059099999999983 0 0 0.5100671140939598 0.7542087542087542
260 0.004978900000000008 0 0 0.5100671140939598 0.7542087542087542
261 0.0041099 0 0 0.5100671140939598 0.7542087542087542
262 0.003855900000000023 0 0 0.5100671140939598 0.7542087542087542
263 0.004539499999999919 0 0 0.5100671140939598 0.7542087542087542
264 0.004085300000000069 0 0 0.5100671140939598 0.7542087542087542
265 0.00460869999999991 0 0 0.5100671140939598 0.7542087542087542
266 0.004578799999999994 0 0 0.5100671140939598 0.7542087542087542
267 0.004249699999999912 0 0 0.5100671140939598 0.7542087542087542
268 0.0040013000000000964 0 0 0.5100671140939598 0.7542087542087542
269 0.004356500000000096 0 0 0.5100671140939598 0.7542087542087542
270 0.004652100000000159 1 1 0.5167785234899329 0.7575757575757576
271 0.004145399999999855 1 1 0.5234899328859061 0.7609427609427609
272 0.004795699999999847 1 0 0.5302013422818792 0.7609427609427609
273 0.004305500000000073 0 0 0.5302013422818792 0.7609427609427609
274 0.004219699999999937 0 0 0.5302013422818792 0.7609427609427609
275 0.004351899999999853 1 0 0.5369127516778524 0.7609427609427609
276 0.005386899999999972 0 0 0.5369127516778524 0.7609427609427609
277 0.0044399999999999995 0 0 0.5369127516778524 0.7609427609427609
278 0.004542600000000174 1 0 0.5436241610738255 0.7609427609427609
279 0.004118999999999984 0 0 0.5436241610738255 0.7609427609427609
280 0.004278299999999957 0 0 0.5436241610738255 0.7609427609427609
281 0.004237100000000105 0 0 0.5436241610738255 0.7609427609427609
282 0.004487099999999966 0 0 0.5436241610738255 0.7609427609427609
283 0.0053307000000000215 1 0 0.5503355704697986 0.7609427609427609
284 0.004592900000000011 0 1 0.5503355704697986 0.7643097643097643
285 0.004182499999999978 1 0 0.5570469798657718 0.7643097643097643
286 0.004350700000000041 1 1 0.5637583892617449 0.7676767676767676
287 0.0046471999999999625 0 1 0.5637583892617449 0.7710437710437711
288 0.003995200000000088 1 0 0.5704697986577181 0.7710437710437711
289 0.004701000000000066 0 2 0.5704697986577181 0.7777777777777778
290 0.004729699999999948 1 1 0.5771812080536913 0.7811447811447811
291 0.004411900000000024 1 0 0.5838926174496645 0.7811447811447811
292 0.004469400000000068 0 0 0.5838926174496645 0.7811447811447811
293 0.0065030000000001476 0 0 0.5838926174496645 0.7811447811447811
294 0.004826300000000172 0 0 0.5838926174496645 0.7811447811447811
295 0.004405500000000062 0 0 0.5838926174496645 0.7811447811447811
296 0.004737699999999956 0 1 0.5838926174496645 0.7845117845117845
297 0.0041375999999999635 0 0 0.5838926174496645 0.7845117845117845
298 0.00491050000000004 0 0 0.5838926174496645 0.7845117845117845
299 0.005001800000000056 1 0 0.5906040268456376 0.7845117845117845
300 0.004458699999999816 0 1 0.5906040268456376 0.7878787878787878
301 0.004354799999999992 0 0 0.5906040268456376 0.7878787878787878
302 0.0044935999999999865 0 0 0.5906040268456376 0.7878787878787878
303 0.00503790000000004 1 0 0.5973154362416108 0.7878787878787878
304 0.004163899999999998 1 0 0.6040268456375839 0.7878787878787878
305 0.004718800000000023 0 0 0.6040268456375839 0.7878787878787878
306 0.004920299999999989 0 0 0.6040268456375839 0.7878787878787878
307 0.0042720000000000535 1 0 0.610738255033557 0.7878787878787878
308 0.004548599999999903 0 1 0.610738255033557 0.7912457912457912
309 0.005120000000000013 0 1 0.610738255033557 0.7946127946127947
310 0.004641799999999918 0 0 0.610738255033557 0.7946127946127947
311 0.004739499999999897 1 1 0.6174496644295302 0.797979797979798
312 0.004311299999999907 0 1 0.6174496644295302 0.8013468013468014
313 0.004552300000000065 0 0 0.6174496644295302 0.8013468013468014
314 0.004304699999999828 1 0 0.6241610738255033 0.8013468013468014
315 0.005020600000000153 1 1 0.6308724832214765 0.8047138047138047
316 0.004325700000000099 1 3 0.6375838926174496 0.8148148148148148
317 0.004117099999999985 0 0 0.6375838926174496 0.8148148148148148
318 0.004468200000000033 0 0 0.6375838926174496 0.8148148148148148
319 0.004620099999999905 0 1 0.6375838926174496 0.8181818181818182
320 0.004926900000000067 0 0 0.6375838926174496 0.8181818181818182
321 0.0042952000000000545 0 0 0.6375838926174496 0.8181818181818182
322 0.004639099999999896 1 1 0.6442953020134228 0.8215488215488216
323 0.004831400000000041 0 0 0.6442953020134228 0.8215488215488216
324 0.004346999999999879 1 0 0.6510067114093959 0.8215488215488216
325 0.004424199999999878 0 0 0.6510067114093959 0.8215488215488216
326 0.005440899999999971 1 0 0.6577181208053692 0.8215488215488216
327 0.005367799999999923 0 0 0.6577181208053692 0.8215488215488216
328 0.004637900000000084 0 1 0.6577181208053692 0.8249158249158249
329 0.004251299999999958 0 0 0.6577181208053692 0.8249158249158249
330 0.00451580000000007 0 0 0.6577181208053692 0.8249158249158249
331 0.004837499999999828 0 0 0.6577181208053692 0.8249158249158249
332 0.0049247999999999514 0 0 0.6577181208053692 0.8249158249158249
333 0.00437770000000004 0 1 0.6577181208053692 0.8282828282828283
334 0.00451429999999986 1 1 0.6644295302013423 0.8316498316498316
335 0.004560899999999979 1 0 0.6711409395973155 0.8316498316498316
336 0.004209800000000152 0 0 0.6711409395973155 0.8316498316498316
337 0.005060500000000134 0 0 0.6711409395973155 0.8316498316498316
338 0.0050896000000000274 0 0 0.6711409395973155 0.8316498316498316
339 0.00513140000000023 0 1 0.6711409395973155 0.835016835016835
340 0.004076699999999711 0 0 0.6711409395973155 0.835016835016835
341 0.004834900000000086 0 0 0.6711409395973155 0.835016835016835
342 0.0052962999999999205 0 0 0.6711409395973155 0.835016835016835
343 0.00515909999999975 0 0 0.6711409395973155 0.835016835016835
344 0.004604200000000169 0 0 0.6711409395973155 0.835016835016835
345 0.004226000000000063 0 0 0.6711409395973155 0.835016835016835
346 0.005770399999999842 0 0 0.6711409395973155 0.835016835016835
347 0.004636500000000154 1 0 0.6778523489932886 0.835016835016835
348 0.004987600000000203 1 0 0.6845637583892618 0.835016835016835
349 0.003994599999999959 0 0 0.6845637583892618 0.835016835016835
350 0.004850499999999869 1 1 0.6912751677852349 0.8383838383838383
351 0.004878800000000183 1 2 0.697986577181208 0.8451178451178452
352 0.004614199999999791 0 0 0.697986577181208 0.8451178451178452
353 0.004364199999999929 0 0 0.697986577181208 0.8451178451178452
354 0.005116600000000027 0 0 0.697986577181208 0.8451178451178452
355 0.004467599999999905 0 0 0.697986577181208 0.8451178451178452
356 0.004157199999999861 0 0 0.697986577181208 0.8451178451178452
357 0.004918299999999931 1 0 0.7046979865771812 0.8451178451178452
358 0.005251100000000175 1 0 0.7114093959731543 0.8451178451178452
359 0.005011099999999935 0 1 0.7114093959731543 0.8484848484848485
360 0.005083599999999855 1 0 0.7181208053691275 0.8484848484848485
361 0.004117799999999949 1 0 0.7248322147651006 0.8484848484848485
362 0.005510800000000149 1 2 0.7315436241610739 0.8552188552188552
363 0.004971600000000187 0 0 0.7315436241610739 0.8552188552188552
364 0.005176200000000186 1 1 0.738255033557047 0.8585858585858586
365 0.004694699999999941 0 0 0.738255033557047 0.8585858585858586
366 0.00483480000000025 1 0 0.7449664429530202 0.8585858585858586
367 0.004832200000000064 0 0 0.7449664429530202 0.8585858585858586
368 0.005488000000000159 1 0 0.7516778523489933 0.8585858585858586
369 0.0046352000000000615 1 1 0.7583892617449665 0.8619528619528619
370 0.005242799999999992 0 0 0.7583892617449665 0.8619528619528619
371 0.0046274999999997846 1 1 0.7651006711409396 0.8653198653198653
372 0.0050593000000001 0 0 0.7651006711409396 0.8653198653198653
373 0.005782100000000234 0 1 0.7651006711409396 0.8686868686868687
374 0.00498529999999997 0 1 0.7651006711409396 0.8720538720538721
375 0.005194200000000038 1 0 0.7718120805369127 0.8720538720538721
376 0.004802699999999938 0 1 0.7718120805369127 0.8754208754208754
377 0.006076800000000215 0 0 0.7718120805369127 0.8754208754208754
378 0.0064813999999997485 1 0 0.7785234899328859 0.8754208754208754
379 0.006184999999999885 0 1 0.7785234899328859 0.8787878787878788
380 0.0054000000000002935 1 1 0.785234899328859 0.8821548821548821
381 0.005190100000000086 0 1 0.785234899328859 0.8855218855218855
382 0.005666499999999797 0 0 0.785234899328859 0.8855218855218855
383 0.004478300000000157 0 1 0.785234899328859 0.8888888888888888
384 0.005046799999999685 0 0 0.785234899328859 0.8888888888888888
385 0.00479150000000006 0 0 0.785234899328859 0.8888888888888888
386 0.004629099999999831 0 0 0.785234899328859 0.8888888888888888
387 0.004752900000000171 0 0 0.785234899328859 0.8888888888888888
388 0.005662500000000126 1 1 0.7919463087248322 0.8922558922558923
389 0.005579099999999837 1 0 0.7986577181208053 0.8922558922558923
390 0.00471149999999998 0 0 0.7986577181208053 0.8922558922558923
391 0.004747500000000127 1 0 0.8053691275167785 0.8922558922558923
392 0.006235499999999838 0 0 0.8053691275167785 0.8922558922558923
393 0.004976899999999951 1 1 0.8120805369127517 0.8956228956228957
394 0.006478500000000054 0 1 0.8120805369127517 0.898989898989899
395 0.004881999999999831 1 0 0.8187919463087249 0.898989898989899
396 0.004861500000000074 0 0 0.8187919463087249 0.898989898989899
397 0.005152400000000057 1 1 0.825503355704698 0.9023569023569024
398 0.004515699999999789 0 0 0.825503355704698 0.9023569023569024
399 0.005024399999999929 1 0 0.8322147651006712 0.9023569023569024
400 0.005117299999999769 1 0 0.8389261744966443 0.9023569023569024
401 0.004461700000000235 0 1 0.8389261744966443 0.9057239057239057
402 0.004898100000000127 0 0 0.8389261744966443 0.9057239057239057
403 0.004921299999999906 1 1 0.8456375838926175 0.9090909090909091
404 0.005404700000000151 0 1 0.8456375838926175 0.9124579124579124
405 0.004917799999999861 0 2 0.8456375838926175 0.9191919191919192
406 0.005234100000000019 0 0 0.8456375838926175 0.9191919191919192
407 0.006309200000000015 0 0 0.8456375838926175 0.9191919191919192
408 0.004896899999999871 0 0 0.8456375838926175 0.9191919191919192
409 0.005146799999999896 0 0 0.8456375838926175 0.9191919191919192
410 0.004977900000000091 1 0 0.8523489932885906 0.9191919191919192
411 0.004976200000000208 1 1 0.8590604026845637 0.9225589225589226
412 0.005216700000000074 1 0 0.8657718120805369 0.9225589225589226
413 0.006328700000000076 0 0 0.8657718120805369 0.9225589225589226
414 0.005035900000000204 0 0 0.8657718120805369 0.9225589225589226
415 0.005508999999999986 1 0 0.87248322147651 0.9225589225589226
416 0.0050208000000000474 1 3 0.8791946308724832 0.9326599326599326
417 0.0053485000000002 1 0 0.8859060402684564 0.9326599326599326
418 0.004555400000000098 0 1 0.8859060402684564 0.936026936026936
419 0.005364699999999889 1 1 0.8926174496644296 0.9393939393939394
420 0.0045815999999998525 1 0 0.8993288590604027 0.9393939393939394
421 0.007451199999999769 1 2 0.9060402684563759 0.9461279461279462
422 0.01079669999999977 1 1 0.912751677852349 0.9494949494949495
423 0.004608700000000354 0 0 0.912751677852349 0.9494949494949495
424 0.005459600000000009 0 0 0.912751677852349 0.9494949494949495
425 0.004669699999999999 1 1 0.9194630872483222 0.9528619528619529
426 0.007239600000000124 0 0 0.9194630872483222 0.9528619528619529
427 0.005308700000000055 1 1 0.9261744966442953 0.9562289562289562
428 0.00558840000000016 0 0 0.9261744966442953 0.9562289562289562
429 0.005031299999999739 0 0 0.9261744966442953 0.9562289562289562
430 0.006309600000000248 1 0 0.9328859060402684 0.9562289562289562
431 0.005596800000000179 0 0 0.9328859060402684 0.9562289562289562
432 0.006089899999999648 0 0 0.9328859060402684 0.9562289562289562
433 0.004426099999999877 1 1 0.9395973154362416 0.9595959595959596
434 0.006558000000000064 0 0 0.9395973154362416 0.9595959595959596
435 0.006150000000000322 0 0 0.9395973154362416 0.9595959595959596
436 0.005361399999999961 0 0 0.9395973154362416 0.9595959595959596
437 0.005076100000000139 1 1 0.9463087248322147 0.9629629629629629
438 0.005270200000000003 0 0 0.9463087248322147 0.9629629629629629
439 0.005571000000000215 0 0 0.9463087248322147 0.9629629629629629
440 0.004546200000000056 0 0 0.9463087248322147 0.9629629629629629
441 0.007146099999999933 0 0 0.9463087248322147 0.9629629629629629
442 0.006906700000000043 0 0 0.9463087248322147 0.9629629629629629
443 0.004866300000000212 0 1 0.9463087248322147 0.9663299663299664
444 0.005966100000000196 1 0 0.9530201342281879 0.9663299663299664
445 0.005765999999999938 1 0 0.959731543624161 0.9663299663299664
446 0.0050666999999999796 1 1 0.9664429530201343 0.9696969696969697
447 0.005162100000000169 0 1 0.9664429530201343 0.9730639730639731
448 0.0047831999999998764 0 0 0.9664429530201343 0.9730639730639731
449 0.00524009999999997 0 0 0.9664429530201343 0.9730639730639731
450 0.005077800000000021 0 0 0.9664429530201343 0.9730639730639731
451 0.005111199999999982 1 1 0.9731543624161074 0.9764309764309764
452 0.005211899999999936 0 0 0.9731543624161074 0.9764309764309764
453 0.005401800000000012 1 0 0.9798657718120806 0.9764309764309764
454 0.004995500000000153 0 0 0.9798657718120806 0.9764309764309764
455 0.005350200000000083 1 0 0.9865771812080537 0.9764309764309764
456 0.005498900000000084 0 1 0.9865771812080537 0.9797979797979798
457 0.005069299999999721 1 0 0.9932885906040269 0.9797979797979798
458 0.005805599999999966 0 1 0.9932885906040269 0.9831649831649831
459 0.005278100000000396 0 0 0.9932885906040269 0.9831649831649831
460 0.00538520000000009 0 2 0.9932885906040269 0.98989898989899
461 0.004735500000000226 0 1 0.9932885906040269 0.9932659932659933
462 0.004936999999999969 0 0 0.9932885906040269 0.9932659932659933
463 0.0052626999999998425 1 1 1.0 0.9966329966329966
464 0.00569720000000018 0 0 1.0 0.9966329966329966
465 0.005735699999999788 0 0 1.0 0.9966329966329966
466 0.004890000000000061 0 0 1.0 0.9966329966329966
467 0.0053611000000000075 0 0 1.0 0.9966329966329966
468 0.005779100000000259 0 0 1.0 0.9966329966329966
469 0.005410499999999985 0 0 1.0 0.9966329966329966
470 0.005301499999999848 0 1 1.0 1.0
