70 0.1 0.8
1 0.0013739999999999863 0 0 0.0 0.5036496350364964
2 0.0013100000000000056 0 0 0.0 0.5036496350364964
3 0.0013777999999999846 1 0 0.014492753623188406 0.5036496350364964
4 0.001314599999999999 0 0 0.014492753623188406 0.5036496350364964
5 0.00136 0 0 0.014492753623188406 0.5036496350364964
6 0.0013785000000000047 0 0 0.014492753623188406 0.5036496350364964
7 0.0014441999999999788 0 0 0.014492753623188406 0.5036496350364964
8 0.0013547999999999893 1 0 0.028985507246376812 0.5036496350364964
9 0.001409400000000005 0 0 0.028985507246376812 0.5036496350364964
10 0.0013164999999999982 0 0 0.028985507246376812 0.5036496350364964
11 0.0013972999999999902 0 1 0.028985507246376812 0.5109489051094891
12 0.0013456000000000023 0 0 0.028985507246376812 0.5109489051094891
13 0.0013846000000000136 0 0 0.028985507246376812 0.5109489051094891
14 0.0013494000000000006 0 0 0.028985507246376812 0.5109489051094891
15 0.0013225000000000042 0 0 0.028985507246376812 0.5109489051094891
16 0.0013222999999999985 0 0 0.028985507246376812 0.5109489051094891
17 0.001293699999999981 0 0 0.028985507246376812 0.5109489051094891
18 0.0013528999999999902 0 0 0.028985507246376812 0.5109489051094891
19 0.0013723999999999958 0 0 0.028985507246376812 0.5109489051094891
20 0.001356800000000019 0 0 0.028985507246376812 0.5109489051094891
21 0.0013977000000000017 0 0 0.028985507246376812 0.5109489051094891
22 0.0013042999999999805 0 0 0.028985507246376812 0.5109489051094891
23 0.001353800000000016 0 0 0.028985507246376812 0.5109489051094891
24 0.001364000000000004 0 0 0.028985507246376812 0.5109489051094891
25 0.0013425999999999993 0 0 0.028985507246376812 0.5109489051094891
26 0.0014724000000000126 0 0 0.028985507246376812 0.5109489051094891
27 0.0013593000000000077 0 0 0.028985507246376812 0.5109489051094891
28 0.0013915000000000177 1 0 0.043478260869565216 0.5109489051094891
29 0.001358100000000001 0 0 0.043478260869565216 0.5109489051094891
30 0.0014422000000000046 0 0 0.043478260869565216 0.5109489051094891
31 0.001476000000000005 0 1 0.043478260869565216 0.5182481751824818
32 0.0014066000000000078 1 1 0.057971014492753624 0.5255474452554745
33 0.0014190000000000036 0 0 0.057971014492753624 0.5255474452554745
34 0.001442899999999997 0 0 0.057971014492753624 0.5255474452554745
35 0.0014189000000000285 0 0 0.057971014492753624 0.5255474452554745
36 0.0014730999999999494 1 1 0.07246376811594203 0.5328467153284672
37 0.0014164999999999872 0 0 0.07246376811594203 0.5328467153284672
38 0.0013305999999999596 0 0 0.07246376811594203 0.5328467153284672
39 0.0014107000000000425 0 0 0.07246376811594203 0.5328467153284672
40 0.0014798999999999785 0 0 0.07246376811594203 0.5328467153284672
41 0.0014544999999999697 0 0 0.07246376811594203 0.5328467153284672
42 0.0013311999999999768 0 0 0.07246376811594203 0.5328467153284672
43 0.001358999999999999 0 0 0.07246376811594203 0.5328467153284672
44 0.001364700000000052 1 1 0.08695652173913043 0.5401459854014599
45 0.0013891999999999793 0 0 0.08695652173913043 0.5401459854014599
46 0.0013433999999999946 0 0 0.08695652173913043 0.5401459854014599
47 0.0014809000000000072 0 0 0.08695652173913043 0.5401459854014599
48 0.00137149999999997 0 0 0.08695652173913043 0.5401459854014599
49 0.0014514999999999945 0 0 0.08695652173913043 0.5401459854014599
50 0.001434700000000011 0 0 0.08695652173913043 0.5401459854014599
51 0.0016613999999999796 0 0 0.08695652173913043 0.5401459854014599
52 0.0014682000000000306 0 0 0.08695652173913043 0.5401459854014599
53 0.0014507999999999743 0 0 0.08695652173913043 0.5401459854014599
54 0.0014769000000000032 0 0 0.08695652173913043 0.5401459854014599
55 0.0014086000000000376 1 1 0.10144927536231885 0.5474452554744526
56 0.0014296000000000308 0 0 0.10144927536231885 0.5474452554744526
57 0.0013137000000000287 0 0 0.10144927536231885 0.5474452554744526
58 0.001323799999999986 0 0 0.10144927536231885 0.5474452554744526
59 0.0014204999999999912 0 0 0.10144927536231885 0.5474452554744526
60 0.001463800000000015 0 0 0.10144927536231885 0.5474452554744526
61 0.0015061000000000102 0 0 0.10144927536231885 0.5474452554744526
62 0.0014402000000000026 0 0 0.10144927536231885 0.5474452554744526
63 0.0014319999999999888 0 0 0.10144927536231885 0.5474452554744526
64 0.0015241999999999756 0 0 0.10144927536231885 0.5474452554744526
65 0.0014476999999999962 0 0 0.10144927536231885 0.5474452554744526
66 0.0014658999999999645 0 0 0.10144927536231885 0.5474452554744526
67 0.0013864000000000098 0 0 0.10144927536231885 0.5474452554744526
68 0.001413500000000012 0 0 0.10144927536231885 0.5474452554744526
69 0.0014462000000000086 0 0 0.10144927536231885 0.5474452554744526
70 0.0014625999999999806 1 1 0.11594202898550725 0.5547445255474452
71 0.0014340999999999937 0 0 0.11594202898550725 0.5547445255474452
72 0.0014896999999999827 0 0 0.11594202898550725 0.5547445255474452
73 0.0014740000000000308 0 0 0.11594202898550725 0.5547445255474452
74 0.0014793000000000167 1 1 0.13043478260869565 0.5620437956204379
75 0.0014548000000000338 0 0 0.13043478260869565 0.5620437956204379
76 0.0013837999999999906 0 0 0.13043478260869565 0.5620437956204379
77 0.0014913000000000287 0 0 0.13043478260869565 0.5620437956204379
78 0.0013869000000000242 0 0 0.13043478260869565 0.5620437956204379
79 0.0014057000000000097 0 0 0.13043478260869565 0.5620437956204379
80 0.001537799999999978 0 0 0.13043478260869565 0.5620437956204379
81 0.0014243999999999923 0 0 0.13043478260869565 0.5620437956204379
82 0.001367000000000007 0 0 0.13043478260869565 0.5620437956204379
83 0.001477399999999962 0 0 0.13043478260869565 0.5620437956204379
84 0.0014855000000000285 0 0 0.13043478260869565 0.5620437956204379
85 0.0014903 1 1 0.14492753623188406 0.5693430656934306
86 0.0015191999999999983 0 0 0.14492753623188406 0.5693430656934306
87 0.001489100000000021 0 0 0.14492753623188406 0.5693430656934306
88 0.0016352000000000033 1 1 0.15942028985507245 0.5766423357664233
89 0.0015144000000000268 0 0 0.15942028985507245 0.5766423357664233
90 0.0014838999999999825 0 0 0.15942028985507245 0.5766423357664233
91 0.0015011999999999803 0 0 0.15942028985507245 0.5766423357664233
92 0.001516599999999979 0 0 0.15942028985507245 0.5766423357664233
93 0.0014308999999999572 0 0 0.15942028985507245 0.5766423357664233
94 0.0013714000000000226 0 0 0.15942028985507245 0.5766423357664233
95 0.001528599999999991 0 0 0.15942028985507245 0.5766423357664233
96 0.001602300000000001 0 0 0.15942028985507245 0.5766423357664233
97 0.0013709000000000082 0 0 0.15942028985507245 0.5766423357664233
98 0.0015087000000000295 0 0 0.15942028985507245 0.5766423357664233
99 0.0014580000000000148 0 0 0.15942028985507245 0.5766423357664233
100 0.001653099999999963 0 0 0.15942028985507245 0.5766423357664233
101 0.001554999999999973 0 0 0.15942028985507245 0.5766423357664233
102 0.0015280000000000293 1 1 0.17391304347826086 0.583941605839416
103 0.0014867000000000075 1 1 0.18840579710144928 0.5912408759124088
104 0.0016236999999999502 0 0 0.18840579710144928 0.5912408759124088
105 0.0015320000000000333 0 0 0.18840579710144928 0.5912408759124088
106 0.0015573000000000392 0 0 0.18840579710144928 0.5912408759124088
107 0.0014563000000000215 0 0 0.18840579710144928 0.5912408759124088
108 0.0015136000000000038 0 0 0.18840579710144928 0.5912408759124088
109 0.001547899999999991 0 0 0.18840579710144928 0.5912408759124088
110 0.0015598 0 0 0.18840579710144928 0.5912408759124088
111 0.0015260000000000273 1 1 0.2028985507246377 0.5985401459854015
112 0.0015098000000000056 0 0 0.2028985507246377 0.5985401459854015
113 0.0014843000000000495 0 0 0.2028985507246377 0.5985401459854015
114 0.0015210999999999975 0 0 0.2028985507246377 0.5985401459854015
115 0.001440700000000017 0 0 0.2028985507246377 0.5985401459854015
116 0.001516699999999982 0 0 0.2028985507246377 0.5985401459854015
117 0.0015707999999999833 0 0 0.2028985507246377 0.5985401459854015
118 0.0014826000000000006 0 0 0.2028985507246377 0.5985401459854015
119 0.0015633999999999926 1 1 0.21739130434782608 0.6058394160583942
120 0.0015080000000000093 0 0 0.21739130434782608 0.6058394160583942
121 0.0016067000000000164 0 0 0.21739130434782608 0.6058394160583942
122 0.0015510000000000246 1 1 0.2318840579710145 0.6131386861313869
123 0.0015320999999999807 0 0 0.2318840579710145 0.6131386861313869
124 0.001503100000000035 0 0 0.2318840579710145 0.6131386861313869
125 0.0014273999999999676 0 0 0.2318840579710145 0.6131386861313869
126 0.001438600000000012 0 0 0.2318840579710145 0.6131386861313869
127 0.002651500000000029 1 0 0.2463768115942029 0.6131386861313869
128 0.001487100000000019 0 0 0.2463768115942029 0.6131386861313869
129 0.0015483000000000025 0 0 0.2463768115942029 0.6131386861313869
130 0.0015400999999999887 0 0 0.2463768115942029 0.6131386861313869
131 0.0015421999999999936 0 1 0.2463768115942029 0.6204379562043796
132 0.0015654999999999974 0 0 0.2463768115942029 0.6204379562043796
133 0.0015441999999999956 0 0 0.2463768115942029 0.6204379562043796
134 0.0015307999999999988 0 0 0.2463768115942029 0.6204379562043796
135 0.001462999999999992 0 0 0.2463768115942029 0.6204379562043796
136 0.0016175999999999968 0 0 0.2463768115942029 0.6204379562043796
137 0.00158419999999998 0 0 0.2463768115942029 0.6204379562043796
138 0.001614599999999966 0 0 0.2463768115942029 0.6204379562043796
139 0.0014935000000000365 0 0 0.2463768115942029 0.6204379562043796
140 0.0014638999999999625 0 0 0.2463768115942029 0.6204379562043796
141 0.0014655000000000085 0 0 0.2463768115942029 0.6204379562043796
142 0.0015364999999999962 0 0 0.2463768115942029 0.6204379562043796
143 0.0015296000000000198 0 0 0.2463768115942029 0.6204379562043796
144 0.00145029999999996 0 0 0.2463768115942029 0.6204379562043796
145 0.0015563000000000105 0 0 0.2463768115942029 0.6204379562043796
146 0.001517400000000002 0 0 0.2463768115942029 0.6204379562043796
147 0.001437799999999989 0 0 0.2463768115942029 0.6204379562043796
148 0.001557799999999998 0 0 0.2463768115942029 0.6204379562043796
149 0.0015807999999999933 0 0 0.2463768115942029 0.6204379562043796
150 0.0015703000000000245 0 0 0.2463768115942029 0.6204379562043796
151 0.0016024000000000038 0 0 0.2463768115942029 0.6204379562043796
152 0.001461099999999993 0 0 0.2463768115942029 0.6204379562043796
153 0.001449400000000045 0 0 0.2463768115942029 0.6204379562043796
154 0.001421400000000017 0 0 0.2463768115942029 0.6204379562043796
155 0.001553099999999974 0 0 0.2463768115942029 0.6204379562043796
156 0.0015230999999999995 0 0 0.2463768115942029 0.6204379562043796
157 0.0015795000000000115 0 0 0.2463768115942029 0.6204379562043796
158 0.0015405000000000002 0 0 0.2463768115942029 0.6204379562043796
159 0.001673900000000006 0 0 0.2463768115942029 0.6204379562043796
160 0.001555899999999999 0 0 0.2463768115942029 0.6204379562043796
161 0.001410599999999984 0 0 0.2463768115942029 0.6204379562043796
162 0.0015161000000000202 0 0 0.2463768115942029 0.6204379562043796
163 0.0015693000000000512 0 0 0.2463768115942029 0.6204379562043796
164 0.0015927000000000024 0 0 0.2463768115942029 0.6204379562043796
165 0.0015111999999999903 0 0 0.2463768115942029 0.6204379562043796
166 0.001506599999999969 0 0 0.2463768115942029 0.6204379562043796
167 0.0016514999999999724 0 0 0.2463768115942029 0.6204379562043796
168 0.0014687999999999923 0 0 0.2463768115942029 0.6204379562043796
169 0.0014587999999999823 1 0 0.2608695652173913 0.6204379562043796
170 0.0015496000000000398 1 0 0.2753623188405797 0.6204379562043796
171 0.0015453999999999746 0 0 0.2753623188405797 0.6204379562043796
172 0.0014840999999999882 0 1 0.2753623188405797 0.6277372262773723
173 0.0015137000000000067 0 0 0.2753623188405797 0.6277372262773723
174 0.00150539999999999 0 0 0.2753623188405797 0.6277372262773723
175 0.0016455999999999693 0 0 0.2753623188405797 0.6277372262773723
176 0.0015805999999999876 0 0 0.2753623188405797 0.6277372262773723
177 0.0015602000000000116 0 0 0.2753623188405797 0.6277372262773723
178 0.0014170000000000016 0 0 0.2753623188405797 0.6277372262773723
179 0.0019513000000000447 1 1 0.2898550724637681 0.635036496350365
180 0.002017099999999994 0 0 0.2898550724637681 0.635036496350365
181 0.001839800000000058 0 0 0.2898550724637681 0.635036496350365
182 0.0019968000000000208 0 0 0.2898550724637681 0.635036496350365
183 0.0020289 0 0 0.2898550724637681 0.635036496350365
184 0.001595499999999972 0 0 0.2898550724637681 0.635036496350365
185 0.0015469000000000177 0 0 0.2898550724637681 0.635036496350365
186 0.002119299999999935 0 0 0.2898550724637681 0.635036496350365
187 0.002054700000000076 0 1 0.2898550724637681 0.6423357664233577
188 0.0015288999999999442 0 0 0.2898550724637681 0.6423357664233577
189 0.0016267999999999283 0 0 0.2898550724637681 0.6423357664233577
190 0.0016267999999999283 1 1 0.30434782608695654 0.6496350364963503
191 0.0015555999999999903 0 0 0.30434782608695654 0.6496350364963503
192 0.0016154000000000446 1 1 0.3188405797101449 0.656934306569343
193 0.0015956999999999777 0 0 0.3188405797101449 0.656934306569343
194 0.0016431999999999558 0 0 0.3188405797101449 0.656934306569343
195 0.00158349999999996 0 0 0.3188405797101449 0.656934306569343
196 0.001624300000000023 0 0 0.3188405797101449 0.656934306569343
197 0.0015956000000000303 0 0 0.3188405797101449 0.656934306569343
198 0.001605899999999938 1 1 0.3333333333333333 0.6642335766423357
199 0.0016470999999999014 0 0 0.3333333333333333 0.6642335766423357
200 0.0016425999999999386 0 0 0.3333333333333333 0.6642335766423357
201 0.001593399999999967 0 0 0.3333333333333333 0.6642335766423357
202 0.0016121000000000052 0 0 0.3333333333333333 0.6642335766423357
203 0.001527799999999968 0 0 0.3333333333333333 0.6642335766423357
204 0.0015209999999999946 0 0 0.3333333333333333 0.6642335766423357
205 0.0015611999999999293 0 0 0.3333333333333333 0.6642335766423357
206 0.0015703999999999718 0 0 0.3333333333333333 0.6642335766423357
207 0.001689900000000022 0 0 0.3333333333333333 0.6642335766423357
208 0.001509399999999994 0 0 0.3333333333333333 0.6642335766423357
209 0.0015300000000000313 0 0 0.3333333333333333 0.6642335766423357
210 0.0015498000000000456 0 0 0.3333333333333333 0.6642335766423357
211 0.0015677000000000607 0 0 0.3333333333333333 0.6642335766423357
212 0.001511499999999999 0 0 0.3333333333333333 0.6642335766423357
213 0.0016329999999999956 0 0 0.3333333333333333 0.6642335766423357
214 0.0015169999999999906 1 1 0.34782608695652173 0.6715328467153284
215 0.0015872999999999582 0 0 0.34782608695652173 0.6715328467153284
216 0.001734700000000089 1 1 0.36231884057971014 0.6788321167883211
217 0.0015295999999999088 0 0 0.36231884057971014 0.6788321167883211
218 0.001606200000000002 0 0 0.36231884057971014 0.6788321167883211
219 0.0016248999999999292 0 0 0.36231884057971014 0.6788321167883211
220 0.0016639999999999988 0 0 0.36231884057971014 0.6788321167883211
221 0.0014972000000000873 0 0 0.36231884057971014 0.6788321167883211
222 0.0014640000000000208 0 0 0.36231884057971014 0.6788321167883211
223 0.0015697999999999546 0 0 0.36231884057971014 0.6788321167883211
224 0.0014860000000000984 0 0 0.36231884057971014 0.6788321167883211
225 0.0014956999999999887 0 0 0.36231884057971014 0.6788321167883211
226 0.001511499999999999 0 0 0.36231884057971014 0.6788321167883211
227 0.0016633999999999816 0 0 0.36231884057971014 0.6788321167883211
228 0.0015140000000000153 0 0 0.36231884057971014 0.6788321167883211
229 0.0015171999999999963 1 0 0.37681159420289856 0.6788321167883211
230 0.0017496999999999652 0 0 0.37681159420289856 0.6788321167883211
231 0.0015642000000000156 0 0 0.37681159420289856 0.6788321167883211
232 0.0015093000000000467 0 0 0.37681159420289856 0.6788321167883211
233 0.0014665000000000372 0 0 0.37681159420289856 0.6788321167883211
234 0.001514999999999933 0 0 0.37681159420289856 0.6788321167883211
235 0.0016013000000000277 0 0 0.37681159420289856 0.6788321167883211
236 0.0016030999999999684 0 0 0.37681159420289856 0.6788321167883211
237 0.0014894999999999214 0 0 0.37681159420289856 0.6788321167883211
238 0.001677400000000051 1 1 0.391304347826087 0.6861313868613139
239 0.001697100000000007 0 0 0.391304347826087 0.6861313868613139
240 0.0016455999999999138 0 0 0.391304347826087 0.6861313868613139
241 0.0016824999999999202 0 0 0.391304347826087 0.6861313868613139
242 0.0016561999999999966 0 0 0.391304347826087 0.6861313868613139
243 0.0015543000000000085 0 1 0.391304347826087 0.6934306569343066
244 0.001670199999999955 0 0 0.391304347826087 0.6934306569343066
245 0.001550700000000016 1 1 0.4057971014492754 0.7007299270072993
246 0.0014972999999999237 0 0 0.4057971014492754 0.7007299270072993
247 0.001560299999999959 0 0 0.4057971014492754 0.7007299270072993
248 0.0015340000000000353 0 0 0.4057971014492754 0.7007299270072993
249 0.0015956000000000303 0 0 0.4057971014492754 0.7007299270072993
250 0.0015577999999999426 0 0 0.4057971014492754 0.7007299270072993
251 0.001541899999999985 0 0 0.4057971014492754 0.7007299270072993
252 0.001632300000000031 0 0 0.4057971014492754 0.7007299270072993
253 0.0016741000000000117 0 0 0.4057971014492754 0.7007299270072993
254 0.0015625999999999696 0 0 0.4057971014492754 0.7007299270072993
255 0.0016785000000000272 0 0 0.4057971014492754 0.7007299270072993
256 0.0016488000000000058 0 0 0.4057971014492754 0.7007299270072993
257 0.0016097000000000472 0 0 0.4057971014492754 0.7007299270072993
258 0.0015806999999999904 0 0 0.4057971014492754 0.7007299270072993
259 0.0015156000000000613 0 0 0.4057971014492754 0.7007299270072993
260 0.0015758999999999634 0 0 0.4057971014492754 0.7007299270072993
261 0.0015967000000000064 0 0 0.4057971014492754 0.7007299270072993
262 0.0017262999999999584 0 0 0.4057971014492754 0.7007299270072993
263 0.00160910000000003 0 0 0.4057971014492754 0.7007299270072993
264 0.0017621000000000997 0 0 0.4057971014492754 0.7007299270072993
265 0.001721899999999943 1 1 0.42028985507246375 0.708029197080292
266 0.0017236999999999947 0 0 0.42028985507246375 0.708029197080292
267 0.0016648000000000218 0 0 0.42028985507246375 0.708029197080292
268 0.001658200000000054 0 0 0.42028985507246375 0.708029197080292
269 0.0016420999999999797 0 0 0.42028985507246375 0.708029197080292
270 0.0016878999999999644 0 0 0.42028985507246375 0.708029197080292
271 0.0016857000000000122 0 0 0.42028985507246375 0.708029197080292
272 0.0016068999999999667 0 0 0.42028985507246375 0.708029197080292
273 0.0015286999999999384 0 0 0.42028985507246375 0.708029197080292
274 0.0016452999999999607 0 0 0.42028985507246375 0.708029197080292
275 0.0016656000000000448 0 0 0.42028985507246375 0.708029197080292
276 0.00152030000000003 0 0 0.42028985507246375 0.708029197080292
277 0.0020143000000000244 1 0 0.43478260869565216 0.708029197080292
278 0.001573099999999994 1 1 0.4492753623188406 0.7153284671532847
279 0.0017857999999999485 0 1 0.4492753623188406 0.7226277372262774
280 0.0016809999999999325 0 0 0.4492753623188406 0.7226277372262774
281 0.0016420999999999797 0 0 0.4492753623188406 0.7226277372262774
282 0.0022684000000000593 0 0 0.4492753623188406 0.7226277372262774
283 0.00188060000000001 0 0 0.4492753623188406 0.7226277372262774
284 0.0016511000000000164 0 0 0.4492753623188406 0.7226277372262774
285 0.0015344000000000468 0 0 0.4492753623188406 0.7226277372262774
286 0.001557900000000001 0 0 0.4492753623188406 0.7226277372262774
287 0.0016135999999999928 0 0 0.4492753623188406 0.7226277372262774
288 0.0017840999999999552 0 0 0.4492753623188406 0.7226277372262774
289 0.001596599999999948 0 0 0.4492753623188406 0.7226277372262774
290 0.0018238999999999894 0 0 0.4492753623188406 0.7226277372262774
291 0.0017743999999999538 0 0 0.4492753623188406 0.7226277372262774
292 0.001803800000000022 0 0 0.4492753623188406 0.7226277372262774
293 0.0017192000000000318 0 0 0.4492753623188406 0.7226277372262774
294 0.0016267999999999283 0 0 0.4492753623188406 0.7226277372262774
295 0.0018314000000000386 0 0 0.4492753623188406 0.7226277372262774
296 0.0016514000000000806 0 0 0.4492753623188406 0.7226277372262774
297 0.0016646999999999634 0 0 0.4492753623188406 0.7226277372262774
298 0.0015633999999999926 1 0 0.463768115942029 0.7226277372262774
299 0.0016316999999999027 0 0 0.463768115942029 0.7226277372262774
300 0.0015463000000000005 0 0 0.463768115942029 0.7226277372262774
301 0.0017800000000000038 0 0 0.463768115942029 0.7226277372262774
302 0.0016144000000000158 0 0 0.463768115942029 0.7226277372262774
303 0.0016500000000000403 0 0 0.463768115942029 0.7226277372262774
304 0.0017132999999999177 0 0 0.463768115942029 0.7226277372262774
305 0.0015992999999999702 0 0 0.463768115942029 0.7226277372262774
306 0.0017122000000000526 0 0 0.463768115942029 0.7226277372262774
307 0.0017452000000000023 0 0 0.463768115942029 0.7226277372262774
308 0.0016872999999999472 0 0 0.463768115942029 0.7226277372262774
309 0.0017063999999999968 0 0 0.463768115942029 0.7226277372262774
310 0.0017747999999999653 0 0 0.463768115942029 0.7226277372262774
311 0.001693900000000026 0 0 0.463768115942029 0.7226277372262774
312 0.001658199999999943 0 0 0.463768115942029 0.7226277372262774
313 0.0016194000000000486 0 0 0.463768115942029 0.7226277372262774
314 0.0016593000000000302 0 0 0.463768115942029 0.7226277372262774
315 0.0016221000000000707 0 0 0.463768115942029 0.7226277372262774
316 0.001517899999999961 0 0 0.463768115942029 0.7226277372262774
317 0.001682199999999967 0 0 0.463768115942029 0.7226277372262774
318 0.0016270999999999924 0 1 0.463768115942029 0.7299270072992701
319 0.0017641000000000462 1 1 0.4782608695652174 0.7372262773722628
320 0.001627000000000045 0 0 0.4782608695652174 0.7372262773722628
321 0.0016017999999999866 0 0 0.4782608695652174 0.7372262773722628
322 0.0015438999999999314 1 1 0.4927536231884058 0.7445255474452555
323 0.0016617999999999356 0 0 0.4927536231884058 0.7445255474452555
324 0.001670200000000066 0 0 0.4927536231884058 0.7445255474452555
325 0.0016828999999999317 0 0 0.4927536231884058 0.7445255474452555
326 0.0016129999999999756 0 0 0.4927536231884058 0.7445255474452555
327 0.0015978000000000936 0 0 0.4927536231884058 0.7445255474452555
328 0.0015952000000000188 0 0 0.4927536231884058 0.7445255474452555
329 0.0016551999999999678 0 0 0.4927536231884058 0.7445255474452555
330 0.0017071999999999088 0 0 0.4927536231884058 0.7445255474452555
331 0.0017985999999999835 0 0 0.4927536231884058 0.7445255474452555
332 0.001560600000000023 0 0 0.4927536231884058 0.7445255474452555
333 0.0016116999999999937 0 0 0.4927536231884058 0.7445255474452555
334 0.0017279000000000044 0 0 0.4927536231884058 0.7445255474452555
335 0.0015969000000000122 0 0 0.4927536231884058 0.7445255474452555
336 0.0017773000000000927 0 0 0.4927536231884058 0.7445255474452555
337 0.0017061000000000437 0 0 0.4927536231884058 0.7445255474452555
338 0.0017327000000000314 0 0 0.4927536231884058 0.7445255474452555
339 0.0015742999999999174 0 0 0.4927536231884058 0.7445255474452555
340 0.0017566999999999444 0 0 0.4927536231884058 0.7445255474452555
341 0.0017374999999999474 0 0 0.4927536231884058 0.7445255474452555
342 0.0016904999999999282 0 0 0.4927536231884058 0.7445255474452555
343 0.0016897999999999636 0 0 0.4927536231884058 0.7445255474452555
344 0.0015833000000000652 0 0 0.4927536231884058 0.7445255474452555
345 0.0016977000000000242 0 0 0.4927536231884058 0.7445255474452555
346 0.0017089000000000132 0 0 0.4927536231884058 0.7445255474452555
347 0.0016767000000000865 0 0 0.4927536231884058 0.7445255474452555
348 0.001658700000000013 0 0 0.4927536231884058 0.7445255474452555
349 0.001692600000000044 1 1 0.5072463768115942 0.7518248175182481
350 0.0016458000000000306 0 0 0.5072463768115942 0.7518248175182481
351 0.00164350000000002 0 0 0.5072463768115942 0.7518248175182481
352 0.002308100000000035 1 1 0.5217391304347826 0.7591240875912408
353 0.0016502999999999934 1 1 0.5362318840579711 0.7664233576642335
354 0.0017462999999999784 0 0 0.5362318840579711 0.7664233576642335
355 0.0017800999999999512 0 0 0.5362318840579711 0.7664233576642335
356 0.0018513000000000002 0 0 0.5362318840579711 0.7664233576642335
357 0.0018344999999999612 0 0 0.5362318840579711 0.7664233576642335
358 0.0016924999999999857 0 0 0.5362318840579711 0.7664233576642335
359 0.001738699999999982 0 0 0.5362318840579711 0.7664233576642335
360 0.0017094999999999194 0 0 0.5362318840579711 0.7664233576642335
361 0.0017696999999999852 0 0 0.5362318840579711 0.7664233576642335
362 0.0017384000000000288 0 0 0.5362318840579711 0.7664233576642335
363 0.0017559000000000324 0 0 0.5362318840579711 0.7664233576642335
364 0.0017738000000000476 0 0 0.5362318840579711 0.7664233576642335
365 0.0017808999999999742 0 0 0.5362318840579711 0.7664233576642335
366 0.0017384000000000288 0 0 0.5362318840579711 0.7664233576642335
367 0.001682699999999926 0 0 0.5362318840579711 0.7664233576642335
368 0.0016454999999999664 0 0 0.5362318840579711 0.7664233576642335
369 0.0016772999999999927 1 1 0.5507246376811594 0.7737226277372263
370 0.0017968000000000428 0 0 0.5507246376811594 0.7737226277372263
371 0.001778700000000022 0 0 0.5507246376811594 0.7737226277372263
372 0.0016419999999999213 0 0 0.5507246376811594 0.7737226277372263
373 0.001738200000000023 0 0 0.5507246376811594 0.7737226277372263
374 0.001912600000000042 0 0 0.5507246376811594 0.7737226277372263
375 0.0017916000000000043 0 0 0.5507246376811594 0.7737226277372263
376 0.0016656999999999922 0 0 0.5507246376811594 0.7737226277372263
377 0.001667799999999997 0 0 0.5507246376811594 0.7737226277372263
378 0.0017220999999999487 0 0 0.5507246376811594 0.7737226277372263
379 0.0017927999999999278 0 0 0.5507246376811594 0.7737226277372263
380 0.001744299999999921 0 0 0.5507246376811594 0.7737226277372263
381 0.0018015000000000114 1 1 0.5652173913043478 0.781021897810219
382 0.001771000000000078 0 0 0.5652173913043478 0.781021897810219
383 0.001628300000000027 0 0 0.5652173913043478 0.781021897810219
384 0.0017108999999999597 0 0 0.5652173913043478 0.781021897810219
385 0.001817399999999969 0 0 0.5652173913043478 0.781021897810219
386 0.0017342999999999664 0 0 0.5652173913043478 0.781021897810219
387 0.0017705000000000082 1 0 0.5797101449275363 0.781021897810219
388 0.001706199999999991 0 0 0.5797101449275363 0.781021897810219
389 0.0017338000000000076 0 0 0.5797101449275363 0.781021897810219
390 0.0016907999999999923 0 0 0.5797101449275363 0.781021897810219
391 0.0018291999999999753 0 0 0.5797101449275363 0.781021897810219
392 0.003132899999999994 0 0 0.5797101449275363 0.781021897810219
393 0.0016403999999999863 0 0 0.5797101449275363 0.781021897810219
394 0.001811799999999919 1 1 0.5942028985507246 0.7883211678832117
395 0.0017383999999999178 0 0 0.5942028985507246 0.7883211678832117
396 0.0018072000000000088 0 0 0.5942028985507246 0.7883211678832117
397 0.0017418000000000156 0 0 0.5942028985507246 0.7883211678832117
398 0.0017859999999999543 0 0 0.5942028985507246 0.7883211678832117
399 0.0022188999999999126 0 0 0.5942028985507246 0.7883211678832117
400 0.0023012000000000032 1 2 0.6086956521739131 0.8029197080291971
401 0.001765400000000028 0 0 0.6086956521739131 0.8029197080291971
402 0.0016469000000000067 0 0 0.6086956521739131 0.8029197080291971
403 0.001669399999999932 0 0 0.6086956521739131 0.8029197080291971
404 0.001676600000000028 0 0 0.6086956521739131 0.8029197080291971
405 0.001868599999999998 0 0 0.6086956521739131 0.8029197080291971
406 0.0017137999999999876 0 0 0.6086956521739131 0.8029197080291971
407 0.0017192000000000318 0 0 0.6086956521739131 0.8029197080291971
408 0.0018071000000000614 1 1 0.6231884057971014 0.8102189781021898
409 0.0018616000000000188 0 0 0.6231884057971014 0.8102189781021898
410 0.001857899999999968 0 0 0.6231884057971014 0.8102189781021898
411 0.0016972000000000653 0 0 0.6231884057971014 0.8102189781021898
412 0.0017762000000000056 1 1 0.6376811594202898 0.8175182481751825
413 0.001900300000000077 0 0 0.6376811594202898 0.8175182481751825
414 0.0018048999999999982 0 0 0.6376811594202898 0.8175182481751825
415 0.001997899999999997 0 0 0.6376811594202898 0.8175182481751825
416 0.0018692000000000153 0 0 0.6376811594202898 0.8175182481751825
417 0.0017609999999999015 0 0 0.6376811594202898 0.8175182481751825
418 0.0018437000000000037 0 0 0.6376811594202898 0.8175182481751825
419 0.001709100000000019 0 0 0.6376811594202898 0.8175182481751825
420 0.001811499999999966 0 0 0.6376811594202898 0.8175182481751825
421 0.0016924000000000383 0 0 0.6376811594202898 0.8175182481751825
422 0.0017184000000000088 0 0 0.6376811594202898 0.8175182481751825
423 0.001769400000000032 0 0 0.6376811594202898 0.8175182481751825
424 0.001840300000000017 0 0 0.6376811594202898 0.8175182481751825
425 0.001752599999999993 1 1 0.6521739130434783 0.8248175182481752
426 0.002249899999999916 0 0 0.6521739130434783 0.8248175182481752
427 0.0017552000000000678 0 0 0.6521739130434783 0.8248175182481752
428 0.0017380000000000173 1 0 0.6666666666666666 0.8248175182481752
429 0.0019495000000000484 0 0 0.6666666666666666 0.8248175182481752
430 0.0019460999999999506 0 0 0.6666666666666666 0.8248175182481752
431 0.0018176999999999222 0 0 0.6666666666666666 0.8248175182481752
432 0.0018689000000000622 0 0 0.6666666666666666 0.8248175182481752
433 0.0018700999999999857 0 0 0.6666666666666666 0.8248175182481752
434 0.0018654999999999644 0 0 0.6666666666666666 0.8248175182481752
435 0.0018910999999999234 0 0 0.6666666666666666 0.8248175182481752
436 0.0017439000000000204 0 0 0.6666666666666666 0.8248175182481752
437 0.0018424000000000218 0 0 0.6666666666666666 0.8248175182481752
438 0.0018009999999999415 0 0 0.6666666666666666 0.8248175182481752
439 0.0018696999999999742 0 0 0.6666666666666666 0.8248175182481752
440 0.0017148000000001273 1 1 0.6811594202898551 0.8321167883211679
441 0.0017874999999998309 0 0 0.6811594202898551 0.8321167883211679
442 0.0018473999999999435 0 0 0.6811594202898551 0.8321167883211679
443 0.0018650999999998419 0 0 0.6811594202898551 0.8321167883211679
444 0.0018996000000000013 0 0 0.6811594202898551 0.8321167883211679
445 0.0017532000000000103 1 1 0.6956521739130435 0.8394160583941606
446 0.0018415999999998878 0 0 0.6956521739130435 0.8394160583941606
447 0.0019351000000000784 0 0 0.6956521739130435 0.8394160583941606
448 0.0018206999999998974 0 0 0.6956521739130435 0.8394160583941606
449 0.0017790999999998114 0 0 0.6956521739130435 0.8394160583941606
450 0.0019398999999999944 1 1 0.7101449275362319 0.8467153284671532
451 0.0018896999999999942 0 0 0.7101449275362319 0.8467153284671532
452 0.0019727999999998858 0 1 0.7101449275362319 0.8540145985401459
453 0.0018587999999999383 0 0 0.7101449275362319 0.8540145985401459
454 0.001876599999999895 0 0 0.7101449275362319 0.8540145985401459
455 0.0017136000000002038 0 0 0.7101449275362319 0.8540145985401459
456 0.0017197000000002127 0 0 0.7101449275362319 0.8540145985401459
457 0.0017476000000000713 0 0 0.7101449275362319 0.8540145985401459
458 0.0019249000000001182 0 0 0.7101449275362319 0.8540145985401459
459 0.0016824999999998091 0 0 0.7101449275362319 0.8540145985401459
460 0.0016438999999999204 0 0 0.7101449275362319 0.8540145985401459
461 0.0016763999999998003 0 0 0.7101449275362319 0.8540145985401459
462 0.0017774999999999874 0 0 0.7101449275362319 0.8540145985401459
463 0.0019845000000000557 0 0 0.7101449275362319 0.8540145985401459
464 0.0016817000000000082 0 0 0.7101449275362319 0.8540145985401459
465 0.0017979999999999663 0 0 0.7101449275362319 0.8540145985401459
466 0.0017945999999999795 0 0 0.7101449275362319 0.8540145985401459
467 0.001720299999999897 1 1 0.7246376811594203 0.8613138686131386
468 0.0017777000000001042 1 1 0.7391304347826086 0.8686131386861314
469 0.001857900000000079 0 0 0.7391304347826086 0.8686131386861314
470 0.0018211999999999673 0 0 0.7391304347826086 0.8686131386861314
471 0.0017788999999999167 0 0 0.7391304347826086 0.8686131386861314
472 0.0017233000000000942 0 0 0.7391304347826086 0.8686131386861314
473 0.001785900000000007 0 0 0.7391304347826086 0.8686131386861314
474 0.0017880999999999592 0 0 0.7391304347826086 0.8686131386861314
475 0.00198620000000016 0 0 0.7391304347826086 0.8686131386861314
476 0.0018396000000000523 0 0 0.7391304347826086 0.8686131386861314
477 0.001954400000000023 0 0 0.7391304347826086 0.8686131386861314
478 0.0017699999999998273 0 0 0.7391304347826086 0.8686131386861314
479 0.0016835999999997853 1 1 0.7536231884057971 0.8759124087591241
480 0.0019000000000000128 0 0 0.7536231884057971 0.8759124087591241
481 0.0016493000000001867 0 0 0.7536231884057971 0.8759124087591241
482 0.0018975999999999438 0 0 0.7536231884057971 0.8759124087591241
483 0.0019144999999998191 0 0 0.7536231884057971 0.8759124087591241
484 0.0017974999999998964 0 0 0.7536231884057971 0.8759124087591241
485 0.002017900000000017 1 1 0.7681159420289855 0.8832116788321168
486 0.0018411999999998763 0 0 0.7681159420289855 0.8832116788321168
487 0.0030807999999999947 1 0 0.782608695652174 0.8832116788321168
488 0.0018143999999999938 0 0 0.782608695652174 0.8832116788321168
489 0.0018852000000000313 0 0 0.782608695652174 0.8832116788321168
490 0.0019807000000000574 0 0 0.782608695652174 0.8832116788321168
491 0.001946999999999921 0 1 0.782608695652174 0.8905109489051095
492 0.0019266000000000005 0 0 0.782608695652174 0.8905109489051095
493 0.0019117000000001827 0 0 0.782608695652174 0.8905109489051095
494 0.0018527999999999878 0 0 0.782608695652174 0.8905109489051095
495 0.001735000000000042 0 0 0.782608695652174 0.8905109489051095
496 0.001753099999999952 0 0 0.782608695652174 0.8905109489051095
497 0.0017620000000000413 0 0 0.782608695652174 0.8905109489051095
498 0.001853899999999964 0 0 0.782608695652174 0.8905109489051095
499 0.0017705999999999555 0 0 0.782608695652174 0.8905109489051095
500 0.0018044000000001503 0 0 0.782608695652174 0.8905109489051095
501 0.0018252999999999187 0 0 0.782608695652174 0.8905109489051095
502 0.0017251999999998713 0 0 0.782608695652174 0.8905109489051095
503 0.00170669999999995 0 0 0.782608695652174 0.8905109489051095
504 0.0018800000000001038 0 0 0.782608695652174 0.8905109489051095
505 0.001828300000000116 0 0 0.782608695652174 0.8905109489051095
506 0.001980300000000046 0 0 0.782608695652174 0.8905109489051095
507 0.0018800999999999402 0 0 0.782608695652174 0.8905109489051095
508 0.001847000000000154 0 0 0.782608695652174 0.8905109489051095
509 0.0035202000000000844 0 0 0.782608695652174 0.8905109489051095
510 0.0030756999999999035 0 0 0.782608695652174 0.8905109489051095
511 0.0020797000000001287 1 1 0.7971014492753623 0.8978102189781022
512 0.0018517000000000117 1 1 0.8115942028985508 0.9051094890510949
513 0.0022343000000000224 1 1 0.8260869565217391 0.9124087591240876
514 0.0020070999999999284 0 0 0.8260869565217391 0.9124087591240876
515 0.001904300000000081 0 0 0.8260869565217391 0.9124087591240876
516 0.0022050000000000125 1 1 0.8405797101449275 0.9197080291970803
517 0.0019222999999999324 1 1 0.855072463768116 0.927007299270073
518 0.001860600000000101 0 0 0.855072463768116 0.927007299270073
519 0.0019715999999998512 0 0 0.855072463768116 0.927007299270073
520 0.0018986000000000836 0 0 0.855072463768116 0.927007299270073
521 0.0018311000000001965 0 0 0.855072463768116 0.927007299270073
522 0.0017660999999999927 0 0 0.855072463768116 0.927007299270073
523 0.0018042000000000336 0 0 0.855072463768116 0.927007299270073
524 0.0020373000000000197 0 0 0.855072463768116 0.927007299270073
525 0.0018666000000000516 0 0 0.855072463768116 0.927007299270073
526 0.0018963999999999093 0 0 0.855072463768116 0.927007299270073
527 0.0019009000000000942 0 0 0.855072463768116 0.927007299270073
528 0.0018743000000001064 0 0 0.855072463768116 0.927007299270073
529 0.001856599999999986 0 0 0.855072463768116 0.927007299270073
530 0.001954200000000128 0 0 0.855072463768116 0.927007299270073
531 0.001832300000000009 0 0 0.855072463768116 0.927007299270073
532 0.0017860000000000653 0 0 0.855072463768116 0.927007299270073
533 0.0018076000000000203 0 0 0.855072463768116 0.927007299270073
534 0.0018008999999998831 1 1 0.8695652173913043 0.9343065693430657
535 0.001970699999999992 0 0 0.8695652173913043 0.9343065693430657
536 0.0017714999999998149 0 0 0.8695652173913043 0.9343065693430657
537 0.001877899999999988 1 1 0.8840579710144928 0.9416058394160584
538 0.0018095000000000194 0 0 0.8840579710144928 0.9416058394160584
539 0.00190990000000002 0 0 0.8840579710144928 0.9416058394160584
540 0.0019869000000001247 1 1 0.8985507246376812 0.948905109489051
541 0.0020312000000000108 0 0 0.8985507246376812 0.948905109489051
542 0.0018640999999999242 0 0 0.8985507246376812 0.948905109489051
543 0.001910199999999973 0 0 0.8985507246376812 0.948905109489051
544 0.00193500000000002 0 0 0.8985507246376812 0.948905109489051
545 0.001740599999999981 0 0 0.8985507246376812 0.948905109489051
546 0.0018362000000000656 0 0 0.8985507246376812 0.948905109489051
547 0.0020215999999999568 0 0 0.8985507246376812 0.948905109489051
548 0.0019521999999998485 0 0 0.8985507246376812 0.948905109489051
549 0.0018572999999999507 0 0 0.8985507246376812 0.948905109489051
550 0.001808599999999938 0 0 0.8985507246376812 0.948905109489051
551 0.0020105999999999735 0 0 0.8985507246376812 0.948905109489051
552 0.0018289000000000222 0 0 0.8985507246376812 0.948905109489051
553 0.0019530000000000936 0 0 0.8985507246376812 0.948905109489051
554 0.001941100000000029 0 0 0.8985507246376812 0.948905109489051
555 0.0018228000000000133 1 1 0.9130434782608695 0.9562043795620438
556 0.0020103000000000204 0 0 0.9130434782608695 0.9562043795620438
557 0.0018198999999998744 0 0 0.9130434782608695 0.9562043795620438
558 0.0018628000000000533 0 0 0.9130434782608695 0.9562043795620438
559 0.001807000000000114 0 0 0.9130434782608695 0.9562043795620438
560 0.0018129999999998425 0 0 0.9130434782608695 0.9562043795620438
561 0.0018825000000000092 0 0 0.9130434782608695 0.9562043795620438
562 0.0018892999999999827 0 0 0.9130434782608695 0.9562043795620438
563 0.002071799999999957 0 0 0.9130434782608695 0.9562043795620438
564 0.0019965000000001787 0 0 0.9130434782608695 0.9562043795620438
565 0.0019674000000000635 0 0 0.9130434782608695 0.9562043795620438
566 0.0018364000000001823 0 0 0.9130434782608695 0.9562043795620438
567 0.002025900000000025 0 0 0.9130434782608695 0.9562043795620438
568 0.0022451999999999472 0 0 0.9130434782608695 0.9562043795620438
569 0.002638699999999883 0 0 0.9130434782608695 0.9562043795620438
570 0.0025488000000000177 0 0 0.9130434782608695 0.9562043795620438
571 0.002648900000000065 0 0 0.9130434782608695 0.9562043795620438
572 0.0025686999999998683 0 0 0.9130434782608695 0.9562043795620438
573 0.0025336000000000247 0 0 0.9130434782608695 0.9562043795620438
574 0.002320300000000053 0 0 0.9130434782608695 0.9562043795620438
575 0.002610499999999849 0 0 0.9130434782608695 0.9562043795620438
576 0.00294939999999988 0 0 0.9130434782608695 0.9562043795620438
577 0.0020710999999999924 0 0 0.9130434782608695 0.9562043795620438
578 0.0018232999999998611 0 0 0.9130434782608695 0.9562043795620438
579 0.002039300000000077 1 0 0.927536231884058 0.9562043795620438
580 0.002063000000000148 0 0 0.927536231884058 0.9562043795620438
581 0.0019799999999998708 0 0 0.927536231884058 0.9562043795620438
582 0.0023299999999999432 0 0 0.927536231884058 0.9562043795620438
583 0.0018698000000001436 0 0 0.927536231884058 0.9562043795620438
584 0.002009900000000009 0 0 0.927536231884058 0.9562043795620438
585 0.00227949999999999 0 0 0.927536231884058 0.9562043795620438
586 0.0021066000000000695 1 1 0.9420289855072463 0.9635036496350365
587 0.0020232000000000028 0 0 0.9420289855072463 0.9635036496350365
588 0.0018599999999999728 1 0 0.9565217391304348 0.9635036496350365
589 0.0020116999999999496 0 0 0.9565217391304348 0.9635036496350365
590 0.001981700000000197 0 0 0.9565217391304348 0.9635036496350365
591 0.0020746000000000375 0 0 0.9565217391304348 0.9635036496350365
592 0.001981400000000022 0 0 0.9565217391304348 0.9635036496350365
593 0.0018388999999998656 0 0 0.9565217391304348 0.9635036496350365
594 0.0019057000000000102 1 0 0.9710144927536232 0.9635036496350365
595 0.0021392000000000078 0 0 0.9710144927536232 0.9635036496350365
596 0.0020207000000000974 0 0 0.9710144927536232 0.9635036496350365
597 0.0018754000000000826 0 0 0.9710144927536232 0.9635036496350365
598 0.0021309000000000466 0 0 0.9710144927536232 0.9635036496350365
599 0.0019273999999998015 0 0 0.9710144927536232 0.9635036496350365
600 0.0019948000000000743 0 0 0.9710144927536232 0.9635036496350365
601 0.0019953999999999805 0 1 0.9710144927536232 0.9708029197080292
602 0.0018348999999999727 0 0 0.9710144927536232 0.9708029197080292
603 0.0020259999999998612 0 0 0.9710144927536232 0.9708029197080292
604 0.0018129999999998425 0 0 0.9710144927536232 0.9708029197080292
605 0.0019423999999998998 0 0 0.9710144927536232 0.9708029197080292
606 0.0019039999999999058 0 0 0.9710144927536232 0.9708029197080292
607 0.0020390999999999604 0 1 0.9710144927536232 0.9781021897810219
608 0.001885899999999996 0 1 0.9710144927536232 0.9854014598540146
609 0.002007300000000045 0 0 0.9710144927536232 0.9854014598540146
610 0.002017900000000017 0 0 0.9710144927536232 0.9854014598540146
611 0.002066500000000193 0 0 0.9710144927536232 0.9854014598540146
612 0.0022227999999999692 0 0 0.9710144927536232 0.9854014598540146
613 0.0020756000000001773 0 0 0.9710144927536232 0.9854014598540146
614 0.001947800000000166 0 0 0.9710144927536232 0.9854014598540146
615 0.0019994000000000955 0 0 0.9710144927536232 0.9854014598540146
616 0.0019647000000000414 1 1 0.9855072463768116 0.9927007299270073
617 0.0021521999999998265 0 0 0.9855072463768116 0.9927007299270073
618 0.001889900000000111 0 0 0.9855072463768116 0.9927007299270073
619 0.0020335000000000214 0 0 0.9855072463768116 0.9927007299270073
620 0.0020213000000000036 0 0 0.9855072463768116 0.9927007299270073
621 0.0019647000000000414 0 0 0.9855072463768116 0.9927007299270073
622 0.00205870000000008 0 0 0.9855072463768116 0.9927007299270073
623 0.0018481000000001302 0 0 0.9855072463768116 0.9927007299270073
624 0.002063499999999996 1 0 1.0 0.9927007299270073
625 0.00202940000000007 0 0 1.0 0.9927007299270073
626 0.001955299999999882 0 0 1.0 0.9927007299270073
627 0.0022366999999998693 0 0 1.0 0.9927007299270073
628 0.0018735999999999198 0 0 1.0 0.9927007299270073
629 0.001985900000000207 0 0 1.0 0.9927007299270073
630 0.002219500000000041 0 1 1.0 1.0
