160 0.9 0.5
1 0.0032634999999999748 1 0 0.006289308176100629 0.501577287066246
2 0.0032291999999999876 1 0 0.012578616352201259 0.501577287066246
3 0.0031247000000000358 1 1 0.018867924528301886 0.5047318611987381
4 0.003125600000000006 1 1 0.025157232704402517 0.5078864353312302
5 0.003238600000000036 0 1 0.025157232704402517 0.5110410094637224
6 0.0031532000000000227 1 0 0.031446540880503145 0.5110410094637224
7 0.0032727000000000173 1 1 0.03773584905660377 0.5141955835962145
8 0.003384200000000004 1 1 0.0440251572327044 0.5173501577287066
9 0.003420499999999993 1 1 0.050314465408805034 0.5205047318611987
10 0.0033802999999999472 1 1 0.05660377358490566 0.5236593059936908
11 0.0032251999999999836 1 1 0.06289308176100629 0.526813880126183
12 0.0037520999999999805 1 1 0.06918238993710692 0.5299684542586751
13 0.0034500000000000086 0 0 0.06918238993710692 0.5299684542586751
14 0.003352199999999972 1 1 0.07547169811320754 0.5331230283911672
15 0.0033159999999999856 0 0 0.07547169811320754 0.5331230283911672
16 0.00336160000000002 1 2 0.08176100628930817 0.5394321766561514
17 0.003644599999999998 1 1 0.0880503144654088 0.5425867507886435
18 0.003505299999999989 1 1 0.09433962264150944 0.5457413249211357
19 0.005117199999999988 1 1 0.10062893081761007 0.5488958990536278
20 0.003542600000000007 0 0 0.10062893081761007 0.5488958990536278
21 0.0034383000000000052 1 0 0.1069182389937107 0.5488958990536278
22 0.0033503000000000283 1 1 0.11320754716981132 0.5520504731861199
23 0.0033310999999999757 0 1 0.11320754716981132 0.555205047318612
24 0.00345040000000002 1 0 0.11949685534591195 0.555205047318612
25 0.0034861000000000475 1 1 0.12578616352201258 0.5583596214511041
26 0.003425400000000023 1 1 0.1320754716981132 0.5615141955835962
27 0.003427300000000022 0 1 0.1320754716981132 0.5646687697160884
28 0.0034824999999999995 1 0 0.13836477987421383 0.5646687697160884
29 0.0034231000000000122 1 1 0.14465408805031446 0.5678233438485805
30 0.0034897999999999874 1 0 0.1509433962264151 0.5678233438485805
31 0.0034624999999999795 1 1 0.15723270440251572 0.5709779179810726
32 0.00349919999999998 1 0 0.16352201257861634 0.5709779179810726
33 0.003502100000000008 1 1 0.16981132075471697 0.5741324921135647
34 0.0036680000000000046 1 4 0.1761006289308176 0.5867507886435331
35 0.003765699999999983 1 1 0.18238993710691823 0.5899053627760252
36 0.003507199999999988 1 0 0.18867924528301888 0.5899053627760252
37 0.0036457000000000295 0 1 0.18867924528301888 0.5930599369085173
38 0.0035835999999999646 1 0 0.1949685534591195 0.5930599369085173
39 0.0036865999999999843 1 1 0.20125786163522014 0.5962145110410094
40 0.0036135999999999946 1 0 0.20754716981132076 0.5962145110410094
41 0.0038002999999999787 1 2 0.2138364779874214 0.6025236593059937
42 0.007483300000000026 0 1 0.2138364779874214 0.6056782334384858
43 0.007123700000000066 1 0 0.22012578616352202 0.6056782334384858
44 0.0042432000000000025 1 1 0.22641509433962265 0.6088328075709779
45 0.0041463999999999945 1 0 0.23270440251572327 0.6088328075709779
46 0.003953099999999932 1 0 0.2389937106918239 0.6088328075709779
47 0.004209300000000082 1 2 0.24528301886792453 0.6151419558359621
48 0.004115099999999927 0 1 0.24528301886792453 0.6182965299684543
49 0.0037344000000000266 0 0 0.24528301886792453 0.6182965299684543
50 0.0037612999999999674 1 1 0.25157232704402516 0.6214511041009464
51 0.003892100000000065 1 1 0.2578616352201258 0.6246056782334385
52 0.004055299999999984 1 1 0.2641509433962264 0.6277602523659306
53 0.004199700000000028 1 1 0.27044025157232704 0.6309148264984227
54 0.004285399999999995 1 1 0.27672955974842767 0.6340694006309149
55 0.003948300000000016 1 1 0.2830188679245283 0.637223974763407
56 0.004147299999999965 1 1 0.2893081761006289 0.6403785488958991
57 0.004144199999999931 1 1 0.29559748427672955 0.6435331230283912
58 0.004020700000000099 1 0 0.3018867924528302 0.6435331230283912
59 0.004349700000000012 1 1 0.3081761006289308 0.6466876971608833
60 0.003985899999999987 1 2 0.31446540880503143 0.6529968454258676
61 0.004323700000000041 1 1 0.32075471698113206 0.6561514195583596
62 0.004369899999999927 0 1 0.32075471698113206 0.6593059936908517
63 0.003945500000000046 1 0 0.3270440251572327 0.6593059936908517
64 0.003960599999999981 1 1 0.3333333333333333 0.6624605678233438
65 0.004058299999999959 1 0 0.33962264150943394 0.6624605678233438
66 0.004114199999999957 0 1 0.33962264150943394 0.6656151419558359
67 0.004019499999999954 1 0 0.34591194968553457 0.6656151419558359
68 0.003991500000000037 1 1 0.3522012578616352 0.668769716088328
69 0.004143499999999967 1 2 0.3584905660377358 0.6750788643533123
70 0.003927399999999914 1 0 0.36477987421383645 0.6750788643533123
71 0.004449099999999984 1 0 0.3710691823899371 0.6750788643533123
72 0.004115800000000003 1 2 0.37735849056603776 0.6813880126182965
73 0.004434600000000066 1 2 0.3836477987421384 0.6876971608832808
74 0.004301100000000058 0 0 0.3836477987421384 0.6876971608832808
75 0.004156999999999966 0 1 0.3836477987421384 0.6908517350157729
76 0.00421870000000002 1 1 0.389937106918239 0.694006309148265
77 0.0041856000000000115 1 1 0.39622641509433965 0.6971608832807571
78 0.0041336000000000706 1 1 0.4025157232704403 0.7003154574132492
79 0.0046024000000000065 1 1 0.4088050314465409 0.7034700315457413
80 0.004169300000000042 1 0 0.41509433962264153 0.7034700315457413
81 0.004359000000000002 1 0 0.42138364779874216 0.7034700315457413
82 0.004322600000000065 1 2 0.4276729559748428 0.7097791798107256
83 0.0042119999999999935 1 2 0.4339622641509434 0.7160883280757098
84 0.004349400000000059 1 0 0.44025157232704404 0.7160883280757098
85 0.004150700000000063 1 2 0.44654088050314467 0.722397476340694
86 0.004218300000000008 1 1 0.4528301886792453 0.7255520504731862
87 0.004382199999999892 1 0 0.4591194968553459 0.7255520504731862
88 0.004276100000000005 1 1 0.46540880503144655 0.7287066246056783
89 0.004441999999999946 1 2 0.4716981132075472 0.7350157728706624
90 0.004251699999999969 1 1 0.4779874213836478 0.7381703470031545
91 0.004687699999999961 1 1 0.48427672955974843 0.7413249211356467
92 0.004263000000000017 1 0 0.49056603773584906 0.7413249211356467
93 0.004329899999999998 1 1 0.4968553459119497 0.7444794952681388
94 0.004322699999999902 1 1 0.5031446540880503 0.7476340694006309
95 0.004313999999999929 1 0 0.5094339622641509 0.7476340694006309
96 0.0043959999999999555 1 1 0.5157232704402516 0.750788643533123
97 0.004407799999999962 1 2 0.5220125786163522 0.7570977917981072
98 0.004572200000000026 0 1 0.5220125786163522 0.7602523659305994
99 0.0046048000000000755 1 1 0.5283018867924528 0.7634069400630915
100 0.004837800000000003 1 1 0.5345911949685535 0.7665615141955836
101 0.004467299999999952 1 1 0.5408805031446541 0.7697160883280757
102 0.00484260000000003 1 0 0.5471698113207547 0.7697160883280757
103 0.0047071999999999115 1 0 0.5534591194968553 0.7697160883280757
104 0.004681799999999958 1 3 0.559748427672956 0.7791798107255521
105 0.00453899999999996 1 1 0.5660377358490566 0.7823343848580442
106 0.004521799999999909 1 0 0.5723270440251572 0.7823343848580442
107 0.004611000000000032 1 0 0.5786163522012578 0.7823343848580442
108 0.00477800000000006 1 0 0.5849056603773585 0.7823343848580442
109 0.004977200000000015 1 2 0.5911949685534591 0.7886435331230284
110 0.00458970000000003 0 2 0.5911949685534591 0.7949526813880127
111 0.004573100000000108 1 0 0.5974842767295597 0.7949526813880127
112 0.004755600000000082 0 1 0.5974842767295597 0.7981072555205048
113 0.004670499999999911 1 1 0.6037735849056604 0.8012618296529969
114 0.004803700000000077 1 1 0.610062893081761 0.804416403785489
115 0.004726100000000066 1 1 0.6163522012578616 0.807570977917981
116 0.004657899999999993 1 1 0.6226415094339622 0.8107255520504731
117 0.005311799999999978 1 1 0.6289308176100629 0.8138801261829653
118 0.004875799999999986 1 0 0.6352201257861635 0.8138801261829653
119 0.004766199999999943 1 2 0.6415094339622641 0.8201892744479495
120 0.004953700000000061 1 0 0.6477987421383647 0.8201892744479495
121 0.004574300000000031 1 0 0.6540880503144654 0.8201892744479495
122 0.004931499999999978 1 3 0.660377358490566 0.8296529968454258
123 0.005010899999999929 1 0 0.6666666666666666 0.8296529968454258
124 0.004861900000000086 1 0 0.6729559748427673 0.8296529968454258
125 0.005242100000000027 1 2 0.6792452830188679 0.8359621451104101
126 0.004818899999999959 1 1 0.6855345911949685 0.8391167192429022
127 0.004933700000000041 0 1 0.6855345911949685 0.8422712933753943
128 0.005141000000000062 1 1 0.6918238993710691 0.8454258675078864
129 0.004866999999999955 1 0 0.6981132075471698 0.8454258675078864
130 0.005498400000000014 1 1 0.7044025157232704 0.8485804416403786
131 0.005028300000000097 1 1 0.710691823899371 0.8517350157728707
132 0.005475899999999978 1 1 0.7169811320754716 0.8548895899053628
133 0.0052931000000000505 1 1 0.7232704402515723 0.8580441640378549
134 0.004929300000000025 0 1 0.7232704402515723 0.861198738170347
135 0.005030599999999996 0 0 0.7232704402515723 0.861198738170347
136 0.005116900000000091 1 1 0.7295597484276729 0.8643533123028391
137 0.005229400000000051 1 0 0.7358490566037735 0.8643533123028391
138 0.005470799999999998 1 0 0.7421383647798742 0.8643533123028391
139 0.005480800000000063 1 2 0.7484276729559748 0.8706624605678234
140 0.0053894000000001 1 1 0.7547169811320755 0.8738170347003155
141 0.005391699999999999 1 1 0.7610062893081762 0.8769716088328076
142 0.005351099999999942 1 1 0.7672955974842768 0.8801261829652997
143 0.004973500000000075 1 0 0.7735849056603774 0.8801261829652997
144 0.004952700000000032 1 1 0.779874213836478 0.8832807570977917
145 0.005031299999999961 1 0 0.7861635220125787 0.8832807570977917
146 0.005082099999999867 1 2 0.7924528301886793 0.889589905362776
147 0.004881000000000135 1 0 0.7987421383647799 0.889589905362776
148 0.0051594999999999835 1 2 0.8050314465408805 0.8958990536277602
149 0.005053900000000056 0 1 0.8050314465408805 0.8990536277602523
150 0.00512709999999994 1 1 0.8113207547169812 0.9022082018927445
151 0.005106000000000055 1 1 0.8176100628930818 0.9053627760252366
152 0.005162299999999842 1 2 0.8238993710691824 0.9116719242902208
153 0.005135099999999948 0 0 0.8238993710691824 0.9116719242902208
154 0.005033499999999913 1 1 0.8301886792452831 0.9148264984227129
155 0.005235400000000112 1 0 0.8364779874213837 0.9148264984227129
156 0.005502100000000176 1 1 0.8427672955974843 0.917981072555205
157 0.005370499999999945 1 0 0.8490566037735849 0.917981072555205
158 0.005437200000000031 1 2 0.8553459119496856 0.9242902208201893
159 0.0058509999999998286 1 2 0.8616352201257862 0.9305993690851735
160 0.005712900000000021 1 0 0.8679245283018868 0.9305993690851735
161 0.005717399999999984 0 0 0.8679245283018868 0.9305993690851735
162 0.005578300000000036 1 1 0.8742138364779874 0.9337539432176656
163 0.00551809999999997 1 1 0.8805031446540881 0.9369085173501577
164 0.005281199999999986 1 1 0.8867924528301887 0.9400630914826499
165 0.005881800000000048 1 2 0.8930817610062893 0.9463722397476341
166 0.005916799999999833 1 1 0.89937106918239 0.9495268138801262
167 0.005611299999999986 1 0 0.9056603773584906 0.9495268138801262
168 0.005567099999999936 0 0 0.9056603773584906 0.9495268138801262
169 0.0053379000000000065 1 0 0.9119496855345912 0.9495268138801262
170 0.0053635000000000765 1 2 0.9182389937106918 0.9558359621451105
171 0.005393399999999993 1 1 0.9245283018867925 0.9589905362776026
172 0.00588539999999993 1 1 0.9308176100628931 0.9621451104100947
173 0.005422299999999991 0 1 0.9308176100628931 0.9652996845425867
174 0.005466100000000029 1 0 0.9371069182389937 0.9652996845425867
175 0.009010199999999857 1 1 0.9433962264150944 0.9684542586750788
176 0.005501199999999873 1 0 0.949685534591195 0.9684542586750788
177 0.005331100000000033 1 1 0.9559748427672956 0.9716088328075709
178 0.005552999999999919 1 1 0.9622641509433962 0.9747634069400631
179 0.005661499999999986 1 1 0.9685534591194969 0.9779179810725552
180 0.005524899999999944 1 1 0.9748427672955975 0.9810725552050473
181 0.005490400000000006 1 1 0.9811320754716981 0.9842271293375394
182 0.005573700000000015 1 2 0.9874213836477987 0.9905362776025236
183 0.005419899999999922 1 2 0.9937106918238994 0.9968454258675079
184 0.005527900000000141 1 0 1.0 0.9968454258675079
185 0.005575899999999967 0 1 1.0 1.0
