75 0.5 0.5
1 0.0026821999999999957 1 0 0.013513513513513514 0.5034013605442177
2 0.002013899999999985 0 0 0.013513513513513514 0.5034013605442177
3 0.002063499999999996 0 0 0.013513513513513514 0.5034013605442177
4 0.001878899999999989 1 0 0.02702702702702703 0.5034013605442177
5 0.001612300000000011 0 0 0.02702702702702703 0.5034013605442177
6 0.0014977999999999936 1 0 0.04054054054054054 0.5034013605442177
7 0.0014560000000000128 0 0 0.04054054054054054 0.5034013605442177
8 0.001463099999999995 0 0 0.04054054054054054 0.5034013605442177
9 0.0014475999999999933 1 0 0.05405405405405406 0.5034013605442177
10 0.0014844999999999997 0 1 0.05405405405405406 0.5102040816326531
11 0.0021887999999999908 0 1 0.05405405405405406 0.5170068027210885
12 0.002090499999999995 1 1 0.06756756756756757 0.5238095238095238
13 0.0015525999999999596 1 1 0.08108108108108109 0.5306122448979592
14 0.0020670999999999884 1 2 0.0945945945945946 0.54421768707483
15 0.0022715999999999847 1 1 0.10810810810810811 0.5510204081632653
16 0.0017145000000000077 1 0 0.12162162162162163 0.5510204081632653
17 0.0022515999999999647 1 1 0.13513513513513514 0.5578231292517006
18 0.001690999999999998 1 1 0.14864864864864866 0.564625850340136
19 0.0017097999999999836 0 0 0.14864864864864866 0.564625850340136
20 0.0020640999999999576 1 1 0.16216216216216217 0.5714285714285714
21 0.0023915999999999937 1 1 0.17567567567567569 0.5782312925170068
22 0.0019772000000000123 1 2 0.1891891891891892 0.5918367346938775
23 0.004325699999999988 1 1 0.20270270270270271 0.5986394557823129
24 0.0036407999999999996 1 1 0.21621621621621623 0.6054421768707483
25 0.0021049000000000206 0 0 0.21621621621621623 0.6054421768707483
26 0.0027752999999999806 1 1 0.22972972972972974 0.6122448979591837
27 0.0022378999999999594 1 1 0.24324324324324326 0.6190476190476191
28 0.0018144999999999967 1 1 0.25675675675675674 0.6258503401360545
29 0.0029272000000000187 0 0 0.25675675675675674 0.6258503401360545
30 0.0018249000000000182 0 0 0.25675675675675674 0.6258503401360545
31 0.0024714000000000125 1 1 0.2702702702702703 0.6326530612244898
32 0.002526300000000037 0 0 0.2702702702702703 0.6326530612244898
33 0.0026803000000000243 0 0 0.2702702702702703 0.6326530612244898
34 0.0026668000000000247 1 1 0.28378378378378377 0.6394557823129252
35 0.0019517000000000007 1 0 0.2972972972972973 0.6394557823129252
36 0.002570600000000034 1 0 0.3108108108108108 0.6394557823129252
37 0.002844599999999975 1 0 0.32432432432432434 0.6394557823129252
38 0.0020759999999999668 0 1 0.32432432432432434 0.6462585034013606
39 0.0024291000000000174 0 1 0.32432432432432434 0.6530612244897959
40 0.0018642999999999854 1 1 0.33783783783783783 0.6598639455782312
41 0.0018833999999999795 1 1 0.35135135135135137 0.6666666666666666
42 0.0026834000000000024 0 1 0.35135135135135137 0.673469387755102
43 0.0024478 0 0 0.35135135135135137 0.673469387755102
44 0.0031616999999999895 0 0 0.35135135135135137 0.673469387755102
45 0.0026702000000000115 1 0 0.36486486486486486 0.673469387755102
46 0.001953299999999991 0 0 0.36486486486486486 0.673469387755102
47 0.002879099999999968 0 0 0.36486486486486486 0.673469387755102
48 0.0018172000000000188 1 0 0.3783783783783784 0.673469387755102
49 0.0023827000000000154 0 1 0.3783783783783784 0.6802721088435374
50 0.0025479999999999947 0 1 0.3783783783783784 0.6870748299319728
51 0.0020464000000000038 1 0 0.3918918918918919 0.6870748299319728
52 0.0032041999999999904 0 0 0.3918918918918919 0.6870748299319728
53 0.0018800000000000483 1 1 0.40540540540540543 0.6938775510204082
54 0.0019582999999999684 1 2 0.4189189189189189 0.7074829931972789
55 0.0025459999999999927 1 0 0.43243243243243246 0.7074829931972789
56 0.0024071999999999982 0 0 0.43243243243243246 0.7074829931972789
57 0.0033443999999999696 0 0 0.43243243243243246 0.7074829931972789
58 0.0020339999999999803 1 1 0.44594594594594594 0.7142857142857143
59 0.0019048999999999872 1 1 0.4594594594594595 0.7210884353741497
60 0.0026760000000000117 0 1 0.4594594594594595 0.7278911564625851
61 0.0022133999999999765 0 0 0.4594594594594595 0.7278911564625851
62 0.0034762999999999877 1 0 0.47297297297297297 0.7278911564625851
63 0.003210500000000005 0 0 0.47297297297297297 0.7278911564625851
64 0.003721299999999983 1 2 0.4864864864864865 0.7414965986394558
65 0.002923700000000029 1 1 0.5 0.7482993197278912
66 0.0032119999999999926 1 1 0.5135135135135135 0.7551020408163265
67 0.002373100000000017 1 0 0.527027027027027 0.7551020408163265
68 0.002127800000000013 1 1 0.5405405405405406 0.7619047619047619
69 0.001993300000000031 1 1 0.5540540540540541 0.7687074829931972
70 0.001986600000000005 1 1 0.5675675675675675 0.7755102040816326
71 0.0033153999999999684 1 0 0.581081081081081 0.7755102040816326
72 0.002775699999999992 0 1 0.581081081081081 0.782312925170068
73 0.0023197000000000356 0 1 0.581081081081081 0.7891156462585034
74 0.003252199999999983 0 0 0.581081081081081 0.7891156462585034
75 0.0036905999999999883 1 1 0.5945945945945946 0.7959183673469388
76 0.002398100000000014 1 1 0.6081081081081081 0.8027210884353742
77 0.002786400000000022 1 0 0.6216216216216216 0.8027210884353742
78 0.003088499999999994 1 1 0.6351351351351351 0.8095238095238095
79 0.002914199999999978 1 1 0.6486486486486487 0.8163265306122449
80 0.0026145000000000196 0 0 0.6486486486486487 0.8163265306122449
81 0.0026517000000000346 1 1 0.6621621621621622 0.8231292517006803
82 0.0033135000000000248 1 1 0.6756756756756757 0.8299319727891157
83 0.0020990000000000175 0 0 0.6756756756756757 0.8299319727891157
84 0.0032774999999999888 0 0 0.6756756756756757 0.8299319727891157
85 0.0023140000000000382 1 0 0.6891891891891891 0.8299319727891157
86 0.002182599999999979 1 1 0.7027027027027027 0.8367346938775511
87 0.002701100000000012 0 0 0.7027027027027027 0.8367346938775511
88 0.0029665000000000386 1 1 0.7162162162162162 0.8435374149659864
89 0.003431599999999979 0 1 0.7162162162162162 0.8503401360544217
90 0.002854100000000026 1 1 0.7297297297297297 0.8571428571428571
91 0.004991100000000026 1 1 0.7432432432432432 0.8639455782312925
92 0.004108200000000006 0 0 0.7432432432432432 0.8639455782312925
93 0.0027944999999999776 1 0 0.7567567567567568 0.8639455782312925
94 0.002395299999999989 1 2 0.7702702702702703 0.8775510204081632
95 0.002220600000000017 1 1 0.7837837837837838 0.8843537414965986
96 0.002137100000000003 1 0 0.7972972972972973 0.8843537414965986
97 0.003551899999999941 0 1 0.7972972972972973 0.891156462585034
98 0.002301400000000009 0 0 0.7972972972972973 0.891156462585034
99 0.0034988999999999715 0 0 0.7972972972972973 0.891156462585034
100 0.003009700000000004 1 2 0.8108108108108109 0.9047619047619048
101 0.003022199999999975 1 1 0.8243243243243243 0.9115646258503401
102 0.0023254999999999804 1 0 0.8378378378378378 0.9115646258503401
103 0.0025117000000000056 1 1 0.8513513513513513 0.9183673469387755
104 0.004035299999999964 1 0 0.8648648648648649 0.9183673469387755
105 0.004040500000000002 1 2 0.8783783783783784 0.9319727891156463
106 0.0031525000000000025 0 0 0.8783783783783784 0.9319727891156463
107 0.003020599999999929 0 1 0.8783783783783784 0.9387755102040817
108 0.0029223999999999917 1 1 0.8918918918918919 0.9455782312925171
109 0.0032056000000000306 1 0 0.9054054054054054 0.9455782312925171
110 0.003350500000000034 0 1 0.9054054054054054 0.9523809523809523
111 0.003882300000000005 1 0 0.918918918918919 0.9523809523809523
112 0.0025884000000000462 1 1 0.9324324324324325 0.9591836734693877
113 0.0032555000000000778 0 0 0.9324324324324325 0.9591836734693877
114 0.0031522000000000494 0 1 0.9324324324324325 0.9659863945578231
115 0.003489999999999993 0 0 0.9324324324324325 0.9659863945578231
116 0.0023668999999999496 0 0 0.9324324324324325 0.9659863945578231
117 0.003941100000000031 0 0 0.9324324324324325 0.9659863945578231
118 0.003841399999999995 0 0 0.9324324324324325 0.9659863945578231
119 0.00244729999999993 0 0 0.9324324324324325 0.9659863945578231
120 0.0023749000000000686 1 0 0.9459459459459459 0.9659863945578231
121 0.002836100000000008 1 1 0.9594594594594594 0.9727891156462585
122 0.0028247000000000133 1 0 0.972972972972973 0.9727891156462585
123 0.003253999999999979 0 0 0.972972972972973 0.9727891156462585
124 0.0032522999999999858 1 2 0.9864864864864865 0.9863945578231292
125 0.0038045000000000995 0 0 0.9864864864864865 0.9863945578231292
126 0.0033505999999999814 1 1 1.0 0.9931972789115646
127 0.004118500000000025 0 0 1.0 0.9931972789115646
128 0.0037549000000000055 0 0 1.0 0.9931972789115646
129 0.004155299999999973 0 0 1.0 0.9931972789115646
130 0.0036413000000000695 0 0 1.0 0.9931972789115646
131 0.0029834000000000804 0 0 1.0 0.9931972789115646
132 0.0032607999999999526 0 0 1.0 0.9931972789115646
133 0.0036059000000000507 0 0 1.0 0.9931972789115646
134 0.003650299999999995 0 0 1.0 0.9931972789115646
135 0.0024397000000000446 0 0 1.0 0.9931972789115646
136 0.0031788999999999845 0 0 1.0 0.9931972789115646
137 0.003140099999999979 0 0 1.0 0.9931972789115646
138 0.002778500000000017 0 0 1.0 0.9931972789115646
139 0.0024157000000000206 0 0 1.0 0.9931972789115646
140 0.0025992000000000237 0 0 1.0 0.9931972789115646
141 0.0032204999999999595 0 0 1.0 0.9931972789115646
142 0.0029557000000000055 0 0 1.0 0.9931972789115646
143 0.0035336000000000256 0 0 1.0 0.9931972789115646
144 0.0023665999999999965 0 0 1.0 0.9931972789115646
145 0.0036450000000000093 0 1 1.0 1.0
