175 0.8 0.6
1 0.008204100000000047 1 0 0.005747126436781609 0.5014409221902018
2 0.006068100000000021 0 0 0.005747126436781609 0.5014409221902018
3 0.00435809999999992 1 1 0.011494252873563218 0.5043227665706052
4 0.00556230000000002 1 0 0.017241379310344827 0.5043227665706052
5 0.0053659000000000345 0 0 0.017241379310344827 0.5043227665706052
6 0.005475800000000031 0 1 0.017241379310344827 0.5072046109510087
7 0.004293899999999962 1 1 0.022988505747126436 0.5100864553314121
8 0.006571300000000058 0 0 0.022988505747126436 0.5100864553314121
9 0.004389200000000093 0 0 0.022988505747126436 0.5100864553314121
10 0.004873100000000075 1 0 0.028735632183908046 0.5100864553314121
11 0.005254599999999998 1 1 0.034482758620689655 0.5129682997118156
12 0.005628500000000036 0 1 0.034482758620689655 0.515850144092219
13 0.006654600000000066 1 1 0.040229885057471264 0.5187319884726225
14 0.00899620000000001 1 0 0.04597701149425287 0.5187319884726225
15 0.004963599999999957 1 0 0.05172413793103448 0.5187319884726225
16 0.0058403000000000205 1 2 0.05747126436781609 0.5244956772334294
17 0.007840699999999923 1 2 0.06321839080459771 0.5302593659942363
18 0.0072374000000000605 0 0 0.06321839080459771 0.5302593659942363
19 0.0062141 1 0 0.06896551724137931 0.5302593659942363
20 0.00475380000000003 1 1 0.07471264367816093 0.5331412103746398
21 0.006013599999999952 1 2 0.08045977011494253 0.5389048991354467
22 0.00480170000000002 1 0 0.08620689655172414 0.5389048991354467
23 0.005220400000000014 1 1 0.09195402298850575 0.5417867435158501
24 0.004471400000000014 0 1 0.09195402298850575 0.5446685878962536
25 0.004767499999999925 1 0 0.09770114942528736 0.5446685878962536
26 0.005634299999999981 1 1 0.10344827586206896 0.547550432276657
27 0.006456899999999988 1 0 0.10919540229885058 0.547550432276657
28 0.00538929999999993 1 2 0.11494252873563218 0.553314121037464
29 0.006464200000000031 1 1 0.1206896551724138 0.5561959654178674
30 0.005158200000000002 1 2 0.12643678160919541 0.5619596541786743
31 0.004695099999999952 1 0 0.13218390804597702 0.5619596541786743
32 0.005372900000000014 1 2 0.13793103448275862 0.5677233429394812
33 0.004795099999999941 1 1 0.14367816091954022 0.5706051873198847
34 0.005123299999999942 1 1 0.14942528735632185 0.5734870317002881
35 0.007770900000000025 1 1 0.15517241379310345 0.5763688760806917
36 0.005786100000000016 1 0 0.16091954022988506 0.5763688760806917
37 0.0052491000000000065 1 1 0.16666666666666666 0.579250720461095
38 0.005312099999999931 1 1 0.1724137931034483 0.5821325648414986
39 0.004394200000000015 1 2 0.1781609195402299 0.5878962536023055
40 0.00511320000000004 1 0 0.1839080459770115 0.5878962536023055
41 0.005816799999999955 1 1 0.1896551724137931 0.590778097982709
42 0.005248799999999942 1 1 0.19540229885057472 0.5936599423631124
43 0.004723499999999992 1 1 0.20114942528735633 0.5965417867435159
44 0.004739599999999955 0 1 0.20114942528735633 0.5994236311239193
45 0.005393700000000057 1 1 0.20689655172413793 0.6023054755043228
46 0.006053399999999987 0 0 0.20689655172413793 0.6023054755043228
47 0.005431900000000045 1 1 0.21264367816091953 0.6051873198847262
48 0.005066500000000085 0 0 0.21264367816091953 0.6051873198847262
49 0.006184999999999996 1 1 0.21839080459770116 0.6080691642651297
50 0.005944499999999908 1 1 0.22413793103448276 0.6109510086455331
51 0.005605300000000035 1 0 0.22988505747126436 0.6109510086455331
52 0.004575700000000071 1 1 0.23563218390804597 0.6138328530259366
53 0.007490600000000014 1 0 0.2413793103448276 0.6138328530259366
54 0.007124200000000025 1 2 0.2471264367816092 0.6195965417867435
55 0.006239100000000053 1 2 0.25287356321839083 0.6253602305475504
56 0.0068286000000000735 1 1 0.25862068965517243 0.6282420749279539
57 0.006321699999999986 1 1 0.26436781609195403 0.6311239193083573
58 0.006000500000000075 1 1 0.27011494252873564 0.6340057636887608
59 0.0072038000000000935 1 0 0.27586206896551724 0.6340057636887608
60 0.005020899999999995 1 1 0.28160919540229884 0.6368876080691642
61 0.00714630000000005 1 1 0.28735632183908044 0.6397694524495677
62 0.007874900000000018 1 1 0.29310344827586204 0.6426512968299711
63 0.006469600000000075 1 0 0.2988505747126437 0.6426512968299711
64 0.006141400000000075 1 2 0.3045977011494253 0.6484149855907781
65 0.006851600000000069 1 2 0.3103448275862069 0.654178674351585
66 0.007096699999999956 0 0 0.3103448275862069 0.654178674351585
67 0.005702000000000096 0 0 0.3103448275862069 0.654178674351585
68 0.006321800000000044 1 0 0.3160919540229885 0.654178674351585
69 0.00687480000000007 1 1 0.3218390804597701 0.6570605187319885
70 0.013060799999999873 1 2 0.3275862068965517 0.6628242074927954
71 0.007793200000000056 1 1 0.3333333333333333 0.6657060518731989
72 0.00957309999999989 1 1 0.3390804597701149 0.6685878962536023
73 0.007324799999999909 0 0 0.3390804597701149 0.6685878962536023
74 0.006903300000000057 1 1 0.3448275862068966 0.6714697406340058
75 0.005806900000000059 1 0 0.3505747126436782 0.6714697406340058
76 0.008951500000000001 1 1 0.3563218390804598 0.6743515850144092
77 0.009666699999999917 1 2 0.3620689655172414 0.6801152737752162
78 0.0063773999999998665 0 0 0.3620689655172414 0.6801152737752162
79 0.0065944 1 0 0.367816091954023 0.6801152737752162
80 0.006451100000000043 1 0 0.3735632183908046 0.6801152737752162
81 0.005942899999999973 1 3 0.3793103448275862 0.6887608069164265
82 0.008386700000000191 0 0 0.3793103448275862 0.6887608069164265
83 0.007090400000000052 0 0 0.3793103448275862 0.6887608069164265
84 0.0071014000000000355 1 1 0.3850574712643678 0.69164265129683
85 0.006558100000000122 1 0 0.39080459770114945 0.69164265129683
86 0.005839200000000044 1 1 0.39655172413793105 0.6945244956772334
87 0.007648000000000099 1 2 0.40229885057471265 0.7002881844380403
88 0.0071784999999999766 1 0 0.40804597701149425 0.7002881844380403
89 0.005769000000000135 1 0 0.41379310344827586 0.7002881844380403
90 0.005583299999999847 1 1 0.41954022988505746 0.7031700288184438
91 0.006084899999999838 1 1 0.42528735632183906 0.7060518731988472
92 0.007553200000000038 1 0 0.43103448275862066 0.7060518731988472
93 0.005623399999999945 1 3 0.4367816091954023 0.7146974063400576
94 0.0068128999999999 1 1 0.4425287356321839 0.7175792507204611
95 0.0054530999999999885 0 0 0.4425287356321839 0.7175792507204611
96 0.006408799999999992 1 1 0.4482758620689655 0.7204610951008645
97 0.0062197999999999976 1 0 0.4540229885057471 0.7204610951008645
98 0.006455600000000006 1 2 0.45977011494252873 0.7262247838616714
99 0.007646399999999831 0 0 0.45977011494252873 0.7262247838616714
100 0.005784599999999918 1 1 0.46551724137931033 0.729106628242075
101 0.005550900000000025 1 1 0.47126436781609193 0.7319884726224783
102 0.006836800000000087 1 2 0.47701149425287354 0.7377521613832853
103 0.005839400000000161 1 1 0.4827586206896552 0.7406340057636888
104 0.007064500000000029 1 1 0.4885057471264368 0.7435158501440923
105 0.006710400000000005 0 0 0.4885057471264368 0.7435158501440923
106 0.007678799999999875 0 0 0.4885057471264368 0.7435158501440923
107 0.006155299999999864 1 0 0.4942528735632184 0.7435158501440923
108 0.006514800000000154 1 1 0.5 0.7463976945244957
109 0.006360499999999991 1 1 0.5057471264367817 0.7492795389048992
110 0.0059925999999999036 1 2 0.5114942528735632 0.7550432276657061
111 0.010671000000000097 1 1 0.5172413793103449 0.7579250720461095
112 0.006085300000000071 1 1 0.5229885057471264 0.760806916426513
113 0.008282899999999982 1 1 0.5287356321839081 0.7636887608069164
114 0.006514400000000142 1 1 0.5344827586206896 0.7665706051873199
115 0.011000200000000016 1 1 0.5402298850574713 0.7694524495677233
116 0.008001999999999843 1 1 0.5459770114942529 0.7723342939481268
117 0.006335900000000061 1 1 0.5517241379310345 0.7752161383285303
118 0.00834709999999994 1 1 0.5574712643678161 0.7780979827089337
119 0.008785900000000124 1 0 0.5632183908045977 0.7780979827089337
120 0.009061299999999939 1 1 0.5689655172413793 0.7809798270893372
121 0.008156300000000005 1 1 0.5747126436781609 0.7838616714697406
122 0.006829500000000044 1 2 0.5804597701149425 0.7896253602305475
123 0.007252299999999989 1 0 0.5862068965517241 0.7896253602305475
124 0.0076349 1 1 0.5919540229885057 0.792507204610951
125 0.009078399999999931 1 2 0.5977011494252874 0.7982708933717579
126 0.010088700000000062 0 0 0.5977011494252874 0.7982708933717579
127 0.008154100000000053 0 0 0.5977011494252874 0.7982708933717579
128 0.007965499999999848 0 0 0.5977011494252874 0.7982708933717579
129 0.007631399999999955 1 0 0.603448275862069 0.7982708933717579
130 0.009495500000000101 1 0 0.6091954022988506 0.7982708933717579
131 0.01282950000000005 1 0 0.6149425287356322 0.7982708933717579
132 0.006181800000000015 1 3 0.6206896551724138 0.8069164265129684
133 0.006870799999999955 1 0 0.6264367816091954 0.8069164265129684
134 0.007427100000000131 1 3 0.632183908045977 0.8155619596541787
135 0.007651399999999864 1 0 0.6379310344827587 0.8155619596541787
136 0.00651170000000012 1 1 0.6436781609195402 0.8184438040345822
137 0.006615700000000002 1 1 0.6494252873563219 0.8213256484149856
138 0.006760099999999936 0 1 0.6494252873563219 0.8242074927953891
139 0.006364700000000001 1 1 0.6551724137931034 0.8270893371757925
140 0.007412500000000044 1 1 0.6609195402298851 0.829971181556196
141 0.006415599999999966 0 0 0.6609195402298851 0.829971181556196
142 0.006167100000000092 1 1 0.6666666666666666 0.8328530259365994
143 0.006570900000000046 1 0 0.6724137931034483 0.8328530259365994
144 0.008581799999999973 1 2 0.6781609195402298 0.8386167146974063
145 0.007676800000000039 1 0 0.6839080459770115 0.8386167146974063
146 0.011111300000000046 1 2 0.6896551724137931 0.8443804034582133
147 0.01113530000000007 1 1 0.6954022988505747 0.8472622478386167
148 0.009389399999999881 0 0 0.6954022988505747 0.8472622478386167
149 0.012466599999999994 1 1 0.7011494252873564 0.8501440922190202
150 0.008974599999999944 1 1 0.7068965517241379 0.8530259365994236
151 0.008909499999999904 0 0 0.7068965517241379 0.8530259365994236
152 0.009541399999999811 1 0 0.7126436781609196 0.8530259365994236
153 0.010073500000000069 0 1 0.7126436781609196 0.8559077809798271
154 0.0095772999999999 0 0 0.7126436781609196 0.8559077809798271
155 0.01036349999999997 0 0 0.7126436781609196 0.8559077809798271
156 0.008592600000000061 1 0 0.7183908045977011 0.8559077809798271
157 0.007691699999999857 1 1 0.7241379310344828 0.8587896253602305
158 0.01202980000000009 1 1 0.7298850574712644 0.861671469740634
159 0.010813900000000043 1 0 0.735632183908046 0.861671469740634
160 0.011949900000000069 1 3 0.7413793103448276 0.8703170028818443
161 0.009371100000000077 1 0 0.7471264367816092 0.8703170028818443
162 0.01472680000000004 1 1 0.7528735632183908 0.8731988472622478
163 0.012252900000000011 1 0 0.7586206896551724 0.8731988472622478
164 0.011496799999999974 1 2 0.764367816091954 0.8789625360230547
165 0.010083400000000076 1 1 0.7701149425287356 0.8818443804034583
166 0.010556699999999974 1 2 0.7758620689655172 0.8876080691642652
167 0.011336900000000094 1 0 0.7816091954022989 0.8876080691642652
168 0.008210200000000167 1 1 0.7873563218390804 0.8904899135446686
169 0.010691400000000018 1 1 0.7931034482758621 0.8933717579250721
170 0.00908360000000008 0 0 0.7931034482758621 0.8933717579250721
171 0.010895300000000052 1 1 0.7988505747126436 0.8962536023054755
172 0.015118999999999883 1 1 0.8045977011494253 0.899135446685879
173 0.021920299999999893 0 0 0.8045977011494253 0.899135446685879
174 0.011964499999999934 1 2 0.8103448275862069 0.9048991354466859
175 0.012543699999999935 1 1 0.8160919540229885 0.9077809798270894
176 0.008235099999999829 0 0 0.8160919540229885 0.9077809798270894
177 0.012971499999999914 1 0 0.8218390804597702 0.9077809798270894
178 0.013714100000000062 1 2 0.8275862068965517 0.9135446685878963
179 0.009720900000000032 1 1 0.8333333333333334 0.9164265129682997
180 0.01055930000000016 1 0 0.8390804597701149 0.9164265129682997
181 0.009073200000000003 1 1 0.8448275862068966 0.9193083573487032
182 0.011425200000000135 1 2 0.8505747126436781 0.9250720461095101
183 0.00858599999999976 1 1 0.8563218390804598 0.9279538904899135
184 0.010608700000000137 1 1 0.8620689655172413 0.930835734870317
185 0.010787300000000055 1 0 0.867816091954023 0.930835734870317
186 0.010304599999999997 1 1 0.8735632183908046 0.9337175792507204
187 0.008338100000000015 1 1 0.8793103448275862 0.9365994236311239
188 0.011718799999999696 0 0 0.8793103448275862 0.9365994236311239
189 0.008848599999999873 0 0 0.8793103448275862 0.9365994236311239
190 0.010911700000000302 1 1 0.8850574712643678 0.9394812680115274
191 0.008529599999999693 1 1 0.8908045977011494 0.9423631123919308
192 0.0106541 1 1 0.896551724137931 0.9452449567723343
193 0.010842600000000147 1 0 0.9022988505747126 0.9452449567723343
194 0.008840600000000087 1 2 0.9080459770114943 0.9510086455331412
195 0.008359200000000122 1 0 0.9137931034482759 0.9510086455331412
196 0.01084050000000003 0 0 0.9137931034482759 0.9510086455331412
197 0.008542499999999897 1 1 0.9195402298850575 0.9538904899135446
198 0.011454399999999865 1 1 0.9252873563218391 0.9567723342939481
199 0.008156000000000052 1 3 0.9310344827586207 0.9654178674351584
200 0.009485500000000258 1 1 0.9367816091954023 0.968299711815562
201 0.011090100000000103 1 1 0.9425287356321839 0.9711815561959655
202 0.010589099999999796 0 0 0.9425287356321839 0.9711815561959655
203 0.01143699999999992 1 1 0.9482758620689655 0.9740634005763689
204 0.008543200000000084 1 0 0.9540229885057471 0.9740634005763689
205 0.007621199999999995 1 1 0.9597701149425287 0.9769452449567724
206 0.008677000000000046 1 2 0.9655172413793104 0.9827089337175793
207 0.008920100000000097 1 1 0.9712643678160919 0.9855907780979827
208 0.008083199999999735 1 0 0.9770114942528736 0.9855907780979827
209 0.0074392999999997045 1 1 0.9827586206896551 0.9884726224783862
210 0.008901199999999942 1 1 0.9885057471264368 0.9913544668587896
211 0.007144499999999887 1 1 0.9942528735632183 0.9942363112391931
212 0.0078349000000002 1 0 1.0 0.9942363112391931
213 0.009146499999999946 0 1 1.0 0.9971181556195965
214 0.009201200000000131 0 1 1.0 1.0
