170 0.5 0.3
1 0.003678799999999982 0 0 0.0 0.5014836795252225
2 0.003624100000000019 1 0 0.005917159763313609 0.5014836795252225
3 0.0036692999999999865 1 0 0.011834319526627219 0.5014836795252225
4 0.006908099999999973 1 0 0.01775147928994083 0.5014836795252225
5 0.004892599999999969 0 0 0.01775147928994083 0.5014836795252225
6 0.004869399999999968 1 0 0.023668639053254437 0.5014836795252225
7 0.004605600000000043 1 0 0.029585798816568046 0.5014836795252225
8 0.004798699999999989 1 0 0.03550295857988166 0.5014836795252225
9 0.004844900000000041 1 0 0.04142011834319527 0.5014836795252225
10 0.004511500000000002 1 1 0.047337278106508875 0.5044510385756676
11 0.0033622999999999847 1 0 0.05325443786982249 0.5044510385756676
12 0.003404499999999977 1 3 0.05917159763313609 0.5133531157270029
13 0.0037388999999999895 1 0 0.0650887573964497 0.5133531157270029
14 0.0033936999999999995 1 1 0.07100591715976332 0.516320474777448
15 0.0038037999999999683 1 1 0.07692307692307693 0.5192878338278932
16 0.0034239000000000352 0 2 0.07692307692307693 0.5252225519287834
17 0.0036885999999999863 0 2 0.07692307692307693 0.5311572700296736
18 0.003554999999999975 1 0 0.08284023668639054 0.5311572700296736
19 0.003435799999999989 1 1 0.08875739644970414 0.5341246290801187
20 0.0034683999999999826 1 2 0.09467455621301775 0.5400593471810089
21 0.0034169000000000005 0 0 0.09467455621301775 0.5400593471810089
22 0.003472099999999978 0 0 0.09467455621301775 0.5400593471810089
23 0.0034472999999999865 0 1 0.09467455621301775 0.543026706231454
24 0.003574999999999995 0 0 0.09467455621301775 0.543026706231454
25 0.0034408000000000216 1 1 0.10059171597633136 0.5459940652818991
26 0.003455800000000009 0 0 0.10059171597633136 0.5459940652818991
27 0.0034157000000000215 1 0 0.10650887573964497 0.5459940652818991
28 0.0034927000000000152 0 0 0.10650887573964497 0.5459940652818991
29 0.0034280999999999895 0 0 0.10650887573964497 0.5459940652818991
30 0.0034611999999999976 0 0 0.10650887573964497 0.5459940652818991
31 0.003657599999999983 1 1 0.11242603550295859 0.5489614243323442
32 0.00362800000000002 1 1 0.11834319526627218 0.5519287833827893
33 0.003705199999999964 1 0 0.1242603550295858 0.5519287833827893
34 0.0037281999999999593 1 0 0.1301775147928994 0.5519287833827893
35 0.0035971000000000197 1 1 0.13609467455621302 0.5548961424332344
36 0.0035285000000000455 0 0 0.13609467455621302 0.5548961424332344
37 0.0051114999999999355 1 1 0.14201183431952663 0.5578635014836796
38 0.003693399999999958 0 2 0.14201183431952663 0.5637982195845698
39 0.003605699999999934 1 0 0.14792899408284024 0.5637982195845698
40 0.003957500000000058 0 0 0.14792899408284024 0.5637982195845698
41 0.0038515000000000077 1 0 0.15384615384615385 0.5637982195845698
42 0.003628899999999935 1 1 0.15976331360946747 0.5667655786350149
43 0.0038127999999999496 1 1 0.16568047337278108 0.56973293768546
44 0.003679099999999935 1 1 0.17159763313609466 0.5727002967359051
45 0.0036367999999999956 1 2 0.17751479289940827 0.5786350148367952
46 0.0039855999999999225 1 0 0.1834319526627219 0.5786350148367952
47 0.003987500000000033 1 1 0.1893491124260355 0.5816023738872403
48 0.0038572999999999524 1 1 0.1952662721893491 0.5845697329376854
49 0.003993399999999925 0 0 0.1952662721893491 0.5845697329376854
50 0.004066300000000078 0 0 0.1952662721893491 0.5845697329376854
51 0.003986900000000015 0 0 0.1952662721893491 0.5845697329376854
52 0.003985800000000039 0 0 0.1952662721893491 0.5845697329376854
53 0.005263099999999965 0 2 0.1952662721893491 0.5905044510385756
54 0.005318600000000062 0 0 0.1952662721893491 0.5905044510385756
55 0.005328800000000022 1 2 0.20118343195266272 0.5964391691394659
56 0.005153999999999992 1 0 0.20710059171597633 0.5964391691394659
57 0.0053074999999999095 0 0 0.20710059171597633 0.5964391691394659
58 0.005106300000000008 0 0 0.20710059171597633 0.5964391691394659
59 0.005374800000000013 0 0 0.20710059171597633 0.5964391691394659
60 0.005399200000000048 1 1 0.21301775147928995 0.599406528189911
61 0.005378999999999912 1 1 0.21893491124260356 0.6023738872403561
62 0.00532379999999999 1 0 0.22485207100591717 0.6023738872403561
63 0.005424699999999949 1 1 0.23076923076923078 0.6053412462908012
64 0.005450000000000066 0 0 0.23076923076923078 0.6053412462908012
65 0.005356699999999992 1 1 0.23668639053254437 0.6083086053412463
66 0.0052194999999999325 0 1 0.23668639053254437 0.6112759643916914
67 0.005127699999999957 1 1 0.24260355029585798 0.6142433234421365
68 0.005420399999999992 1 1 0.2485207100591716 0.6172106824925816
69 0.0039036999999999544 0 1 0.2485207100591716 0.6201780415430267
70 0.003774200000000061 0 0 0.2485207100591716 0.6201780415430267
71 0.004126199999999969 0 0 0.2485207100591716 0.6201780415430267
72 0.0037434000000000633 0 0 0.2485207100591716 0.6201780415430267
73 0.003983799999999982 0 1 0.2485207100591716 0.6231454005934718
74 0.003756399999999993 1 0 0.25443786982248523 0.6231454005934718
75 0.004079700000000019 1 0 0.2603550295857988 0.6231454005934718
76 0.0039204999999999934 0 0 0.2603550295857988 0.6231454005934718
77 0.003909900000000022 1 0 0.26627218934911245 0.6231454005934718
78 0.003887300000000038 0 0 0.26627218934911245 0.6231454005934718
79 0.004159399999999924 0 0 0.26627218934911245 0.6231454005934718
80 0.003807800000000028 1 0 0.27218934911242604 0.6231454005934718
81 0.003679600000000005 0 0 0.27218934911242604 0.6231454005934718
82 0.003754800000000058 0 0 0.27218934911242604 0.6231454005934718
83 0.00392809999999999 1 2 0.2781065088757396 0.629080118694362
84 0.003839099999999984 1 0 0.28402366863905326 0.629080118694362
85 0.003821999999999992 1 2 0.28994082840236685 0.6350148367952523
86 0.003761400000000026 0 0 0.28994082840236685 0.6350148367952523
87 0.003911100000000056 0 1 0.28994082840236685 0.6379821958456974
88 0.0039025999999999783 0 1 0.28994082840236685 0.6409495548961425
89 0.004301500000000069 1 0 0.2958579881656805 0.6409495548961425
90 0.0038010000000000543 0 0 0.2958579881656805 0.6409495548961425
91 0.004340099999999958 1 1 0.30177514792899407 0.6439169139465876
92 0.003988699999999956 0 2 0.30177514792899407 0.6498516320474778
93 0.003859000000000057 0 0 0.30177514792899407 0.6498516320474778
94 0.0038483000000000267 0 0 0.30177514792899407 0.6498516320474778
95 0.003924199999999933 0 0 0.30177514792899407 0.6498516320474778
96 0.0038434999999999997 1 0 0.3076923076923077 0.6498516320474778
97 0.004320300000000055 1 0 0.3136094674556213 0.6498516320474778
98 0.0038970999999999867 1 1 0.31952662721893493 0.6528189910979229
99 0.003877699999999984 1 0 0.3254437869822485 0.6528189910979229
100 0.003862500000000102 1 1 0.33136094674556216 0.655786350148368
101 0.0038864000000000676 1 0 0.33727810650887574 0.655786350148368
102 0.004080300000000037 0 2 0.33727810650887574 0.6617210682492581
103 0.00417959999999995 0 0 0.33727810650887574 0.6617210682492581
104 0.004034000000000093 1 0 0.3431952662721893 0.6617210682492581
105 0.004321000000000019 0 0 0.3431952662721893 0.6617210682492581
106 0.003998999999999975 0 0 0.3431952662721893 0.6617210682492581
107 0.00389930000000005 1 1 0.34911242603550297 0.6646884272997032
108 0.004438999999999971 1 2 0.35502958579881655 0.6706231454005934
109 0.004068700000000036 1 1 0.3609467455621302 0.6735905044510386
110 0.003898999999999986 1 0 0.3668639053254438 0.6735905044510386
111 0.0042119999999999935 1 1 0.3727810650887574 0.6765578635014837
112 0.003980000000000095 0 0 0.3727810650887574 0.6765578635014837
113 0.004406000000000021 1 0 0.378698224852071 0.6765578635014837
114 0.003902300000000025 1 0 0.38461538461538464 0.6765578635014837
115 0.003916699999999995 0 1 0.38461538461538464 0.6795252225519288
116 0.004483699999999979 1 1 0.3905325443786982 0.6824925816023739
117 0.004009999999999958 1 1 0.39644970414201186 0.685459940652819
118 0.004008200000000017 1 0 0.40236686390532544 0.685459940652819
119 0.003921400000000075 1 1 0.40828402366863903 0.6884272997032641
120 0.004092399999999996 1 2 0.41420118343195267 0.6943620178041543
121 0.004012099999999963 0 0 0.41420118343195267 0.6943620178041543
122 0.004000200000000009 0 1 0.41420118343195267 0.6973293768545994
123 0.004039499999999974 1 1 0.42011834319526625 0.7002967359050445
124 0.0041717 1 0 0.4260355029585799 0.7002967359050445
125 0.004038600000000003 1 2 0.4319526627218935 0.7062314540059347
126 0.004115900000000061 0 1 0.4319526627218935 0.7091988130563798
127 0.004038699999999951 0 0 0.4319526627218935 0.7091988130563798
128 0.00398720000000008 0 0 0.4319526627218935 0.7091988130563798
129 0.004105100000000084 1 1 0.4378698224852071 0.712166172106825
130 0.004508300000000021 0 0 0.4378698224852071 0.712166172106825
131 0.004082699999999995 0 0 0.4378698224852071 0.712166172106825
132 0.004166299999999956 0 0 0.4378698224852071 0.712166172106825
133 0.004111900000000057 0 0 0.4378698224852071 0.712166172106825
134 0.0059234999999999705 0 1 0.4378698224852071 0.7151335311572701
135 0.0059810999999999614 0 1 0.4378698224852071 0.7181008902077152
136 0.005899100000000046 0 0 0.4378698224852071 0.7181008902077152
137 0.009277399999999991 0 0 0.4378698224852071 0.7181008902077152
138 0.005752100000000038 0 0 0.4378698224852071 0.7181008902077152
139 0.004168300000000014 1 0 0.4437869822485207 0.7181008902077152
140 0.004587499999999856 0 0 0.4437869822485207 0.7181008902077152
141 0.0041864000000000345 0 0 0.4437869822485207 0.7181008902077152
142 0.0041480000000000405 1 0 0.44970414201183434 0.7181008902077152
143 0.004264400000000057 1 0 0.4556213017751479 0.7181008902077152
144 0.004124500000000086 0 1 0.4556213017751479 0.7210682492581603
145 0.004133699999999907 0 0 0.4556213017751479 0.7210682492581603
146 0.004154699999999956 1 0 0.46153846153846156 0.7210682492581603
147 0.004145099999999902 0 1 0.46153846153846156 0.7240356083086054
148 0.0040743999999999225 0 1 0.46153846153846156 0.7270029673590505
149 0.004164599999999963 0 1 0.46153846153846156 0.7299703264094956
150 0.004242599999999985 1 0 0.46745562130177515 0.7299703264094956
151 0.005804000000000142 1 1 0.47337278106508873 0.7329376854599406
152 0.006018999999999997 1 1 0.47928994082840237 0.7359050445103857
153 0.006070599999999926 0 0 0.47928994082840237 0.7359050445103857
154 0.006166299999999847 1 0 0.48520710059171596 0.7359050445103857
155 0.006028299999999875 0 0 0.48520710059171596 0.7359050445103857
156 0.005848799999999876 1 1 0.4911242603550296 0.7388724035608308
157 0.006114900000000034 1 1 0.4970414201183432 0.7418397626112759
158 0.005925500000000028 0 0 0.4970414201183432 0.7418397626112759
159 0.006161700000000048 1 1 0.5029585798816568 0.744807121661721
160 0.00596669999999988 1 1 0.5088757396449705 0.7477744807121661
161 0.006096700000000066 1 0 0.514792899408284 0.7477744807121661
162 0.006048700000000018 1 2 0.5207100591715976 0.7537091988130564
163 0.006360299999999874 1 2 0.5266272189349113 0.7596439169139466
164 0.007628299999999921 1 0 0.5325443786982249 0.7596439169139466
165 0.004522700000000102 0 1 0.5325443786982249 0.7626112759643917
166 0.004562600000000083 0 0 0.5325443786982249 0.7626112759643917
167 0.00454460000000001 0 0 0.5325443786982249 0.7626112759643917
168 0.004424999999999901 1 1 0.5384615384615384 0.7655786350148368
169 0.004385000000000083 1 1 0.5443786982248521 0.7685459940652819
170 0.0044984000000001245 1 1 0.5502958579881657 0.771513353115727
171 0.004445099999999869 0 0 0.5502958579881657 0.771513353115727
172 0.0048255999999999855 1 1 0.5562130177514792 0.7744807121661721
173 0.0048576000000000175 1 0 0.5621301775147929 0.7744807121661721
174 0.004758999999999958 0 1 0.5621301775147929 0.7774480712166172
175 0.004760700000000062 0 0 0.5621301775147929 0.7774480712166172
176 0.0043855999999999895 1 1 0.5680473372781065 0.7804154302670623
177 0.004405699999999957 1 0 0.5739644970414202 0.7804154302670623
178 0.004492200000000057 0 0 0.5739644970414202 0.7804154302670623
179 0.004731499999999889 0 0 0.5739644970414202 0.7804154302670623
180 0.004244399999999926 0 1 0.5739644970414202 0.7833827893175074
181 0.00443260000000012 1 2 0.5798816568047337 0.7893175074183977
182 0.004357500000000014 1 0 0.5857988165680473 0.7893175074183977
183 0.004561400000000049 1 1 0.591715976331361 0.7922848664688428
184 0.004504500000000133 0 0 0.591715976331361 0.7922848664688428
185 0.00495050000000008 1 1 0.5976331360946746 0.7952522255192879
186 0.004477199999999959 1 0 0.6035502958579881 0.7952522255192879
187 0.004737400000000003 1 0 0.6094674556213018 0.7952522255192879
188 0.0043552000000000035 0 0 0.6094674556213018 0.7952522255192879
189 0.004361399999999849 1 1 0.6153846153846154 0.798219584569733
190 0.004712100000000108 0 2 0.6153846153846154 0.8041543026706232
191 0.004547899999999938 1 0 0.621301775147929 0.8041543026706232
192 0.004607000000000028 1 1 0.6272189349112426 0.8071216617210683
193 0.0044783999999999935 0 0 0.6272189349112426 0.8071216617210683
194 0.004523300000000008 1 0 0.6331360946745562 0.8071216617210683
195 0.004444699999999857 1 0 0.6390532544378699 0.8071216617210683
196 0.004616900000000035 1 1 0.6449704142011834 0.8100890207715133
197 0.004473899999999809 1 2 0.650887573964497 0.8160237388724035
198 0.004445000000000032 0 1 0.650887573964497 0.8189910979228486
199 0.0049456000000001055 0 1 0.650887573964497 0.8219584569732937
200 0.0045831999999998985 0 0 0.650887573964497 0.8219584569732937
201 0.004492399999999952 0 1 0.650887573964497 0.8249258160237388
202 0.004796500000000092 0 0 0.650887573964497 0.8249258160237388
203 0.005035400000000134 1 0 0.6568047337278107 0.8249258160237388
204 0.004490600000000011 1 0 0.6627218934911243 0.8249258160237388
205 0.004549799999999937 1 1 0.6686390532544378 0.827893175074184
206 0.004442199999999952 0 1 0.6686390532544378 0.8308605341246291
207 0.004311699999999918 0 0 0.6686390532544378 0.8308605341246291
208 0.00471379999999999 1 1 0.6745562130177515 0.8338278931750742
209 0.00466090000000019 0 0 0.6745562130177515 0.8338278931750742
210 0.0046608000000001315 0 0 0.6745562130177515 0.8338278931750742
211 0.004661000000000026 1 0 0.6804733727810651 0.8338278931750742
212 0.00454829999999995 0 0 0.6804733727810651 0.8338278931750742
213 0.004840100000000014 0 0 0.6804733727810651 0.8338278931750742
214 0.00444599999999995 0 0 0.6804733727810651 0.8338278931750742
215 0.004437699999999989 0 0 0.6804733727810651 0.8338278931750742
216 0.005085500000000076 1 0 0.6863905325443787 0.8338278931750742
217 0.0047584000000000515 1 1 0.6923076923076923 0.8367952522255193
218 0.004576600000000042 1 1 0.6982248520710059 0.8397626112759644
219 0.004850800000000044 0 0 0.6982248520710059 0.8397626112759644
220 0.005027800000000138 0 0 0.6982248520710059 0.8397626112759644
221 0.004727499999999996 1 1 0.7041420118343196 0.8427299703264095
222 0.004542900000000127 1 2 0.7100591715976331 0.8486646884272997
223 0.004466599999999987 0 0 0.7100591715976331 0.8486646884272997
224 0.004593400000000081 1 1 0.7159763313609467 0.8516320474777448
225 0.0046247999999999845 0 0 0.7159763313609467 0.8516320474777448
226 0.004861800000000027 1 2 0.7218934911242604 0.857566765578635
227 0.004840100000000014 0 0 0.7218934911242604 0.857566765578635
228 0.0046247999999999845 1 1 0.727810650887574 0.8605341246290801
229 0.00482579999999988 1 1 0.7337278106508875 0.8635014836795252
230 0.0046631999999999785 0 0 0.7337278106508875 0.8635014836795252
231 0.004589299999999907 1 0 0.7396449704142012 0.8635014836795252
232 0.004671700000000056 1 0 0.7455621301775148 0.8635014836795252
233 0.00485290000000016 0 1 0.7455621301775148 0.8664688427299704
234 0.004686799999999991 0 1 0.7455621301775148 0.8694362017804155
235 0.005136100000000088 0 0 0.7455621301775148 0.8694362017804155
236 0.004721299999999928 0 0 0.7455621301775148 0.8694362017804155
237 0.004645299999999963 0 0 0.7455621301775148 0.8694362017804155
238 0.00479469999999993 1 0 0.7514792899408284 0.8694362017804155
239 0.004660399999999898 0 0 0.7514792899408284 0.8694362017804155
240 0.004628499999999924 0 0 0.7514792899408284 0.8694362017804155
241 0.004593800000000092 0 0 0.7514792899408284 0.8694362017804155
242 0.004624900000000043 0 0 0.7514792899408284 0.8694362017804155
243 0.0048496000000000095 1 0 0.757396449704142 0.8694362017804155
244 0.004798599999999986 0 0 0.757396449704142 0.8694362017804155
245 0.00475049999999988 0 1 0.757396449704142 0.8724035608308606
246 0.004560099999999956 1 0 0.7633136094674556 0.8724035608308606
247 0.004983799999999983 0 0 0.7633136094674556 0.8724035608308606
248 0.004661699999999991 1 0 0.7692307692307693 0.8724035608308606
249 0.004826600000000125 0 1 0.7692307692307693 0.8753709198813057
250 0.0046112000000000375 0 0 0.7692307692307693 0.8753709198813057
251 0.004685800000000073 1 1 0.7751479289940828 0.8783382789317508
252 0.004778699999999914 1 1 0.7810650887573964 0.8813056379821959
253 0.006757300000000077 0 0 0.7810650887573964 0.8813056379821959
254 0.006719299999999873 0 0 0.7810650887573964 0.8813056379821959
255 0.006921500000000025 0 0 0.7810650887573964 0.8813056379821959
256 0.006878799999999963 0 2 0.7810650887573964 0.887240356083086
257 0.004859600000000075 0 0 0.7810650887573964 0.887240356083086
258 0.005087000000000064 0 0 0.7810650887573964 0.887240356083086
259 0.004934100000000052 1 1 0.7869822485207101 0.8902077151335311
260 0.00495420000000002 1 1 0.7928994082840237 0.8931750741839762
261 0.004818100000000047 1 0 0.7988165680473372 0.8931750741839762
262 0.00466690000000014 1 1 0.8047337278106509 0.8961424332344213
263 0.005168500000000131 0 0 0.8047337278106509 0.8961424332344213
264 0.004770200000000058 0 1 0.8047337278106509 0.8991097922848664
265 0.004969999999999919 0 1 0.8047337278106509 0.9020771513353115
266 0.0047922999999998606 1 0 0.8106508875739645 0.9020771513353115
267 0.005293599999999898 1 0 0.8165680473372781 0.9020771513353115
268 0.0070358000000001475 1 0 0.8224852071005917 0.9020771513353115
269 0.006986900000000018 1 0 0.8284023668639053 0.9020771513353115
270 0.01045840000000009 0 0 0.8284023668639053 0.9020771513353115
271 0.0071229999999999905 1 1 0.834319526627219 0.9050445103857567
272 0.00703010000000015 0 1 0.834319526627219 0.9080118694362018
273 0.0068470000000000475 1 1 0.8402366863905325 0.9109792284866469
274 0.006999699999999942 1 0 0.8461538461538461 0.9109792284866469
275 0.0069694000000000145 1 1 0.8520710059171598 0.913946587537092
276 0.0053496000000001764 1 1 0.8579881656804734 0.9169139465875371
277 0.005015999999999909 0 1 0.8579881656804734 0.9198813056379822
278 0.005104999999999915 0 0 0.8579881656804734 0.9198813056379822
279 0.004769399999999813 0 0 0.8579881656804734 0.9198813056379822
280 0.005179500000000115 0 1 0.8579881656804734 0.9228486646884273
281 0.0049023999999999734 1 0 0.863905325443787 0.9228486646884273
282 0.005019099999999943 0 0 0.863905325443787 0.9228486646884273
283 0.005175200000000046 1 0 0.8698224852071006 0.9228486646884273
284 0.004904299999999973 0 0 0.8698224852071006 0.9228486646884273
285 0.004807100000000064 1 1 0.8757396449704142 0.9258160237388724
286 0.004868699999999837 1 0 0.8816568047337278 0.9258160237388724
287 0.004904400000000031 0 2 0.8816568047337278 0.9317507418397626
288 0.004778100000000007 1 1 0.8875739644970414 0.9347181008902077
289 0.004866700000000002 0 0 0.8875739644970414 0.9347181008902077
290 0.004960999999999993 0 1 0.8875739644970414 0.9376854599406528
291 0.004788699999999979 0 0 0.8875739644970414 0.9376854599406528
292 0.0048566000000001 1 0 0.893491124260355 0.9376854599406528
293 0.0048938999999998956 1 0 0.8994082840236687 0.9376854599406528
294 0.005151000000000128 1 1 0.9053254437869822 0.9406528189910979
295 0.005250999999999895 1 1 0.9112426035502958 0.9436201780415431
296 0.004897499999999999 0 1 0.9112426035502958 0.9465875370919882
297 0.005019399999999896 0 1 0.9112426035502958 0.9495548961424333
298 0.004892099999999955 1 1 0.9171597633136095 0.9525222551928784
299 0.004996999999999918 1 2 0.9230769230769231 0.9584569732937686
300 0.004935700000000098 1 2 0.9289940828402367 0.9643916913946587
301 0.005201799999999812 0 0 0.9289940828402367 0.9643916913946587
302 0.005142100000000038 0 0 0.9289940828402367 0.9643916913946587
303 0.005112400000000017 0 0 0.9289940828402367 0.9643916913946587
304 0.0050234999999998475 1 0 0.9349112426035503 0.9643916913946587
305 0.007215900000000053 0 0 0.9349112426035503 0.9643916913946587
306 0.006921900000000036 0 0 0.9349112426035503 0.9643916913946587
307 0.00730059999999999 0 0 0.9349112426035503 0.9643916913946587
308 0.004877699999999985 0 0 0.9349112426035503 0.9643916913946587
309 0.005014700000000039 1 1 0.9408284023668639 0.9673590504451038
310 0.0049068000000001 0 0 0.9408284023668639 0.9673590504451038
311 0.005122300000000024 0 0 0.9408284023668639 0.9673590504451038
312 0.00532060000000012 1 1 0.9467455621301775 0.9703264094955489
313 0.005153399999999975 1 2 0.9526627218934911 0.9762611275964391
314 0.0048976000000000575 1 0 0.9585798816568047 0.9762611275964391
315 0.005094900000000013 0 0 0.9585798816568047 0.9762611275964391
316 0.005628100000000025 1 0 0.9644970414201184 0.9762611275964391
317 0.005061399999999994 1 1 0.9704142011834319 0.9792284866468842
318 0.00547159999999991 1 0 0.9763313609467456 0.9792284866468842
319 0.004911999999999805 1 1 0.9822485207100592 0.9821958456973294
320 0.005014799999999875 0 1 0.9822485207100592 0.9851632047477745
321 0.005212599999999901 1 0 0.9881656804733728 0.9851632047477745
322 0.0051392000000001214 1 0 0.9940828402366864 0.9851632047477745
323 0.005188600000000099 1 1 1.0 0.9881305637982196
324 0.004996400000000012 0 2 1.0 0.9940652818991098
325 0.005062899999999981 0 2 1.0 1.0
