25 0.5 0.8
1 0.0005978000000000094 1 0 0.041666666666666664 0.5106382978723404
2 0.0005753000000000008 0 0 0.041666666666666664 0.5106382978723404
3 0.0005488000000000159 1 1 0.08333333333333333 0.5319148936170213
4 0.0006437999999999999 1 1 0.125 0.5531914893617021
5 0.0005825000000000136 1 0 0.16666666666666666 0.5531914893617021
6 0.0010419000000000123 0 1 0.16666666666666666 0.574468085106383
7 0.0006964999999999888 1 0 0.20833333333333334 0.574468085106383
8 0.0007209999999999994 0 1 0.20833333333333334 0.5957446808510638
9 0.0011174999999999935 0 0 0.20833333333333334 0.5957446808510638
10 0.0006165999999999949 1 1 0.25 0.6170212765957447
11 0.0005941000000000141 0 0 0.25 0.6170212765957447
12 0.0006554000000000004 0 0 0.25 0.6170212765957447
13 0.0009205999999999936 1 1 0.2916666666666667 0.6382978723404256
14 0.0008863000000000065 1 0 0.3333333333333333 0.6382978723404256
15 0.0007178999999999935 0 0 0.3333333333333333 0.6382978723404256
16 0.0007690000000000197 0 0 0.3333333333333333 0.6382978723404256
17 0.0006666999999999923 1 0 0.375 0.6382978723404256
18 0.0006052000000000002 1 2 0.4166666666666667 0.6808510638297872
19 0.0008412999999999893 0 0 0.4166666666666667 0.6808510638297872
20 0.0006983999999999879 1 2 0.4583333333333333 0.723404255319149
21 0.0009749000000000008 1 1 0.5 0.7446808510638298
22 0.0007496000000000169 1 0 0.5416666666666666 0.7446808510638298
23 0.0006965999999999917 0 0 0.5416666666666666 0.7446808510638298
24 0.0006888999999999923 0 1 0.5416666666666666 0.7659574468085106
25 0.0007180999999999993 0 0 0.5416666666666666 0.7659574468085106
26 0.0006479000000000068 0 0 0.5416666666666666 0.7659574468085106
27 0.0007935000000000025 1 1 0.5833333333333334 0.7872340425531915
28 0.000919299999999984 0 0 0.5833333333333334 0.7872340425531915
29 0.0010515999999999859 1 1 0.625 0.8085106382978723
30 0.0009210000000000051 0 0 0.625 0.8085106382978723
31 0.0008915999999999924 1 1 0.6666666666666666 0.8297872340425532
32 0.0006883000000000028 1 0 0.7083333333333334 0.8297872340425532
33 0.0007743999999999807 0 0 0.7083333333333334 0.8297872340425532
34 0.0012462000000000029 1 1 0.75 0.851063829787234
35 0.0011580000000000201 1 0 0.7916666666666666 0.851063829787234
36 0.0009139999999999981 1 2 0.8333333333333334 0.8936170212765957
37 0.0009236000000000244 1 1 0.875 0.9148936170212766
38 0.0009320999999999913 0 1 0.875 0.9361702127659575
39 0.0008971000000000118 1 0 0.9166666666666666 0.9361702127659575
40 0.0007986000000000104 1 1 0.9583333333333334 0.9574468085106383
41 0.0010234999999999828 1 2 1.0 1.0
