80 0.9 0.3
1 0.0017492999999999814 1 0 0.012658227848101266 0.5031847133757962
2 0.0016522999999999954 1 0 0.02531645569620253 0.5031847133757962
3 0.0015959999999999863 1 1 0.0379746835443038 0.5095541401273885
4 0.0015343000000000162 1 0 0.05063291139240506 0.5095541401273885
5 0.001654799999999984 0 1 0.05063291139240506 0.5159235668789809
6 0.0015905000000000225 1 0 0.06329113924050633 0.5159235668789809
7 0.002277399999999985 1 1 0.0759493670886076 0.5222929936305732
8 0.0023334999999999884 0 1 0.0759493670886076 0.5286624203821656
9 0.0023112000000000132 1 1 0.08860759493670886 0.535031847133758
10 0.0024968999999999963 1 1 0.10126582278481013 0.5414012738853503
11 0.0018811999999999995 1 0 0.11392405063291139 0.5414012738853503
12 0.0018026999999999904 1 1 0.12658227848101267 0.5477707006369427
13 0.0016282999999999992 1 1 0.13924050632911392 0.554140127388535
14 0.001719499999999985 1 1 0.1518987341772152 0.5605095541401274
15 0.00181619999999999 1 1 0.16455696202531644 0.5668789808917197
16 0.0018652000000000113 1 2 0.17721518987341772 0.5796178343949044
17 0.0019727999999999968 1 0 0.189873417721519 0.5796178343949044
18 0.001888799999999996 0 0 0.189873417721519 0.5796178343949044
19 0.0018944999999999934 1 2 0.20253164556962025 0.5923566878980892
20 0.001898999999999984 1 1 0.21518987341772153 0.5987261146496815
21 0.001921299999999987 1 0 0.22784810126582278 0.5987261146496815
22 0.0018166000000000015 1 0 0.24050632911392406 0.5987261146496815
23 0.0018800999999999957 1 1 0.25316455696202533 0.6050955414012739
24 0.0019683999999999813 1 0 0.26582278481012656 0.6050955414012739
25 0.001895999999999981 1 2 0.27848101265822783 0.6178343949044586
26 0.0018971000000000127 1 1 0.2911392405063291 0.6242038216560509
27 0.0018289999999999973 1 0 0.3037974683544304 0.6242038216560509
28 0.0027377000000000096 1 2 0.31645569620253167 0.6369426751592356
29 0.002737500000000004 0 0 0.31645569620253167 0.6369426751592356
30 0.003405199999999997 0 2 0.31645569620253167 0.6496815286624203
31 0.0019203999999999888 0 0 0.31645569620253167 0.6496815286624203
32 0.0024523000000000184 1 0 0.3291139240506329 0.6496815286624203
33 0.002064100000000013 1 1 0.34177215189873417 0.6560509554140127
34 0.0018722999999999934 1 1 0.35443037974683544 0.6624203821656051
35 0.0019961000000000007 1 1 0.3670886075949367 0.6687898089171974
36 0.0019702999999999804 1 0 0.379746835443038 0.6687898089171974
37 0.0019446000000000185 1 0 0.3924050632911392 0.6687898089171974
38 0.001985300000000023 1 2 0.4050632911392405 0.6815286624203821
39 0.002132199999999973 1 1 0.4177215189873418 0.6878980891719745
40 0.002141299999999957 1 2 0.43037974683544306 0.7006369426751592
41 0.002582799999999996 1 1 0.4430379746835443 0.7070063694267515
42 0.002405299999999999 1 0 0.45569620253164556 0.7070063694267515
43 0.0021888000000000463 1 2 0.46835443037974683 0.7197452229299363
44 0.002617199999999986 0 0 0.46835443037974683 0.7197452229299363
45 0.0021952000000000083 1 0 0.4810126582278481 0.7197452229299363
46 0.0022194999999999854 1 1 0.4936708860759494 0.7261146496815286
47 0.0023334999999999884 0 0 0.4936708860759494 0.7261146496815286
48 0.002121800000000007 0 1 0.4936708860759494 0.732484076433121
49 0.002201500000000023 1 1 0.5063291139240507 0.7388535031847133
50 0.00216139999999998 1 0 0.5189873417721519 0.7388535031847133
51 0.0021024000000000043 0 1 0.5189873417721519 0.7452229299363057
52 0.002150099999999988 1 1 0.5316455696202531 0.7515923566878981
53 0.0025307999999999997 1 0 0.5443037974683544 0.7515923566878981
54 0.002086599999999994 1 1 0.5569620253164557 0.7579617834394905
55 0.0022039999999999837 1 2 0.569620253164557 0.7707006369426752
56 0.0024253999999999665 1 1 0.5822784810126582 0.7770700636942676
57 0.0022436000000000123 1 0 0.5949367088607594 0.7770700636942676
58 0.002222700000000022 0 1 0.5949367088607594 0.7834394904458599
59 0.0021956000000000198 1 2 0.6075949367088608 0.7961783439490446
60 0.0022178000000000475 1 0 0.620253164556962 0.7961783439490446
61 0.0023669999999999525 1 0 0.6329113924050633 0.7961783439490446
62 0.002185899999999963 1 1 0.6455696202531646 0.802547770700637
63 0.0022351999999999927 1 2 0.6582278481012658 0.8152866242038217
64 0.002308699999999997 1 2 0.6708860759493671 0.8280254777070064
65 0.002428700000000006 1 0 0.6835443037974683 0.8280254777070064
66 0.0032827999999999746 1 1 0.6962025316455697 0.8343949044585988
67 0.0035149999999999904 1 3 0.7088607594936709 0.8535031847133758
68 0.0031616999999999895 1 1 0.7215189873417721 0.8598726114649682
69 0.0034118000000000204 1 1 0.7341772151898734 0.8662420382165605
70 0.0033645999999999954 1 0 0.7468354430379747 0.8662420382165605
71 0.0034218000000000304 1 1 0.759493670886076 0.8726114649681529
72 0.0034562000000000204 1 1 0.7721518987341772 0.8789808917197452
73 0.003364900000000004 1 0 0.7848101265822784 0.8789808917197452
74 0.00342039999999999 1 2 0.7974683544303798 0.89171974522293
75 0.0034703999999999846 1 0 0.810126582278481 0.89171974522293
76 0.003327699999999989 1 1 0.8227848101265823 0.8980891719745223
77 0.0035422999999999982 1 1 0.8354430379746836 0.9044585987261147
78 0.0033230000000000204 1 2 0.8481012658227848 0.9171974522292994
79 0.0035993000000000275 0 0 0.8481012658227848 0.9171974522292994
80 0.0035531999999999786 1 1 0.8607594936708861 0.9235668789808917
81 0.0035134 1 1 0.8734177215189873 0.9299363057324841
82 0.003495299999999979 1 0 0.8860759493670886 0.9299363057324841
83 0.003044900000000017 1 1 0.8987341772151899 0.9363057324840764
84 0.0025660000000000127 1 1 0.9113924050632911 0.9426751592356688
85 0.0026734999999999953 1 1 0.9240506329113924 0.9490445859872612
86 0.0026812999999999976 1 1 0.9367088607594937 0.9554140127388535
87 0.0026180999999999566 1 2 0.9493670886075949 0.9681528662420382
88 0.002630599999999983 1 1 0.9620253164556962 0.9745222929936306
89 0.0028980000000000117 1 2 0.9746835443037974 0.9872611464968153
90 0.002683399999999947 1 0 0.9873417721518988 0.9872611464968153
91 0.002665699999999993 1 1 1.0 0.9936305732484076
92 0.002617100000000039 0 1 1.0 1.0
