160 0.7 0.2
1 0.003329300000000035 1 0 0.006289308176100629 0.501577287066246
2 0.003111599999999992 0 0 0.006289308176100629 0.501577287066246
3 0.003070200000000023 1 1 0.012578616352201259 0.5047318611987381
4 0.003142800000000001 1 1 0.018867924528301886 0.5078864353312302
5 0.0031204999999999705 1 0 0.025157232704402517 0.5078864353312302
6 0.0031352000000000046 1 0 0.031446540880503145 0.5078864353312302
7 0.0034542999999999657 1 0 0.03773584905660377 0.5078864353312302
8 0.0031860999999999695 0 0 0.03773584905660377 0.5078864353312302
9 0.0031182999999999628 1 1 0.0440251572327044 0.5110410094637224
10 0.003388000000000002 0 0 0.0440251572327044 0.5110410094637224
11 0.003130799999999989 1 0 0.050314465408805034 0.5110410094637224
12 0.0032546999999999993 0 0 0.050314465408805034 0.5110410094637224
13 0.0031141000000000085 0 1 0.050314465408805034 0.5141955835962145
14 0.0033354999999999912 1 1 0.05660377358490566 0.5173501577287066
15 0.0032171999999999756 0 0 0.05660377358490566 0.5173501577287066
16 0.0031971000000000083 0 1 0.05660377358490566 0.5205047318611987
17 0.0031824000000000296 1 1 0.06289308176100629 0.5236593059936908
18 0.0033209000000000155 1 0 0.06918238993710692 0.5236593059936908
19 0.00361220000000001 1 0 0.07547169811320754 0.5236593059936908
20 0.003214899999999965 1 0 0.08176100628930817 0.5236593059936908
21 0.003515299999999999 1 1 0.0880503144654088 0.526813880126183
22 0.003209799999999985 0 0 0.0880503144654088 0.526813880126183
23 0.003185199999999999 0 0 0.0880503144654088 0.526813880126183
24 0.0032311999999999896 1 1 0.09433962264150944 0.5299684542586751
25 0.0034479000000000037 0 0 0.09433962264150944 0.5299684542586751
26 0.003292499999999976 1 2 0.10062893081761007 0.5362776025236593
27 0.00328719999999999 1 0 0.1069182389937107 0.5362776025236593
28 0.0032463000000000353 0 1 0.1069182389937107 0.5394321766561514
29 0.0032646000000000064 0 0 0.1069182389937107 0.5394321766561514
30 0.0032091000000000203 0 1 0.1069182389937107 0.5425867507886435
31 0.0033742999999999967 0 1 0.1069182389937107 0.5457413249211357
32 0.0033251000000000253 1 0 0.11320754716981132 0.5457413249211357
33 0.003335200000000038 0 1 0.11320754716981132 0.5488958990536278
34 0.003270599999999957 1 0 0.11949685534591195 0.5488958990536278
35 0.0034298999999999857 1 0 0.12578616352201258 0.5488958990536278
36 0.0032776999999999945 1 1 0.1320754716981132 0.5520504731861199
37 0.003368900000000008 0 1 0.1320754716981132 0.555205047318612
38 0.0032839000000000063 0 0 0.1320754716981132 0.555205047318612
39 0.003487600000000035 0 1 0.1320754716981132 0.5583596214511041
40 0.0033098999999999767 1 0 0.13836477987421383 0.5583596214511041
41 0.003389399999999987 1 1 0.14465408805031446 0.5615141955835962
42 0.003526599999999991 0 1 0.14465408805031446 0.5646687697160884
43 0.0034050999999999942 1 0 0.1509433962264151 0.5646687697160884
44 0.003676400000000024 0 0 0.1509433962264151 0.5646687697160884
45 0.0037197999999999953 1 1 0.15723270440251572 0.5678233438485805
46 0.00372680000000003 1 1 0.16352201257861634 0.5709779179810726
47 0.00352970000000008 1 1 0.16981132075471697 0.5741324921135647
48 0.0034091000000000538 0 0 0.16981132075471697 0.5741324921135647
49 0.003624599999999978 0 1 0.16981132075471697 0.5772870662460567
50 0.0038544000000000356 1 1 0.1761006289308176 0.580441640378549
51 0.0035591999999999846 1 0 0.18238993710691823 0.580441640378549
52 0.003753999999999924 1 0 0.18867924528301888 0.580441640378549
53 0.003644399999999992 1 0 0.1949685534591195 0.580441640378549
54 0.005275200000000035 0 2 0.1949685534591195 0.5867507886435331
55 0.003969 1 1 0.20125786163522014 0.5899053627760252
56 0.0037255000000000482 1 1 0.20754716981132076 0.5930599369085173
57 0.003947900000000004 0 0 0.20754716981132076 0.5930599369085173
58 0.0038337999999999983 0 1 0.20754716981132076 0.5962145110410094
59 0.0036548999999999054 1 0 0.2138364779874214 0.5962145110410094
60 0.003795599999999899 0 0 0.2138364779874214 0.5962145110410094
61 0.0037357000000000085 1 1 0.22012578616352202 0.5993690851735016
62 0.0035905999999999993 1 2 0.22641509433962265 0.6056782334384858
63 0.0036763000000000767 1 0 0.23270440251572327 0.6056782334384858
64 0.0038747000000000087 1 0 0.2389937106918239 0.6056782334384858
65 0.003683899999999962 0 0 0.2389937106918239 0.6056782334384858
66 0.0038411000000000417 0 0 0.2389937106918239 0.6056782334384858
67 0.003652099999999936 0 0 0.2389937106918239 0.6056782334384858
68 0.003634199999999921 1 2 0.24528301886792453 0.61198738170347
69 0.003508900000000037 0 0 0.24528301886792453 0.61198738170347
70 0.003484599999999949 1 1 0.25157232704402516 0.6151419558359621
71 0.0036129999999999773 1 0 0.2578616352201258 0.6151419558359621
72 0.003517199999999998 0 0 0.2578616352201258 0.6151419558359621
73 0.003775300000000037 1 1 0.2641509433962264 0.6182965299684543
74 0.0035994000000000304 1 2 0.27044025157232704 0.6246056782334385
75 0.0035711999999999966 1 0 0.27672955974842767 0.6246056782334385
76 0.007534999999999958 1 0 0.2830188679245283 0.6246056782334385
77 0.003742299999999976 1 1 0.2893081761006289 0.6277602523659306
78 0.0039326999999999 0 0 0.2893081761006289 0.6277602523659306
79 0.003888400000000014 0 0 0.2893081761006289 0.6277602523659306
80 0.0037027000000000587 1 1 0.29559748427672955 0.6309148264984227
81 0.0037384000000000306 0 0 0.29559748427672955 0.6309148264984227
82 0.003884600000000016 0 0 0.29559748427672955 0.6309148264984227
83 0.003660899999999967 0 2 0.29559748427672955 0.637223974763407
84 0.003878199999999943 1 0 0.3018867924528302 0.637223974763407
85 0.003848399999999974 0 0 0.3018867924528302 0.637223974763407
86 0.003720899999999916 1 1 0.3081761006289308 0.6403785488958991
87 0.003864400000000101 1 1 0.31446540880503143 0.6435331230283912
88 0.004141799999999973 0 1 0.31446540880503143 0.6466876971608833
89 0.003839600000000054 1 0 0.32075471698113206 0.6466876971608833
90 0.0038648000000000016 0 0 0.32075471698113206 0.6466876971608833
91 0.003681500000000004 1 1 0.3270440251572327 0.6498422712933754
92 0.003775900000000054 1 1 0.3333333333333333 0.6529968454258676
93 0.004127900000000073 1 1 0.33962264150943394 0.6561514195583596
94 0.005553800000000053 1 0 0.34591194968553457 0.6561514195583596
95 0.003882300000000005 0 1 0.34591194968553457 0.6593059936908517
96 0.0037346000000000323 1 1 0.3522012578616352 0.6624605678233438
97 0.0038074000000000163 1 1 0.3584905660377358 0.6656151419558359
98 0.003826800000000019 0 1 0.3584905660377358 0.668769716088328
99 0.00373190000000001 0 0 0.3584905660377358 0.668769716088328
100 0.003919299999999959 1 1 0.36477987421383645 0.6719242902208202
101 0.0037970999999999977 1 0 0.3710691823899371 0.6719242902208202
102 0.005692499999999989 0 1 0.3710691823899371 0.6750788643533123
103 0.005577799999999966 0 0 0.3710691823899371 0.6750788643533123
104 0.0057866999999999225 1 1 0.37735849056603776 0.6782334384858044
105 0.0052674999999999805 1 0 0.3836477987421384 0.6782334384858044
106 0.005598499999999951 1 0 0.389937106918239 0.6782334384858044
107 0.005660700000000074 0 0 0.389937106918239 0.6782334384858044
108 0.005572999999999939 1 2 0.39622641509433965 0.6845425867507886
109 0.005600200000000055 0 0 0.39622641509433965 0.6845425867507886
110 0.005514399999999919 1 1 0.4025157232704403 0.6876971608832808
111 0.005642200000000042 1 1 0.4088050314465409 0.6908517350157729
112 0.0057002999999999915 1 0 0.41509433962264153 0.6908517350157729
113 0.005565599999999948 0 0 0.41509433962264153 0.6908517350157729
114 0.005586100000000038 0 2 0.41509433962264153 0.6971608832807571
115 0.0055211000000000565 1 1 0.42138364779874216 0.7003154574132492
116 0.005693300000000012 1 1 0.4276729559748428 0.7034700315457413
117 0.00568919999999995 1 1 0.4339622641509434 0.7066246056782335
118 0.004243499999999956 1 1 0.44025157232704404 0.7097791798107256
119 0.004023600000000016 1 1 0.44654088050314467 0.7129337539432177
120 0.0038805000000000645 0 0 0.44654088050314467 0.7129337539432177
121 0.004111000000000087 1 0 0.4528301886792453 0.7129337539432177
122 0.004126300000000027 0 1 0.4528301886792453 0.7160883280757098
123 0.004133500000000012 0 0 0.4528301886792453 0.7160883280757098
124 0.004010999999999987 1 1 0.4591194968553459 0.7192429022082019
125 0.0041856000000000115 1 0 0.46540880503144655 0.7192429022082019
126 0.0040023999999999615 1 2 0.4716981132075472 0.7255520504731862
127 0.004023299999999952 1 0 0.4779874213836478 0.7255520504731862
128 0.004007800000000006 1 1 0.48427672955974843 0.7287066246056783
129 0.004119800000000007 1 1 0.49056603773584906 0.7318611987381703
130 0.005933599999999983 1 1 0.4968553459119497 0.7350157728706624
131 0.006043000000000021 0 0 0.4968553459119497 0.7350157728706624
132 0.005946000000000007 0 1 0.4968553459119497 0.7381703470031545
133 0.005711099999999969 1 0 0.5031446540880503 0.7381703470031545
134 0.005740999999999996 0 1 0.5031446540880503 0.7413249211356467
135 0.005973500000000076 1 3 0.5094339622641509 0.750788643533123
136 0.005923699999999976 1 2 0.5157232704402516 0.7570977917981072
137 0.006003199999999986 0 0 0.5157232704402516 0.7570977917981072
138 0.005879200000000084 1 1 0.5220125786163522 0.7602523659305994
139 0.0059683000000000375 1 0 0.5283018867924528 0.7602523659305994
140 0.004176599999999975 0 0 0.5283018867924528 0.7602523659305994
141 0.004477100000000012 1 0 0.5345911949685535 0.7602523659305994
142 0.004306499999999991 1 1 0.5408805031446541 0.7634069400630915
143 0.004248499999999988 1 0 0.5471698113207547 0.7634069400630915
144 0.004472299999999985 1 1 0.5534591194968553 0.7665615141955836
145 0.004196399999999989 1 0 0.559748427672956 0.7665615141955836
146 0.004270900000000077 0 0 0.559748427672956 0.7665615141955836
147 0.004345099999999991 0 1 0.559748427672956 0.7697160883280757
148 0.004207500000000031 0 0 0.559748427672956 0.7697160883280757
149 0.004284100000000013 1 1 0.5660377358490566 0.7728706624605678
150 0.004611300000000096 1 0 0.5723270440251572 0.7728706624605678
151 0.004223300000000041 1 0 0.5786163522012578 0.7728706624605678
152 0.00452180000000002 1 2 0.5849056603773585 0.7791798107255521
153 0.00441249999999993 1 1 0.5911949685534591 0.7823343848580442
154 0.004787600000000003 1 3 0.5974842767295597 0.7917981072555205
155 0.004368900000000009 1 1 0.6037735849056604 0.7949526813880127
156 0.004453400000000052 0 1 0.6037735849056604 0.7981072555205048
157 0.004294900000000101 1 0 0.610062893081761 0.7981072555205048
158 0.00432330000000003 0 1 0.610062893081761 0.8012618296529969
159 0.004257799999999978 1 0 0.6163522012578616 0.8012618296529969
160 0.004676099999999961 1 0 0.6226415094339622 0.8012618296529969
161 0.004766899999999907 0 1 0.6226415094339622 0.804416403785489
162 0.004521300000000172 1 0 0.6289308176100629 0.804416403785489
163 0.004189100000000057 1 0 0.6352201257861635 0.804416403785489
164 0.004319399999999973 0 0 0.6352201257861635 0.804416403785489
165 0.00651859999999993 0 1 0.6352201257861635 0.807570977917981
166 0.006658300000000006 1 0 0.6415094339622641 0.807570977917981
167 0.006400500000000031 1 1 0.6477987421383647 0.8107255520504731
168 0.005025999999999975 1 1 0.6540880503144654 0.8138801261829653
169 0.004405899999999852 1 1 0.660377358490566 0.8170347003154574
170 0.004327399999999981 0 0 0.660377358490566 0.8170347003154574
171 0.004839100000000096 0 1 0.660377358490566 0.8201892744479495
172 0.004697799999999974 0 0 0.660377358490566 0.8201892744479495
173 0.004725300000000043 0 1 0.660377358490566 0.8233438485804416
174 0.00443949999999993 0 0 0.660377358490566 0.8233438485804416
175 0.004542000000000046 1 1 0.6666666666666666 0.8264984227129337
176 0.004598199999999997 0 0 0.6666666666666666 0.8264984227129337
177 0.004718099999999836 1 1 0.6729559748427673 0.8296529968454258
178 0.005023099999999836 1 0 0.6792452830188679 0.8296529968454258
179 0.0045704000000001965 1 1 0.6855345911949685 0.832807570977918
180 0.004462699999999931 0 1 0.6855345911949685 0.8359621451104101
181 0.004571600000000009 1 2 0.6918238993710691 0.8422712933753943
182 0.004505200000000098 0 0 0.6918238993710691 0.8422712933753943
183 0.004600399999999949 1 1 0.6981132075471698 0.8454258675078864
184 0.004686100000000026 0 0 0.6981132075471698 0.8454258675078864
185 0.00461939999999994 1 0 0.7044025157232704 0.8454258675078864
186 0.004500200000000065 1 0 0.710691823899371 0.8454258675078864
187 0.00479369999999979 1 0 0.7169811320754716 0.8454258675078864
188 0.004580199999999923 0 2 0.7169811320754716 0.8517350157728707
189 0.004648300000000161 1 0 0.7232704402515723 0.8517350157728707
190 0.004762900000000014 0 0 0.7232704402515723 0.8517350157728707
191 0.004579499999999959 1 0 0.7295597484276729 0.8517350157728707
192 0.004464500000000093 0 2 0.7295597484276729 0.8580441640378549
193 0.0045687999999999285 1 0 0.7358490566037735 0.8580441640378549
194 0.004547699999999821 1 0 0.7421383647798742 0.8580441640378549
195 0.004673400000000161 0 0 0.7421383647798742 0.8580441640378549
196 0.004586600000000107 1 0 0.7484276729559748 0.8580441640378549
197 0.006541600000000036 1 0 0.7547169811320755 0.8580441640378549
198 0.004746800000000162 1 0 0.7610062893081762 0.8580441640378549
199 0.004547300000000032 1 1 0.7672955974842768 0.861198738170347
200 0.004521200000000114 1 0 0.7735849056603774 0.861198738170347
201 0.004549099999999973 1 0 0.779874213836478 0.861198738170347
202 0.004529500000000075 1 1 0.7861635220125787 0.8643533123028391
203 0.0046664000000000705 1 0 0.7924528301886793 0.8643533123028391
204 0.004565900000000012 0 1 0.7924528301886793 0.8675078864353313
205 0.004576699999999878 0 0 0.7924528301886793 0.8675078864353313
206 0.00458309999999984 1 0 0.7987421383647799 0.8675078864353313
207 0.004495600000000044 1 0 0.8050314465408805 0.8675078864353313
208 0.004573099999999997 1 2 0.8113207547169812 0.8738170347003155
209 0.004579700000000075 1 1 0.8176100628930818 0.8769716088328076
210 0.004918900000000059 1 3 0.8238993710691824 0.886435331230284
211 0.0049464000000001285 0 3 0.8238993710691824 0.8958990536277602
212 0.004829300000000147 1 0 0.8301886792452831 0.8958990536277602
213 0.008627399999999952 1 1 0.8364779874213837 0.8990536277602523
214 0.00482310000000008 0 1 0.8364779874213837 0.9022082018927445
215 0.004983999999999877 1 0 0.8427672955974843 0.9022082018927445
216 0.006948900000000036 1 2 0.8490566037735849 0.9085173501577287
217 0.006840699999999922 1 0 0.8553459119496856 0.9085173501577287
218 0.0069094000000000655 1 1 0.8616352201257862 0.9116719242902208
219 0.006698800000000116 0 0 0.8616352201257862 0.9116719242902208
220 0.0069605999999999835 1 0 0.8679245283018868 0.9116719242902208
221 0.006894299999999909 0 2 0.8679245283018868 0.917981072555205
222 0.006958400000000031 1 1 0.8742138364779874 0.9211356466876972
223 0.006764500000000062 1 0 0.8805031446540881 0.9211356466876972
224 0.006955400000000056 1 1 0.8867924528301887 0.9242902208201893
225 0.007142500000000052 1 0 0.8930817610062893 0.9242902208201893
226 0.007002500000000023 0 0 0.8930817610062893 0.9242902208201893
227 0.006708700000000123 1 1 0.89937106918239 0.9274447949526814
228 0.007115600000000111 1 2 0.9056603773584906 0.9337539432176656
229 0.0069989999999999775 1 0 0.9119496855345912 0.9337539432176656
230 0.0069901999999999465 1 1 0.9182389937106918 0.9369085173501577
231 0.006828400000000068 1 1 0.9245283018867925 0.9400630914826499
232 0.007004100000000069 0 1 0.9245283018867925 0.943217665615142
233 0.005447400000000213 1 0 0.9308176100628931 0.943217665615142
234 0.005047699999999988 1 1 0.9371069182389937 0.9463722397476341
235 0.005366800000000005 1 0 0.9433962264150944 0.9463722397476341
236 0.005283800000000172 1 1 0.949685534591195 0.9495268138801262
237 0.005446900000000143 1 3 0.9559748427672956 0.9589905362776026
238 0.00493089999999996 0 2 0.9559748427672956 0.9652996845425867
239 0.004950299999999963 0 0 0.9559748427672956 0.9652996845425867
240 0.004859699999999911 1 0 0.9622641509433962 0.9652996845425867
241 0.00495330000000016 1 3 0.9685534591194969 0.9747634069400631
242 0.0052818999999999505 1 0 0.9748427672955975 0.9747634069400631
243 0.005057599999999995 1 1 0.9811320754716981 0.9779179810725552
244 0.00543809999999989 1 2 0.9874213836477987 0.9842271293375394
245 0.005305499999999963 1 0 0.9937106918238994 0.9842271293375394
246 0.005312600000000112 0 2 0.9937106918238994 0.9905362776025236
247 0.005057199999999984 1 0 1.0 0.9905362776025236
248 0.0050266999999999395 0 0 1.0 0.9905362776025236
249 0.005156699999999903 0 0 1.0 0.9905362776025236
250 0.004991300000000143 0 1 1.0 0.9936908517350158
251 0.00488120000000003 0 0 1.0 0.9936908517350158
252 0.004907099999999831 0 0 1.0 0.9936908517350158
253 0.004907699999999959 0 0 1.0 0.9936908517350158
254 0.005119099999999932 0 0 1.0 0.9936908517350158
255 0.005422099999999874 0 1 1.0 0.9968454258675079
256 0.005188699999999935 0 1 1.0 1.0
