40 0.3 0.9
1 0.0014736999999999945 0 0 0.0 0.5064935064935064
2 0.0008010000000000239 0 0 0.0 0.5064935064935064
3 0.0012437999999999894 1 0 0.02564102564102564 0.5064935064935064
4 0.0008776999999999813 0 0 0.02564102564102564 0.5064935064935064
5 0.000758700000000001 0 0 0.02564102564102564 0.5064935064935064
6 0.0007985000000000075 1 1 0.05128205128205128 0.5194805194805194
7 0.0007948000000000122 0 0 0.05128205128205128 0.5194805194805194
8 0.001826399999999978 1 0 0.07692307692307693 0.5194805194805194
9 0.0009206999999999965 0 0 0.07692307692307693 0.5194805194805194
10 0.0008085999999999927 0 0 0.07692307692307693 0.5194805194805194
11 0.0008627999999999969 1 2 0.10256410256410256 0.5454545454545454
12 0.0008237000000000105 0 0 0.10256410256410256 0.5454545454545454
13 0.0008277000000000145 1 0 0.1282051282051282 0.5454545454545454
14 0.0010299000000000003 0 0 0.1282051282051282 0.5454545454545454
15 0.0008742999999999945 0 0 0.1282051282051282 0.5454545454545454
16 0.0010304999999999898 0 0 0.1282051282051282 0.5454545454545454
17 0.0008482999999999963 0 0 0.1282051282051282 0.5454545454545454
18 0.0008210999999999913 0 0 0.1282051282051282 0.5454545454545454
19 0.0017593000000000192 0 0 0.1282051282051282 0.5454545454545454
20 0.0008563000000000043 0 0 0.1282051282051282 0.5454545454545454
21 0.0008021 1 1 0.15384615384615385 0.5584415584415584
22 0.0008191999999999922 0 0 0.15384615384615385 0.5584415584415584
23 0.0009501000000000093 0 0 0.15384615384615385 0.5584415584415584
24 0.0008508000000000127 0 0 0.15384615384615385 0.5584415584415584
25 0.0008333999999999842 0 0 0.15384615384615385 0.5584415584415584
26 0.001772799999999991 1 1 0.1794871794871795 0.5714285714285714
27 0.0009730000000000016 1 0 0.20512820512820512 0.5714285714285714
28 0.0008948000000000012 0 2 0.20512820512820512 0.5974025974025974
29 0.0008202000000000209 0 0 0.20512820512820512 0.5974025974025974
30 0.0008250999999999953 0 0 0.20512820512820512 0.5974025974025974
31 0.0008356999999999948 0 0 0.20512820512820512 0.5974025974025974
32 0.0010893999999999904 0 0 0.20512820512820512 0.5974025974025974
33 0.0010036000000000211 0 0 0.20512820512820512 0.5974025974025974
34 0.0011450999999999822 1 1 0.23076923076923078 0.6103896103896104
35 0.0008470999999999895 0 0 0.23076923076923078 0.6103896103896104
36 0.0009624999999999773 0 0 0.23076923076923078 0.6103896103896104
37 0.0008688000000000029 0 0 0.23076923076923078 0.6103896103896104
38 0.0011021000000000225 1 1 0.2564102564102564 0.6233766233766234
39 0.0015824000000000116 1 1 0.28205128205128205 0.6363636363636364
40 0.0011892999999999765 0 0 0.28205128205128205 0.6363636363636364
41 0.0012685999999999809 0 0 0.28205128205128205 0.6363636363636364
42 0.0011315000000000075 0 0 0.28205128205128205 0.6363636363636364
43 0.0018208999999999864 0 0 0.28205128205128205 0.6363636363636364
44 0.0010523999999999811 0 0 0.28205128205128205 0.6363636363636364
45 0.0012928000000000384 0 0 0.28205128205128205 0.6363636363636364
46 0.0008405000000000218 0 0 0.28205128205128205 0.6363636363636364
47 0.0009131 0 0 0.28205128205128205 0.6363636363636364
48 0.0008413999999999922 0 0 0.28205128205128205 0.6363636363636364
49 0.0008792999999999718 1 1 0.3076923076923077 0.6493506493506493
50 0.00090309999999999 0 0 0.3076923076923077 0.6493506493506493
51 0.0009866000000000041 1 1 0.3333333333333333 0.6623376623376623
52 0.0009176000000000184 0 0 0.3333333333333333 0.6623376623376623
53 0.001317500000000027 0 0 0.3333333333333333 0.6623376623376623
54 0.0014476999999999962 1 1 0.358974358974359 0.6753246753246753
55 0.000955499999999998 0 0 0.358974358974359 0.6753246753246753
56 0.0009718000000000226 1 1 0.38461538461538464 0.6883116883116883
57 0.0009450000000000292 0 0 0.38461538461538464 0.6883116883116883
58 0.0009254000000000207 1 1 0.41025641025641024 0.7012987012987013
59 0.0012228000000000239 0 0 0.41025641025641024 0.7012987012987013
60 0.0017009000000000052 0 0 0.41025641025641024 0.7012987012987013
61 0.0011396000000000184 0 0 0.41025641025641024 0.7012987012987013
62 0.0010579000000000005 0 0 0.41025641025641024 0.7012987012987013
63 0.0008792000000000244 0 0 0.41025641025641024 0.7012987012987013
64 0.0017993000000000037 1 0 0.4358974358974359 0.7012987012987013
65 0.001774600000000015 1 1 0.46153846153846156 0.7142857142857143
66 0.0009893999999999736 0 0 0.46153846153846156 0.7142857142857143
67 0.0009855999999999754 1 2 0.48717948717948717 0.7402597402597403
68 0.0009630999999999945 0 0 0.48717948717948717 0.7402597402597403
69 0.0011039999999999939 1 1 0.5128205128205128 0.7532467532467533
70 0.0011492999999999642 1 1 0.5384615384615384 0.7662337662337663
71 0.0012051000000000145 0 0 0.5384615384615384 0.7662337662337663
72 0.0011876999999999582 1 1 0.5641025641025641 0.7792207792207793
73 0.0010201000000000238 0 0 0.5641025641025641 0.7792207792207793
74 0.002482099999999987 0 0 0.5641025641025641 0.7792207792207793
75 0.0010828999999999978 1 1 0.5897435897435898 0.7922077922077922
76 0.0010229999999999961 1 1 0.6153846153846154 0.8051948051948052
77 0.0010357000000000283 0 0 0.6153846153846154 0.8051948051948052
78 0.0009286000000000016 0 0 0.6153846153846154 0.8051948051948052
79 0.0015580000000000038 0 0 0.6153846153846154 0.8051948051948052
80 0.0011444000000000454 0 0 0.6153846153846154 0.8051948051948052
81 0.0013192999999999677 1 1 0.6410256410256411 0.8181818181818182
82 0.0010983999999999994 0 0 0.6410256410256411 0.8181818181818182
83 0.0010399999999999854 0 0 0.6410256410256411 0.8181818181818182
84 0.0011068000000000189 0 0 0.6410256410256411 0.8181818181818182
85 0.001034299999999988 1 1 0.6666666666666666 0.8311688311688312
86 0.0011558999999999875 1 0 0.6923076923076923 0.8311688311688312
87 0.0009694000000000091 0 0 0.6923076923076923 0.8311688311688312
88 0.001019900000000018 0 0 0.6923076923076923 0.8311688311688312
89 0.0012700999999999962 1 2 0.717948717948718 0.8571428571428571
90 0.001745899999999967 0 0 0.717948717948718 0.8571428571428571
91 0.0015845999999999916 0 0 0.717948717948718 0.8571428571428571
92 0.0018910000000000315 1 1 0.7435897435897436 0.8701298701298701
93 0.001166300000000009 0 0 0.7435897435897436 0.8701298701298701
94 0.0012911999999999924 0 0 0.7435897435897436 0.8701298701298701
95 0.0013945000000000207 0 0 0.7435897435897436 0.8701298701298701
96 0.0012073999999999696 1 1 0.7692307692307693 0.8831168831168831
97 0.0012379999999999614 1 1 0.7948717948717948 0.8961038961038961
98 0.0023274999999999824 1 1 0.8205128205128205 0.9090909090909091
99 0.0012183000000000055 0 0 0.8205128205128205 0.9090909090909091
100 0.0010245999999999866 0 0 0.8205128205128205 0.9090909090909091
101 0.0012008000000000019 1 1 0.8461538461538461 0.922077922077922
102 0.001098700000000008 0 0 0.8461538461538461 0.922077922077922
103 0.0019617000000000107 0 0 0.8461538461538461 0.922077922077922
104 0.001578999999999997 0 0 0.8461538461538461 0.922077922077922
105 0.0012394000000000016 0 0 0.8461538461538461 0.922077922077922
106 0.0012262000000000106 1 1 0.8717948717948718 0.935064935064935
107 0.0011809999999999876 0 0 0.8717948717948718 0.935064935064935
108 0.0010723999999999734 0 0 0.8717948717948718 0.935064935064935
109 0.0013650999999999525 0 0 0.8717948717948718 0.935064935064935
110 0.001132299999999975 0 0 0.8717948717948718 0.935064935064935
111 0.0010949000000000098 0 0 0.8717948717948718 0.935064935064935
112 0.0026433999999999624 1 1 0.8974358974358975 0.948051948051948
113 0.0011951000000000045 0 0 0.8974358974358975 0.948051948051948
114 0.0012364000000000264 0 0 0.8974358974358975 0.948051948051948
115 0.0012068000000000079 1 0 0.9230769230769231 0.948051948051948
116 0.0013371000000000355 0 1 0.9230769230769231 0.961038961038961
117 0.001384200000000002 1 1 0.9487179487179487 0.974025974025974
118 0.001200699999999999 0 0 0.9487179487179487 0.974025974025974
119 0.0013052000000000064 1 1 0.9743589743589743 0.987012987012987
120 0.0022839000000000054 0 0 0.9743589743589743 0.987012987012987
121 0.00127830000000001 0 0 0.9743589743589743 0.987012987012987
122 0.0012187999999999644 0 0 0.9743589743589743 0.987012987012987
123 0.0012329000000000367 1 1 1.0 1.0
