20 0.5 0.9
1 0.0004533000000000176 1 0 0.05263157894736842 0.5135135135135135
2 0.0004913000000000001 1 1 0.10526315789473684 0.5405405405405406
3 0.0005706999999999796 1 1 0.15789473684210525 0.5675675675675675
4 0.0008236000000000077 1 1 0.21052631578947367 0.5945945945945946
5 0.00046439999999997594 0 0 0.21052631578947367 0.5945945945945946
6 0.0004750999999999783 1 1 0.2631578947368421 0.6216216216216216
7 0.0004519000000000051 0 0 0.2631578947368421 0.6216216216216216
8 0.0005131000000000163 1 1 0.3157894736842105 0.6486486486486487
9 0.0005679999999999852 0 0 0.3157894736842105 0.6486486486486487
10 0.0004769000000000023 0 0 0.3157894736842105 0.6486486486486487
11 0.00048370000000000357 0 0 0.3157894736842105 0.6486486486486487
12 0.0004715000000000136 0 0 0.3157894736842105 0.6486486486486487
13 0.0006368999999999958 0 0 0.3157894736842105 0.6486486486486487
14 0.0007696999999999843 1 1 0.3684210526315789 0.6756756756756757
15 0.0005999000000000143 0 0 0.3684210526315789 0.6756756756756757
16 0.0006334000000000062 1 1 0.42105263157894735 0.7027027027027027
17 0.0007951000000000208 1 0 0.47368421052631576 0.7027027027027027
18 0.0007232000000000072 1 2 0.5263157894736842 0.7567567567567568
19 0.0007436000000000109 1 0 0.5789473684210527 0.7567567567567568
20 0.0010658000000000056 0 0 0.5789473684210527 0.7567567567567568
21 0.0005261000000000016 0 0 0.5789473684210527 0.7567567567567568
22 0.0005684999999999996 0 0 0.5789473684210527 0.7567567567567568
23 0.0005546000000000162 0 0 0.5789473684210527 0.7567567567567568
24 0.0005338000000000009 1 1 0.631578947368421 0.7837837837837838
25 0.0006188000000000027 1 2 0.6842105263157895 0.8378378378378378
26 0.0005406000000000022 0 0 0.6842105263157895 0.8378378378378378
27 0.0005562000000000067 0 0 0.6842105263157895 0.8378378378378378
28 0.0008753999999999984 1 1 0.7368421052631579 0.8648648648648649
29 0.0007005999999999957 1 0 0.7894736842105263 0.8648648648648649
30 0.0007565999999999962 1 1 0.8421052631578947 0.8918918918918919
31 0.0008604999999999863 0 1 0.8421052631578947 0.918918918918919
32 0.0006461999999999857 1 1 0.8947368421052632 0.9459459459459459
33 0.000788900000000009 0 0 0.8947368421052632 0.9459459459459459
34 0.000842499999999996 1 1 0.9473684210526315 0.972972972972973
35 0.0006908999999999943 0 0 0.9473684210526315 0.972972972972973
36 0.0006444000000000172 0 0 0.9473684210526315 0.972972972972973
37 0.0007761000000000018 1 1 1.0 1.0
