100 1.0 0.6
1 0.002045100000000022 1 0 0.010101010101010102 0.5025380710659898
2 0.00217649999999997 1 1 0.020202020202020204 0.5076142131979695
3 0.0023946000000000245 1 0 0.030303030303030304 0.5076142131979695
4 0.0024805999999999995 1 1 0.04040404040404041 0.5126903553299492
5 0.0020883999999999903 1 2 0.050505050505050504 0.5228426395939086
6 0.0020517999999999925 1 0 0.06060606060606061 0.5228426395939086
7 0.0028983999999999677 1 2 0.0707070707070707 0.5329949238578681
8 0.0027014000000000205 1 1 0.08080808080808081 0.5380710659898477
9 0.002489800000000042 1 1 0.09090909090909091 0.5431472081218274
10 0.002345800000000009 1 0 0.10101010101010101 0.5431472081218274
11 0.0020993999999999735 1 2 0.1111111111111111 0.5532994923857868
12 0.002599000000000018 1 1 0.12121212121212122 0.5583756345177665
13 0.002330500000000013 1 0 0.13131313131313133 0.5583756345177665
14 0.002227300000000043 1 0 0.1414141414141414 0.5583756345177665
15 0.002657699999999985 1 2 0.15151515151515152 0.5685279187817259
16 0.0026064000000000087 1 2 0.16161616161616163 0.5786802030456852
17 0.0025762000000000285 1 0 0.1717171717171717 0.5786802030456852
18 0.002466500000000038 1 0 0.18181818181818182 0.5786802030456852
19 0.002247499999999958 1 0 0.1919191919191919 0.5786802030456852
20 0.002830599999999961 1 1 0.20202020202020202 0.583756345177665
21 0.0025278000000000245 1 2 0.21212121212121213 0.5939086294416244
22 0.0031047000000000158 1 3 0.2222222222222222 0.6091370558375635
23 0.002288699999999977 1 1 0.23232323232323232 0.6142131979695431
24 0.002852000000000021 1 1 0.24242424242424243 0.6192893401015228
25 0.003031900000000032 1 1 0.25252525252525254 0.6243654822335025
26 0.0023515000000000064 1 1 0.26262626262626265 0.6294416243654822
27 0.0023331000000000324 1 1 0.2727272727272727 0.6345177664974619
28 0.00249290000000002 1 0 0.2828282828282828 0.6345177664974619
29 0.0032167000000000168 1 2 0.29292929292929293 0.6446700507614214
30 0.0024223999999999912 1 1 0.30303030303030304 0.649746192893401
31 0.002621399999999996 1 1 0.31313131313131315 0.6548223350253807
32 0.003002899999999975 1 1 0.32323232323232326 0.6598984771573604
33 0.0027474999999999583 1 1 0.3333333333333333 0.6649746192893401
34 0.0027037999999999784 1 1 0.3434343434343434 0.6700507614213198
35 0.002511399999999997 1 1 0.35353535353535354 0.6751269035532995
36 0.0033223000000000003 1 1 0.36363636363636365 0.6802030456852792
37 0.002685700000000013 1 1 0.37373737373737376 0.6852791878172588
38 0.002593499999999971 1 1 0.3838383838383838 0.6903553299492385
39 0.0024318000000000395 1 1 0.3939393939393939 0.6954314720812182
40 0.003009700000000004 1 0 0.40404040404040403 0.6954314720812182
41 0.0026439999999999797 1 2 0.41414141414141414 0.7055837563451777
42 0.002644499999999994 1 0 0.42424242424242425 0.7055837563451777
43 0.0030801999999999774 1 2 0.43434343434343436 0.7157360406091371
44 0.0027430999999999983 1 0 0.4444444444444444 0.7157360406091371
45 0.00465359999999998 1 1 0.45454545454545453 0.7208121827411168
46 0.0029459000000000013 1 0 0.46464646464646464 0.7208121827411168
47 0.0032754999999999868 1 0 0.47474747474747475 0.7208121827411168
48 0.0036819000000000157 1 1 0.48484848484848486 0.7258883248730964
49 0.0026803000000000243 1 2 0.494949494949495 0.7360406091370558
50 0.0033158999999999828 1 1 0.5050505050505051 0.7411167512690355
51 0.0034023000000000247 1 1 0.5151515151515151 0.7461928934010152
52 0.0028216999999999826 1 2 0.5252525252525253 0.7563451776649747
53 0.002795600000000009 1 2 0.5353535353535354 0.766497461928934
54 0.0035115000000000007 1 1 0.5454545454545454 0.7715736040609137
55 0.002965799999999963 1 0 0.5555555555555556 0.7715736040609137
56 0.0036629000000000245 1 2 0.5656565656565656 0.7817258883248731
57 0.0033446999999999782 1 0 0.5757575757575758 0.7817258883248731
58 0.0034895999999999816 1 1 0.5858585858585859 0.7868020304568528
59 0.0030164999999999775 1 1 0.5959595959595959 0.7918781725888325
60 0.003451599999999999 1 1 0.6060606060606061 0.7969543147208121
61 0.003407400000000005 1 2 0.6161616161616161 0.8071065989847716
62 0.002919900000000031 1 1 0.6262626262626263 0.8121827411167513
63 0.002934800000000015 1 0 0.6363636363636364 0.8121827411167513
64 0.0037982999999999767 1 1 0.6464646464646465 0.817258883248731
65 0.0029149000000000536 1 1 0.6565656565656566 0.8223350253807107
66 0.0038174999999999737 1 2 0.6666666666666666 0.8324873096446701
67 0.003254199999999985 1 0 0.6767676767676768 0.8324873096446701
68 0.0036438000000000303 1 1 0.6868686868686869 0.8375634517766497
69 0.003196200000000038 1 2 0.696969696969697 0.8477157360406091
70 0.0037055999999999756 1 1 0.7070707070707071 0.8527918781725888
71 0.003751799999999972 1 0 0.7171717171717171 0.8527918781725888
72 0.0031544000000000016 1 0 0.7272727272727273 0.8527918781725888
73 0.004060800000000031 1 2 0.7373737373737373 0.8629441624365483
74 0.0034399999999999986 1 2 0.7474747474747475 0.8730964467005076
75 0.0030835000000000168 1 1 0.7575757575757576 0.8781725888324873
76 0.0031650999999999208 1 1 0.7676767676767676 0.883248730964467
77 0.0036839999999999096 1 1 0.7777777777777778 0.8883248730964467
78 0.0031449999999999534 1 0 0.7878787878787878 0.8883248730964467
79 0.003992600000000013 1 1 0.797979797979798 0.8934010152284264
80 0.004108699999999965 1 0 0.8080808080808081 0.8934010152284264
81 0.0031512000000000207 1 2 0.8181818181818182 0.9035532994923858
82 0.003794799999999987 1 2 0.8282828282828283 0.9137055837563451
83 0.003629700000000069 1 1 0.8383838383838383 0.9187817258883249
84 0.00344919999999993 1 0 0.8484848484848485 0.9187817258883249
85 0.0032552000000000136 1 1 0.8585858585858586 0.9238578680203046
86 0.0042336000000000595 1 1 0.8686868686868687 0.9289340101522843
87 0.0035404999999999465 1 2 0.8787878787878788 0.9390862944162437
88 0.003920999999999952 1 0 0.8888888888888888 0.9390862944162437
89 0.004201200000000016 1 0 0.898989898989899 0.9390862944162437
90 0.0033461000000000185 1 1 0.9090909090909091 0.9441624365482234
91 0.004109799999999941 1 1 0.9191919191919192 0.949238578680203
92 0.004307599999999967 1 2 0.9292929292929293 0.9593908629441624
93 0.0035768000000000466 1 2 0.9393939393939394 0.9695431472081218
94 0.0045911999999999065 1 1 0.9494949494949495 0.9746192893401016
95 0.0036775999999999476 1 1 0.9595959595959596 0.9796954314720813
96 0.003439299999999923 1 0 0.9696969696969697 0.9796954314720813
97 0.004156200000000054 1 1 0.9797979797979798 0.9847715736040609
98 0.005068400000000084 1 1 0.98989898989899 0.9898477157360406
99 0.00426100000000007 1 1 1.0 0.9949238578680203
100 0.0044279999999999875 0 1 1.0 1.0
