120 0.6 0.8
1 0.0025240000000000262 1 0 0.008403361344537815 0.5021097046413502
2 0.0025112000000000467 1 1 0.01680672268907563 0.5063291139240507
3 0.002602300000000002 0 0 0.01680672268907563 0.5063291139240507
4 0.002652600000000005 1 1 0.025210084033613446 0.510548523206751
5 0.002576199999999973 0 0 0.025210084033613446 0.510548523206751
6 0.0025040000000000062 1 1 0.03361344537815126 0.5147679324894515
7 0.0025820000000000287 1 1 0.04201680672268908 0.5189873417721519
8 0.004471400000000014 1 0 0.05042016806722689 0.5189873417721519
9 0.002599999999999991 1 1 0.058823529411764705 0.5232067510548524
10 0.0027536000000000227 0 0 0.058823529411764705 0.5232067510548524
11 0.002658400000000005 1 1 0.06722689075630252 0.5274261603375527
12 0.0027390999999999943 0 0 0.06722689075630252 0.5274261603375527
13 0.0026568000000000147 1 1 0.07563025210084033 0.5316455696202531
14 0.002794099999999966 0 1 0.07563025210084033 0.5358649789029536
15 0.0024908000000000152 0 0 0.07563025210084033 0.5358649789029536
16 0.0026178000000000035 1 0 0.08403361344537816 0.5358649789029536
17 0.002740300000000029 1 2 0.09243697478991597 0.5443037974683544
18 0.0027209999999999734 1 0 0.10084033613445378 0.5443037974683544
19 0.0027115999999999807 1 1 0.1092436974789916 0.5485232067510548
20 0.0026599000000000483 1 1 0.11764705882352941 0.5527426160337553
21 0.0031174999999999953 1 1 0.12605042016806722 0.5569620253164557
22 0.00281300000000001 0 1 0.12605042016806722 0.5611814345991561
23 0.0028953999999999924 0 0 0.12605042016806722 0.5611814345991561
24 0.0026682000000000095 1 1 0.13445378151260504 0.5654008438818565
25 0.003658899999999965 0 0 0.13445378151260504 0.5654008438818565
26 0.002595800000000037 1 1 0.14285714285714285 0.569620253164557
27 0.0028352000000000377 1 1 0.15126050420168066 0.5738396624472574
28 0.002801100000000001 1 0 0.15966386554621848 0.5738396624472574
29 0.002666799999999969 0 0 0.15966386554621848 0.5738396624472574
30 0.0028981000000000146 1 2 0.16806722689075632 0.5822784810126582
31 0.0026891 0 0 0.16806722689075632 0.5822784810126582
32 0.0029205999999999954 1 1 0.17647058823529413 0.5864978902953587
33 0.0029146999999999923 1 1 0.18487394957983194 0.5907172995780591
34 0.0028298999999999963 0 0 0.18487394957983194 0.5907172995780591
35 0.0029485000000000205 1 1 0.19327731092436976 0.5949367088607594
36 0.00268050000000003 0 0 0.19327731092436976 0.5949367088607594
37 0.002821499999999977 0 0 0.19327731092436976 0.5949367088607594
38 0.002718300000000007 1 1 0.20168067226890757 0.5991561181434599
39 0.002776899999999971 0 0 0.20168067226890757 0.5991561181434599
40 0.002798500000000037 1 1 0.21008403361344538 0.6033755274261603
41 0.002890799999999971 0 0 0.21008403361344538 0.6033755274261603
42 0.003092399999999995 1 1 0.2184873949579832 0.6075949367088608
43 0.003071299999999999 0 0 0.2184873949579832 0.6075949367088608
44 0.002800799999999992 1 1 0.226890756302521 0.6118143459915611
45 0.0027951999999999977 1 1 0.23529411764705882 0.6160337552742616
46 0.002880600000000011 1 1 0.24369747899159663 0.620253164556962
47 0.0030484000000000067 0 0 0.24369747899159663 0.620253164556962
48 0.002920199999999984 1 0 0.25210084033613445 0.620253164556962
49 0.0030826999999999938 0 0 0.25210084033613445 0.620253164556962
50 0.0030644000000000227 0 1 0.25210084033613445 0.6244725738396625
51 0.0030074999999999963 0 0 0.25210084033613445 0.6244725738396625
52 0.003025 1 1 0.2605042016806723 0.6286919831223629
53 0.0028274000000000354 1 1 0.2689075630252101 0.6329113924050633
54 0.002821700000000038 1 1 0.2773109243697479 0.6371308016877637
55 0.0028466000000000324 1 1 0.2857142857142857 0.6413502109704642
56 0.0031962999999999853 1 1 0.29411764705882354 0.6455696202531646
57 0.00314819999999999 1 0 0.3025210084033613 0.6455696202531646
58 0.002934199999999998 0 1 0.3025210084033613 0.6497890295358649
59 0.0029021000000000186 1 1 0.31092436974789917 0.6540084388185654
60 0.0030740999999999685 1 1 0.31932773109243695 0.6582278481012658
61 0.0030697000000000085 1 1 0.3277310924369748 0.6624472573839663
62 0.0030697000000000085 1 1 0.33613445378151263 0.6666666666666666
63 0.003024500000000041 0 0 0.33613445378151263 0.6666666666666666
64 0.0031119000000000008 1 1 0.3445378151260504 0.6708860759493671
65 0.003094399999999997 1 1 0.35294117647058826 0.6751054852320675
66 0.003464899999999993 1 1 0.36134453781512604 0.679324894514768
67 0.003265999999999991 1 1 0.3697478991596639 0.6835443037974683
68 0.002940800000000021 0 0 0.3697478991596639 0.6835443037974683
69 0.003344099999999961 0 0 0.3697478991596639 0.6835443037974683
70 0.0032724000000000086 0 0 0.3697478991596639 0.6835443037974683
71 0.003294599999999981 1 1 0.37815126050420167 0.6877637130801688
72 0.0031758000000000064 1 1 0.3865546218487395 0.6919831223628692
73 0.003131700000000015 0 0 0.3865546218487395 0.6919831223628692
74 0.003120400000000023 1 1 0.3949579831932773 0.6962025316455697
75 0.0032164999999999555 1 1 0.40336134453781514 0.70042194092827
76 0.0031144999999999645 0 0 0.40336134453781514 0.70042194092827
77 0.0031818999999999598 1 1 0.4117647058823529 0.7046413502109705
78 0.0032442999999999778 1 1 0.42016806722689076 0.7088607594936709
79 0.00322840000000002 0 0 0.42016806722689076 0.7088607594936709
80 0.0032206999999999653 1 1 0.42857142857142855 0.7130801687763713
81 0.0032963000000000298 1 1 0.4369747899159664 0.7172995780590717
82 0.0030702999999999703 0 0 0.4369747899159664 0.7172995780590717
83 0.003310499999999994 0 0 0.4369747899159664 0.7172995780590717
84 0.0032773000000000385 1 1 0.44537815126050423 0.7215189873417721
85 0.0031722000000000694 0 0 0.44537815126050423 0.7215189873417721
86 0.0033912000000000386 0 0 0.44537815126050423 0.7215189873417721
87 0.004709900000000045 1 1 0.453781512605042 0.7257383966244726
88 0.00499369999999999 1 1 0.46218487394957986 0.729957805907173
89 0.0038378000000000023 0 0 0.46218487394957986 0.729957805907173
90 0.003380400000000061 1 1 0.47058823529411764 0.7341772151898734
91 0.004754500000000106 1 1 0.4789915966386555 0.7383966244725738
92 0.0034395000000000397 1 1 0.48739495798319327 0.7426160337552743
93 0.003382499999999955 0 0 0.48739495798319327 0.7426160337552743
94 0.003223799999999999 1 1 0.4957983193277311 0.7468354430379747
95 0.0036013000000000295 1 0 0.5042016806722689 0.7468354430379747
96 0.0035311000000000092 0 1 0.5042016806722689 0.7510548523206751
97 0.0032372999999999985 1 0 0.5126050420168067 0.7510548523206751
98 0.0036066999999999627 1 2 0.5210084033613446 0.759493670886076
99 0.0033296000000000436 1 1 0.5294117647058824 0.7637130801687764
100 0.004826899999999967 1 1 0.5378151260504201 0.7679324894514767
101 0.004782900000000034 0 0 0.5378151260504201 0.7679324894514767
102 0.004565299999999994 1 1 0.5462184873949579 0.7721518987341772
103 0.004553499999999988 1 1 0.5546218487394958 0.7763713080168776
104 0.0035364999999999425 1 1 0.5630252100840336 0.7805907172995781
105 0.0033447999999999256 1 1 0.5714285714285714 0.7848101265822784
106 0.0036207999999999796 1 1 0.5798319327731093 0.7890295358649789
107 0.0035879999999999246 1 1 0.5882352941176471 0.7932489451476793
108 0.003641999999999923 1 1 0.5966386554621849 0.7974683544303798
109 0.003485199999999966 0 0 0.5966386554621849 0.7974683544303798
110 0.0037327999999999806 0 0 0.5966386554621849 0.7974683544303798
111 0.0034703999999999846 1 1 0.6050420168067226 0.8016877637130801
112 0.0034079999999999666 0 0 0.6050420168067226 0.8016877637130801
113 0.0035022999999999582 1 1 0.6134453781512605 0.8059071729957806
114 0.0033750999999999642 1 0 0.6218487394957983 0.8059071729957806
115 0.0036828999999999334 1 1 0.6302521008403361 0.810126582278481
116 0.0037595000000000267 1 0 0.6386554621848739 0.810126582278481
117 0.0036997000000000835 1 3 0.6470588235294118 0.8227848101265823
118 0.003664899999999971 1 1 0.6554621848739496 0.8270042194092827
119 0.003492900000000021 1 1 0.6638655462184874 0.8312236286919831
120 0.0035599000000000602 1 1 0.6722689075630253 0.8354430379746836
121 0.0034033999999999454 0 0 0.6722689075630253 0.8354430379746836
122 0.0037449999999999983 1 1 0.680672268907563 0.8396624472573839
123 0.0037292999999999354 1 1 0.6890756302521008 0.8438818565400844
124 0.004036200000000045 1 1 0.6974789915966386 0.8481012658227848
125 0.003605699999999934 1 1 0.7058823529411765 0.8523206751054853
126 0.003761699999999979 1 1 0.7142857142857143 0.8565400843881856
127 0.007246399999999986 0 0 0.7142857142857143 0.8565400843881856
128 0.003969800000000023 1 1 0.7226890756302521 0.8607594936708861
129 0.004036199999999934 1 1 0.7310924369747899 0.8649789029535865
130 0.00386439999999999 0 0 0.7310924369747899 0.8649789029535865
131 0.0036319999999999686 0 0 0.7310924369747899 0.8649789029535865
132 0.003677400000000053 1 1 0.7394957983193278 0.869198312236287
133 0.003924600000000056 1 1 0.7478991596638656 0.8734177215189873
134 0.0037317000000000045 0 0 0.7478991596638656 0.8734177215189873
135 0.0037346999999999797 1 1 0.7563025210084033 0.8776371308016878
136 0.003698500000000049 0 0 0.7563025210084033 0.8776371308016878
137 0.004377399999999976 0 0 0.7563025210084033 0.8776371308016878
138 0.003851099999999996 1 1 0.7647058823529411 0.8818565400843882
139 0.004009299999999993 1 1 0.773109243697479 0.8860759493670886
140 0.003852700000000042 0 0 0.773109243697479 0.8860759493670886
141 0.004055399999999931 1 1 0.7815126050420168 0.890295358649789
142 0.00382070000000001 1 0 0.7899159663865546 0.890295358649789
143 0.004104600000000014 1 1 0.7983193277310925 0.8945147679324894
144 0.0037346999999999797 1 1 0.8067226890756303 0.8987341772151899
145 0.004054600000000019 1 1 0.8151260504201681 0.9029535864978903
146 0.003877400000000031 0 0 0.8151260504201681 0.9029535864978903
147 0.004195500000000019 1 1 0.8235294117647058 0.9071729957805907
148 0.0037133000000000305 1 2 0.8319327731092437 0.9156118143459916
149 0.004032099999999983 0 0 0.8319327731092437 0.9156118143459916
150 0.003862799999999944 1 1 0.8403361344537815 0.919831223628692
151 0.004337900000000006 1 1 0.8487394957983193 0.9240506329113924
152 0.004111399999999987 0 0 0.8487394957983193 0.9240506329113924
153 0.0038968000000000336 0 0 0.8487394957983193 0.9240506329113924
154 0.003980299999999937 0 0 0.8487394957983193 0.9240506329113924
155 0.004054299999999955 1 1 0.8571428571428571 0.9282700421940928
156 0.004054699999999967 0 0 0.8571428571428571 0.9282700421940928
157 0.003944700000000023 1 1 0.865546218487395 0.9324894514767933
158 0.00406250000000008 0 0 0.865546218487395 0.9324894514767933
159 0.0040968000000000115 0 0 0.865546218487395 0.9324894514767933
160 0.004030199999999984 1 0 0.8739495798319328 0.9324894514767933
161 0.004076699999999933 0 1 0.8739495798319328 0.9367088607594937
162 0.005221699999999996 1 1 0.8823529411764706 0.9409282700421941
163 0.0054426999999999115 0 0 0.8823529411764706 0.9409282700421941
164 0.004205199999999909 0 0 0.8823529411764706 0.9409282700421941
165 0.004112600000000022 1 1 0.8907563025210085 0.9451476793248945
166 0.004194299999999984 1 1 0.8991596638655462 0.9493670886075949
167 0.004136299999999982 1 0 0.907563025210084 0.9493670886075949
168 0.004155800000000043 1 2 0.9159663865546218 0.9578059071729957
169 0.0042343999999999715 1 1 0.9243697478991597 0.9620253164556962
170 0.004315300000000022 1 1 0.9327731092436975 0.9662447257383966
171 0.004191300000000009 0 0 0.9327731092436975 0.9662447257383966
172 0.004310900000000006 1 1 0.9411764705882353 0.9704641350210971
173 0.004161799999999993 0 0 0.9411764705882353 0.9704641350210971
174 0.0041615999999999875 0 0 0.9411764705882353 0.9704641350210971
175 0.004161300000000034 0 0 0.9411764705882353 0.9704641350210971
176 0.004059800000000058 1 1 0.9495798319327731 0.9746835443037974
177 0.004055699999999995 0 0 0.9495798319327731 0.9746835443037974
178 0.004143500000000078 0 0 0.9495798319327731 0.9746835443037974
179 0.004156200000000054 0 0 0.9495798319327731 0.9746835443037974
180 0.004167299999999985 1 1 0.957983193277311 0.9789029535864979
181 0.004421700000000084 1 1 0.9663865546218487 0.9831223628691983
182 0.004172699999999918 1 1 0.9747899159663865 0.9873417721518988
183 0.004134300000000035 0 0 0.9747899159663865 0.9873417721518988
184 0.00417539999999994 1 1 0.9831932773109243 0.9915611814345991
185 0.004575000000000107 1 1 0.9915966386554622 0.9957805907172996
186 0.004298899999999994 0 0 0.9915966386554622 0.9957805907172996
187 0.004152900000000015 0 0 0.9915966386554622 0.9957805907172996
188 0.0042704000000000075 1 1 1.0 1.0
