10 0.8 0.6
1 0.0004357999999999862 1 0 0.1111111111111111 0.5294117647058824
2 0.0002535999999999927 1 1 0.2222222222222222 0.5882352941176471
3 0.00027699999999999947 1 0 0.3333333333333333 0.5882352941176471
4 0.00033719999999998196 1 2 0.4444444444444444 0.7058823529411765
5 0.0005026999999999948 1 1 0.5555555555555556 0.7647058823529411
6 0.0006146999999999958 1 1 0.6666666666666666 0.8235294117647058
7 0.0008391000000000093 1 1 0.7777777777777778 0.8823529411764706
8 0.0003752999999999951 1 1 0.8888888888888888 0.9411764705882353
9 0.0005274000000000112 1 1 1.0 1.0
