40 0.2 0.1
1 0.0008425000000000238 0 0 0.0 0.5064935064935064
2 0.0015519999999999978 1 0 0.02564102564102564 0.5064935064935064
3 0.0008245999999999809 0 0 0.02564102564102564 0.5064935064935064
4 0.0008517999999999859 1 0 0.05128205128205128 0.5064935064935064
5 0.0008399000000000045 0 0 0.05128205128205128 0.5064935064935064
6 0.0008886000000000172 0 0 0.05128205128205128 0.5064935064935064
7 0.0008917999999999981 1 0 0.07692307692307693 0.5064935064935064
8 0.0008095999999999937 0 0 0.07692307692307693 0.5064935064935064
9 0.0010922000000000154 0 0 0.07692307692307693 0.5064935064935064
10 0.0009286999999999768 1 0 0.10256410256410256 0.5064935064935064
11 0.0010909999999999809 0 0 0.10256410256410256 0.5064935064935064
12 0.0008644999999999903 0 0 0.10256410256410256 0.5064935064935064
13 0.0008199999999999874 0 0 0.10256410256410256 0.5064935064935064
14 0.001300699999999988 0 0 0.10256410256410256 0.5064935064935064
15 0.0011738000000000026 0 0 0.10256410256410256 0.5064935064935064
16 0.0008109000000000033 1 0 0.1282051282051282 0.5064935064935064
17 0.0008814999999999795 0 0 0.1282051282051282 0.5064935064935064
18 0.0007473000000000063 0 0 0.1282051282051282 0.5064935064935064
19 0.0007930000000000159 0 0 0.1282051282051282 0.5064935064935064
20 0.0009135999999999866 1 0 0.15384615384615385 0.5064935064935064
21 0.0007959999999999912 0 0 0.15384615384615385 0.5064935064935064
22 0.0009338000000000124 0 0 0.15384615384615385 0.5064935064935064
23 0.000793900000000014 0 0 0.15384615384615385 0.5064935064935064
24 0.0008270999999999973 0 0 0.15384615384615385 0.5064935064935064
25 0.0008412000000000142 1 0 0.1794871794871795 0.5064935064935064
26 0.0008070000000000022 0 0 0.1794871794871795 0.5064935064935064
27 0.0009008000000000072 1 0 0.20512820512820512 0.5064935064935064
28 0.0009598000000000106 0 0 0.20512820512820512 0.5064935064935064
29 0.0009395999999999849 0 0 0.20512820512820512 0.5064935064935064
30 0.0008652000000000104 0 0 0.20512820512820512 0.5064935064935064
31 0.0008639999999999759 1 0 0.23076923076923078 0.5064935064935064
32 0.0009051999999999949 0 1 0.23076923076923078 0.5194805194805194
33 0.001290399999999997 1 1 0.2564102564102564 0.5324675324675324
34 0.0009136999999999895 0 0 0.2564102564102564 0.5324675324675324
35 0.0007807999999999982 0 0 0.2564102564102564 0.5324675324675324
36 0.0009640999999999955 1 1 0.28205128205128205 0.5454545454545454
37 0.0014117999999999908 0 0 0.28205128205128205 0.5454545454545454
38 0.0015772000000000008 0 0 0.28205128205128205 0.5454545454545454
39 0.001341900000000007 1 0 0.3076923076923077 0.5454545454545454
40 0.0011444999999999927 0 0 0.3076923076923077 0.5454545454545454
41 0.0009007999999999794 0 0 0.3076923076923077 0.5454545454545454
42 0.0009327000000000085 0 0 0.3076923076923077 0.5454545454545454
43 0.0018721000000000432 0 0 0.3076923076923077 0.5454545454545454
44 0.0012549000000000032 0 0 0.3076923076923077 0.5454545454545454
45 0.0008258999999999905 0 0 0.3076923076923077 0.5454545454545454
46 0.0010051999999999839 1 0 0.3333333333333333 0.5454545454545454
47 0.0017260000000000053 0 0 0.3333333333333333 0.5454545454545454
48 0.0011483999999999939 1 0 0.358974358974359 0.5454545454545454
49 0.0016804999999999737 1 0 0.38461538461538464 0.5454545454545454
50 0.0008288000000000184 0 0 0.38461538461538464 0.5454545454545454
51 0.0008759999999999879 0 1 0.38461538461538464 0.5584415584415584
52 0.0010889000000000038 0 0 0.38461538461538464 0.5584415584415584
53 0.0009651999999999994 0 0 0.38461538461538464 0.5584415584415584
54 0.0008530999999999955 0 1 0.38461538461538464 0.5714285714285714
55 0.0008355000000000445 0 0 0.38461538461538464 0.5714285714285714
56 0.0008198999999999845 0 0 0.38461538461538464 0.5714285714285714
57 0.000911900000000021 0 0 0.38461538461538464 0.5714285714285714
58 0.0009965999999999586 0 1 0.38461538461538464 0.5844155844155844
59 0.001356999999999997 1 0 0.41025641025641024 0.5844155844155844
60 0.0013378 1 1 0.4358974358974359 0.5974025974025974
61 0.0009341999999999961 0 0 0.4358974358974359 0.5974025974025974
62 0.0009502000000000121 0 1 0.4358974358974359 0.6103896103896104
63 0.0009677000000000158 0 0 0.4358974358974359 0.6103896103896104
64 0.0010481999999999991 0 1 0.4358974358974359 0.6233766233766234
65 0.0011605000000000087 0 0 0.4358974358974359 0.6233766233766234
66 0.0009372000000000269 0 0 0.4358974358974359 0.6233766233766234
67 0.0009558000000000066 1 0 0.46153846153846156 0.6233766233766234
68 0.0010022000000000086 0 0 0.46153846153846156 0.6233766233766234
69 0.0016561999999999966 1 0 0.48717948717948717 0.6233766233766234
70 0.0009224999999999928 1 0 0.5128205128205128 0.6233766233766234
71 0.0008337999999999957 0 0 0.5128205128205128 0.6233766233766234
72 0.0008504999999999763 0 0 0.5128205128205128 0.6233766233766234
73 0.0009860999999999898 0 0 0.5128205128205128 0.6233766233766234
74 0.0008992999999999918 1 0 0.5384615384615384 0.6233766233766234
75 0.0009255000000000235 0 0 0.5384615384615384 0.6233766233766234
76 0.0011108000000000229 0 0 0.5384615384615384 0.6233766233766234
77 0.0010824000000000389 0 1 0.5384615384615384 0.6363636363636364
78 0.0010052999999999868 0 0 0.5384615384615384 0.6363636363636364
79 0.0010557999999999956 0 2 0.5384615384615384 0.6623376623376623
80 0.0014147999999999938 0 0 0.5384615384615384 0.6623376623376623
81 0.0009986999999999635 1 1 0.5641025641025641 0.6753246753246753
82 0.0009469999999999756 0 0 0.5641025641025641 0.6753246753246753
83 0.0009553000000000478 0 0 0.5641025641025641 0.6753246753246753
84 0.0009007999999999794 0 0 0.5641025641025641 0.6753246753246753
85 0.0009843999999999964 0 0 0.5641025641025641 0.6753246753246753
86 0.0010069000000000328 0 0 0.5641025641025641 0.6753246753246753
87 0.0010814000000000101 0 0 0.5641025641025641 0.6753246753246753
88 0.0012128000000000139 0 0 0.5641025641025641 0.6753246753246753
89 0.0009072999999999998 0 0 0.5641025641025641 0.6753246753246753
90 0.0009550000000000392 0 0 0.5641025641025641 0.6753246753246753
91 0.0009850000000000136 0 0 0.5641025641025641 0.6753246753246753
92 0.0009912999999999728 1 0 0.5897435897435898 0.6753246753246753
93 0.0015660000000000118 0 0 0.5897435897435898 0.6753246753246753
94 0.0010352000000000139 1 1 0.6153846153846154 0.6883116883116883
95 0.0009653000000000023 0 0 0.6153846153846154 0.6883116883116883
96 0.0010560000000000014 0 0 0.6153846153846154 0.6883116883116883
97 0.0013155999999999723 0 0 0.6153846153846154 0.6883116883116883
98 0.0011302000000000256 0 0 0.6153846153846154 0.6883116883116883
99 0.0011332000000000009 0 0 0.6153846153846154 0.6883116883116883
100 0.0010053000000000423 1 0 0.6410256410256411 0.6883116883116883
101 0.0009662000000000281 0 0 0.6410256410256411 0.6883116883116883
102 0.0009369000000000183 0 0 0.6410256410256411 0.6883116883116883
103 0.0010672999999999933 0 0 0.6410256410256411 0.6883116883116883
104 0.0012786000000000186 0 0 0.6410256410256411 0.6883116883116883
105 0.0010491999999999724 0 0 0.6410256410256411 0.6883116883116883
106 0.0012675000000000325 0 0 0.6410256410256411 0.6883116883116883
107 0.0012878000000000056 0 0 0.6410256410256411 0.6883116883116883
108 0.0017668999999999602 0 1 0.6410256410256411 0.7012987012987013
109 0.0010136000000000034 0 0 0.6410256410256411 0.7012987012987013
110 0.0009677000000000158 0 0 0.6410256410256411 0.7012987012987013
111 0.0009203999999999879 0 0 0.6410256410256411 0.7012987012987013
112 0.0009492999999999863 0 0 0.6410256410256411 0.7012987012987013
113 0.0015049999999999786 0 1 0.6410256410256411 0.7142857142857143
114 0.0014911999999999703 0 0 0.6410256410256411 0.7142857142857143
115 0.0011673000000000378 0 0 0.6410256410256411 0.7142857142857143
116 0.0010883999999999894 0 0 0.6410256410256411 0.7142857142857143
117 0.0011064000000000074 0 1 0.6410256410256411 0.7272727272727273
118 0.001841399999999993 1 0 0.6666666666666666 0.7272727272727273
119 0.0010241000000000278 0 1 0.6666666666666666 0.7402597402597403
120 0.001828300000000005 0 0 0.6666666666666666 0.7402597402597403
121 0.0013716999999999757 0 0 0.6666666666666666 0.7402597402597403
122 0.0013704000000000494 0 0 0.6666666666666666 0.7402597402597403
123 0.0011509000000000102 0 0 0.6666666666666666 0.7402597402597403
124 0.0011136999999999952 0 0 0.6666666666666666 0.7402597402597403
125 0.0010976999999999792 0 0 0.6666666666666666 0.7402597402597403
126 0.0010524999999999562 0 0 0.6666666666666666 0.7402597402597403
127 0.0015052999999999872 0 1 0.6666666666666666 0.7532467532467533
128 0.001455800000000007 0 0 0.6666666666666666 0.7532467532467533
129 0.0012806000000000206 0 0 0.6666666666666666 0.7532467532467533
130 0.0013001000000000262 0 0 0.6666666666666666 0.7532467532467533
131 0.0018357999999999985 0 0 0.6666666666666666 0.7532467532467533
132 0.0011805999999999761 1 0 0.6923076923076923 0.7532467532467533
133 0.0010201999999999711 0 1 0.6923076923076923 0.7662337662337663
134 0.0009736000000000189 0 0 0.6923076923076923 0.7662337662337663
135 0.001019900000000018 1 0 0.717948717948718 0.7662337662337663
136 0.0010295999999999639 1 0 0.7435897435897436 0.7662337662337663
137 0.0014740999999999782 0 0 0.7435897435897436 0.7662337662337663
138 0.0010781000000000263 0 0 0.7435897435897436 0.7662337662337663
139 0.0013373999999999886 0 1 0.7435897435897436 0.7792207792207793
140 0.0010175000000000045 0 0 0.7435897435897436 0.7792207792207793
141 0.0009328000000000114 0 0 0.7435897435897436 0.7792207792207793
142 0.0021424999999999916 0 1 0.7435897435897436 0.7922077922077922
143 0.0010507000000000155 1 0 0.7692307692307693 0.7922077922077922
144 0.000983500000000026 0 0 0.7692307692307693 0.7922077922077922
145 0.0009897000000000378 0 0 0.7692307692307693 0.7922077922077922
146 0.0010550000000000281 0 0 0.7692307692307693 0.7922077922077922
147 0.001454999999999984 1 0 0.7948717948717948 0.7922077922077922
148 0.0014303999999999983 0 0 0.7948717948717948 0.7922077922077922
149 0.0011168999999999762 0 1 0.7948717948717948 0.8051948051948052
150 0.0010242000000000306 1 0 0.8205128205128205 0.8051948051948052
151 0.0009989999999999721 0 0 0.8205128205128205 0.8051948051948052
152 0.0012962000000000251 0 0 0.8205128205128205 0.8051948051948052
153 0.0011831999999999954 0 0 0.8205128205128205 0.8051948051948052
154 0.0010396999999999768 0 0 0.8205128205128205 0.8051948051948052
155 0.0010834000000000121 0 0 0.8205128205128205 0.8051948051948052
156 0.0011368999999999962 1 0 0.8461538461538461 0.8051948051948052
157 0.0015229999999999966 1 1 0.8717948717948718 0.8181818181818182
158 0.0010911000000000115 1 0 0.8974358974358975 0.8181818181818182
159 0.0010350000000000081 0 0 0.8974358974358975 0.8181818181818182
160 0.0009759999999999769 0 0 0.8974358974358975 0.8181818181818182
161 0.0014029000000000402 1 0 0.9230769230769231 0.8181818181818182
162 0.0012852999999999892 0 1 0.9230769230769231 0.8311688311688312
163 0.0011266999999999805 0 0 0.9230769230769231 0.8311688311688312
164 0.001410699999999987 0 0 0.9230769230769231 0.8311688311688312
165 0.001292300000000024 0 0 0.9230769230769231 0.8311688311688312
166 0.0011453999999999631 0 1 0.9230769230769231 0.8441558441558441
167 0.0023008999999999946 0 0 0.9230769230769231 0.8441558441558441
168 0.0011348999999999942 0 0 0.9230769230769231 0.8441558441558441
169 0.0010318000000000271 0 1 0.9230769230769231 0.8571428571428571
170 0.0017952999999999997 0 0 0.9230769230769231 0.8571428571428571
171 0.0014946000000000126 1 0 0.9487179487179487 0.8571428571428571
172 0.0013276000000000399 0 0 0.9487179487179487 0.8571428571428571
173 0.0011037999999999881 1 0 0.9743589743589743 0.8571428571428571
174 0.0010982999999999965 0 0 0.9743589743589743 0.8571428571428571
175 0.0017628999999999562 1 1 1.0 0.8701298701298701
176 0.0014349000000000167 0 0 1.0 0.8701298701298701
177 0.0012136999999999842 0 0 1.0 0.8701298701298701
178 0.0010970000000000146 0 0 1.0 0.8701298701298701
179 0.001083500000000015 0 0 1.0 0.8701298701298701
180 0.001538600000000001 0 0 1.0 0.8701298701298701
181 0.0016219000000000094 0 0 1.0 0.8701298701298701
182 0.0014489000000000307 0 0 1.0 0.8701298701298701
183 0.0010936999999999752 0 1 1.0 0.8831168831168831
184 0.0018252000000000268 0 0 1.0 0.8831168831168831
185 0.0011757000000000017 0 0 1.0 0.8831168831168831
186 0.0012041999999999886 0 0 1.0 0.8831168831168831
187 0.0010586000000000206 0 0 1.0 0.8831168831168831
188 0.00116510000000003 0 0 1.0 0.8831168831168831
189 0.0015136000000000038 0 0 1.0 0.8831168831168831
190 0.0019103999999999788 0 0 1.0 0.8831168831168831
191 0.0010336000000000234 0 0 1.0 0.8831168831168831
192 0.0010777000000000148 0 0 1.0 0.8831168831168831
193 0.0012861000000000122 0 0 1.0 0.8831168831168831
194 0.0017995000000000094 0 1 1.0 0.8961038961038961
195 0.0013251999999999708 0 0 1.0 0.8961038961038961
196 0.0014363000000000015 0 0 1.0 0.8961038961038961
197 0.0013792999999999722 0 1 1.0 0.9090909090909091
198 0.0019837000000000327 0 0 1.0 0.9090909090909091
199 0.0011429000000000022 0 0 1.0 0.9090909090909091
200 0.0010879000000000305 0 0 1.0 0.9090909090909091
201 0.0011722999999999595 0 0 1.0 0.9090909090909091
202 0.001066699999999976 0 0 1.0 0.9090909090909091
203 0.0012607000000000035 0 0 1.0 0.9090909090909091
204 0.0012085000000000012 0 0 1.0 0.9090909090909091
205 0.0010296000000000194 0 0 1.0 0.9090909090909091
206 0.0012232999999999827 0 2 1.0 0.935064935064935
207 0.0011521999999999921 0 0 1.0 0.935064935064935
208 0.0011116999999999932 0 0 1.0 0.935064935064935
209 0.0012241000000000057 0 0 1.0 0.935064935064935
210 0.0010637000000000008 0 0 1.0 0.935064935064935
211 0.0011450999999999545 0 1 1.0 0.948051948051948
212 0.0016648999999999692 0 0 1.0 0.948051948051948
213 0.0010316999999999688 0 0 1.0 0.948051948051948
214 0.0011105000000000143 0 0 1.0 0.948051948051948
215 0.0010120000000000129 0 1 1.0 0.961038961038961
216 0.0011646000000000156 0 0 1.0 0.961038961038961
217 0.0013012000000000024 0 0 1.0 0.961038961038961
218 0.0012173000000000322 0 0 1.0 0.961038961038961
219 0.0015313000000000132 0 0 1.0 0.961038961038961
220 0.0012048000000000059 0 0 1.0 0.961038961038961
221 0.0016707999999999723 0 0 1.0 0.961038961038961
222 0.0012748000000000204 0 0 1.0 0.961038961038961
223 0.0011153999999999886 0 0 1.0 0.961038961038961
224 0.0010727999999999849 0 0 1.0 0.961038961038961
225 0.0013520000000000199 0 0 1.0 0.961038961038961
226 0.0011535999999999769 0 0 1.0 0.961038961038961
227 0.0013575000000000115 0 0 1.0 0.961038961038961
228 0.001367000000000007 0 0 1.0 0.961038961038961
229 0.0013737000000000332 0 0 1.0 0.961038961038961
230 0.0011468999999999507 0 0 1.0 0.961038961038961
231 0.0010864999999999903 0 0 1.0 0.961038961038961
232 0.0012173000000000878 0 0 1.0 0.961038961038961
233 0.0012710999999999695 0 0 1.0 0.961038961038961
234 0.0010421000000000458 0 0 1.0 0.961038961038961
235 0.0011425999999999936 0 0 1.0 0.961038961038961
236 0.0011150000000000881 0 1 1.0 0.974025974025974
237 0.0013389000000000317 0 0 1.0 0.974025974025974
238 0.0012913999999999426 0 0 1.0 0.974025974025974
239 0.0012467999999999924 0 0 1.0 0.974025974025974
240 0.0012569000000000052 0 0 1.0 0.974025974025974
241 0.0010820999999999747 0 0 1.0 0.974025974025974
242 0.0012512999999999552 0 0 1.0 0.974025974025974
243 0.001983300000000021 0 0 1.0 0.974025974025974
244 0.0010544999999999582 0 0 1.0 0.974025974025974
245 0.0012855999999999979 0 0 1.0 0.974025974025974
246 0.0012310000000000931 0 0 1.0 0.974025974025974
247 0.0011887000000000425 0 0 1.0 0.974025974025974
248 0.0011052000000000284 0 0 1.0 0.974025974025974
249 0.001121099999999986 0 0 1.0 0.974025974025974
250 0.0012457999999999636 0 0 1.0 0.974025974025974
251 0.0012096999999999802 0 0 1.0 0.974025974025974
252 0.0020323999999999343 0 0 1.0 0.974025974025974
253 0.0012984999999999802 0 0 1.0 0.974025974025974
254 0.0011686000000000751 0 0 1.0 0.974025974025974
255 0.0018970000000000375 0 0 1.0 0.974025974025974
256 0.0016724000000000183 0 0 1.0 0.974025974025974
257 0.0020979999999999333 0 0 1.0 0.974025974025974
258 0.0013690000000000646 0 0 1.0 0.974025974025974
259 0.001214999999999966 0 1 1.0 0.987012987012987
260 0.0013255999999999268 0 0 1.0 0.987012987012987
261 0.001195500000000016 0 0 1.0 0.987012987012987
262 0.0012364999999999737 0 0 1.0 0.987012987012987
263 0.001258199999999987 0 0 1.0 0.987012987012987
264 0.0012396999999999547 0 0 1.0 0.987012987012987
265 0.0013575000000000115 0 0 1.0 0.987012987012987
266 0.0012079000000000395 0 0 1.0 0.987012987012987
267 0.0012241000000000613 0 0 1.0 0.987012987012987
268 0.0023948999999999776 0 0 1.0 0.987012987012987
269 0.0011343000000000325 0 0 1.0 0.987012987012987
270 0.0010755999999999544 0 0 1.0 0.987012987012987
271 0.001473900000000028 0 0 1.0 0.987012987012987
272 0.001206199999999935 0 0 1.0 0.987012987012987
273 0.0018601000000000312 0 0 1.0 0.987012987012987
274 0.0014815999999999718 0 0 1.0 0.987012987012987
275 0.0014863000000000515 0 0 1.0 0.987012987012987
276 0.0014233999999999636 0 0 1.0 0.987012987012987
277 0.0011913000000000062 0 0 1.0 0.987012987012987
278 0.0010911000000000115 0 0 1.0 0.987012987012987
279 0.0011254000000000541 0 0 1.0 0.987012987012987
280 0.001102699999999901 0 0 1.0 0.987012987012987
281 0.0015545999999999616 0 0 1.0 0.987012987012987
282 0.001193100000000058 0 0 1.0 0.987012987012987
283 0.0015889000000000042 0 0 1.0 0.987012987012987
284 0.001129099999999994 0 0 1.0 0.987012987012987
285 0.0012706000000000106 0 0 1.0 0.987012987012987
286 0.0013938000000000006 0 0 1.0 0.987012987012987
287 0.0011611999999999734 0 0 1.0 0.987012987012987
288 0.0011248999999999842 0 0 1.0 0.987012987012987
289 0.001196300000000039 0 0 1.0 0.987012987012987
290 0.0016315999999999553 0 0 1.0 0.987012987012987
291 0.0012887000000000315 0 0 1.0 0.987012987012987
292 0.001177900000000065 0 0 1.0 0.987012987012987
293 0.0010932999999999637 0 0 1.0 0.987012987012987
294 0.0016663000000000094 0 0 1.0 0.987012987012987
295 0.0013077000000000227 0 0 1.0 0.987012987012987
296 0.0012413000000000007 0 0 1.0 0.987012987012987
297 0.0011851999999999974 0 0 1.0 0.987012987012987
298 0.0012278999999999485 0 0 1.0 0.987012987012987
299 0.001475000000000004 0 0 1.0 0.987012987012987
300 0.0012723999999999513 0 0 1.0 0.987012987012987
301 0.0011200000000000099 0 0 1.0 0.987012987012987
302 0.0012083999999999984 0 0 1.0 0.987012987012987
303 0.0011917999999999651 0 0 1.0 0.987012987012987
304 0.0012348999999999277 0 0 1.0 0.987012987012987
305 0.001667499999999933 0 0 1.0 0.987012987012987
306 0.001400599999999974 0 0 1.0 0.987012987012987
307 0.0013465000000000282 0 0 1.0 0.987012987012987
308 0.0016985999999999946 0 0 1.0 0.987012987012987
309 0.001315799999999978 0 0 1.0 0.987012987012987
310 0.00119950000000002 0 0 1.0 0.987012987012987
311 0.0012151999999999719 0 0 1.0 0.987012987012987
312 0.0019024999999999181 0 0 1.0 0.987012987012987
313 0.001468599999999931 0 0 1.0 0.987012987012987
314 0.0011786000000000296 0 0 1.0 0.987012987012987
315 0.0010856000000000199 0 0 1.0 0.987012987012987
316 0.00113949999999996 0 0 1.0 0.987012987012987
317 0.001197899999999974 0 0 1.0 0.987012987012987
318 0.00131709999999996 0 0 1.0 0.987012987012987
319 0.0013956000000000524 0 0 1.0 0.987012987012987
320 0.0010529999999999706 0 0 1.0 0.987012987012987
321 0.0011520999999999892 0 0 1.0 0.987012987012987
322 0.0020058000000000575 0 0 1.0 0.987012987012987
323 0.0011797999999999531 0 0 1.0 0.987012987012987
324 0.0010879999999999779 0 0 1.0 0.987012987012987
325 0.0010888000000000009 0 0 1.0 0.987012987012987
326 0.001723499999999989 0 0 1.0 0.987012987012987
327 0.0013015000000000665 0 0 1.0 0.987012987012987
328 0.001357900000000023 0 0 1.0 0.987012987012987
329 0.0012062000000000461 0 0 1.0 0.987012987012987
330 0.0018169000000000102 0 0 1.0 0.987012987012987
331 0.0012908999999999837 0 0 1.0 0.987012987012987
332 0.0011774999999999425 0 0 1.0 0.987012987012987
333 0.0011851999999999974 0 0 1.0 0.987012987012987
334 0.0011430999999999525 0 0 1.0 0.987012987012987
335 0.0013317000000000467 0 0 1.0 0.987012987012987
336 0.0019124000000000363 0 0 1.0 0.987012987012987
337 0.0014088999999999352 0 0 1.0 0.987012987012987
338 0.0011439999999999229 0 0 1.0 0.987012987012987
339 0.001873899999999984 0 0 1.0 0.987012987012987
340 0.0021271000000000484 0 0 1.0 0.987012987012987
341 0.0012160000000001059 0 1 1.0 1.0
