60 0.1 0.4
1 0.002270499999999981 1 0 0.01694915254237288 0.5042735042735043
2 0.0017964999999999787 0 0 0.01694915254237288 0.5042735042735043
3 0.0015755999999999826 0 0 0.01694915254237288 0.5042735042735043
4 0.0013398999999999772 0 0 0.01694915254237288 0.5042735042735043
5 0.0013138000000000039 0 0 0.01694915254237288 0.5042735042735043
6 0.001952200000000015 0 0 0.01694915254237288 0.5042735042735043
7 0.0012552000000000119 0 0 0.01694915254237288 0.5042735042735043
8 0.0011569999999999914 0 0 0.01694915254237288 0.5042735042735043
9 0.0017056000000000016 0 0 0.01694915254237288 0.5042735042735043
10 0.001554799999999995 0 0 0.01694915254237288 0.5042735042735043
11 0.0013890000000000013 0 0 0.01694915254237288 0.5042735042735043
12 0.0021701999999999833 0 0 0.01694915254237288 0.5042735042735043
13 0.001691999999999999 0 0 0.01694915254237288 0.5042735042735043
14 0.0011798000000000086 0 0 0.01694915254237288 0.5042735042735043
15 0.0011374000000000106 0 0 0.01694915254237288 0.5042735042735043
16 0.0013353000000000115 0 0 0.01694915254237288 0.5042735042735043
17 0.0012725000000000097 0 0 0.01694915254237288 0.5042735042735043
18 0.0013766000000000056 0 0 0.01694915254237288 0.5042735042735043
19 0.0013436000000000003 0 0 0.01694915254237288 0.5042735042735043
20 0.0012174000000000074 0 0 0.01694915254237288 0.5042735042735043
21 0.0013480000000000159 0 0 0.01694915254237288 0.5042735042735043
22 0.001266199999999995 0 0 0.01694915254237288 0.5042735042735043
23 0.0014877999999999836 1 1 0.03389830508474576 0.5128205128205128
24 0.0011894999999999545 0 0 0.03389830508474576 0.5128205128205128
25 0.001910299999999976 1 0 0.05084745762711865 0.5128205128205128
26 0.0014336000000000348 0 0 0.05084745762711865 0.5128205128205128
27 0.0011102000000000056 0 0 0.05084745762711865 0.5128205128205128
28 0.0011377999999999666 0 0 0.05084745762711865 0.5128205128205128
29 0.0011637999999999926 0 0 0.05084745762711865 0.5128205128205128
30 0.0012960000000000194 0 0 0.05084745762711865 0.5128205128205128
31 0.0014978999999999965 0 0 0.05084745762711865 0.5128205128205128
32 0.0014649000000000467 0 0 0.05084745762711865 0.5128205128205128
33 0.001695900000000028 1 1 0.06779661016949153 0.5213675213675214
34 0.0023192999999999686 0 0 0.06779661016949153 0.5213675213675214
35 0.001305400000000012 0 0 0.06779661016949153 0.5213675213675214
36 0.0012056999999999762 0 0 0.06779661016949153 0.5213675213675214
37 0.001166300000000009 0 0 0.06779661016949153 0.5213675213675214
38 0.0011704000000000159 0 0 0.06779661016949153 0.5213675213675214
39 0.0015065000000000217 0 0 0.06779661016949153 0.5213675213675214
40 0.0014908000000000143 1 1 0.0847457627118644 0.5299145299145299
41 0.0015508999999999662 0 0 0.0847457627118644 0.5299145299145299
42 0.0012786000000000186 1 0 0.1016949152542373 0.5299145299145299
43 0.0012454000000000076 0 0 0.1016949152542373 0.5299145299145299
44 0.0015303999999999873 1 0 0.11864406779661017 0.5299145299145299
45 0.0012881000000000142 0 0 0.11864406779661017 0.5299145299145299
46 0.0012835999999999959 0 0 0.11864406779661017 0.5299145299145299
47 0.002556999999999976 0 1 0.11864406779661017 0.5384615384615384
48 0.0015734000000000026 0 0 0.11864406779661017 0.5384615384615384
49 0.0017411999999999983 0 0 0.11864406779661017 0.5384615384615384
50 0.0013999000000000095 0 0 0.11864406779661017 0.5384615384615384
51 0.0015403999999999973 0 1 0.11864406779661017 0.5470085470085471
52 0.0012680999999999942 0 0 0.11864406779661017 0.5470085470085471
53 0.001611399999999985 0 0 0.11864406779661017 0.5470085470085471
54 0.001699100000000009 0 0 0.11864406779661017 0.5470085470085471
55 0.0016550000000000176 1 0 0.13559322033898305 0.5470085470085471
56 0.0014252000000000153 0 0 0.13559322033898305 0.5470085470085471
57 0.0017988999999999922 0 0 0.13559322033898305 0.5470085470085471
58 0.001616699999999971 0 0 0.13559322033898305 0.5470085470085471
59 0.00142220000000004 0 0 0.13559322033898305 0.5470085470085471
60 0.002490099999999995 0 1 0.13559322033898305 0.5555555555555556
61 0.0013649000000000022 0 0 0.13559322033898305 0.5555555555555556
62 0.0012265000000000192 0 0 0.13559322033898305 0.5555555555555556
63 0.001306599999999991 0 0 0.13559322033898305 0.5555555555555556
64 0.0012072999999999667 0 0 0.13559322033898305 0.5555555555555556
65 0.0014976999999999907 0 0 0.13559322033898305 0.5555555555555556
66 0.0014736000000000193 0 0 0.13559322033898305 0.5555555555555556
67 0.0012887999999999789 0 0 0.13559322033898305 0.5555555555555556
68 0.0016480999999999857 0 0 0.13559322033898305 0.5555555555555556
69 0.001376299999999997 0 0 0.13559322033898305 0.5555555555555556
70 0.0013919000000000015 0 0 0.13559322033898305 0.5555555555555556
71 0.0012525999999999926 0 0 0.13559322033898305 0.5555555555555556
72 0.0013250000000000206 0 0 0.13559322033898305 0.5555555555555556
73 0.0017685000000000062 0 0 0.13559322033898305 0.5555555555555556
74 0.0016755999999999993 0 0 0.13559322033898305 0.5555555555555556
75 0.0018074000000000146 0 0 0.13559322033898305 0.5555555555555556
76 0.002373100000000017 0 1 0.13559322033898305 0.5641025641025641
77 0.0015708000000000388 0 0 0.13559322033898305 0.5641025641025641
78 0.001492300000000002 0 0 0.13559322033898305 0.5641025641025641
79 0.0013856000000000424 0 0 0.13559322033898305 0.5641025641025641
80 0.0022878000000000065 1 0 0.15254237288135594 0.5641025641025641
81 0.0013396999999999992 0 0 0.15254237288135594 0.5641025641025641
82 0.0011825000000000307 0 0 0.15254237288135594 0.5641025641025641
83 0.001339900000000005 0 0 0.15254237288135594 0.5641025641025641
84 0.001410599999999984 0 0 0.15254237288135594 0.5641025641025641
85 0.0014776000000000233 0 0 0.15254237288135594 0.5641025641025641
86 0.0012522000000000366 0 0 0.15254237288135594 0.5641025641025641
87 0.0014531999999999878 0 0 0.15254237288135594 0.5641025641025641
88 0.001424599999999998 1 1 0.1694915254237288 0.5726495726495726
89 0.001935100000000023 0 0 0.1694915254237288 0.5726495726495726
90 0.0018175999999999748 0 0 0.1694915254237288 0.5726495726495726
91 0.0012434000000000056 0 0 0.1694915254237288 0.5726495726495726
92 0.0013016999999999612 0 0 0.1694915254237288 0.5726495726495726
93 0.0015584000000000153 0 0 0.1694915254237288 0.5726495726495726
94 0.0012712999999999752 0 0 0.1694915254237288 0.5726495726495726
95 0.0012222000000000066 0 0 0.1694915254237288 0.5726495726495726
96 0.0018610000000000015 0 0 0.1694915254237288 0.5726495726495726
97 0.0013299999999999979 0 0 0.1694915254237288 0.5726495726495726
98 0.0015640000000000098 0 0 0.1694915254237288 0.5726495726495726
99 0.001511499999999999 0 0 0.1694915254237288 0.5726495726495726
100 0.0013263000000000025 1 0 0.1864406779661017 0.5726495726495726
101 0.0024252000000000162 0 0 0.1864406779661017 0.5726495726495726
102 0.0012215999999999894 0 0 0.1864406779661017 0.5726495726495726
103 0.0012080999999999897 0 0 0.1864406779661017 0.5726495726495726
104 0.0017788000000000248 0 0 0.1864406779661017 0.5726495726495726
105 0.00241830000000004 0 0 0.1864406779661017 0.5726495726495726
106 0.0014900999999999942 0 0 0.1864406779661017 0.5726495726495726
107 0.001318999999999959 0 0 0.1864406779661017 0.5726495726495726
108 0.002301799999999965 1 0 0.2033898305084746 0.5726495726495726
109 0.0012613000000000207 0 0 0.2033898305084746 0.5726495726495726
110 0.0012828000000000284 0 0 0.2033898305084746 0.5726495726495726
111 0.0012891999999999904 0 0 0.2033898305084746 0.5726495726495726
112 0.0014044999999999752 0 0 0.2033898305084746 0.5726495726495726
113 0.0014089999999999936 0 0 0.2033898305084746 0.5726495726495726
114 0.0013605999999999896 1 0 0.22033898305084745 0.5726495726495726
115 0.0012120999999999937 0 0 0.22033898305084745 0.5726495726495726
116 0.001820199999999994 0 0 0.22033898305084745 0.5726495726495726
117 0.0016152999999999862 0 0 0.22033898305084745 0.5726495726495726
118 0.0013961999999999586 0 1 0.22033898305084745 0.5811965811965812
119 0.0013354999999999895 0 0 0.22033898305084745 0.5811965811965812
120 0.00132270000000001 0 1 0.22033898305084745 0.5897435897435898
121 0.002507399999999993 0 0 0.22033898305084745 0.5897435897435898
122 0.0012892999999999932 0 0 0.22033898305084745 0.5897435897435898
123 0.0013259000000000465 0 0 0.22033898305084745 0.5897435897435898
124 0.0016027000000000124 0 0 0.22033898305084745 0.5897435897435898
125 0.0016293000000000002 0 0 0.22033898305084745 0.5897435897435898
126 0.0015799999999999703 0 0 0.22033898305084745 0.5897435897435898
127 0.0023021999999999765 1 1 0.23728813559322035 0.5982905982905983
128 0.0012805000000000177 1 0 0.2542372881355932 0.5982905982905983
129 0.0013538999999999635 0 0 0.2542372881355932 0.5982905982905983
130 0.001245099999999999 0 0 0.2542372881355932 0.5982905982905983
131 0.0013371999999999828 0 0 0.2542372881355932 0.5982905982905983
132 0.0013740999999999892 0 0 0.2542372881355932 0.5982905982905983
133 0.0014365999999999546 0 0 0.2542372881355932 0.5982905982905983
134 0.001345099999999988 0 0 0.2542372881355932 0.5982905982905983
135 0.0016456000000000248 0 0 0.2542372881355932 0.5982905982905983
136 0.0017264999999999642 0 0 0.2542372881355932 0.5982905982905983
137 0.0013971999999999873 0 0 0.2542372881355932 0.5982905982905983
138 0.0013330000000000286 0 1 0.2542372881355932 0.6068376068376068
139 0.0012737999999999916 0 0 0.2542372881355932 0.6068376068376068
140 0.001567099999999988 0 0 0.2542372881355932 0.6068376068376068
141 0.0012525000000000452 0 0 0.2542372881355932 0.6068376068376068
142 0.0012900999999999607 0 0 0.2542372881355932 0.6068376068376068
143 0.0012767000000000195 0 0 0.2542372881355932 0.6068376068376068
144 0.0012472000000000039 0 0 0.2542372881355932 0.6068376068376068
145 0.0015525000000000122 1 0 0.2711864406779661 0.6068376068376068
146 0.0017106000000000066 0 0 0.2711864406779661 0.6068376068376068
147 0.001456299999999966 0 0 0.2711864406779661 0.6068376068376068
148 0.002141700000000024 0 0 0.2711864406779661 0.6068376068376068
149 0.0014137000000000177 0 0 0.2711864406779661 0.6068376068376068
150 0.001362299999999983 0 0 0.2711864406779661 0.6068376068376068
151 0.0014907000000000115 1 0 0.288135593220339 0.6068376068376068
152 0.001521400000000006 0 0 0.288135593220339 0.6068376068376068
153 0.0017326000000000286 0 0 0.288135593220339 0.6068376068376068
154 0.0015860999999999792 0 2 0.288135593220339 0.6239316239316239
155 0.001477000000000006 0 0 0.288135593220339 0.6239316239316239
156 0.0020284999999999886 0 0 0.288135593220339 0.6239316239316239
157 0.0013017000000000167 0 0 0.288135593220339 0.6239316239316239
158 0.0013333999999999846 0 0 0.288135593220339 0.6239316239316239
159 0.001334600000000019 0 0 0.288135593220339 0.6239316239316239
160 0.0013657999999999726 0 0 0.288135593220339 0.6239316239316239
161 0.0016390000000000016 0 0 0.288135593220339 0.6239316239316239
162 0.0015648000000000328 0 1 0.288135593220339 0.6324786324786325
163 0.0013391999999999848 0 0 0.288135593220339 0.6324786324786325
164 0.001825099999999913 0 0 0.288135593220339 0.6324786324786325
165 0.001953399999999994 0 0 0.288135593220339 0.6324786324786325
166 0.0017776000000000458 0 1 0.288135593220339 0.6410256410256411
167 0.0019401000000000002 0 0 0.288135593220339 0.6410256410256411
168 0.0013414000000000481 0 0 0.288135593220339 0.6410256410256411
169 0.001366199999999984 0 0 0.288135593220339 0.6410256410256411
170 0.0012676000000000354 0 0 0.288135593220339 0.6410256410256411
171 0.0013191999999999648 0 0 0.288135593220339 0.6410256410256411
172 0.001840300000000017 0 0 0.288135593220339 0.6410256410256411
173 0.0018928999999999752 0 0 0.288135593220339 0.6410256410256411
174 0.00148029999999999 0 0 0.288135593220339 0.6410256410256411
175 0.0014512999999999332 0 0 0.288135593220339 0.6410256410256411
176 0.001344600000000029 0 0 0.288135593220339 0.6410256410256411
177 0.0013514000000000026 0 0 0.288135593220339 0.6410256410256411
178 0.0013098000000000276 0 0 0.288135593220339 0.6410256410256411
179 0.0012601999999999336 0 0 0.288135593220339 0.6410256410256411
180 0.0014847999999999528 1 1 0.3050847457627119 0.6495726495726496
181 0.0014692000000000593 0 0 0.3050847457627119 0.6495726495726496
182 0.0013980000000000103 0 0 0.3050847457627119 0.6495726495726496
183 0.0014108999999999927 0 0 0.3050847457627119 0.6495726495726496
184 0.0013495000000000035 0 0 0.3050847457627119 0.6495726495726496
185 0.0014748999999999457 0 0 0.3050847457627119 0.6495726495726496
186 0.00146590000000002 0 0 0.3050847457627119 0.6495726495726496
187 0.001458699999999924 0 0 0.3050847457627119 0.6495726495726496
188 0.002034199999999986 0 0 0.3050847457627119 0.6495726495726496
189 0.0013912999999999842 0 0 0.3050847457627119 0.6495726495726496
190 0.0021748999999999796 1 0 0.3220338983050847 0.6495726495726496
191 0.0015732999999999997 0 0 0.3220338983050847 0.6495726495726496
192 0.0018902999999999004 0 0 0.3220338983050847 0.6495726495726496
193 0.0015697999999999546 0 0 0.3220338983050847 0.6495726495726496
194 0.0016450000000000076 0 0 0.3220338983050847 0.6495726495726496
195 0.0014807000000000015 0 0 0.3220338983050847 0.6495726495726496
196 0.0014157000000000197 0 0 0.3220338983050847 0.6495726495726496
197 0.001307499999999906 0 0 0.3220338983050847 0.6495726495726496
198 0.0013892999999999267 0 0 0.3220338983050847 0.6495726495726496
199 0.0016983999999999888 0 0 0.3220338983050847 0.6495726495726496
200 0.0016067999999999083 0 0 0.3220338983050847 0.6495726495726496
201 0.0022811999999999832 0 0 0.3220338983050847 0.6495726495726496
202 0.002150499999999944 0 0 0.3220338983050847 0.6495726495726496
203 0.0012760000000000549 0 0 0.3220338983050847 0.6495726495726496
204 0.0013828999999999647 0 0 0.3220338983050847 0.6495726495726496
205 0.00133709999999998 0 0 0.3220338983050847 0.6495726495726496
206 0.001378199999999996 0 0 0.3220338983050847 0.6495726495726496
207 0.00192060000000005 0 0 0.3220338983050847 0.6495726495726496
208 0.0014023000000000785 0 0 0.3220338983050847 0.6495726495726496
209 0.001313099999999956 0 0 0.3220338983050847 0.6495726495726496
210 0.0013819999999999943 1 0 0.3389830508474576 0.6495726495726496
211 0.0021449999999999525 0 0 0.3389830508474576 0.6495726495726496
212 0.0014849999999999586 0 0 0.3389830508474576 0.6495726495726496
213 0.0013298000000000476 0 0 0.3389830508474576 0.6495726495726496
214 0.0016245000000000287 0 0 0.3389830508474576 0.6495726495726496
215 0.0025256000000000167 0 0 0.3389830508474576 0.6495726495726496
216 0.0013182999999999945 1 1 0.3559322033898305 0.6581196581196581
217 0.0013927999999999718 0 0 0.3559322033898305 0.6581196581196581
218 0.002527799999999969 0 1 0.3559322033898305 0.6666666666666666
219 0.0016654999999999864 0 0 0.3559322033898305 0.6666666666666666
220 0.0014338000000000406 0 0 0.3559322033898305 0.6666666666666666
221 0.002065399999999995 0 0 0.3559322033898305 0.6666666666666666
222 0.0014404999999999557 0 0 0.3559322033898305 0.6666666666666666
223 0.001342999999999983 0 0 0.3559322033898305 0.6666666666666666
224 0.0014896999999999272 0 0 0.3559322033898305 0.6666666666666666
225 0.0015714000000000006 0 0 0.3559322033898305 0.6666666666666666
226 0.0016636999999999347 1 1 0.3728813559322034 0.6752136752136753
227 0.0013763999999999443 0 0 0.3728813559322034 0.6752136752136753
228 0.0014318999999999305 0 0 0.3728813559322034 0.6752136752136753
229 0.0017282000000000686 0 0 0.3728813559322034 0.6752136752136753
230 0.0015444000000000013 0 0 0.3728813559322034 0.6752136752136753
231 0.0014543999999999668 0 0 0.3728813559322034 0.6752136752136753
232 0.0013480000000000159 0 0 0.3728813559322034 0.6752136752136753
233 0.0021655999999999898 0 0 0.3728813559322034 0.6752136752136753
234 0.0014583000000000235 0 0 0.3728813559322034 0.6752136752136753
235 0.0013849000000000222 0 0 0.3728813559322034 0.6752136752136753
236 0.001611000000000029 0 0 0.3728813559322034 0.6752136752136753
237 0.0015964000000000533 0 0 0.3728813559322034 0.6752136752136753
238 0.0017532999999999577 0 0 0.3728813559322034 0.6752136752136753
239 0.0015039000000000025 0 0 0.3728813559322034 0.6752136752136753
240 0.0017629000000000117 0 0 0.3728813559322034 0.6752136752136753
241 0.0014161000000000312 0 0 0.3728813559322034 0.6752136752136753
242 0.0013847000000000165 0 0 0.3728813559322034 0.6752136752136753
243 0.0013689999999999536 0 0 0.3728813559322034 0.6752136752136753
244 0.0015194000000000596 0 0 0.3728813559322034 0.6752136752136753
245 0.001630699999999985 0 0 0.3728813559322034 0.6752136752136753
246 0.0017000999999999822 0 0 0.3728813559322034 0.6752136752136753
247 0.0014409999999999146 0 0 0.3728813559322034 0.6752136752136753
248 0.0022649999999999615 0 0 0.3728813559322034 0.6752136752136753
249 0.0013476000000000043 0 0 0.3728813559322034 0.6752136752136753
250 0.0013430999999999305 0 0 0.3728813559322034 0.6752136752136753
251 0.0013165000000000537 0 0 0.3728813559322034 0.6752136752136753
252 0.0017344000000000248 0 0 0.3728813559322034 0.6752136752136753
253 0.0015912000000000148 0 0 0.3728813559322034 0.6752136752136753
254 0.0014899999999999913 0 0 0.3728813559322034 0.6752136752136753
255 0.001583500000000071 0 0 0.3728813559322034 0.6752136752136753
256 0.0015952999999999662 0 0 0.3728813559322034 0.6752136752136753
257 0.001641899999999974 1 1 0.3898305084745763 0.6837606837606838
258 0.0013889000000000262 0 0 0.3898305084745763 0.6837606837606838
259 0.0016574999999999784 0 0 0.3898305084745763 0.6837606837606838
260 0.001661099999999971 0 0 0.3898305084745763 0.6837606837606838
261 0.0013908999999999727 0 1 0.3898305084745763 0.6923076923076923
262 0.0013983000000000745 0 0 0.3898305084745763 0.6923076923076923
263 0.0015025000000000732 0 0 0.3898305084745763 0.6923076923076923
264 0.0019237000000000837 1 0 0.4067796610169492 0.6923076923076923
265 0.0017561000000000382 0 0 0.4067796610169492 0.6923076923076923
266 0.0015426000000000606 0 0 0.4067796610169492 0.6923076923076923
267 0.0023364999999999636 0 0 0.4067796610169492 0.6923076923076923
268 0.0015252000000000043 1 0 0.423728813559322 0.6923076923076923
269 0.0016078999999999954 0 0 0.423728813559322 0.6923076923076923
270 0.001548299999999947 0 0 0.423728813559322 0.6923076923076923
271 0.0024684999999999846 0 0 0.423728813559322 0.6923076923076923
272 0.001882200000000056 0 1 0.423728813559322 0.7008547008547008
273 0.0023563999999999252 0 0 0.423728813559322 0.7008547008547008
274 0.0017396000000000633 0 0 0.423728813559322 0.7008547008547008
275 0.0014340999999999937 0 0 0.423728813559322 0.7008547008547008
276 0.0013782999999999435 0 0 0.423728813559322 0.7008547008547008
277 0.002290699999999979 0 0 0.423728813559322 0.7008547008547008
278 0.0014110999999999985 0 0 0.423728813559322 0.7008547008547008
279 0.0014412000000000313 0 0 0.423728813559322 0.7008547008547008
280 0.0020248000000000488 0 0 0.423728813559322 0.7008547008547008
281 0.001959800000000067 0 0 0.423728813559322 0.7008547008547008
282 0.0016547999999999563 0 0 0.423728813559322 0.7008547008547008
283 0.001648299999999936 1 1 0.4406779661016949 0.7094017094017094
284 0.0020004999999999606 0 0 0.4406779661016949 0.7094017094017094
285 0.0013992999999999922 1 0 0.4576271186440678 0.7094017094017094
286 0.0013121000000000382 0 0 0.4576271186440678 0.7094017094017094
287 0.0014393000000000322 0 0 0.4576271186440678 0.7094017094017094
288 0.0020065999999999695 0 0 0.4576271186440678 0.7094017094017094
289 0.0017385000000000872 0 0 0.4576271186440678 0.7094017094017094
290 0.0016441999999999846 0 0 0.4576271186440678 0.7094017094017094
291 0.001676600000000028 0 0 0.4576271186440678 0.7094017094017094
292 0.0017551999999999568 0 0 0.4576271186440678 0.7094017094017094
293 0.0025996999999999826 0 0 0.4576271186440678 0.7094017094017094
294 0.001779500000000045 1 1 0.4745762711864407 0.717948717948718
295 0.0020575999999999928 1 1 0.4915254237288136 0.7264957264957265
296 0.0015492999999999757 0 0 0.4915254237288136 0.7264957264957265
297 0.0021558999999999884 1 0 0.5084745762711864 0.7264957264957265
298 0.0016897000000000162 0 0 0.5084745762711864 0.7264957264957265
299 0.0014587999999999823 0 0 0.5084745762711864 0.7264957264957265
300 0.0015743000000000285 0 0 0.5084745762711864 0.7264957264957265
301 0.0022528000000000548 1 0 0.5254237288135594 0.7264957264957265
302 0.0015823000000000365 0 0 0.5254237288135594 0.7264957264957265
303 0.0019071999999999978 0 0 0.5254237288135594 0.7264957264957265
304 0.0039559999999999595 0 0 0.5254237288135594 0.7264957264957265
305 0.0023944000000000187 0 0 0.5254237288135594 0.7264957264957265
306 0.001778199999999952 0 0 0.5254237288135594 0.7264957264957265
307 0.0026834000000000024 0 0 0.5254237288135594 0.7264957264957265
308 0.0018977000000000022 0 0 0.5254237288135594 0.7264957264957265
309 0.0017073999999999145 0 1 0.5254237288135594 0.7350427350427351
310 0.0018114000000000186 0 0 0.5254237288135594 0.7350427350427351
311 0.0017516000000000753 0 0 0.5254237288135594 0.7350427350427351
312 0.001986700000000008 0 0 0.5254237288135594 0.7350427350427351
313 0.0024902999999999453 0 0 0.5254237288135594 0.7350427350427351
314 0.0019150999999999474 0 0 0.5254237288135594 0.7350427350427351
315 0.0021822999999999704 1 1 0.5423728813559322 0.7435897435897436
316 0.0015562000000000076 0 0 0.5423728813559322 0.7435897435897436
317 0.001443799999999995 0 0 0.5423728813559322 0.7435897435897436
318 0.0015422999999999965 0 0 0.5423728813559322 0.7435897435897436
319 0.0027221000000000606 0 0 0.5423728813559322 0.7435897435897436
320 0.0019141000000000297 0 0 0.5423728813559322 0.7435897435897436
321 0.0015328000000000008 0 0 0.5423728813559322 0.7435897435897436
322 0.00223019999999996 0 0 0.5423728813559322 0.7435897435897436
323 0.001586200000000093 0 1 0.5423728813559322 0.7521367521367521
324 0.0014992999999999812 0 0 0.5423728813559322 0.7521367521367521
325 0.0021088000000000218 0 0 0.5423728813559322 0.7521367521367521
326 0.0017690000000000206 0 0 0.5423728813559322 0.7521367521367521
327 0.0017477000000000187 0 0 0.5423728813559322 0.7521367521367521
328 0.0015618000000000576 1 1 0.559322033898305 0.7606837606837606
329 0.0024340999999999946 0 0 0.559322033898305 0.7606837606837606
330 0.0015107999999999233 0 0 0.559322033898305 0.7606837606837606
331 0.0015690000000000426 1 0 0.576271186440678 0.7606837606837606
332 0.0014753000000000682 0 0 0.576271186440678 0.7606837606837606
333 0.0016661000000000037 0 0 0.576271186440678 0.7606837606837606
334 0.0017165000000000097 0 0 0.576271186440678 0.7606837606837606
335 0.0014648999999999912 0 1 0.576271186440678 0.7692307692307693
336 0.0017380999999999647 0 0 0.576271186440678 0.7692307692307693
337 0.0016502999999999934 0 0 0.576271186440678 0.7692307692307693
338 0.0017240000000000588 0 0 0.576271186440678 0.7692307692307693
339 0.0014229000000000047 0 0 0.576271186440678 0.7692307692307693
340 0.001909899999999909 0 0 0.576271186440678 0.7692307692307693
341 0.001621099999999931 0 0 0.576271186440678 0.7692307692307693
342 0.0015369000000000632 0 0 0.576271186440678 0.7692307692307693
343 0.0015297999999999146 1 0 0.5932203389830508 0.7692307692307693
344 0.0017810000000000326 0 0 0.5932203389830508 0.7692307692307693
345 0.002198999999999951 0 0 0.5932203389830508 0.7692307692307693
346 0.0017881000000000702 0 0 0.5932203389830508 0.7692307692307693
347 0.002342999999999984 0 0 0.5932203389830508 0.7692307692307693
348 0.0015486999999999584 0 0 0.5932203389830508 0.7692307692307693
349 0.0014294999999999725 0 0 0.5932203389830508 0.7692307692307693
350 0.0016439000000000314 0 0 0.5932203389830508 0.7692307692307693
351 0.0016720000000000068 0 0 0.5932203389830508 0.7692307692307693
352 0.0017985999999999835 0 0 0.5932203389830508 0.7692307692307693
353 0.0015886999999999984 0 1 0.5932203389830508 0.7777777777777778
354 0.0015633999999999926 0 0 0.5932203389830508 0.7777777777777778
355 0.0017084000000000543 0 0 0.5932203389830508 0.7777777777777778
356 0.0015247000000000455 0 0 0.5932203389830508 0.7777777777777778
357 0.0014776000000000789 0 0 0.5932203389830508 0.7777777777777778
358 0.0015536999999999912 0 1 0.5932203389830508 0.7863247863247863
359 0.0028175999999999757 0 0 0.5932203389830508 0.7863247863247863
360 0.0014630999999999394 0 0 0.5932203389830508 0.7863247863247863
361 0.00174109999999994 0 0 0.5932203389830508 0.7863247863247863
362 0.002804299999999982 0 0 0.5932203389830508 0.7863247863247863
363 0.0017057999999999796 0 0 0.5932203389830508 0.7863247863247863
364 0.0022495000000000154 1 1 0.6101694915254238 0.7948717948717948
365 0.0016144000000000158 0 0 0.6101694915254238 0.7948717948717948
366 0.0015936999999999202 0 0 0.6101694915254238 0.7948717948717948
367 0.0014921999999999436 0 0 0.6101694915254238 0.7948717948717948
368 0.0016772999999999927 0 0 0.6101694915254238 0.7948717948717948
369 0.0018574999999999564 0 0 0.6101694915254238 0.7948717948717948
370 0.0017235999999999363 0 0 0.6101694915254238 0.7948717948717948
371 0.002489400000000086 0 0 0.6101694915254238 0.7948717948717948
372 0.001462999999999992 0 0 0.6101694915254238 0.7948717948717948
373 0.0014421000000000017 0 0 0.6101694915254238 0.7948717948717948
374 0.0017182999999999504 1 0 0.6271186440677966 0.7948717948717948
375 0.0018086999999999964 0 0 0.6271186440677966 0.7948717948717948
376 0.0017245000000000177 0 0 0.6271186440677966 0.7948717948717948
377 0.0015262999999999805 1 1 0.6440677966101694 0.8034188034188035
378 0.0024239999999999817 0 1 0.6440677966101694 0.811965811965812
379 0.0014887999999999568 0 0 0.6440677966101694 0.811965811965812
380 0.0014083999999999763 0 0 0.6440677966101694 0.811965811965812
381 0.0014979999999999993 0 0 0.6440677966101694 0.811965811965812
382 0.0021130000000000315 1 0 0.6610169491525424 0.811965811965812
383 0.0015920999999999852 0 0 0.6610169491525424 0.811965811965812
384 0.0014828999999999537 0 0 0.6610169491525424 0.811965811965812
385 0.00203450000000005 1 1 0.6779661016949152 0.8205128205128205
386 0.00196379999999996 0 0 0.6779661016949152 0.8205128205128205
387 0.0018863000000000074 1 0 0.6949152542372882 0.8205128205128205
388 0.0016084000000000653 0 0 0.6949152542372882 0.8205128205128205
389 0.0018561000000000272 0 0 0.6949152542372882 0.8205128205128205
390 0.0016766999999999754 0 0 0.6949152542372882 0.8205128205128205
391 0.002910699999999933 0 0 0.6949152542372882 0.8205128205128205
392 0.0019959000000000504 0 1 0.6949152542372882 0.8290598290598291
393 0.0019077000000000677 0 0 0.6949152542372882 0.8290598290598291
394 0.00161420000000001 0 0 0.6949152542372882 0.8290598290598291
395 0.0015736000000000638 0 0 0.6949152542372882 0.8290598290598291
396 0.0026094999999999313 0 0 0.6949152542372882 0.8290598290598291
397 0.001578999999999997 0 0 0.6949152542372882 0.8290598290598291
398 0.0017504000000000408 0 0 0.6949152542372882 0.8290598290598291
399 0.001955299999999993 0 0 0.6949152542372882 0.8290598290598291
400 0.0021295999999999538 0 0 0.6949152542372882 0.8290598290598291
401 0.0019764000000001003 0 0 0.6949152542372882 0.8290598290598291
402 0.0019255000000000244 1 1 0.711864406779661 0.8376068376068376
403 0.0018363999999999603 0 0 0.711864406779661 0.8376068376068376
404 0.0016277000000000097 0 1 0.711864406779661 0.8461538461538461
405 0.0028679999999999817 0 0 0.711864406779661 0.8461538461538461
406 0.0015996000000000343 0 0 0.711864406779661 0.8461538461538461
407 0.0017975999999999548 0 0 0.711864406779661 0.8461538461538461
408 0.0021984000000000448 0 0 0.711864406779661 0.8461538461538461
409 0.0017289999999999806 0 0 0.711864406779661 0.8461538461538461
410 0.0017736999999999892 0 0 0.711864406779661 0.8461538461538461
411 0.002541899999999986 0 0 0.711864406779661 0.8461538461538461
412 0.0016057999999999906 0 0 0.711864406779661 0.8461538461538461
413 0.001490699999999956 0 0 0.711864406779661 0.8461538461538461
414 0.001651000000000069 0 0 0.711864406779661 0.8461538461538461
415 0.001752599999999993 0 0 0.711864406779661 0.8461538461538461
416 0.0016449000000000602 0 0 0.711864406779661 0.8461538461538461
417 0.0015475999999999823 0 0 0.711864406779661 0.8461538461538461
418 0.0016559000000000434 0 0 0.711864406779661 0.8461538461538461
419 0.0018208000000001778 0 0 0.711864406779661 0.8461538461538461
420 0.001618200000000014 0 0 0.711864406779661 0.8461538461538461
421 0.0020956999999999226 0 0 0.711864406779661 0.8461538461538461
422 0.001867500000000133 0 0 0.711864406779661 0.8461538461538461
423 0.001560599999999912 0 0 0.711864406779661 0.8461538461538461
424 0.0015330000000000066 0 0 0.711864406779661 0.8461538461538461
425 0.0025815000000000143 1 1 0.7288135593220338 0.8547008547008547
426 0.0018879000000000534 0 0 0.7288135593220338 0.8547008547008547
427 0.001669900000000002 0 0 0.7288135593220338 0.8547008547008547
428 0.0020134999999998904 0 0 0.7288135593220338 0.8547008547008547
429 0.0018415000000000514 1 0 0.7457627118644068 0.8547008547008547
430 0.0016178000000000026 0 0 0.7457627118644068 0.8547008547008547
431 0.0017335999999998908 0 0 0.7457627118644068 0.8547008547008547
432 0.0021892000000001133 0 0 0.7457627118644068 0.8547008547008547
433 0.0017004000000000463 0 0 0.7457627118644068 0.8547008547008547
434 0.0016860999999999127 0 0 0.7457627118644068 0.8547008547008547
435 0.0016217000000000592 0 0 0.7457627118644068 0.8547008547008547
436 0.0018560999999999162 0 0 0.7457627118644068 0.8547008547008547
437 0.0016237000000001167 0 0 0.7457627118644068 0.8547008547008547
438 0.0025614999999998833 0 0 0.7457627118644068 0.8547008547008547
439 0.0020944000000000518 1 0 0.7627118644067796 0.8547008547008547
440 0.001917900000000028 0 0 0.7627118644067796 0.8547008547008547
441 0.00273879999999993 1 0 0.7796610169491526 0.8547008547008547
442 0.001791499999999946 0 0 0.7796610169491526 0.8547008547008547
443 0.001646999999999954 0 0 0.7796610169491526 0.8547008547008547
444 0.0019490999999998149 0 0 0.7796610169491526 0.8547008547008547
445 0.002889900000000001 0 0 0.7796610169491526 0.8547008547008547
446 0.002063799999999949 0 0 0.7796610169491526 0.8547008547008547
447 0.0020085000000000797 0 1 0.7796610169491526 0.8632478632478633
448 0.001933100000000021 0 0 0.7796610169491526 0.8632478632478633
449 0.001833100000000032 1 0 0.7966101694915254 0.8632478632478633
450 0.002614799999999917 0 0 0.7966101694915254 0.8632478632478633
451 0.0016833999999998905 0 0 0.7966101694915254 0.8632478632478633
452 0.0016182999999998504 0 0 0.7966101694915254 0.8632478632478633
453 0.002178199999999908 0 0 0.7966101694915254 0.8632478632478633
454 0.001999499999999932 0 0 0.7966101694915254 0.8632478632478633
455 0.0016101000000001697 0 0 0.7966101694915254 0.8632478632478633
456 0.0015844999999998777 1 1 0.8135593220338984 0.8717948717948718
457 0.0021311999999999998 1 1 0.8305084745762712 0.8803418803418803
458 0.001693900000000026 1 1 0.847457627118644 0.8888888888888888
459 0.001598700000000175 0 1 0.847457627118644 0.8974358974358975
460 0.0025975999999998667 0 0 0.847457627118644 0.8974358974358975
461 0.0016252999999999407 0 0 0.847457627118644 0.8974358974358975
462 0.0019991000000001424 0 0 0.847457627118644 0.8974358974358975
463 0.001974700000000107 0 0 0.847457627118644 0.8974358974358975
464 0.002341999999999844 0 0 0.847457627118644 0.8974358974358975
465 0.0017540000000000333 0 0 0.847457627118644 0.8974358974358975
466 0.002640599999999882 0 0 0.847457627118644 0.8974358974358975
467 0.001633100000000054 0 0 0.847457627118644 0.8974358974358975
468 0.0015011999999998693 0 0 0.847457627118644 0.8974358974358975
469 0.0016045000000000087 0 0 0.847457627118644 0.8974358974358975
470 0.0018242000000001646 0 0 0.847457627118644 0.8974358974358975
471 0.0017544000000000448 0 0 0.847457627118644 0.8974358974358975
472 0.0016616000000000408 0 1 0.847457627118644 0.905982905982906
473 0.002207200000000187 0 0 0.847457627118644 0.905982905982906
474 0.0016610000000001346 0 0 0.847457627118644 0.905982905982906
475 0.001552299999999951 0 0 0.847457627118644 0.905982905982906
476 0.0017177999999999916 0 0 0.847457627118644 0.905982905982906
477 0.0022825999999998015 0 0 0.847457627118644 0.905982905982906
478 0.001630699999999985 0 0 0.847457627118644 0.905982905982906
479 0.0016762000000001276 0 0 0.847457627118644 0.905982905982906
480 0.002817900000000151 1 0 0.864406779661017 0.905982905982906
481 0.0020753999999998385 0 0 0.864406779661017 0.905982905982906
482 0.0016144000000000158 0 1 0.864406779661017 0.9145299145299145
483 0.003940300000000008 0 0 0.864406779661017 0.9145299145299145
484 0.002780600000000133 0 0 0.864406779661017 0.9145299145299145
485 0.002559299999999931 1 1 0.8813559322033898 0.9230769230769231
486 0.001824300000000001 0 0 0.8813559322033898 0.9230769230769231
487 0.002938200000000002 0 1 0.8813559322033898 0.9316239316239316
488 0.0016081999999999486 0 0 0.8813559322033898 0.9316239316239316
489 0.0017063999999999968 0 0 0.8813559322033898 0.9316239316239316
490 0.0019398999999999944 0 0 0.8813559322033898 0.9316239316239316
491 0.0019645000000001467 0 0 0.8813559322033898 0.9316239316239316
492 0.0017599999999999838 0 0 0.8813559322033898 0.9316239316239316
493 0.0018834000000000906 0 0 0.8813559322033898 0.9316239316239316
494 0.001902199999999965 0 0 0.8813559322033898 0.9316239316239316
495 0.0018226000000001186 0 0 0.8813559322033898 0.9316239316239316
496 0.0016216000000000008 0 0 0.8813559322033898 0.9316239316239316
497 0.0022548000000000012 0 0 0.8813559322033898 0.9316239316239316
498 0.0019259999999998723 0 0 0.8813559322033898 0.9316239316239316
499 0.001982400000000162 0 0 0.8813559322033898 0.9316239316239316
500 0.0021212000000001563 0 0 0.8813559322033898 0.9316239316239316
501 0.0018914000000000986 0 0 0.8813559322033898 0.9316239316239316
502 0.002390499999999962 0 0 0.8813559322033898 0.9316239316239316
503 0.002917700000000023 0 0 0.8813559322033898 0.9316239316239316
504 0.0016020000000001033 0 0 0.8813559322033898 0.9316239316239316
505 0.0015403999999998863 0 0 0.8813559322033898 0.9316239316239316
506 0.0023820999999999426 1 1 0.8983050847457628 0.9401709401709402
507 0.002030199999999871 0 0 0.8983050847457628 0.9401709401709402
508 0.0017781000000001157 0 0 0.8983050847457628 0.9401709401709402
509 0.001682200000000078 0 0 0.8983050847457628 0.9401709401709402
510 0.001861400000000124 0 0 0.8983050847457628 0.9401709401709402
511 0.0017613000000000767 0 0 0.8983050847457628 0.9401709401709402
512 0.0017785999999999635 0 0 0.8983050847457628 0.9401709401709402
513 0.002452600000000027 0 0 0.8983050847457628 0.9401709401709402
514 0.002215499999999926 0 0 0.8983050847457628 0.9401709401709402
515 0.002127800000000013 0 1 0.8983050847457628 0.9487179487179487
516 0.0019991000000001424 0 0 0.8983050847457628 0.9487179487179487
517 0.001761899999999983 0 0 0.8983050847457628 0.9487179487179487
518 0.002562699999999918 0 0 0.8983050847457628 0.9487179487179487
519 0.001762200000000158 0 0 0.8983050847457628 0.9487179487179487
520 0.0016617000000000992 0 0 0.8983050847457628 0.9487179487179487
521 0.0019073000000000562 0 0 0.8983050847457628 0.9487179487179487
522 0.0020778000000001295 0 0 0.8983050847457628 0.9487179487179487
523 0.002069099999999935 0 0 0.8983050847457628 0.9487179487179487
524 0.0016865999999999826 0 0 0.8983050847457628 0.9487179487179487
525 0.0026440000000000907 0 0 0.8983050847457628 0.9487179487179487
526 0.001707500000000195 0 0 0.8983050847457628 0.9487179487179487
527 0.00186670000000011 0 0 0.8983050847457628 0.9487179487179487
528 0.0017911999999999928 0 0 0.8983050847457628 0.9487179487179487
529 0.0017639999999998768 0 0 0.8983050847457628 0.9487179487179487
530 0.001714199999999888 0 0 0.8983050847457628 0.9487179487179487
531 0.002206699999999895 0 0 0.8983050847457628 0.9487179487179487
532 0.001742200000000027 0 0 0.8983050847457628 0.9487179487179487
533 0.0016252999999999407 0 0 0.8983050847457628 0.9487179487179487
534 0.002518699999999985 0 0 0.8983050847457628 0.9487179487179487
535 0.001729099999999928 0 0 0.8983050847457628 0.9487179487179487
536 0.001638999999999946 0 0 0.8983050847457628 0.9487179487179487
537 0.0019915999999999823 0 0 0.8983050847457628 0.9487179487179487
538 0.00236219999999987 0 0 0.8983050847457628 0.9487179487179487
539 0.0019336999999999271 0 0 0.8983050847457628 0.9487179487179487
540 0.0023775999999999797 1 0 0.9152542372881356 0.9487179487179487
541 0.0016419999999999213 0 0 0.9152542372881356 0.9487179487179487
542 0.0017331999999998793 0 0 0.9152542372881356 0.9487179487179487
543 0.001818199999999992 0 0 0.9152542372881356 0.9487179487179487
544 0.0018264999999999532 0 0 0.9152542372881356 0.9487179487179487
545 0.0016512000000001859 1 1 0.9322033898305084 0.9572649572649573
546 0.0016359999999999708 0 0 0.9322033898305084 0.9572649572649573
547 0.001908600000000149 0 0 0.9322033898305084 0.9572649572649573
548 0.00176860000000012 0 0 0.9322033898305084 0.9572649572649573
549 0.0017279999999999518 0 0 0.9322033898305084 0.9572649572649573
550 0.0026469000000000076 0 0 0.9322033898305084 0.9572649572649573
551 0.001773400000000036 0 0 0.9322033898305084 0.9572649572649573
552 0.0016268999999999867 0 0 0.9322033898305084 0.9572649572649573
553 0.002731499999999887 0 0 0.9322033898305084 0.9572649572649573
554 0.0020482000000001666 0 0 0.9322033898305084 0.9572649572649573
555 0.001848599999999978 0 0 0.9322033898305084 0.9572649572649573
556 0.0021301000000000236 0 0 0.9322033898305084 0.9572649572649573
557 0.0016927999999998278 0 0 0.9322033898305084 0.9572649572649573
558 0.001665400000000039 0 1 0.9322033898305084 0.9658119658119658
559 0.0021028000000000713 1 1 0.9491525423728814 0.9743589743589743
560 0.002460600000000035 0 0 0.9491525423728814 0.9743589743589743
561 0.0019279000000000934 0 0 0.9491525423728814 0.9743589743589743
562 0.0017328999999999262 0 0 0.9491525423728814 0.9743589743589743
563 0.0018149999999999 0 0 0.9491525423728814 0.9743589743589743
564 0.0017559000000000324 0 0 0.9491525423728814 0.9743589743589743
565 0.001672300000000071 0 0 0.9491525423728814 0.9743589743589743
566 0.002049100000000026 0 0 0.9491525423728814 0.9743589743589743
567 0.0022943999999998077 0 0 0.9491525423728814 0.9743589743589743
568 0.00172059999999985 0 0 0.9491525423728814 0.9743589743589743
569 0.0017525000000000457 0 0 0.9491525423728814 0.9743589743589743
570 0.0020392000000000188 0 0 0.9491525423728814 0.9743589743589743
571 0.0017077000000000897 0 0 0.9491525423728814 0.9743589743589743
572 0.0015609000000000872 0 0 0.9491525423728814 0.9743589743589743
573 0.0028694999999998583 0 0 0.9491525423728814 0.9743589743589743
574 0.0019846999999999504 0 0 0.9491525423728814 0.9743589743589743
575 0.0022446999999998773 0 0 0.9491525423728814 0.9743589743589743
576 0.0021872000000000558 1 0 0.9661016949152542 0.9743589743589743
577 0.0018536000000000108 0 0 0.9661016949152542 0.9743589743589743
578 0.001853099999999941 0 0 0.9661016949152542 0.9743589743589743
579 0.0018304000000000098 0 0 0.9661016949152542 0.9743589743589743
580 0.001641400000000015 0 0 0.9661016949152542 0.9743589743589743
581 0.0017713999999999785 0 0 0.9661016949152542 0.9743589743589743
582 0.002059299999999986 0 0 0.9661016949152542 0.9743589743589743
583 0.0018607000000001594 0 0 0.9661016949152542 0.9743589743589743
584 0.001668299999999956 0 0 0.9661016949152542 0.9743589743589743
585 0.0023591999999998947 0 0 0.9661016949152542 0.9743589743589743
586 0.002390699999999857 1 1 0.9830508474576272 0.9829059829059829
587 0.001696300000000095 0 0 0.9830508474576272 0.9829059829059829
588 0.002842200000000128 1 0 1.0 0.9829059829059829
589 0.001765400000000028 0 0 1.0 0.9829059829059829
590 0.00172910000000015 0 0 1.0 0.9829059829059829
591 0.002365100000000009 0 0 1.0 0.9829059829059829
592 0.002023299999999839 0 0 1.0 0.9829059829059829
593 0.00169980000000014 0 0 1.0 0.9829059829059829
594 0.0026540999999999926 0 0 1.0 0.9829059829059829
595 0.0017008000000000578 0 0 1.0 0.9829059829059829
596 0.0016769000000000922 0 0 1.0 0.9829059829059829
597 0.002532600000000107 0 0 1.0 0.9829059829059829
598 0.002049699999999932 0 0 1.0 0.9829059829059829
599 0.0017759999999999998 0 1 1.0 0.9914529914529915
600 0.0019181000000001447 0 0 1.0 0.9914529914529915
601 0.001710199999999995 0 0 1.0 0.9914529914529915
602 0.0016699999999998383 0 0 1.0 0.9914529914529915
603 0.002417400000000125 0 0 1.0 0.9914529914529915
604 0.0023914000000000435 0 0 1.0 0.9914529914529915
605 0.001924599999999943 0 1 1.0 1.0
