70 1.0 0.9
1 0.0014583999999999986 1 0 0.014492753623188406 0.5036496350364964
2 0.00141440000000001 1 1 0.028985507246376812 0.5109489051094891
3 0.0014981000000000022 1 1 0.043478260869565216 0.5182481751824818
4 0.0020498999999999934 1 1 0.057971014492753624 0.5255474452554745
5 0.002293400000000001 1 1 0.07246376811594203 0.5328467153284672
6 0.0031537999999999844 1 1 0.08695652173913043 0.5401459854014599
7 0.001539899999999983 1 1 0.10144927536231885 0.5474452554744526
8 0.001610000000000028 1 1 0.11594202898550725 0.5547445255474452
9 0.00243779999999999 1 1 0.13043478260869565 0.5620437956204379
10 0.0020061000000000107 1 1 0.14492753623188406 0.5693430656934306
11 0.0022687000000000124 1 1 0.15942028985507245 0.5766423357664233
12 0.0017347999999999808 1 0 0.17391304347826086 0.5766423357664233
13 0.0019233000000000167 1 2 0.18840579710144928 0.5912408759124088
14 0.001732200000000017 1 1 0.2028985507246377 0.5985401459854015
15 0.002753300000000014 1 1 0.21739130434782608 0.6058394160583942
16 0.0017153000000000307 1 1 0.2318840579710145 0.6131386861313869
17 0.0017620000000000413 1 1 0.2463768115942029 0.6204379562043796
18 0.0019702999999999804 1 1 0.2608695652173913 0.6277372262773723
19 0.00292549999999997 1 1 0.2753623188405797 0.635036496350365
20 0.001951499999999995 1 1 0.2898550724637681 0.6423357664233577
21 0.0033591000000000037 1 1 0.30434782608695654 0.6496350364963503
22 0.0019160999999999762 1 1 0.3188405797101449 0.656934306569343
23 0.001848300000000025 1 1 0.3333333333333333 0.6642335766423357
24 0.002253700000000025 1 1 0.34782608695652173 0.6715328467153284
25 0.001963100000000051 1 0 0.36231884057971014 0.6715328467153284
26 0.0019599999999999618 1 1 0.37681159420289856 0.6788321167883211
27 0.00233899999999998 1 2 0.391304347826087 0.6934306569343066
28 0.0019489000000000312 1 1 0.4057971014492754 0.7007299270072993
29 0.0024221999999999855 1 0 0.42028985507246375 0.7007299270072993
30 0.0023726000000000025 1 2 0.43478260869565216 0.7153284671532847
31 0.002024999999999999 1 1 0.4492753623188406 0.7226277372262774
32 0.002170200000000011 1 1 0.463768115942029 0.7299270072992701
33 0.00259609999999999 1 1 0.4782608695652174 0.7372262773722628
34 0.002829999999999999 1 1 0.4927536231884058 0.7445255474452555
35 0.002896600000000027 1 1 0.5072463768115942 0.7518248175182481
36 0.002683800000000014 1 1 0.5217391304347826 0.7591240875912408
37 0.0030126999999999793 1 1 0.5362318840579711 0.7664233576642335
38 0.002444700000000022 1 1 0.5507246376811594 0.7737226277372263
39 0.0032958999999999627 1 1 0.5652173913043478 0.781021897810219
40 0.004405199999999998 1 1 0.5797101449275363 0.7883211678832117
41 0.004526699999999995 1 1 0.5942028985507246 0.7956204379562044
42 0.00299130000000003 1 1 0.6086956521739131 0.8029197080291971
43 0.002772899999999967 1 1 0.6231884057971014 0.8102189781021898
44 0.002629199999999998 1 1 0.6376811594202898 0.8175182481751825
45 0.0032061999999999924 1 1 0.6521739130434783 0.8248175182481752
46 0.0023138000000000325 1 1 0.6666666666666666 0.8321167883211679
47 0.00307940000000001 1 1 0.6811594202898551 0.8394160583941606
48 0.002721700000000049 1 1 0.6956521739130435 0.8467153284671532
49 0.003014899999999987 1 1 0.7101449275362319 0.8540145985401459
50 0.0023007999999999917 1 1 0.7246376811594203 0.8613138686131386
51 0.0022321000000000146 1 1 0.7391304347826086 0.8686131386861314
52 0.002903700000000009 1 1 0.7536231884057971 0.8759124087591241
53 0.002695100000000006 1 1 0.7681159420289855 0.8832116788321168
54 0.002436899999999964 1 1 0.782608695652174 0.8905109489051095
55 0.002933199999999969 1 1 0.7971014492753623 0.8978102189781022
56 0.0024775999999999687 1 1 0.8115942028985508 0.9051094890510949
57 0.0032130000000000214 1 1 0.8260869565217391 0.9124087591240876
58 0.0030822999999999823 1 1 0.8405797101449275 0.9197080291970803
59 0.0035915000000000252 1 1 0.855072463768116 0.927007299270073
60 0.002821499999999977 1 1 0.8695652173913043 0.9343065693430657
61 0.0026175999999999977 1 1 0.8840579710144928 0.9416058394160584
62 0.0025432000000000232 1 1 0.8985507246376812 0.948905109489051
63 0.0037767000000000217 1 1 0.9130434782608695 0.9562043795620438
64 0.0029438999999999993 1 0 0.927536231884058 0.9562043795620438
65 0.0029790000000000094 1 2 0.9420289855072463 0.9708029197080292
66 0.002679600000000004 1 1 0.9565217391304348 0.9781021897810219
67 0.0026903999999999817 1 1 0.9710144927536232 0.9854014598540146
68 0.003088499999999994 1 1 0.9855072463768116 0.9927007299270073
69 0.0027293000000000456 1 1 1.0 1.0
