70 0.5 1.0
1 0.0016651999999999778 1 0 0.014492753623188406 0.5036496350364964
2 0.001803399999999955 1 1 0.028985507246376812 0.5109489051094891
3 0.0014867000000000075 1 1 0.043478260869565216 0.5182481751824818
4 0.001484299999999994 1 1 0.057971014492753624 0.5255474452554745
5 0.001763799999999982 1 1 0.07246376811594203 0.5328467153284672
6 0.001699100000000009 1 1 0.08695652173913043 0.5401459854014599
7 0.001451099999999983 0 0 0.08695652173913043 0.5401459854014599
8 0.0018661000000000372 1 1 0.10144927536231885 0.5474452554744526
9 0.00211330000000004 1 1 0.11594202898550725 0.5547445255474452
10 0.0020797000000000176 0 0 0.11594202898550725 0.5547445255474452
11 0.0014916999999999847 1 1 0.13043478260869565 0.5620437956204379
12 0.003551699999999991 0 0 0.13043478260869565 0.5620437956204379
13 0.001669799999999999 1 1 0.14492753623188406 0.5693430656934306
14 0.0016749000000000347 0 0 0.14492753623188406 0.5693430656934306
15 0.001760700000000004 1 1 0.15942028985507245 0.5766423357664233
16 0.0017843000000000164 0 0 0.15942028985507245 0.5766423357664233
17 0.0019134000000000095 0 0 0.15942028985507245 0.5766423357664233
18 0.0035166999999999837 0 0 0.15942028985507245 0.5766423357664233
19 0.0015887999999999458 0 0 0.15942028985507245 0.5766423357664233
20 0.0022828999999999766 1 1 0.17391304347826086 0.583941605839416
21 0.001581900000000025 0 0 0.17391304347826086 0.583941605839416
22 0.0015474999999999794 1 1 0.18840579710144928 0.5912408759124088
23 0.001583000000000001 0 0 0.18840579710144928 0.5912408759124088
24 0.0015755000000000075 0 0 0.18840579710144928 0.5912408759124088
25 0.0023251999999999717 0 0 0.18840579710144928 0.5912408759124088
26 0.0017436000000000118 1 1 0.2028985507246377 0.5985401459854015
27 0.0023715999999999737 1 1 0.21739130434782608 0.6058394160583942
28 0.0035117000000000065 0 0 0.21739130434782608 0.6058394160583942
29 0.001734699999999978 1 1 0.2318840579710145 0.6131386861313869
30 0.0019275000000000264 0 0 0.2318840579710145 0.6131386861313869
31 0.0020042000000000115 1 1 0.2463768115942029 0.6204379562043796
32 0.0019695999999999603 0 0 0.2463768115942029 0.6204379562043796
33 0.0031083000000000083 1 1 0.2608695652173913 0.6277372262773723
34 0.0016049000000000202 1 1 0.2753623188405797 0.635036496350365
35 0.00179670000000004 1 1 0.2898550724637681 0.6423357664233577
36 0.0019474000000000435 1 1 0.30434782608695654 0.6496350364963503
37 0.0016839999999999633 1 1 0.3188405797101449 0.656934306569343
38 0.0018203999999999998 0 0 0.3188405797101449 0.656934306569343
39 0.0019163999999999848 1 1 0.3333333333333333 0.6642335766423357
40 0.0018544999999999812 0 0 0.3333333333333333 0.6642335766423357
41 0.0016392000000000073 0 0 0.3333333333333333 0.6642335766423357
42 0.0025496000000000407 0 0 0.3333333333333333 0.6642335766423357
43 0.001797900000000019 0 0 0.3333333333333333 0.6642335766423357
44 0.0015920999999999852 0 0 0.3333333333333333 0.6642335766423357
45 0.001794999999999991 0 0 0.3333333333333333 0.6642335766423357
46 0.0021950000000000025 1 1 0.34782608695652173 0.6715328467153284
47 0.0018572000000000033 1 1 0.36231884057971014 0.6788321167883211
48 0.0031477999999999784 0 0 0.36231884057971014 0.6788321167883211
49 0.0018759999999999888 1 1 0.37681159420289856 0.6861313868613139
50 0.0019192000000000098 1 1 0.391304347826087 0.6934306569343066
51 0.0022291999999999867 0 0 0.391304347826087 0.6934306569343066
52 0.0018528999999999907 1 1 0.4057971014492754 0.7007299270072993
53 0.002317899999999984 1 1 0.42028985507246375 0.708029197080292
54 0.0024026000000000325 1 1 0.43478260869565216 0.7153284671532847
55 0.0019953999999999805 1 1 0.4492753623188406 0.7226277372262774
56 0.0016694999999999904 0 0 0.4492753623188406 0.7226277372262774
57 0.0034202999999999872 0 0 0.4492753623188406 0.7226277372262774
58 0.0024100999999999706 0 0 0.4492753623188406 0.7226277372262774
59 0.002730900000000036 0 0 0.4492753623188406 0.7226277372262774
60 0.002436700000000014 0 0 0.4492753623188406 0.7226277372262774
61 0.002619199999999988 1 1 0.463768115942029 0.7299270072992701
62 0.002642699999999998 1 1 0.4782608695652174 0.7372262773722628
63 0.0017616999999999772 0 0 0.4782608695652174 0.7372262773722628
64 0.002236600000000033 0 0 0.4782608695652174 0.7372262773722628
65 0.0020556999999999936 0 0 0.4782608695652174 0.7372262773722628
66 0.0017822000000000116 1 1 0.4927536231884058 0.7445255474452555
67 0.003680600000000034 0 0 0.4927536231884058 0.7445255474452555
68 0.0018105999999999955 1 1 0.5072463768115942 0.7518248175182481
69 0.002088599999999996 0 0 0.5072463768115942 0.7518248175182481
70 0.0025653999999999955 1 1 0.5217391304347826 0.7591240875912408
71 0.001925900000000036 1 1 0.5362318840579711 0.7664233576642335
72 0.0034319999999999906 1 1 0.5507246376811594 0.7737226277372263
73 0.0019083999999999768 1 1 0.5652173913043478 0.781021897810219
74 0.0022374000000000005 0 0 0.5652173913043478 0.781021897810219
75 0.00233899999999998 0 0 0.5652173913043478 0.781021897810219
76 0.0017941000000000207 0 0 0.5652173913043478 0.781021897810219
77 0.001818199999999992 0 0 0.5652173913043478 0.781021897810219
78 0.0022295999999999982 1 1 0.5797101449275363 0.7883211678832117
79 0.0020560000000000023 0 0 0.5797101449275363 0.7883211678832117
80 0.0024718999999999713 0 0 0.5797101449275363 0.7883211678832117
81 0.0038365000000000204 0 0 0.5797101449275363 0.7883211678832117
82 0.002265900000000043 0 0 0.5797101449275363 0.7883211678832117
83 0.002282100000000009 0 0 0.5797101449275363 0.7883211678832117
84 0.0018704999999999972 1 1 0.5942028985507246 0.7956204379562044
85 0.001975400000000016 0 0 0.5942028985507246 0.7956204379562044
86 0.0022397999999999585 0 0 0.5942028985507246 0.7956204379562044
87 0.002018999999999993 0 0 0.5942028985507246 0.7956204379562044
88 0.0023205999999999505 0 0 0.5942028985507246 0.7956204379562044
89 0.002039800000000036 1 1 0.6086956521739131 0.8029197080291971
90 0.001987300000000025 1 1 0.6231884057971014 0.8102189781021898
91 0.0019247999999999488 1 1 0.6376811594202898 0.8175182481751825
92 0.0023941000000000656 0 0 0.6376811594202898 0.8175182481751825
93 0.0018594000000000666 0 0 0.6376811594202898 0.8175182481751825
94 0.003140400000000043 0 0 0.6376811594202898 0.8175182481751825
95 0.0021104000000000678 1 1 0.6521739130434783 0.8248175182481752
96 0.002617199999999986 0 0 0.6521739130434783 0.8248175182481752
97 0.003827899999999995 1 1 0.6666666666666666 0.8321167883211679
98 0.002188599999999985 0 0 0.6666666666666666 0.8321167883211679
99 0.0025065999999999145 1 1 0.6811594202898551 0.8394160583941606
100 0.0018728000000000078 0 0 0.6811594202898551 0.8394160583941606
101 0.002445900000000001 1 1 0.6956521739130435 0.8467153284671532
102 0.0021854999999999514 1 1 0.7101449275362319 0.8540145985401459
103 0.0021078999999999404 1 1 0.7246376811594203 0.8613138686131386
104 0.00220140000000002 0 0 0.7246376811594203 0.8613138686131386
105 0.002766500000000005 0 0 0.7246376811594203 0.8613138686131386
106 0.0025212999999999486 1 1 0.7391304347826086 0.8686131386861314
107 0.002980399999999994 0 0 0.7391304347826086 0.8686131386861314
108 0.0020855000000000734 0 0 0.7391304347826086 0.8686131386861314
109 0.0020215000000000094 0 0 0.7391304347826086 0.8686131386861314
110 0.002648399999999995 0 0 0.7391304347826086 0.8686131386861314
111 0.0021149000000000306 1 1 0.7536231884057971 0.8759124087591241
112 0.003017400000000059 0 0 0.7536231884057971 0.8759124087591241
113 0.0020949000000000106 1 1 0.7681159420289855 0.8832116788321168
114 0.0019631999999999428 1 1 0.782608695652174 0.8905109489051095
115 0.0030373000000000205 0 0 0.782608695652174 0.8905109489051095
116 0.0027303000000000743 0 0 0.782608695652174 0.8905109489051095
117 0.0022727999999999637 0 0 0.782608695652174 0.8905109489051095
118 0.0021940999999999766 0 0 0.782608695652174 0.8905109489051095
119 0.0023337999999999415 0 0 0.782608695652174 0.8905109489051095
120 0.0032057999999999254 1 1 0.7971014492753623 0.8978102189781022
121 0.002536899999999953 0 0 0.7971014492753623 0.8978102189781022
122 0.0029533000000000476 0 0 0.7971014492753623 0.8978102189781022
123 0.0027376000000000067 1 1 0.8115942028985508 0.9051094890510949
124 0.0033305999999999614 1 1 0.8260869565217391 0.9124087591240876
125 0.003013400000000055 0 0 0.8260869565217391 0.9124087591240876
126 0.0026452999999999616 1 1 0.8405797101449275 0.9197080291970803
127 0.003658300000000003 0 0 0.8405797101449275 0.9197080291970803
128 0.003863599999999967 0 0 0.8405797101449275 0.9197080291970803
129 0.0021719000000000044 1 1 0.855072463768116 0.927007299270073
130 0.0021609999999999685 0 0 0.855072463768116 0.927007299270073
131 0.0024359000000000464 1 1 0.8695652173913043 0.9343065693430657
132 0.002061399999999991 1 1 0.8840579710144928 0.9416058394160584
133 0.002861899999999973 1 1 0.8985507246376812 0.948905109489051
134 0.0023663999999999907 0 0 0.8985507246376812 0.948905109489051
135 0.0022655000000000314 0 0 0.8985507246376812 0.948905109489051
136 0.0027962000000000264 1 1 0.9130434782608695 0.9562043795620438
137 0.0020632000000000428 0 0 0.9130434782608695 0.9562043795620438
138 0.002602199999999999 0 0 0.9130434782608695 0.9562043795620438
139 0.00240970000000007 1 1 0.927536231884058 0.9635036496350365
140 0.002466999999999997 1 1 0.9420289855072463 0.9708029197080292
141 0.004604599999999959 1 1 0.9565217391304348 0.9781021897810219
142 0.00289740000000005 1 1 0.9710144927536232 0.9854014598540146
143 0.0027582999999999913 1 1 0.9855072463768116 0.9927007299270073
144 0.002585100000000007 0 0 0.9855072463768116 0.9927007299270073
145 0.0025184000000000317 0 0 0.9855072463768116 0.9927007299270073
146 0.00317450000000008 0 0 0.9855072463768116 0.9927007299270073
147 0.003723099999999979 1 1 1.0 1.0
