170 0.7 0.4
1 0.0034332999999999725 0 0 0.0 0.5014836795252225
2 0.00366240000000001 1 0 0.005917159763313609 0.5014836795252225
3 0.003787499999999999 0 0 0.005917159763313609 0.5014836795252225
4 0.00734410000000002 0 0 0.005917159763313609 0.5014836795252225
5 0.005595099999999964 0 0 0.005917159763313609 0.5014836795252225
6 0.0034160999999999775 1 0 0.011834319526627219 0.5014836795252225
7 0.0036711999999999856 1 0 0.01775147928994083 0.5014836795252225
8 0.003740399999999977 1 2 0.023668639053254437 0.5074183976261127
9 0.003495800000000049 1 0 0.029585798816568046 0.5074183976261127
10 0.003502100000000008 1 1 0.03550295857988166 0.5103857566765578
11 0.004296599999999984 1 2 0.04142011834319527 0.516320474777448
12 0.004165100000000033 0 0 0.04142011834319527 0.516320474777448
13 0.004015100000000049 0 0 0.04142011834319527 0.516320474777448
14 0.005359899999999973 0 0 0.04142011834319527 0.516320474777448
15 0.003634299999999979 1 0 0.047337278106508875 0.516320474777448
16 0.0034348999999999075 1 1 0.05325443786982249 0.5192878338278932
17 0.003441999999999945 1 1 0.05917159763313609 0.5222551928783383
18 0.003438500000000011 1 1 0.0650887573964497 0.5252225519287834
19 0.003891900000000059 0 1 0.0650887573964497 0.5281899109792285
20 0.0035360000000000946 1 1 0.07100591715976332 0.5311572700296736
21 0.003485700000000036 1 0 0.07692307692307693 0.5311572700296736
22 0.003514199999999912 0 0 0.07692307692307693 0.5311572700296736
23 0.0038757000000000374 1 0 0.08284023668639054 0.5311572700296736
24 0.0036381000000000885 1 1 0.08875739644970414 0.5341246290801187
25 0.0037384000000000306 1 1 0.09467455621301775 0.5370919881305638
26 0.003940999999999972 1 1 0.10059171597633136 0.5400593471810089
27 0.003580899999999998 0 2 0.10059171597633136 0.5459940652818991
28 0.003544900000000073 1 1 0.10650887573964497 0.5489614243323442
29 0.0035671999999999926 0 1 0.10650887573964497 0.5519287833827893
30 0.0035342999999999902 1 0 0.11242603550295859 0.5519287833827893
31 0.003555300000000039 1 0 0.11834319526627218 0.5519287833827893
32 0.0036310999999999982 1 0 0.1242603550295858 0.5519287833827893
33 0.0035409999999999053 1 1 0.1301775147928994 0.5548961424332344
34 0.0036194000000000504 1 3 0.13609467455621302 0.5637982195845698
35 0.0035743999999999776 0 0 0.13609467455621302 0.5637982195845698
36 0.0036061000000000565 1 1 0.14201183431952663 0.5667655786350149
37 0.003602499999999953 1 1 0.14792899408284024 0.56973293768546
38 0.003675800000000007 1 1 0.15384615384615385 0.5727002967359051
39 0.0035882000000000414 1 0 0.15976331360946747 0.5727002967359051
40 0.003609399999999985 1 0 0.16568047337278108 0.5727002967359051
41 0.0036589000000000205 1 1 0.17159763313609466 0.5756676557863502
42 0.004001900000000003 1 1 0.17751479289940827 0.5786350148367952
43 0.004000300000000068 1 2 0.1834319526627219 0.5845697329376854
44 0.004171600000000053 1 1 0.1893491124260355 0.5875370919881305
45 0.003688600000000042 1 1 0.1952662721893491 0.5905044510385756
46 0.003737400000000002 0 0 0.1952662721893491 0.5905044510385756
47 0.003807899999999975 1 1 0.20118343195266272 0.5934718100890207
48 0.0037034999999999707 1 1 0.20710059171597633 0.5964391691394659
49 0.003811800000000032 1 2 0.21301775147928995 0.6023738872403561
50 0.004234900000000041 1 0 0.21893491124260356 0.6023738872403561
51 0.0038456000000000046 1 1 0.22485207100591717 0.6053412462908012
52 0.003871000000000069 1 1 0.23076923076923078 0.6083086053412463
53 0.003809700000000027 0 1 0.23076923076923078 0.6112759643916914
54 0.004091399999999967 1 1 0.23668639053254437 0.6142433234421365
55 0.0038108999999999504 1 0 0.24260355029585798 0.6142433234421365
56 0.003926499999999944 0 2 0.24260355029585798 0.6201780415430267
57 0.0038223999999998926 1 0 0.2485207100591716 0.6201780415430267
58 0.0038367999999999736 1 1 0.25443786982248523 0.6231454005934718
59 0.0038504000000000316 0 0 0.25443786982248523 0.6231454005934718
60 0.004008600000000029 1 1 0.2603550295857988 0.6261127596439169
61 0.003834800000000027 1 1 0.26627218934911245 0.629080118694362
62 0.003863799999999973 1 0 0.27218934911242604 0.629080118694362
63 0.004326500000000122 1 1 0.2781065088757396 0.6320474777448071
64 0.00390199999999985 1 1 0.28402366863905326 0.6350148367952523
65 0.004027400000000014 1 1 0.28994082840236685 0.6379821958456974
66 0.0038810000000000233 1 1 0.2958579881656805 0.6409495548961425
67 0.003930899999999848 0 1 0.2958579881656805 0.6439169139465876
68 0.004335100000000036 1 0 0.30177514792899407 0.6439169139465876
69 0.004037000000000068 1 2 0.3076923076923077 0.6498516320474778
70 0.0039034000000000013 1 1 0.3136094674556213 0.6528189910979229
71 0.00589509999999982 1 0 0.31952662721893493 0.6528189910979229
72 0.005946900000000088 1 2 0.3254437869822485 0.658753709198813
73 0.00592119999999996 1 1 0.33136094674556216 0.6617210682492581
74 0.0044207999999998915 1 0 0.33727810650887574 0.6617210682492581
75 0.004168199999999844 1 0 0.3431952662721893 0.6617210682492581
76 0.00409029999999988 1 1 0.34911242603550297 0.6646884272997032
77 0.0040781000000000844 1 1 0.35502958579881655 0.6676557863501483
78 0.004099500000000145 1 1 0.3609467455621302 0.6706231454005934
79 0.004073900000000075 1 2 0.3668639053254438 0.6765578635014837
80 0.004277400000000098 1 1 0.3727810650887574 0.6795252225519288
81 0.004178900000000096 1 0 0.378698224852071 0.6795252225519288
82 0.004552499999999959 0 1 0.378698224852071 0.6824925816023739
83 0.004081800000000024 1 0 0.38461538461538464 0.6824925816023739
84 0.0041029000000001314 0 1 0.38461538461538464 0.685459940652819
85 0.004139400000000126 0 1 0.38461538461538464 0.6884272997032641
86 0.004258000000000095 1 1 0.3905325443786982 0.6913946587537092
87 0.004123599999999783 1 0 0.39644970414201186 0.6913946587537092
88 0.004262299999999941 0 0 0.39644970414201186 0.6913946587537092
89 0.004160900000000023 0 1 0.39644970414201186 0.6943620178041543
90 0.004228099999999957 0 0 0.39644970414201186 0.6943620178041543
91 0.004610199999999898 0 1 0.39644970414201186 0.6973293768545994
92 0.00469940000000002 1 0 0.40236686390532544 0.6973293768545994
93 0.004211100000000023 0 0 0.40236686390532544 0.6973293768545994
94 0.004611799999999944 0 0 0.40236686390532544 0.6973293768545994
95 0.004256400000000049 1 0 0.40828402366863903 0.6973293768545994
96 0.004358199999999979 1 2 0.41420118343195267 0.7032640949554896
97 0.004262500000000058 1 2 0.42011834319526625 0.7091988130563798
98 0.004221400000000042 1 0 0.4260355029585799 0.7091988130563798
99 0.006215300000000035 1 1 0.4319526627218935 0.712166172106825
100 0.0062109999999999665 1 1 0.4378698224852071 0.7151335311572701
101 0.005983300000000025 1 1 0.4437869822485207 0.7181008902077152
102 0.00634200000000007 1 1 0.44970414201183434 0.7210682492581603
103 0.0044775999999999705 1 1 0.4556213017751479 0.7240356083086054
104 0.0044368000000001295 0 0 0.4556213017751479 0.7240356083086054
105 0.004331700000000049 1 1 0.46153846153846156 0.7270029673590505
106 0.004316100000000045 1 1 0.46745562130177515 0.7299703264094956
107 0.004239300000000057 1 0 0.47337278106508873 0.7299703264094956
108 0.004545299999999974 1 0 0.47928994082840237 0.7299703264094956
109 0.004327100000000028 1 1 0.48520710059171596 0.7329376854599406
110 0.004311100000000012 0 1 0.48520710059171596 0.7359050445103857
111 0.0043760000000001575 1 2 0.4911242603550296 0.7418397626112759
112 0.0044456000000001605 0 0 0.4911242603550296 0.7418397626112759
113 0.004568099999999964 1 0 0.4970414201183432 0.7418397626112759
114 0.0043744000000001115 1 0 0.5029585798816568 0.7418397626112759
115 0.004388700000000023 1 1 0.5088757396449705 0.744807121661721
116 0.004455600000000004 1 0 0.514792899408284 0.744807121661721
117 0.006482700000000063 1 0 0.5207100591715976 0.744807121661721
118 0.006246600000000102 0 0 0.5207100591715976 0.744807121661721
119 0.004396200000000183 1 2 0.5266272189349113 0.7507418397626113
120 0.004460699999999873 1 3 0.5325443786982249 0.7596439169139466
121 0.004352700000000098 0 0 0.5325443786982249 0.7596439169139466
122 0.004338600000000081 0 1 0.5325443786982249 0.7626112759643917
123 0.00436930000000002 1 0 0.5384615384615384 0.7626112759643917
124 0.004896200000000128 1 1 0.5443786982248521 0.7655786350148368
125 0.004561000000000037 0 2 0.5443786982248521 0.771513353115727
126 0.0043592000000001185 1 0 0.5502958579881657 0.771513353115727
127 0.004618900000000092 0 0 0.5502958579881657 0.771513353115727
128 0.005006299999999797 1 1 0.5562130177514792 0.7744807121661721
129 0.004474300000000042 1 1 0.5621301775147929 0.7774480712166172
130 0.0045208000000001025 0 0 0.5621301775147929 0.7774480712166172
131 0.004850100000000079 1 0 0.5680473372781065 0.7774480712166172
132 0.00452600000000003 1 1 0.5739644970414202 0.7804154302670623
133 0.004975799999999975 0 0 0.5739644970414202 0.7804154302670623
134 0.006573899999999799 1 1 0.5798816568047337 0.7833827893175074
135 0.006648499999999835 0 0 0.5798816568047337 0.7833827893175074
136 0.006518900000000105 1 0 0.5857988165680473 0.7833827893175074
137 0.008226199999999961 1 0 0.591715976331361 0.7833827893175074
138 0.004596199999999939 1 3 0.5976331360946746 0.7922848664688428
139 0.004527500000000018 0 1 0.5976331360946746 0.7952522255192879
140 0.004736400000000085 1 1 0.6035502958579881 0.798219584569733
141 0.00463849999999999 1 0 0.6094674556213018 0.798219584569733
142 0.004635899999999804 1 1 0.6153846153846154 0.8011869436201781
143 0.004540100000000047 0 1 0.6153846153846154 0.8041543026706232
144 0.004524600000000101 1 1 0.621301775147929 0.8071216617210683
145 0.004536099999999932 0 0 0.621301775147929 0.8071216617210683
146 0.0046079999999999455 1 2 0.6272189349112426 0.8130563798219584
147 0.004631000000000052 1 0 0.6331360946745562 0.8130563798219584
148 0.004842599999999919 0 0 0.6331360946745562 0.8130563798219584
149 0.004615499999999884 0 0 0.6331360946745562 0.8130563798219584
150 0.004858599999999935 0 0 0.6331360946745562 0.8130563798219584
151 0.004710299999999945 1 0 0.6390532544378699 0.8130563798219584
152 0.004714200000000002 1 2 0.6449704142011834 0.8189910979228486
153 0.004882800000000076 1 0 0.650887573964497 0.8189910979228486
154 0.004659500000000039 0 0 0.650887573964497 0.8189910979228486
155 0.004550700000000019 1 0 0.6568047337278107 0.8189910979228486
156 0.004677299999999995 0 2 0.6568047337278107 0.8249258160237388
157 0.0047192000000000345 0 1 0.6568047337278107 0.827893175074184
158 0.0047696000000001515 1 1 0.6627218934911243 0.8308605341246291
159 0.0046591999999998635 0 0 0.6627218934911243 0.8308605341246291
160 0.00476119999999991 1 1 0.6686390532544378 0.8338278931750742
161 0.0046848000000001555 1 0 0.6745562130177515 0.8338278931750742
162 0.00483699999999998 0 0 0.6745562130177515 0.8338278931750742
163 0.004759500000000028 1 0 0.6804733727810651 0.8338278931750742
164 0.00494529999999993 1 0 0.6863905325443787 0.8338278931750742
165 0.004897900000000011 1 1 0.6923076923076923 0.8367952522255193
166 0.004790000000000072 1 1 0.6982248520710059 0.8397626112759644
167 0.004780200000000123 1 1 0.7041420118343196 0.8427299703264095
168 0.004874899999999904 1 2 0.7100591715976331 0.8486646884272997
169 0.004806800000000111 1 1 0.7159763313609467 0.8516320474777448
170 0.0047808000000000295 1 0 0.7218934911242604 0.8516320474777448
171 0.004820900000000128 0 2 0.7218934911242604 0.857566765578635
172 0.004823699999999986 1 0 0.727810650887574 0.857566765578635
173 0.004857499999999959 1 0 0.7337278106508875 0.857566765578635
174 0.004802299999999926 1 1 0.7396449704142012 0.8605341246290801
175 0.005533400000000022 1 1 0.7455621301775148 0.8635014836795252
176 0.00500070000000008 0 0 0.7455621301775148 0.8635014836795252
177 0.004818699999999954 1 2 0.7514792899408284 0.8694362017804155
178 0.004871300000000023 0 0 0.7514792899408284 0.8694362017804155
179 0.00483469999999997 0 1 0.7514792899408284 0.8724035608308606
180 0.004970999999999837 1 2 0.757396449704142 0.8783382789317508
181 0.004879399999999867 1 0 0.7633136094674556 0.8783382789317508
182 0.004804999999999948 0 0 0.7633136094674556 0.8783382789317508
183 0.007270600000000016 1 2 0.7692307692307693 0.884272997032641
184 0.00731639999999989 1 0 0.7751479289940828 0.884272997032641
185 0.007371499999999864 1 1 0.7810650887573964 0.887240356083086
186 0.005259400000000136 1 1 0.7869822485207101 0.8902077151335311
187 0.004858500000000099 0 0 0.7869822485207101 0.8902077151335311
188 0.005536200000000102 1 1 0.7928994082840237 0.8931750741839762
189 0.00489089999999992 1 2 0.7988165680473372 0.8991097922848664
190 0.004997300000000093 0 0 0.7988165680473372 0.8991097922848664
191 0.004951599999999834 1 1 0.8047337278106509 0.9020771513353115
192 0.005103599999999986 0 0 0.8047337278106509 0.9020771513353115
193 0.005223800000000001 1 0 0.8106508875739645 0.9020771513353115
194 0.0050784000000001495 1 1 0.8165680473372781 0.9050445103857567
195 0.0051234 0 1 0.8165680473372781 0.9080118694362018
196 0.005046300000000059 1 1 0.8224852071005917 0.9109792284866469
197 0.0050456000000000945 1 0 0.8284023668639053 0.9109792284866469
198 0.0050472000000001405 0 1 0.8284023668639053 0.913946587537092
199 0.005125100000000105 0 0 0.8284023668639053 0.913946587537092
200 0.005139800000000028 1 0 0.834319526627219 0.913946587537092
201 0.005999399999999877 1 0 0.8402366863905325 0.913946587537092
202 0.007535199999999964 1 2 0.8461538461538461 0.9198813056379822
203 0.005434500000000009 0 1 0.8461538461538461 0.9228486646884273
204 0.0055091000000000445 0 0 0.8461538461538461 0.9228486646884273
205 0.005480700000000116 0 0 0.8461538461538461 0.9228486646884273
206 0.005725599999999886 1 0 0.8520710059171598 0.9228486646884273
207 0.0053202999999999445 1 0 0.8579881656804734 0.9228486646884273
208 0.005491399999999924 1 2 0.863905325443787 0.9287833827893175
209 0.005810899999999952 0 1 0.863905325443787 0.9317507418397626
210 0.005596199999999829 0 0 0.863905325443787 0.9317507418397626
211 0.005497500000000155 0 0 0.863905325443787 0.9317507418397626
212 0.00579010000000002 1 0 0.8698224852071006 0.9317507418397626
213 0.0058355000000001045 1 0 0.8757396449704142 0.9317507418397626
214 0.005346599999999979 0 1 0.8757396449704142 0.9347181008902077
215 0.005480499999999999 1 1 0.8816568047337278 0.9376854599406528
216 0.0053387000000000295 1 1 0.8875739644970414 0.9406528189910979
217 0.005168999999999979 0 0 0.8875739644970414 0.9406528189910979
218 0.007774100000000006 1 0 0.893491124260355 0.9406528189910979
219 0.007552800000000026 1 1 0.8994082840236687 0.9436201780415431
220 0.007851199999999947 1 1 0.9053254437869822 0.9465875370919882
221 0.007245200000000063 1 0 0.9112426035502958 0.9465875370919882
222 0.007810799999999896 1 2 0.9171597633136095 0.9525222551928784
223 0.007737099999999941 0 0 0.9171597633136095 0.9525222551928784
224 0.007418999999999842 1 0 0.9230769230769231 0.9525222551928784
225 0.005283099999999985 0 2 0.9230769230769231 0.9584569732937686
226 0.005815899999999985 0 0 0.9230769230769231 0.9584569732937686
227 0.005196599999999885 1 1 0.9289940828402367 0.9614243323442137
228 0.005413700000000077 1 0 0.9349112426035503 0.9614243323442137
229 0.00522939999999994 1 1 0.9408284023668639 0.9643916913946587
230 0.005296499999999815 0 1 0.9408284023668639 0.9673590504451038
231 0.00520760000000009 1 0 0.9467455621301775 0.9673590504451038
232 0.0055019000000000595 0 1 0.9467455621301775 0.9703264094955489
233 0.0053058999999999745 1 1 0.9526627218934911 0.973293768545994
234 0.005344200000000132 0 1 0.9526627218934911 0.9762611275964391
235 0.005463600000000124 1 1 0.9585798816568047 0.9792284866468842
236 0.005315099999999795 0 0 0.9585798816568047 0.9792284866468842
237 0.005243300000000062 0 0 0.9585798816568047 0.9792284866468842
238 0.005270399999999897 1 1 0.9644970414201184 0.9821958456973294
239 0.007839300000000105 0 0 0.9644970414201184 0.9821958456973294
240 0.007717600000000102 1 0 0.9704142011834319 0.9821958456973294
241 0.005630199999999919 1 1 0.9763313609467456 0.9851632047477745
242 0.005476900000000118 1 1 0.9822485207100592 0.9881305637982196
243 0.0053635000000000765 0 0 0.9822485207100592 0.9881305637982196
244 0.005965599999999904 1 1 0.9881656804733728 0.9910979228486647
245 0.005725700000000167 1 1 0.9940828402366864 0.9940652818991098
246 0.0055063999999998 1 0 1.0 0.9940652818991098
247 0.007960499999999815 0 1 1.0 0.9970326409495549
248 0.007866100000000209 0 0 1.0 0.9970326409495549
249 0.0053827000000001846 0 0 1.0 0.9970326409495549
250 0.0054144000000002634 0 0 1.0 0.9970326409495549
251 0.005454400000000081 0 1 1.0 1.0
