10 0.3 1.0
1 0.0002753999999999812 0 0 0.0 0.5294117647058824
2 0.00021740000000000648 0 0 0.0 0.5294117647058824
3 0.00029800000000002047 0 0 0.0 0.5294117647058824
4 0.00039400000000000546 0 0 0.0 0.5294117647058824
5 0.0002746000000000137 0 0 0.0 0.5294117647058824
6 0.00027510000000000034 0 0 0.0 0.5294117647058824
7 0.00027640000000000997 0 0 0.0 0.5294117647058824
8 0.00023010000000001085 1 0 0.1111111111111111 0.5294117647058824
9 0.00022840000000001748 0 0 0.1111111111111111 0.5294117647058824
10 0.00023760000000000447 0 0 0.1111111111111111 0.5294117647058824
11 0.00027829999999998134 0 0 0.1111111111111111 0.5294117647058824
12 0.000654700000000008 0 0 0.1111111111111111 0.5294117647058824
13 0.00048680000000000945 1 1 0.2222222222222222 0.5882352941176471
14 0.0005976000000000037 0 0 0.2222222222222222 0.5882352941176471
15 0.0004886000000000057 1 1 0.3333333333333333 0.6470588235294118
16 0.0004707000000000183 0 0 0.3333333333333333 0.6470588235294118
17 0.0005379000000000078 0 0 0.3333333333333333 0.6470588235294118
18 0.0004947000000000146 0 0 0.3333333333333333 0.6470588235294118
19 0.0003782999999999981 0 0 0.3333333333333333 0.6470588235294118
20 0.00037809999999999233 0 0 0.3333333333333333 0.6470588235294118
21 0.00047479999999999745 1 1 0.4444444444444444 0.7058823529411765
22 0.000676099999999985 1 1 0.5555555555555556 0.7647058823529411
23 0.0005519999999999969 0 0 0.5555555555555556 0.7647058823529411
24 0.00032099999999998796 0 0 0.5555555555555556 0.7647058823529411
25 0.0004205999999999932 0 0 0.5555555555555556 0.7647058823529411
26 0.0008962999999999888 0 0 0.5555555555555556 0.7647058823529411
27 0.0009693000000000063 0 0 0.5555555555555556 0.7647058823529411
28 0.0005987999999999827 0 0 0.5555555555555556 0.7647058823529411
29 0.000715300000000002 0 0 0.5555555555555556 0.7647058823529411
30 0.0009911999999999976 1 1 0.6666666666666666 0.8235294117647058
31 0.0007236999999999938 1 1 0.7777777777777778 0.8823529411764706
32 0.0005981999999999932 1 1 0.8888888888888888 0.9411764705882353
33 0.0007396000000000069 1 1 1.0 1.0
