170 0.6 0.7
1 0.003404900000000044 0 0 0.0 0.5014836795252225
2 0.0036713999999999913 1 0 0.005917159763313609 0.5014836795252225
3 0.0036749000000000365 1 1 0.011834319526627219 0.5044510385756676
4 0.007372400000000001 1 1 0.01775147928994083 0.5074183976261127
5 0.005617900000000009 1 1 0.023668639053254437 0.5103857566765578
6 0.003665699999999994 1 0 0.029585798816568046 0.5103857566765578
7 0.0034158000000000244 1 2 0.03550295857988166 0.516320474777448
8 0.003724299999999958 0 0 0.03550295857988166 0.516320474777448
9 0.0037368999999999875 1 1 0.04142011834319527 0.5192878338278932
10 0.003718399999999955 0 0 0.04142011834319527 0.5192878338278932
11 0.003510100000000016 0 0 0.04142011834319527 0.5192878338278932
12 0.003749100000000005 0 0 0.04142011834319527 0.5192878338278932
13 0.0033323999999999576 1 1 0.047337278106508875 0.5222551928783383
14 0.003801399999999955 1 1 0.05325443786982249 0.5252225519287834
15 0.0033807999999999616 0 0 0.05325443786982249 0.5252225519287834
16 0.0038464000000000276 1 1 0.05917159763313609 0.5281899109792285
17 0.0034465999999999664 1 1 0.0650887573964497 0.5311572700296736
18 0.0034090999999999982 1 0 0.07100591715976332 0.5311572700296736
19 0.003931999999999991 1 1 0.07692307692307693 0.5341246290801187
20 0.0034253999999999674 0 0 0.07692307692307693 0.5341246290801187
21 0.003446999999999978 1 1 0.08284023668639054 0.5370919881305638
22 0.0034229000000000065 0 1 0.08284023668639054 0.5400593471810089
23 0.0036059000000000507 1 1 0.08875739644970414 0.543026706231454
24 0.0036827000000000387 0 0 0.08875739644970414 0.543026706231454
25 0.0036499000000000392 1 1 0.09467455621301775 0.5459940652818991
26 0.005152000000000045 1 0 0.10059171597633136 0.5459940652818991
27 0.0035822000000000354 1 2 0.10650887573964497 0.5519287833827893
28 0.0035590999999999817 0 0 0.10650887573964497 0.5519287833827893
29 0.003535799999999978 0 0 0.10650887573964497 0.5519287833827893
30 0.003507299999999991 1 0 0.11242603550295859 0.5519287833827893
31 0.003561300000000045 1 1 0.11834319526627218 0.5548961424332344
32 0.0035715000000000052 0 1 0.11834319526627218 0.5578635014836796
33 0.0035746999999999862 0 0 0.11834319526627218 0.5578635014836796
34 0.0034730999999999512 0 0 0.11834319526627218 0.5578635014836796
35 0.003472600000000048 0 0 0.11834319526627218 0.5578635014836796
36 0.0035647999999999236 0 0 0.11834319526627218 0.5578635014836796
37 0.0035745999999999833 1 1 0.1242603550295858 0.5608308605341247
38 0.0035469000000000195 1 1 0.1301775147928994 0.5637982195845698
39 0.003993100000000083 1 1 0.13609467455621302 0.5667655786350149
40 0.003493700000000044 0 0 0.13609467455621302 0.5667655786350149
41 0.0035743999999999776 1 0 0.14201183431952663 0.5667655786350149
42 0.0050402999999999976 1 1 0.14792899408284024 0.56973293768546
43 0.005093299999999967 1 1 0.15384615384615385 0.5727002967359051
44 0.004936900000000022 0 0 0.15384615384615385 0.5727002967359051
45 0.0050603000000000176 1 1 0.15976331360946747 0.5756676557863502
46 0.0038552000000000586 1 2 0.16568047337278108 0.5816023738872403
47 0.0037017999999999773 1 1 0.17159763313609466 0.5845697329376854
48 0.0036941000000000335 1 0 0.17751479289940827 0.5845697329376854
49 0.0041048000000000195 0 1 0.17751479289940827 0.5875370919881305
50 0.003695899999999974 1 0 0.1834319526627219 0.5875370919881305
51 0.003839600000000054 0 0 0.1834319526627219 0.5875370919881305
52 0.0036775999999999476 0 0 0.1834319526627219 0.5875370919881305
53 0.0036616000000000426 0 1 0.1834319526627219 0.5905044510385756
54 0.0036119999999999486 0 0 0.1834319526627219 0.5905044510385756
55 0.003917000000000059 1 0 0.1893491124260355 0.5905044510385756
56 0.0036523000000000527 0 0 0.1893491124260355 0.5905044510385756
57 0.003796099999999969 0 1 0.1893491124260355 0.5934718100890207
58 0.0038297999999999943 1 1 0.1952662721893491 0.5964391691394659
59 0.003820099999999993 0 0 0.1952662721893491 0.5964391691394659
60 0.003871000000000069 0 0 0.1952662721893491 0.5964391691394659
61 0.0037131000000000247 1 1 0.20118343195266272 0.599406528189911
62 0.003685199999999944 1 1 0.20710059171597633 0.6023738872403561
63 0.003719800000000051 0 0 0.20710059171597633 0.6023738872403561
64 0.004104700000000072 0 0 0.20710059171597633 0.6023738872403561
65 0.0038986999999999217 0 0 0.20710059171597633 0.6023738872403561
66 0.003732100000000016 1 1 0.21301775147928995 0.6053412462908012
67 0.0036914000000000113 0 0 0.21301775147928995 0.6053412462908012
68 0.003672099999999956 0 0 0.21301775147928995 0.6053412462908012
69 0.0037464000000000386 1 1 0.21893491124260356 0.6083086053412463
70 0.003791300000000053 0 0 0.21893491124260356 0.6083086053412463
71 0.0038977999999999513 1 0 0.22485207100591717 0.6083086053412463
72 0.003739800000000071 0 1 0.22485207100591717 0.6112759643916914
73 0.004025900000000027 0 0 0.22485207100591717 0.6112759643916914
74 0.003967100000000001 1 0 0.23076923076923078 0.6112759643916914
75 0.003819799999999929 1 0 0.23668639053254437 0.6112759643916914
76 0.003794799999999987 1 1 0.24260355029585798 0.6142433234421365
77 0.00385560000000007 1 1 0.2485207100591716 0.6172106824925816
78 0.003877200000000025 1 1 0.25443786982248523 0.6201780415430267
79 0.003767799999999988 0 1 0.25443786982248523 0.6231454005934718
80 0.00403690000000001 0 1 0.25443786982248523 0.6261127596439169
81 0.0038027000000000477 0 0 0.25443786982248523 0.6261127596439169
82 0.0038146999999999487 1 1 0.2603550295857988 0.629080118694362
83 0.003857699999999964 0 0 0.2603550295857988 0.629080118694362
84 0.004099699999999928 0 0 0.2603550295857988 0.629080118694362
85 0.004016599999999926 1 1 0.26627218934911245 0.6320474777448071
86 0.003861700000000079 0 0 0.26627218934911245 0.6320474777448071
87 0.004407700000000014 1 1 0.27218934911242604 0.6350148367952523
88 0.004046299999999947 0 0 0.27218934911242604 0.6350148367952523
89 0.004254699999999945 1 1 0.2781065088757396 0.6379821958456974
90 0.004046300000000058 0 0 0.2781065088757396 0.6379821958456974
91 0.0038962000000000163 0 0 0.2781065088757396 0.6379821958456974
92 0.003897700000000004 0 0 0.2781065088757396 0.6379821958456974
93 0.0039152000000000076 1 1 0.28402366863905326 0.6409495548961425
94 0.003975500000000021 0 0 0.28402366863905326 0.6409495548961425
95 0.003825399999999979 0 0 0.28402366863905326 0.6409495548961425
96 0.004056199999999954 1 1 0.28994082840236685 0.6439169139465876
97 0.003977899999999979 0 0 0.28994082840236685 0.6439169139465876
98 0.003918199999999983 1 1 0.2958579881656805 0.6468842729970327
99 0.004083100000000006 0 0 0.2958579881656805 0.6468842729970327
100 0.003993099999999972 1 1 0.30177514792899407 0.6498516320474778
101 0.004047499999999982 0 0 0.30177514792899407 0.6498516320474778
102 0.007983999999999991 1 1 0.3076923076923077 0.6528189910979229
103 0.0040639999999999565 0 0 0.3076923076923077 0.6528189910979229
104 0.004347400000000001 1 1 0.3136094674556213 0.655786350148368
105 0.004433499999999979 0 0 0.3136094674556213 0.655786350148368
106 0.004296100000000025 0 0 0.3136094674556213 0.655786350148368
107 0.003999499999999934 0 0 0.3136094674556213 0.655786350148368
108 0.004471000000000003 0 0 0.3136094674556213 0.655786350148368
109 0.004002300000000014 0 0 0.3136094674556213 0.655786350148368
110 0.004488399999999948 1 1 0.31952662721893493 0.658753709198813
111 0.004026200000000091 0 0 0.31952662721893493 0.658753709198813
112 0.004000600000000021 1 1 0.3254437869822485 0.6617210682492581
113 0.004544300000000057 1 1 0.33136094674556216 0.6646884272997032
114 0.003931299999999971 1 1 0.33727810650887574 0.6676557863501483
115 0.004000099999999951 0 0 0.33727810650887574 0.6676557863501483
116 0.004434700000000014 1 1 0.3431952662721893 0.6706231454005934
117 0.004011899999999957 1 1 0.34911242603550297 0.6735905044510386
118 0.004111900000000057 1 1 0.35502958579881655 0.6765578635014837
119 0.0040896000000000265 0 0 0.35502958579881655 0.6765578635014837
120 0.0040656000000000025 1 1 0.3609467455621302 0.6795252225519288
121 0.004009199999999935 0 0 0.3609467455621302 0.6795252225519288
122 0.004045199999999971 1 0 0.3668639053254438 0.6795252225519288
123 0.004105399999999926 1 1 0.3727810650887574 0.6824925816023739
124 0.004068599999999978 1 2 0.378698224852071 0.6884272997032641
125 0.004199499999999912 1 0 0.38461538461538464 0.6884272997032641
126 0.0045007999999999715 0 1 0.38461538461538464 0.6913946587537092
127 0.00464410000000004 1 1 0.3905325443786982 0.6943620178041543
128 0.004329699999999992 1 1 0.39644970414201186 0.6973293768545994
129 0.004126799999999986 1 1 0.40236686390532544 0.7002967359050445
130 0.004549000000000025 1 1 0.40828402366863903 0.7032640949554896
131 0.004208300000000054 1 1 0.41420118343195267 0.7062314540059347
132 0.004363899999999976 1 1 0.42011834319526625 0.7091988130563798
133 0.0041471999999999065 0 0 0.42011834319526625 0.7091988130563798
134 0.004129500000000008 0 0 0.42011834319526625 0.7091988130563798
135 0.004289300000000051 0 0 0.42011834319526625 0.7091988130563798
136 0.0043623999999999885 0 0 0.42011834319526625 0.7091988130563798
137 0.00814400000000004 1 1 0.4260355029585799 0.712166172106825
138 0.004257700000000031 1 1 0.4319526627218935 0.7151335311572701
139 0.004234699999999925 1 0 0.4378698224852071 0.7151335311572701
140 0.004207599999999978 0 0 0.4378698224852071 0.7151335311572701
141 0.00436190000000003 1 1 0.4437869822485207 0.7181008902077152
142 0.004231399999999996 0 0 0.4437869822485207 0.7181008902077152
143 0.0042728000000000765 0 0 0.4437869822485207 0.7181008902077152
144 0.004821799999999987 1 0 0.44970414201183434 0.7181008902077152
145 0.00415220000000005 1 3 0.4556213017751479 0.7270029673590505
146 0.004195099999999785 1 1 0.46153846153846156 0.7299703264094956
147 0.004634500000000097 1 1 0.46745562130177515 0.7329376854599406
148 0.004436399999999896 1 1 0.47337278106508873 0.7359050445103857
149 0.004345400000000055 1 0 0.47928994082840237 0.7359050445103857
150 0.004352499999999981 1 1 0.48520710059171596 0.7388724035608308
151 0.004383800000000049 1 2 0.4911242603550296 0.744807121661721
152 0.00450689999999998 1 1 0.4970414201183432 0.7477744807121661
153 0.004369399999999857 0 0 0.4970414201183432 0.7477744807121661
154 0.004829199999999867 0 0 0.4970414201183432 0.7477744807121661
155 0.0049570999999999366 1 1 0.5029585798816568 0.7507418397626113
156 0.004458100000000131 1 1 0.5088757396449705 0.7537091988130564
157 0.004841300000000048 1 0 0.514792899408284 0.7537091988130564
158 0.0043495999999998425 1 1 0.5207100591715976 0.7566765578635015
159 0.005072900000000047 1 1 0.5266272189349113 0.7596439169139466
160 0.006755500000000136 1 1 0.5325443786982249 0.7626112759643917
161 0.004676600000000031 1 1 0.5384615384615384 0.7655786350148368
162 0.004673000000000149 0 1 0.5384615384615384 0.7685459940652819
163 0.004498700000000078 0 0 0.5384615384615384 0.7685459940652819
164 0.006614899999999979 1 1 0.5443786982248521 0.771513353115727
165 0.006519399999999953 1 1 0.5502958579881657 0.7744807121661721
166 0.00453569999999992 0 0 0.5502958579881657 0.7744807121661721
167 0.004376600000000064 0 0 0.5502958579881657 0.7744807121661721
168 0.004462599999999872 0 0 0.5502958579881657 0.7744807121661721
169 0.00444750000000016 1 1 0.5562130177514792 0.7774480712166172
170 0.00646419999999992 1 0 0.5621301775147929 0.7774480712166172
171 0.0066213999999999995 1 1 0.5680473372781065 0.7804154302670623
172 0.006353800000000076 1 2 0.5739644970414202 0.7863501483679525
173 0.006539199999999967 0 0 0.5739644970414202 0.7863501483679525
174 0.006697799999999976 0 0 0.5739644970414202 0.7863501483679525
175 0.006656499999999843 1 1 0.5798816568047337 0.7893175074183977
176 0.006398099999999962 1 1 0.5857988165680473 0.7922848664688428
177 0.006561299999999992 1 0 0.591715976331361 0.7922848664688428
178 0.006554700000000135 0 1 0.591715976331361 0.7952522255192879
179 0.006643399999999966 1 0 0.5976331360946746 0.7952522255192879
180 0.006447399999999881 0 1 0.5976331360946746 0.798219584569733
181 0.006372999999999962 0 0 0.5976331360946746 0.798219584569733
182 0.0066365999999999925 1 1 0.6035502958579881 0.8011869436201781
183 0.006725500000000162 1 1 0.6094674556213018 0.8041543026706232
184 0.005186899999999994 1 0 0.6153846153846154 0.8041543026706232
185 0.005058999999999925 0 1 0.6153846153846154 0.8071216617210683
186 0.00506950000000006 1 0 0.621301775147929 0.8071216617210683
187 0.005167900000000003 0 1 0.621301775147929 0.8100890207715133
188 0.0051619000000000526 0 0 0.621301775147929 0.8100890207715133
189 0.004661899999999886 0 0 0.621301775147929 0.8100890207715133
190 0.0048048000000000535 1 1 0.6272189349112426 0.8130563798219584
191 0.004758199999999935 1 1 0.6331360946745562 0.8160237388724035
192 0.005269699999999933 0 0 0.6331360946745562 0.8160237388724035
193 0.004716200000000059 0 0 0.6331360946745562 0.8160237388724035
194 0.004904999999999937 0 0 0.6331360946745562 0.8160237388724035
195 0.004787400000000108 1 0 0.6390532544378699 0.8160237388724035
196 0.0046311999999999465 0 1 0.6390532544378699 0.8189910979228486
197 0.00466830000000007 1 1 0.6449704142011834 0.8219584569732937
198 0.005107299999999926 0 0 0.6449704142011834 0.8219584569732937
199 0.005244699999999991 1 1 0.650887573964497 0.8249258160237388
200 0.004865699999999862 0 0 0.650887573964497 0.8249258160237388
201 0.004752699999999832 0 0 0.650887573964497 0.8249258160237388
202 0.004796400000000034 0 0 0.650887573964497 0.8249258160237388
203 0.004761800000000038 1 1 0.6568047337278107 0.827893175074184
204 0.004709100000000133 0 0 0.6568047337278107 0.827893175074184
205 0.007078899999999999 1 1 0.6627218934911243 0.8308605341246291
206 0.004664400000000013 1 0 0.6686390532544378 0.8308605341246291
207 0.004707099999999853 0 0 0.6686390532544378 0.8308605341246291
208 0.004792899999999989 1 1 0.6745562130177515 0.8338278931750742
209 0.0048888000000000265 0 1 0.6745562130177515 0.8367952522255193
210 0.004760400000000109 1 1 0.6804733727810651 0.8397626112759644
211 0.005169399999999991 0 0 0.6804733727810651 0.8397626112759644
212 0.005168599999999968 0 0 0.6804733727810651 0.8397626112759644
213 0.005371400000000026 0 0 0.6804733727810651 0.8397626112759644
214 0.0052251000000000936 0 0 0.6804733727810651 0.8397626112759644
215 0.0048432000000000475 0 0 0.6804733727810651 0.8397626112759644
216 0.005253799999999975 1 1 0.6863905325443787 0.8427299703264095
217 0.00509090000000012 0 0 0.6863905325443787 0.8427299703264095
218 0.004792600000000036 0 0 0.6863905325443787 0.8427299703264095
219 0.005012900000000098 1 1 0.6923076923076923 0.8456973293768546
220 0.0050954999999999195 0 0 0.6923076923076923 0.8456973293768546
221 0.00479150000000006 0 0 0.6923076923076923 0.8456973293768546
222 0.005473999999999979 1 0 0.6982248520710059 0.8456973293768546
223 0.004931699999999983 1 1 0.7041420118343196 0.8486646884272997
224 0.0048474999999998936 1 2 0.7100591715976331 0.8545994065281899
225 0.004994199999999838 0 0 0.7100591715976331 0.8545994065281899
226 0.0054978999999999445 1 1 0.7159763313609467 0.857566765578635
227 0.005320900000000073 0 0 0.7159763313609467 0.857566765578635
228 0.005010100000000017 0 0 0.7159763313609467 0.857566765578635
229 0.005235300000000054 1 1 0.7218934911242604 0.8605341246290801
230 0.004990899999999909 1 1 0.727810650887574 0.8635014836795252
231 0.005501800000000001 0 0 0.727810650887574 0.8635014836795252
232 0.004890000000000061 1 0 0.7337278106508875 0.8635014836795252
233 0.0049338999999999356 1 1 0.7396449704142012 0.8664688427299704
234 0.005267300000000086 1 1 0.7455621301775148 0.8694362017804155
235 0.004913999999999863 1 1 0.7514792899408284 0.8724035608308606
236 0.0055507000000001305 1 1 0.757396449704142 0.8753709198813057
237 0.005622100000000074 0 1 0.757396449704142 0.8783382789317508
238 0.004919500000000188 1 1 0.7633136094674556 0.8813056379821959
239 0.005339600000000111 1 1 0.7692307692307693 0.884272997032641
240 0.004812399999999828 0 0 0.7692307692307693 0.884272997032641
241 0.005536200000000102 1 1 0.7751479289940828 0.887240356083086
242 0.005155999999999938 1 1 0.7810650887573964 0.8902077151335311
243 0.0051498999999999295 1 1 0.7869822485207101 0.8931750741839762
244 0.005167599999999828 1 1 0.7928994082840237 0.8961424332344213
245 0.005013800000000179 0 0 0.7928994082840237 0.8961424332344213
246 0.005526400000000153 1 1 0.7988165680473372 0.8991097922848664
247 0.005332599999999799 0 0 0.7988165680473372 0.8991097922848664
248 0.0050818999999999726 0 0 0.7988165680473372 0.8991097922848664
249 0.0056571000000000815 1 0 0.8047337278106509 0.8991097922848664
250 0.005350200000000083 0 0 0.8047337278106509 0.8991097922848664
251 0.00502149999999979 1 0 0.8106508875739645 0.8991097922848664
252 0.004941700000000049 1 3 0.8165680473372781 0.9080118694362018
253 0.005347700000000177 1 0 0.8224852071005917 0.9080118694362018
254 0.005124300000000082 0 1 0.8224852071005917 0.9109792284866469
255 0.004946899999999976 0 0 0.8224852071005917 0.9109792284866469
256 0.005110900000000029 1 0 0.8284023668639053 0.9109792284866469
257 0.005004199999999903 1 1 0.834319526627219 0.913946587537092
258 0.005088999999999899 0 0 0.834319526627219 0.913946587537092
259 0.0050152000000001085 0 1 0.834319526627219 0.9169139465875371
260 0.004978499999999997 1 0 0.8402366863905325 0.9169139465875371
261 0.005057300000000042 0 1 0.8402366863905325 0.9198813056379822
262 0.005018999999999885 0 0 0.8402366863905325 0.9198813056379822
263 0.005475700000000083 1 0 0.8461538461538461 0.9198813056379822
264 0.005364000000000146 0 0 0.8461538461538461 0.9198813056379822
265 0.005046899999999965 0 0 0.8461538461538461 0.9198813056379822
266 0.005110299999999901 1 1 0.8520710059171598 0.9228486646884273
267 0.005136099999999866 0 1 0.8520710059171598 0.9258160237388724
268 0.005173499999999942 1 1 0.8579881656804734 0.9287833827893175
269 0.005079599999999962 0 0 0.8579881656804734 0.9287833827893175
270 0.008977500000000083 0 0 0.8579881656804734 0.9287833827893175
271 0.00513830000000004 1 0 0.863905325443787 0.9287833827893175
272 0.005105299999999868 0 0 0.863905325443787 0.9287833827893175
273 0.00587099999999996 1 0 0.8698224852071006 0.9287833827893175
274 0.005699199999999793 1 1 0.8757396449704142 0.9317507418397626
275 0.005259899999999984 1 3 0.8816568047337278 0.9406528189910979
276 0.005423600000000084 1 1 0.8875739644970414 0.9436201780415431
277 0.00518850000000004 0 0 0.8875739644970414 0.9436201780415431
278 0.005627600000000177 0 0 0.8875739644970414 0.9436201780415431
279 0.005653400000000142 0 0 0.8875739644970414 0.9436201780415431
280 0.005927599999999922 1 1 0.893491124260355 0.9465875370919882
281 0.005135200000000006 0 0 0.893491124260355 0.9465875370919882
282 0.005344999999999933 0 0 0.893491124260355 0.9465875370919882
283 0.005689999999999973 0 0 0.893491124260355 0.9465875370919882
284 0.006953499999999835 0 0 0.893491124260355 0.9465875370919882
285 0.007543199999999972 0 0 0.893491124260355 0.9465875370919882
286 0.008836799999999867 1 1 0.8994082840236687 0.9495548961424333
287 0.0055651000000001005 0 0 0.8994082840236687 0.9495548961424333
288 0.007564999999999822 1 0 0.9053254437869822 0.9495548961424333
289 0.007920300000000102 1 2 0.9112426035502958 0.9554896142433235
290 0.007936300000000118 1 1 0.9171597633136095 0.9584569732937686
291 0.007671800000000006 0 0 0.9171597633136095 0.9584569732937686
292 0.007688499999999987 1 1 0.9230769230769231 0.9614243323442137
293 0.007564300000000079 1 1 0.9289940828402367 0.9643916913946587
294 0.0053336000000001604 0 0 0.9289940828402367 0.9643916913946587
295 0.005336499999999855 0 0 0.9289940828402367 0.9643916913946587
296 0.0053179000000000975 0 0 0.9289940828402367 0.9643916913946587
297 0.005774399999999957 0 0 0.9289940828402367 0.9643916913946587
298 0.005761700000000092 1 1 0.9349112426035503 0.9673590504451038
299 0.005323600000000095 1 1 0.9408284023668639 0.9703264094955489
300 0.005449600000000165 0 0 0.9408284023668639 0.9703264094955489
301 0.005404700000000151 1 1 0.9467455621301775 0.973293768545994
302 0.005513000000000101 1 1 0.9526627218934911 0.9762611275964391
303 0.005466299999999924 1 0 0.9585798816568047 0.9762611275964391
304 0.005500900000000142 0 0 0.9585798816568047 0.9762611275964391
305 0.005285800000000007 1 1 0.9644970414201184 0.9792284866468842
306 0.005515000000000159 0 0 0.9644970414201184 0.9792284866468842
307 0.005563299999999938 1 1 0.9704142011834319 0.9821958456973294
308 0.005440600000000018 1 2 0.9763313609467456 0.9881305637982196
309 0.005327000000000082 1 1 0.9822485207100592 0.9910979228486647
310 0.005900800000000039 0 0 0.9822485207100592 0.9910979228486647
311 0.005363599999999913 1 1 0.9881656804733728 0.9940652818991098
312 0.005470500000000156 1 1 0.9940828402366864 0.9970326409495549
313 0.0053482999999998615 1 1 1.0 1.0
