70 0.3 1.0
1 0.0016683000000000114 0 0 0.0 0.5036496350364964
2 0.0014577000000000062 1 0 0.014492753623188406 0.5036496350364964
3 0.001356800000000019 0 0 0.014492753623188406 0.5036496350364964
4 0.0013196999999999792 0 0 0.014492753623188406 0.5036496350364964
5 0.001310799999999973 0 0 0.014492753623188406 0.5036496350364964
6 0.0013466000000000033 1 1 0.028985507246376812 0.5109489051094891
7 0.0014382999999999757 1 1 0.043478260869565216 0.5182481751824818
8 0.001409500000000008 0 0 0.043478260869565216 0.5182481751824818
9 0.0014668999999999932 1 1 0.057971014492753624 0.5255474452554745
10 0.001606200000000002 1 1 0.07246376811594203 0.5328467153284672
11 0.0014766999999999975 1 1 0.08695652173913043 0.5401459854014599
12 0.0014713000000000087 1 1 0.10144927536231885 0.5474452554744526
13 0.002649399999999996 0 0 0.10144927536231885 0.5474452554744526
14 0.001465099999999997 0 0 0.10144927536231885 0.5474452554744526
15 0.001465800000000017 0 0 0.10144927536231885 0.5474452554744526
16 0.0014186000000000198 0 0 0.10144927536231885 0.5474452554744526
17 0.0014197999999999988 0 0 0.10144927536231885 0.5474452554744526
18 0.0013386999999999982 0 0 0.10144927536231885 0.5474452554744526
19 0.002016999999999991 0 0 0.10144927536231885 0.5474452554744526
20 0.002163200000000004 0 0 0.10144927536231885 0.5474452554744526
21 0.0015671000000000157 1 1 0.11594202898550725 0.5547445255474452
22 0.0014919000000000182 1 1 0.13043478260869565 0.5620437956204379
23 0.0014132999999999785 0 0 0.13043478260869565 0.5620437956204379
24 0.0014330000000000176 1 1 0.14492753623188406 0.5693430656934306
25 0.0014199000000000017 1 1 0.15942028985507245 0.5766423357664233
26 0.0013925999999999938 0 0 0.15942028985507245 0.5766423357664233
27 0.00145590000000001 0 0 0.15942028985507245 0.5766423357664233
28 0.001537700000000003 0 0 0.15942028985507245 0.5766423357664233
29 0.0017632000000000203 1 1 0.17391304347826086 0.583941605839416
30 0.001628400000000002 0 0 0.17391304347826086 0.583941605839416
31 0.0016118999999999994 0 0 0.17391304347826086 0.583941605839416
32 0.001478199999999985 0 0 0.17391304347826086 0.583941605839416
33 0.0013810999999999962 0 0 0.17391304347826086 0.583941605839416
34 0.0018340000000000023 1 1 0.18840579710144928 0.5912408759124088
35 0.001507499999999995 0 0 0.18840579710144928 0.5912408759124088
36 0.0014696999999999627 0 0 0.18840579710144928 0.5912408759124088
37 0.001443500000000042 0 0 0.18840579710144928 0.5912408759124088
38 0.0021396000000000193 1 1 0.2028985507246377 0.5985401459854015
39 0.0020345999999999975 0 0 0.2028985507246377 0.5985401459854015
40 0.002071400000000001 0 0 0.2028985507246377 0.5985401459854015
41 0.001555799999999996 0 0 0.2028985507246377 0.5985401459854015
42 0.0014602000000000226 0 0 0.2028985507246377 0.5985401459854015
43 0.0014875999999999778 0 0 0.2028985507246377 0.5985401459854015
44 0.0014351000000000225 0 0 0.2028985507246377 0.5985401459854015
45 0.0014937999999999896 0 0 0.2028985507246377 0.5985401459854015
46 0.0015596999999999972 0 0 0.2028985507246377 0.5985401459854015
47 0.001499399999999984 0 0 0.2028985507246377 0.5985401459854015
48 0.001687499999999953 0 0 0.2028985507246377 0.5985401459854015
49 0.0015765999999999836 0 0 0.2028985507246377 0.5985401459854015
50 0.0016013000000000277 1 1 0.21739130434782608 0.6058394160583942
51 0.0015393000000000212 1 1 0.2318840579710145 0.6131386861313869
52 0.0014956999999999887 0 0 0.2318840579710145 0.6131386861313869
53 0.001499499999999987 0 0 0.2318840579710145 0.6131386861313869
54 0.0014760999999999802 0 0 0.2318840579710145 0.6131386861313869
55 0.0015545000000000142 0 0 0.2318840579710145 0.6131386861313869
56 0.0023455000000000004 1 1 0.2463768115942029 0.6204379562043796
57 0.0016729000000000327 0 0 0.2463768115942029 0.6204379562043796
58 0.0015511999999999748 0 0 0.2463768115942029 0.6204379562043796
59 0.001576600000000039 1 1 0.2608695652173913 0.6277372262773723
60 0.001671800000000001 1 1 0.2753623188405797 0.635036496350365
61 0.0014974000000000376 1 1 0.2898550724637681 0.6423357664233577
62 0.001593399999999967 1 1 0.30434782608695654 0.6496350364963503
63 0.0015701000000000187 1 1 0.3188405797101449 0.656934306569343
64 0.0016075999999999868 0 0 0.3188405797101449 0.656934306569343
65 0.0015468999999999622 0 0 0.3188405797101449 0.656934306569343
66 0.0016797000000000062 1 1 0.3333333333333333 0.6642335766423357
67 0.0018213000000000257 0 0 0.3333333333333333 0.6642335766423357
68 0.0016777000000000042 1 1 0.34782608695652173 0.6715328467153284
69 0.001701100000000011 0 0 0.34782608695652173 0.6715328467153284
70 0.0016006000000000076 0 0 0.34782608695652173 0.6715328467153284
71 0.001651500000000028 1 1 0.36231884057971014 0.6788321167883211
72 0.0015742000000000256 0 0 0.36231884057971014 0.6788321167883211
73 0.001652700000000007 0 0 0.36231884057971014 0.6788321167883211
74 0.001738699999999982 1 1 0.37681159420289856 0.6861313868613139
75 0.0020863999999999883 0 0 0.37681159420289856 0.6861313868613139
76 0.0016806999999999794 0 0 0.37681159420289856 0.6861313868613139
77 0.0016501999999999906 0 0 0.37681159420289856 0.6861313868613139
78 0.001592299999999991 0 0 0.37681159420289856 0.6861313868613139
79 0.0016843000000000274 1 1 0.391304347826087 0.6934306569343066
80 0.00208820000000004 0 0 0.391304347826087 0.6934306569343066
81 0.0022404999999999786 0 0 0.391304347826087 0.6934306569343066
82 0.002243900000000021 1 1 0.4057971014492754 0.7007299270072993
83 0.0022096000000000338 0 0 0.4057971014492754 0.7007299270072993
84 0.0023453999999999975 1 1 0.42028985507246375 0.708029197080292
85 0.0017221000000000042 1 1 0.43478260869565216 0.7153284671532847
86 0.0017068000000000083 0 0 0.43478260869565216 0.7153284671532847
87 0.0017592000000000163 0 0 0.43478260869565216 0.7153284671532847
88 0.0018357000000000512 1 1 0.4492753623188406 0.7226277372262774
89 0.001743500000000009 1 1 0.463768115942029 0.7299270072992701
90 0.001654600000000006 0 0 0.463768115942029 0.7299270072992701
91 0.0026621000000000006 0 0 0.463768115942029 0.7299270072992701
92 0.0022079999999999878 0 0 0.463768115942029 0.7299270072992701
93 0.0020815999999999613 1 1 0.4782608695652174 0.7372262773722628
94 0.0030174000000000034 0 0 0.4782608695652174 0.7372262773722628
95 0.001845399999999997 0 0 0.4782608695652174 0.7372262773722628
96 0.0020226999999999884 0 0 0.4782608695652174 0.7372262773722628
97 0.001930299999999996 0 0 0.4782608695652174 0.7372262773722628
98 0.001873799999999981 1 1 0.4927536231884058 0.7445255474452555
99 0.001704299999999992 1 1 0.5072463768115942 0.7518248175182481
100 0.0018060000000000298 0 0 0.5072463768115942 0.7518248175182481
101 0.001683800000000013 0 0 0.5072463768115942 0.7518248175182481
102 0.0018765000000000032 0 0 0.5072463768115942 0.7518248175182481
103 0.002047100000000024 0 0 0.5072463768115942 0.7518248175182481
104 0.001699100000000009 1 1 0.5217391304347826 0.7591240875912408
105 0.0017178999999999944 0 0 0.5217391304347826 0.7591240875912408
106 0.0027389999999999914 0 0 0.5217391304347826 0.7591240875912408
107 0.001773099999999972 0 0 0.5217391304347826 0.7591240875912408
108 0.0017629000000000117 1 1 0.5362318840579711 0.7664233576642335
109 0.001763500000000029 0 0 0.5362318840579711 0.7664233576642335
110 0.0018222000000000516 0 0 0.5362318840579711 0.7664233576642335
111 0.0019235999999999698 1 1 0.5507246376811594 0.7737226277372263
112 0.0018487000000000364 0 0 0.5507246376811594 0.7737226277372263
113 0.0021782999999999664 0 0 0.5507246376811594 0.7737226277372263
114 0.0017352999999999952 0 0 0.5507246376811594 0.7737226277372263
115 0.0018212000000000228 0 0 0.5507246376811594 0.7737226277372263
116 0.0018178999999999834 0 0 0.5507246376811594 0.7737226277372263
117 0.0018207000000000084 0 0 0.5507246376811594 0.7737226277372263
118 0.0017453000000000052 0 0 0.5507246376811594 0.7737226277372263
119 0.0018162000000000456 0 0 0.5507246376811594 0.7737226277372263
120 0.001897800000000005 0 0 0.5507246376811594 0.7737226277372263
121 0.001772700000000016 0 0 0.5507246376811594 0.7737226277372263
122 0.0018370999999999804 0 0 0.5507246376811594 0.7737226277372263
123 0.002186100000000024 0 0 0.5507246376811594 0.7737226277372263
124 0.0019098999999999644 0 0 0.5507246376811594 0.7737226277372263
125 0.0019559000000000104 0 0 0.5507246376811594 0.7737226277372263
126 0.0018706 0 0 0.5507246376811594 0.7737226277372263
127 0.001829800000000048 0 0 0.5507246376811594 0.7737226277372263
128 0.0017848999999999782 0 0 0.5507246376811594 0.7737226277372263
129 0.0025307999999999997 1 1 0.5652173913043478 0.781021897810219
130 0.0017419999999999658 0 0 0.5652173913043478 0.781021897810219
131 0.00165860000000001 0 0 0.5652173913043478 0.781021897810219
132 0.0017828000000000288 0 0 0.5652173913043478 0.781021897810219
133 0.00172739999999999 1 1 0.5797101449275363 0.7883211678832117
134 0.0016864000000000323 0 0 0.5797101449275363 0.7883211678832117
135 0.0017621999999999916 0 0 0.5797101449275363 0.7883211678832117
136 0.002019700000000013 0 0 0.5797101449275363 0.7883211678832117
137 0.001971500000000015 1 1 0.5942028985507246 0.7956204379562044
138 0.0018449999999999855 1 1 0.6086956521739131 0.8029197080291971
139 0.0020406000000000035 0 0 0.6086956521739131 0.8029197080291971
140 0.0019396999999999887 1 1 0.6231884057971014 0.8102189781021898
141 0.0020061000000000107 1 1 0.6376811594202898 0.8175182481751825
142 0.0018516000000000088 1 1 0.6521739130434783 0.8248175182481752
143 0.0021103000000000094 1 1 0.6666666666666666 0.8321167883211679
144 0.0018470999999999904 0 0 0.6666666666666666 0.8321167883211679
145 0.001987300000000025 1 1 0.6811594202898551 0.8394160583941606
146 0.0020725000000000326 0 0 0.6811594202898551 0.8394160583941606
147 0.0019424000000000108 0 0 0.6811594202898551 0.8394160583941606
148 0.002316499999999999 0 0 0.6811594202898551 0.8394160583941606
149 0.002039499999999972 1 1 0.6956521739130435 0.8467153284671532
150 0.0018519000000000174 0 0 0.6956521739130435 0.8467153284671532
151 0.0019449000000000272 1 1 0.7101449275362319 0.8540145985401459
152 0.002277299999999982 0 0 0.7101449275362319 0.8540145985401459
153 0.0018378000000000005 1 1 0.7246376811594203 0.8613138686131386
154 0.0017936000000000063 0 0 0.7246376811594203 0.8613138686131386
155 0.0026362999999999803 0 0 0.7246376811594203 0.8613138686131386
156 0.0028440000000000687 0 0 0.7246376811594203 0.8613138686131386
157 0.0027186000000000154 1 1 0.7391304347826086 0.8686131386861314
158 0.002643500000000021 0 0 0.7391304347826086 0.8686131386861314
159 0.0027074000000000265 0 0 0.7391304347826086 0.8686131386861314
160 0.00270490000000001 0 0 0.7391304347826086 0.8686131386861314
161 0.002065899999999954 0 0 0.7391304347826086 0.8686131386861314
162 0.002003300000000041 1 1 0.7536231884057971 0.8759124087591241
163 0.0020637000000000016 1 1 0.7681159420289855 0.8832116788321168
164 0.0020797000000000176 1 1 0.782608695652174 0.8905109489051095
165 0.0020164000000000293 0 0 0.782608695652174 0.8905109489051095
166 0.00229580000000007 0 0 0.782608695652174 0.8905109489051095
167 0.0020253000000000076 0 0 0.782608695652174 0.8905109489051095
168 0.0018960999999999562 0 0 0.782608695652174 0.8905109489051095
169 0.0021079000000000514 0 0 0.782608695652174 0.8905109489051095
170 0.001961400000000002 0 0 0.782608695652174 0.8905109489051095
171 0.002026700000000048 0 0 0.782608695652174 0.8905109489051095
172 0.0029202000000000394 0 0 0.782608695652174 0.8905109489051095
173 0.002678999999999987 0 0 0.782608695652174 0.8905109489051095
174 0.0026991000000000653 0 0 0.782608695652174 0.8905109489051095
175 0.002660600000000013 0 0 0.782608695652174 0.8905109489051095
176 0.0025382999999999933 0 0 0.782608695652174 0.8905109489051095
177 0.0026918999999999693 0 0 0.782608695652174 0.8905109489051095
178 0.002574999999999994 1 1 0.7971014492753623 0.8978102189781022
179 0.002741400000000005 0 0 0.7971014492753623 0.8978102189781022
180 0.0021037000000000416 0 0 0.7971014492753623 0.8978102189781022
181 0.001912299999999978 1 1 0.8115942028985508 0.9051094890510949
182 0.0020504000000000078 0 0 0.8115942028985508 0.9051094890510949
183 0.001972899999999944 0 0 0.8115942028985508 0.9051094890510949
184 0.002049899999999938 0 0 0.8115942028985508 0.9051094890510949
185 0.0022481999999999225 0 0 0.8115942028985508 0.9051094890510949
186 0.002805199999999952 0 0 0.8115942028985508 0.9051094890510949
187 0.002834499999999962 1 1 0.8260869565217391 0.9124087591240876
188 0.0027924999999999756 0 0 0.8260869565217391 0.9124087591240876
189 0.0032297999999999494 0 0 0.8260869565217391 0.9124087591240876
190 0.0019295999999999758 0 0 0.8260869565217391 0.9124087591240876
191 0.001987800000000095 0 0 0.8260869565217391 0.9124087591240876
192 0.0025735999999999537 0 0 0.8260869565217391 0.9124087591240876
193 0.0022247000000000794 0 0 0.8260869565217391 0.9124087591240876
194 0.0021556000000000353 1 1 0.8405797101449275 0.9197080291970803
195 0.0020564000000000693 0 0 0.8405797101449275 0.9197080291970803
196 0.00213069999999993 0 0 0.8405797101449275 0.9197080291970803
197 0.002968100000000029 0 0 0.8405797101449275 0.9197080291970803
198 0.0029886999999999553 0 0 0.8405797101449275 0.9197080291970803
199 0.0028141000000000416 0 0 0.8405797101449275 0.9197080291970803
200 0.0028783000000000003 1 1 0.855072463768116 0.927007299270073
201 0.002706000000000097 0 0 0.855072463768116 0.927007299270073
202 0.003385199999999977 1 1 0.8695652173913043 0.9343065693430657
203 0.002189400000000008 1 1 0.8840579710144928 0.9416058394160584
204 0.002114699999999914 1 1 0.8985507246376812 0.948905109489051
205 0.002039299999999966 0 0 0.8985507246376812 0.948905109489051
206 0.0022366999999999804 1 1 0.9130434782608695 0.9562043795620438
207 0.0020551000000000874 1 1 0.927536231884058 0.9635036496350365
208 0.0021851999999999983 1 1 0.9420289855072463 0.9708029197080292
209 0.0027930000000000454 1 1 0.9565217391304348 0.9781021897810219
210 0.0024063000000000834 1 1 0.9710144927536232 0.9854014598540146
211 0.0021271999999999958 0 0 0.9710144927536232 0.9854014598540146
212 0.002504300000000015 1 1 0.9855072463768116 0.9927007299270073
213 0.002164300000000008 1 1 1.0 1.0
