100 0.6 0.6
1 0.002005500000000021 0 0 0.0 0.5025380710659898
2 0.0019760000000000055 1 0 0.010101010101010102 0.5025380710659898
3 0.001933299999999999 1 1 0.020202020202020204 0.5076142131979695
4 0.0019772000000000123 1 1 0.030303030303030304 0.5126903553299492
5 0.0019539999999999835 0 0 0.030303030303030304 0.5126903553299492
6 0.0021373000000000086 1 0 0.04040404040404041 0.5126903553299492
7 0.0021148 0 1 0.04040404040404041 0.5177664974619289
8 0.0020279999999999743 0 0 0.04040404040404041 0.5177664974619289
9 0.0021338999999999664 1 1 0.050505050505050504 0.5228426395939086
10 0.0020598000000000005 0 0 0.050505050505050504 0.5228426395939086
11 0.001983400000000024 1 1 0.06060606060606061 0.5279187817258884
12 0.0019649999999999945 0 0 0.06060606060606061 0.5279187817258884
13 0.0021727999999999748 1 0 0.0707070707070707 0.5279187817258884
14 0.002033000000000007 0 0 0.0707070707070707 0.5279187817258884
15 0.0023182999999999954 0 0 0.0707070707070707 0.5279187817258884
16 0.00214139999999996 0 0 0.0707070707070707 0.5279187817258884
17 0.0019700999999999746 0 1 0.0707070707070707 0.5329949238578681
18 0.0020295999999999648 1 0 0.08080808080808081 0.5329949238578681
19 0.0020866000000000495 1 0 0.09090909090909091 0.5329949238578681
20 0.0020235000000000114 1 3 0.10101010101010101 0.5482233502538071
21 0.0021009000000000166 0 0 0.10101010101010101 0.5482233502538071
22 0.002204700000000004 1 1 0.1111111111111111 0.5532994923857868
23 0.0020399999999999863 1 1 0.12121212121212122 0.5583756345177665
24 0.0021255000000000024 0 0 0.12121212121212122 0.5583756345177665
25 0.0021376000000000173 1 0 0.13131313131313133 0.5583756345177665
26 0.002334899999999973 1 1 0.1414141414141414 0.5634517766497462
27 0.0022059000000000384 0 0 0.1414141414141414 0.5634517766497462
28 0.0019972000000000323 1 1 0.15151515151515152 0.5685279187817259
29 0.002382300000000004 0 1 0.15151515151515152 0.5736040609137056
30 0.0020452000000000248 1 0 0.16161616161616163 0.5736040609137056
31 0.002215699999999987 0 1 0.16161616161616163 0.5786802030456852
32 0.0022503000000000384 1 1 0.1717171717171717 0.583756345177665
33 0.0021259999999999613 1 0 0.18181818181818182 0.583756345177665
34 0.0030100000000000127 0 0 0.18181818181818182 0.583756345177665
35 0.003021700000000016 1 0 0.1919191919191919 0.583756345177665
36 0.0029409999999999714 0 0 0.1919191919191919 0.583756345177665
37 0.003090499999999996 0 2 0.1919191919191919 0.5939086294416244
38 0.0022958000000000145 0 0 0.1919191919191919 0.5939086294416244
39 0.0025228999999999946 0 0 0.1919191919191919 0.5939086294416244
40 0.0023227999999999582 1 1 0.20202020202020202 0.5989847715736041
41 0.002253800000000028 1 1 0.21212121212121213 0.6040609137055838
42 0.002369399999999966 0 0 0.21212121212121213 0.6040609137055838
43 0.0021963999999999873 0 0 0.21212121212121213 0.6040609137055838
44 0.0023380000000000067 1 0 0.2222222222222222 0.6040609137055838
45 0.0029722999999999833 0 0 0.2222222222222222 0.6040609137055838
46 0.003066000000000013 0 0 0.2222222222222222 0.6040609137055838
47 0.0023047999999999957 1 0 0.23232323232323232 0.6040609137055838
48 0.002408100000000024 1 1 0.24242424242424243 0.6091370558375635
49 0.002309300000000014 0 1 0.24242424242424243 0.6142131979695431
50 0.0023096000000000227 1 0 0.25252525252525254 0.6142131979695431
51 0.0031180000000000097 1 2 0.26262626262626265 0.6243654822335025
52 0.0032505999999999924 0 1 0.26262626262626265 0.6294416243654822
53 0.00313819999999998 0 0 0.26262626262626265 0.6294416243654822
54 0.003204999999999958 1 1 0.2727272727272727 0.6345177664974619
55 0.0032120999999999955 1 0 0.2828282828282828 0.6345177664974619
56 0.003227800000000003 1 1 0.29292929292929293 0.6395939086294417
57 0.0032079999999999886 1 0 0.30303030303030304 0.6395939086294417
58 0.003169299999999986 0 1 0.30303030303030304 0.6446700507614214
59 0.003210500000000005 0 0 0.30303030303030304 0.6446700507614214
60 0.0023835999999999857 0 0 0.30303030303030304 0.6446700507614214
61 0.0022264999999999646 0 0 0.30303030303030304 0.6446700507614214
62 0.002298699999999987 1 2 0.31313131313131315 0.6548223350253807
63 0.0023427999999999782 1 0 0.32323232323232326 0.6548223350253807
64 0.0026066000000000145 1 1 0.3333333333333333 0.6598984771573604
65 0.002537899999999982 0 0 0.3333333333333333 0.6598984771573604
66 0.002510699999999977 0 0 0.3333333333333333 0.6598984771573604
67 0.0024623000000000284 1 1 0.3434343434343434 0.6649746192893401
68 0.0024828999999999546 0 0 0.3434343434343434 0.6649746192893401
69 0.002465099999999998 0 0 0.3434343434343434 0.6649746192893401
70 0.002412499999999984 1 2 0.35353535353535354 0.6751269035532995
71 0.0026150999999999813 0 0 0.35353535353535354 0.6751269035532995
72 0.002505000000000035 1 1 0.36363636363636365 0.6802030456852792
73 0.00253589999999998 0 0 0.36363636363636365 0.6802030456852792
74 0.0025766999999999873 1 1 0.37373737373737376 0.6852791878172588
75 0.0025463000000000013 1 0 0.3838383838383838 0.6852791878172588
76 0.0024890999999999663 0 0 0.3838383838383838 0.6852791878172588
77 0.0026089999999999725 0 1 0.3838383838383838 0.6903553299492385
78 0.0024788000000000032 1 1 0.3939393939393939 0.6954314720812182
79 0.003515400000000002 0 0 0.3939393939393939 0.6954314720812182
80 0.0034510999999999847 0 0 0.3939393939393939 0.6954314720812182
81 0.0034420000000000006 0 0 0.3939393939393939 0.6954314720812182
82 0.0034304 1 1 0.40404040404040403 0.700507614213198
83 0.003359600000000018 1 1 0.41414141414141414 0.7055837563451777
84 0.0024343000000000004 1 1 0.42424242424242425 0.7106598984771574
85 0.0027083999999999997 0 0 0.42424242424242425 0.7106598984771574
86 0.0027427000000000423 1 0 0.43434343434343436 0.7106598984771574
87 0.002694500000000044 1 2 0.4444444444444444 0.7208121827411168
88 0.002536399999999994 0 0 0.4444444444444444 0.7208121827411168
89 0.0026949 1 0 0.45454545454545453 0.7208121827411168
90 0.0026379999999999737 0 0 0.45454545454545453 0.7208121827411168
91 0.002691499999999958 0 0 0.45454545454545453 0.7208121827411168
92 0.002376099999999992 1 2 0.46464646464646464 0.7309644670050761
93 0.0025078000000000045 0 0 0.46464646464646464 0.7309644670050761
94 0.0025912000000000157 0 0 0.46464646464646464 0.7309644670050761
95 0.0026885999999999854 1 1 0.47474747474747475 0.7360406091370558
96 0.0024739999999999762 1 0 0.48484848484848486 0.7360406091370558
97 0.002605000000000024 1 1 0.494949494949495 0.7411167512690355
98 0.0026956999999999676 0 1 0.494949494949495 0.7461928934010152
99 0.0027386000000000355 0 0 0.494949494949495 0.7461928934010152
100 0.002675300000000047 0 0 0.494949494949495 0.7461928934010152
101 0.0024980999999999476 1 1 0.5050505050505051 0.751269035532995
102 0.0025399000000000393 0 0 0.5050505050505051 0.751269035532995
103 0.004226499999999911 1 1 0.5151515151515151 0.7563451776649747
104 0.0034119000000000232 1 0 0.5252525252525253 0.7563451776649747
105 0.002553099999999975 1 1 0.5353535353535354 0.7614213197969543
106 0.002602800000000016 1 2 0.5454545454545454 0.7715736040609137
107 0.002566500000000027 0 0 0.5454545454545454 0.7715736040609137
108 0.0029141000000000306 1 1 0.5555555555555556 0.7766497461928934
109 0.0026722000000000135 1 0 0.5656565656565656 0.7766497461928934
110 0.002668400000000015 1 0 0.5757575757575758 0.7766497461928934
111 0.002890999999999977 1 0 0.5858585858585859 0.7766497461928934
112 0.002913400000000066 1 1 0.5959595959595959 0.7817258883248731
113 0.0028616000000000197 1 3 0.6060606060606061 0.7969543147208121
114 0.0028249999999999664 0 0 0.6060606060606061 0.7969543147208121
115 0.002940899999999913 1 2 0.6161616161616161 0.8071065989847716
116 0.002695800000000026 1 0 0.6262626262626263 0.8071065989847716
117 0.002948900000000032 0 0 0.6262626262626263 0.8071065989847716
118 0.0029261000000000426 1 2 0.6363636363636364 0.817258883248731
119 0.00300009999999995 0 0 0.6363636363636364 0.817258883248731
120 0.002834799999999915 0 0 0.6363636363636364 0.817258883248731
121 0.0026342999999999783 0 0 0.6363636363636364 0.817258883248731
122 0.0027863000000000193 1 0 0.6464646464646465 0.817258883248731
123 0.002938200000000002 1 1 0.6565656565656566 0.8223350253807107
124 0.002894000000000063 0 0 0.6565656565656566 0.8223350253807107
125 0.0028711000000000153 0 0 0.6565656565656566 0.8223350253807107
126 0.002885999999999944 0 0 0.6565656565656566 0.8223350253807107
127 0.0028943000000000163 0 0 0.6565656565656566 0.8223350253807107
128 0.0027607999999998967 1 1 0.6666666666666666 0.8274111675126904
129 0.004818200000000106 1 1 0.6767676767676768 0.8324873096446701
130 0.0029012999999999955 1 1 0.6868686868686869 0.8375634517766497
131 0.002732900000000038 0 1 0.6868686868686869 0.8426395939086294
132 0.0028951000000000393 1 0 0.696969696969697 0.8426395939086294
133 0.002811500000000078 1 2 0.7070707070707071 0.8527918781725888
134 0.0029015999999999487 0 0 0.7070707070707071 0.8527918781725888
135 0.0028526999999999303 1 1 0.7171717171717171 0.8578680203045685
136 0.0031565000000000065 0 0 0.7171717171717171 0.8578680203045685
137 0.003416100000000033 1 1 0.7272727272727273 0.8629441624365483
138 0.0030478999999999923 1 1 0.7373737373737373 0.868020304568528
139 0.00443210000000005 1 1 0.7474747474747475 0.8730964467005076
140 0.004192199999999979 0 0 0.7474747474747475 0.8730964467005076
141 0.004214200000000057 1 1 0.7575757575757576 0.8781725888324873
142 0.004059599999999941 1 0 0.7676767676767676 0.8781725888324873
143 0.0040759999999999685 1 1 0.7777777777777778 0.883248730964467
144 0.004112100000000063 1 0 0.7878787878787878 0.883248730964467
145 0.003719800000000051 1 2 0.797979797979798 0.8934010152284264
146 0.004320300000000055 0 0 0.797979797979798 0.8934010152284264
147 0.0031626999999999628 1 1 0.8080808080808081 0.8984771573604061
148 0.0029297999999999824 1 1 0.8181818181818182 0.9035532994923858
149 0.0031511000000000733 1 0 0.8282828282828283 0.9035532994923858
150 0.002846000000000015 0 0 0.8282828282828283 0.9035532994923858
151 0.002946500000000074 1 2 0.8383838383838383 0.9137055837563451
152 0.004498299999999955 0 1 0.8383838383838383 0.9187817258883249
153 0.003116400000000019 0 0 0.8383838383838383 0.9187817258883249
154 0.0031438999999999773 1 0 0.8484848484848485 0.9187817258883249
155 0.0029969999999999164 0 0 0.8484848484848485 0.9187817258883249
156 0.0030664000000000247 0 1 0.8484848484848485 0.9238578680203046
157 0.00302060000000004 1 0 0.8585858585858586 0.9238578680203046
158 0.003009999999999957 1 1 0.8686868686868687 0.9289340101522843
159 0.002876100000000048 0 1 0.8686868686868687 0.934010152284264
160 0.003168599999999966 1 1 0.8787878787878788 0.9390862944162437
161 0.0029757000000000255 0 0 0.8787878787878788 0.9390862944162437
162 0.0033699000000000368 0 0 0.8787878787878788 0.9390862944162437
163 0.003141699999999914 1 1 0.8888888888888888 0.9441624365482234
164 0.0031066999999999068 1 1 0.898989898989899 0.949238578680203
165 0.0030367999999999506 0 0 0.898989898989899 0.949238578680203
166 0.003128100000000078 0 0 0.898989898989899 0.949238578680203
167 0.003244899999999995 0 0 0.898989898989899 0.949238578680203
168 0.003289199999999992 1 0 0.9090909090909091 0.949238578680203
169 0.003032399999999935 1 2 0.9191919191919192 0.9593908629441624
170 0.0029463000000000683 1 1 0.9292929292929293 0.9644670050761421
171 0.003049200000000085 1 0 0.9393939393939394 0.9644670050761421
172 0.0030620999999999565 0 0 0.9393939393939394 0.9644670050761421
173 0.0032482000000000344 1 2 0.9494949494949495 0.9746192893401016
174 0.003034700000000057 1 0 0.9595959595959596 0.9746192893401016
175 0.0033311999999999786 0 1 0.9595959595959596 0.9796954314720813
176 0.003313200000000016 1 0 0.9696969696969697 0.9796954314720813
177 0.0034510999999999292 1 1 0.9797979797979798 0.9847715736040609
178 0.003437699999999988 1 0 0.98989898989899 0.9847715736040609
179 0.0033142999999999923 0 1 0.98989898989899 0.9898477157360406
180 0.003109999999999946 1 0 1.0 0.9898477157360406
181 0.0030887000000000553 0 1 1.0 0.9949238578680203
182 0.0033509000000000455 0 0 1.0 0.9949238578680203
183 0.0032540999999999265 0 1 1.0 1.0
