80 0.4 0.8
1 0.0016229999999999856 1 0 0.012658227848101266 0.5031847133757962
2 0.0017182999999999782 1 1 0.02531645569620253 0.5095541401273885
3 0.001700299999999988 0 0 0.02531645569620253 0.5095541401273885
4 0.0016813999999999996 1 1 0.0379746835443038 0.5159235668789809
5 0.0016291999999999973 0 0 0.0379746835443038 0.5159235668789809
6 0.0015585000000000182 0 0 0.0379746835443038 0.5159235668789809
7 0.0015622999999999887 1 1 0.05063291139240506 0.5222929936305732
8 0.0014730999999999772 0 0 0.05063291139240506 0.5222929936305732
9 0.001567800000000008 0 0 0.05063291139240506 0.5222929936305732
10 0.0015348000000000028 0 0 0.05063291139240506 0.5222929936305732
11 0.0015882000000000118 0 0 0.05063291139240506 0.5222929936305732
12 0.0016854000000000036 1 0 0.06329113924050633 0.5222929936305732
13 0.0015766000000000113 0 0 0.06329113924050633 0.5222929936305732
14 0.0019490999999999814 0 0 0.06329113924050633 0.5222929936305732
15 0.0018197000000000074 1 1 0.0759493670886076 0.5286624203821656
16 0.001678800000000008 0 1 0.0759493670886076 0.535031847133758
17 0.0015873000000000137 0 0 0.0759493670886076 0.535031847133758
18 0.0015586999999999962 1 0 0.08860759493670886 0.535031847133758
19 0.001657600000000009 1 2 0.10126582278481013 0.5477707006369427
20 0.0016857999999999873 0 0 0.10126582278481013 0.5477707006369427
21 0.001933199999999996 1 1 0.11392405063291139 0.554140127388535
22 0.0015823000000000087 1 1 0.12658227848101267 0.5605095541401274
23 0.0019565 0 0 0.12658227848101267 0.5605095541401274
24 0.0016851999999999978 1 1 0.13924050632911392 0.5668789808917197
25 0.0017230000000000023 1 0 0.1518987341772152 0.5668789808917197
26 0.0016192999999999902 0 0 0.1518987341772152 0.5668789808917197
27 0.001767799999999986 0 0 0.1518987341772152 0.5668789808917197
28 0.0016743999999999926 1 1 0.16455696202531644 0.5732484076433121
29 0.001797800000000016 1 2 0.17721518987341772 0.5859872611464968
30 0.0016692999999999847 1 1 0.189873417721519 0.5923566878980892
31 0.001775999999999972 1 0 0.20253164556962025 0.5923566878980892
32 0.0020265999999999895 0 0 0.20253164556962025 0.5923566878980892
33 0.0020408999999999566 1 1 0.21518987341772153 0.5987261146496815
34 0.001696199999999981 1 1 0.22784810126582278 0.6050955414012739
35 0.001750699999999994 0 0 0.22784810126582278 0.6050955414012739
36 0.00208259999999999 1 1 0.24050632911392406 0.6114649681528662
37 0.001857500000000012 0 1 0.24050632911392406 0.6178343949044586
38 0.001813800000000032 1 1 0.25316455696202533 0.6242038216560509
39 0.0016749000000000347 0 0 0.25316455696202533 0.6242038216560509
40 0.0018309000000000242 0 0 0.25316455696202533 0.6242038216560509
41 0.001736300000000024 0 0 0.25316455696202533 0.6242038216560509
42 0.0018105999999999955 0 0 0.25316455696202533 0.6242038216560509
43 0.0019117000000000162 1 1 0.26582278481012656 0.6305732484076433
44 0.0019165999999999905 1 1 0.27848101265822783 0.6369426751592356
45 0.0018431999999999893 0 0 0.27848101265822783 0.6369426751592356
46 0.002040099999999989 0 0 0.27848101265822783 0.6369426751592356
47 0.0018312999999999802 0 0 0.27848101265822783 0.6369426751592356
48 0.002044599999999952 1 1 0.2911392405063291 0.643312101910828
49 0.003538399999999997 0 0 0.2911392405063291 0.643312101910828
50 0.0018636999999999682 1 1 0.3037974683544304 0.6496815286624203
51 0.0017240000000000033 0 0 0.3037974683544304 0.6496815286624203
52 0.001915800000000023 1 1 0.31645569620253167 0.6560509554140127
53 0.0017628000000000088 0 0 0.31645569620253167 0.6560509554140127
54 0.0017484000000000388 0 0 0.31645569620253167 0.6560509554140127
55 0.0017645000000000022 0 0 0.31645569620253167 0.6560509554140127
56 0.0018863000000000074 1 0 0.3291139240506329 0.6560509554140127
57 0.0017407999999999868 0 0 0.3291139240506329 0.6560509554140127
58 0.001810199999999984 0 1 0.3291139240506329 0.6624203821656051
59 0.0018333000000000377 1 1 0.34177215189873417 0.6687898089171974
60 0.0017983999999999778 1 1 0.35443037974683544 0.6751592356687898
61 0.001963500000000007 0 0 0.35443037974683544 0.6751592356687898
62 0.001829499999999984 0 0 0.35443037974683544 0.6751592356687898
63 0.001880700000000013 0 0 0.35443037974683544 0.6751592356687898
64 0.0021627000000000174 0 0 0.35443037974683544 0.6751592356687898
65 0.001856599999999986 0 0 0.35443037974683544 0.6751592356687898
66 0.0020377999999999785 1 1 0.3670886075949367 0.6815286624203821
67 0.001834300000000011 1 1 0.379746835443038 0.6878980891719745
68 0.0019336000000000353 1 1 0.3924050632911392 0.6942675159235668
69 0.001937499999999981 0 0 0.3924050632911392 0.6942675159235668
70 0.0019447000000000214 1 1 0.4050632911392405 0.7006369426751592
71 0.0020599999999999508 0 0 0.4050632911392405 0.7006369426751592
72 0.0019263999999999948 0 0 0.4050632911392405 0.7006369426751592
73 0.0020176000000000083 1 1 0.4177215189873418 0.7070063694267515
74 0.0020399999999999863 1 0 0.43037974683544306 0.7070063694267515
75 0.0019507999999999748 1 1 0.4430379746835443 0.7133757961783439
76 0.0019741999999999815 0 0 0.4430379746835443 0.7133757961783439
77 0.0019530999999999854 1 2 0.45569620253164556 0.7261146496815286
78 0.0022092999999999696 0 0 0.45569620253164556 0.7261146496815286
79 0.0019215000000000204 0 0 0.45569620253164556 0.7261146496815286
80 0.002015900000000015 0 0 0.45569620253164556 0.7261146496815286
81 0.001974699999999996 0 0 0.45569620253164556 0.7261146496815286
82 0.0019852999999999676 1 0 0.46835443037974683 0.7261146496815286
83 0.0018981000000000137 0 0 0.46835443037974683 0.7261146496815286
84 0.0019347000000000114 0 0 0.46835443037974683 0.7261146496815286
85 0.002107899999999996 1 2 0.4810126582278481 0.7388535031847133
86 0.0020086999999999744 0 0 0.4810126582278481 0.7388535031847133
87 0.0020759999999999668 1 1 0.4936708860759494 0.7452229299363057
88 0.0020131999999999928 1 1 0.5063291139240507 0.7515923566878981
89 0.0020534000000000385 0 0 0.5063291139240507 0.7515923566878981
90 0.0020568999999999726 0 0 0.5063291139240507 0.7515923566878981
91 0.002321799999999985 0 0 0.5063291139240507 0.7515923566878981
92 0.0022333999999999965 1 0 0.5189873417721519 0.7515923566878981
93 0.0020878000000000285 0 0 0.5189873417721519 0.7515923566878981
94 0.0022442000000000295 1 1 0.5316455696202531 0.7579617834394905
95 0.0020286999999999944 0 0 0.5316455696202531 0.7579617834394905
96 0.0019495999999999958 0 0 0.5316455696202531 0.7579617834394905
97 0.002109500000000042 1 0 0.5443037974683544 0.7579617834394905
98 0.0020417999999999825 1 0 0.5569620253164557 0.7579617834394905
99 0.00205329999999998 1 1 0.569620253164557 0.7643312101910829
100 0.0021220000000000128 1 2 0.5822784810126582 0.7770700636942676
101 0.002047800000000044 0 1 0.5822784810126582 0.7834394904458599
102 0.0021127999999999703 0 1 0.5822784810126582 0.7898089171974523
103 0.0020630999999999844 1 1 0.5949367088607594 0.7961783439490446
104 0.0019509999999999805 1 1 0.6075949367088608 0.802547770700637
105 0.0021303000000000294 0 0 0.6075949367088608 0.802547770700637
106 0.0020570999999999784 0 0 0.6075949367088608 0.802547770700637
107 0.002078699999999989 0 0 0.6075949367088608 0.802547770700637
108 0.001979899999999979 1 0 0.620253164556962 0.802547770700637
109 0.002079300000000006 0 1 0.620253164556962 0.8089171974522293
110 0.002169399999999988 1 1 0.6329113924050633 0.8152866242038217
111 0.002164100000000002 1 0 0.6455696202531646 0.8152866242038217
112 0.0021417999999999715 0 0 0.6455696202531646 0.8152866242038217
113 0.0022273999999999905 0 1 0.6455696202531646 0.821656050955414
114 0.0020780000000000243 0 0 0.6455696202531646 0.821656050955414
115 0.0020720999999999656 1 1 0.6582278481012658 0.8280254777070064
116 0.0021482000000000445 1 1 0.6708860759493671 0.8343949044585988
117 0.0021558999999999884 0 0 0.6708860759493671 0.8343949044585988
118 0.002142900000000003 0 0 0.6708860759493671 0.8343949044585988
119 0.0021107999999999683 0 0 0.6708860759493671 0.8343949044585988
120 0.0020704000000000278 0 0 0.6708860759493671 0.8343949044585988
121 0.0022356000000000043 1 1 0.6835443037974683 0.8407643312101911
122 0.00215700000000002 0 0 0.6835443037974683 0.8407643312101911
123 0.0022041999999999895 1 0 0.6962025316455697 0.8407643312101911
124 0.0022022999999999904 0 1 0.6962025316455697 0.8471337579617835
125 0.002222999999999975 1 1 0.7088607594936709 0.8535031847133758
126 0.0021860000000000213 1 1 0.7215189873417721 0.8598726114649682
127 0.002229800000000004 0 0 0.7215189873417721 0.8598726114649682
128 0.0031644000000000116 0 0 0.7215189873417721 0.8598726114649682
129 0.003086000000000033 0 0 0.7215189873417721 0.8598726114649682
130 0.0030769999999999964 0 0 0.7215189873417721 0.8598726114649682
131 0.003048099999999998 0 0 0.7215189873417721 0.8598726114649682
132 0.0030407000000000073 0 0 0.7215189873417721 0.8598726114649682
133 0.003084399999999987 1 1 0.7341772151898734 0.8662420382165605
134 0.0023002999999999774 0 0 0.7341772151898734 0.8662420382165605
135 0.002339099999999983 1 1 0.7468354430379747 0.8726114649681529
136 0.0022987999999999897 1 0 0.759493670886076 0.8726114649681529
137 0.002359100000000003 0 1 0.759493670886076 0.8789808917197452
138 0.0023948000000000302 0 0 0.759493670886076 0.8789808917197452
139 0.00226580000000004 1 1 0.7721518987341772 0.8853503184713376
140 0.002500699999999967 1 1 0.7848101265822784 0.89171974522293
141 0.002446700000000024 0 0 0.7848101265822784 0.89171974522293
142 0.0025279999999999747 1 1 0.7974683544303798 0.8980891719745223
143 0.002646999999999955 0 0 0.7974683544303798 0.8980891719745223
144 0.0024343999999999477 1 0 0.810126582278481 0.8980891719745223
145 0.00225529999999996 0 1 0.810126582278481 0.9044585987261147
146 0.0024527999999999217 0 0 0.810126582278481 0.9044585987261147
147 0.0022512000000000087 0 0 0.810126582278481 0.9044585987261147
148 0.002267500000000089 1 1 0.8227848101265823 0.910828025477707
149 0.002314999999999956 1 1 0.8354430379746836 0.9171974522292994
150 0.0023303000000000074 0 0 0.8354430379746836 0.9171974522292994
151 0.0024135000000000684 1 1 0.8481012658227848 0.9235668789808917
152 0.0023339 0 0 0.8481012658227848 0.9235668789808917
153 0.00239849999999997 0 0 0.8481012658227848 0.9235668789808917
154 0.0027264000000000177 1 1 0.8607594936708861 0.9299363057324841
155 0.002531599999999967 0 0 0.8607594936708861 0.9299363057324841
156 0.002360299999999982 0 0 0.8607594936708861 0.9299363057324841
157 0.0026583000000000023 1 1 0.8734177215189873 0.9363057324840764
158 0.0024501000000000106 0 0 0.8734177215189873 0.9363057324840764
159 0.00235390000000002 0 0 0.8734177215189873 0.9363057324840764
160 0.0022157000000000426 0 0 0.8734177215189873 0.9363057324840764
161 0.002232099999999959 1 1 0.8860759493670886 0.9426751592356688
162 0.002682500000000032 1 1 0.8987341772151899 0.9490445859872612
163 0.002257700000000029 0 0 0.8987341772151899 0.9490445859872612
164 0.0023214999999999764 1 1 0.9113924050632911 0.9554140127388535
165 0.0023567999999999367 0 0 0.9113924050632911 0.9554140127388535
166 0.002514200000000022 1 1 0.9240506329113924 0.9617834394904459
167 0.0023286999999999614 0 0 0.9240506329113924 0.9617834394904459
168 0.0023583999999999827 1 0 0.9367088607594937 0.9617834394904459
169 0.0022497999999999685 0 0 0.9367088607594937 0.9617834394904459
170 0.00240410000000002 0 1 0.9367088607594937 0.9681528662420382
171 0.0034699000000000257 1 1 0.9493670886075949 0.9745222929936306
172 0.0035295000000000742 1 1 0.9620253164556962 0.9808917197452229
173 0.0025575999999999377 1 1 0.9746835443037974 0.9872611464968153
174 0.0027060999999999336 1 0 0.9873417721518988 0.9872611464968153
175 0.0025439999999999907 0 1 0.9873417721518988 0.9936305732484076
176 0.00264120000000001 1 1 1.0 1.0
