110 0.4 0.9
1 0.0024024000000000267 1 0 0.009174311926605505 0.5023041474654378
2 0.0022233999999999865 0 0 0.009174311926605505 0.5023041474654378
3 0.002307899999999974 0 0 0.009174311926605505 0.5023041474654378
4 0.0022212999999999816 0 0 0.009174311926605505 0.5023041474654378
5 0.002518699999999985 0 0 0.009174311926605505 0.5023041474654378
6 0.0024677999999999645 0 0 0.009174311926605505 0.5023041474654378
7 0.0022685000000000066 1 1 0.01834862385321101 0.5069124423963134
8 0.002799900000000022 0 0 0.01834862385321101 0.5069124423963134
9 0.0025399000000000393 0 0 0.01834862385321101 0.5069124423963134
10 0.0028146000000000004 1 1 0.027522935779816515 0.511520737327189
11 0.0024743000000000404 0 0 0.027522935779816515 0.511520737327189
12 0.0025502000000000025 0 0 0.027522935779816515 0.511520737327189
13 0.0025264000000000397 0 0 0.027522935779816515 0.511520737327189
14 0.0022114999999999774 1 1 0.03669724770642202 0.5161290322580645
15 0.0023579999999999712 1 0 0.045871559633027525 0.5161290322580645
16 0.0025562000000000085 0 1 0.045871559633027525 0.5207373271889401
17 0.002307500000000018 0 0 0.045871559633027525 0.5207373271889401
18 0.002568799999999982 0 0 0.045871559633027525 0.5207373271889401
19 0.0024065000000000336 0 0 0.045871559633027525 0.5207373271889401
20 0.004228900000000035 1 1 0.05504587155963303 0.5253456221198156
21 0.002247900000000025 0 0 0.05504587155963303 0.5253456221198156
22 0.003929700000000036 1 1 0.06422018348623854 0.5299539170506913
23 0.002354899999999993 0 0 0.06422018348623854 0.5299539170506913
24 0.002615499999999993 0 0 0.06422018348623854 0.5299539170506913
25 0.0023265999999999565 1 1 0.07339449541284404 0.5345622119815668
26 0.0034371000000000262 0 0 0.07339449541284404 0.5345622119815668
27 0.003322500000000006 0 0 0.07339449541284404 0.5345622119815668
28 0.0023374999999999924 0 0 0.07339449541284404 0.5345622119815668
29 0.002471700000000021 1 1 0.08256880733944955 0.5391705069124424
30 0.004034400000000049 0 0 0.08256880733944955 0.5391705069124424
31 0.0034838999999999842 0 0 0.08256880733944955 0.5391705069124424
32 0.0027008999999999506 0 0 0.08256880733944955 0.5391705069124424
33 0.002538499999999999 0 0 0.08256880733944955 0.5391705069124424
34 0.0023944000000000187 1 1 0.09174311926605505 0.543778801843318
35 0.00302009999999997 0 0 0.09174311926605505 0.543778801843318
36 0.002344899999999983 0 0 0.09174311926605505 0.543778801843318
37 0.003954100000000016 0 0 0.09174311926605505 0.543778801843318
38 0.0031592000000000287 0 0 0.09174311926605505 0.543778801843318
39 0.0032309000000000365 0 0 0.09174311926605505 0.543778801843318
40 0.003724800000000028 0 0 0.09174311926605505 0.543778801843318
41 0.0036491000000000162 1 1 0.10091743119266056 0.5483870967741935
42 0.003877799999999987 1 1 0.11009174311926606 0.5529953917050692
43 0.0023938000000000015 0 0 0.11009174311926606 0.5529953917050692
44 0.002259399999999967 0 0 0.11009174311926606 0.5529953917050692
45 0.003045100000000023 1 0 0.11926605504587157 0.5529953917050692
46 0.0024567999999999812 0 1 0.11926605504587157 0.5576036866359447
47 0.002757500000000024 0 0 0.11926605504587157 0.5576036866359447
48 0.0026244000000000267 0 0 0.11926605504587157 0.5576036866359447
49 0.0024280999999999886 1 0 0.12844036697247707 0.5576036866359447
50 0.0026680000000000037 0 0 0.12844036697247707 0.5576036866359447
51 0.002396100000000012 0 0 0.12844036697247707 0.5576036866359447
52 0.002541599999999977 1 1 0.13761467889908258 0.5622119815668203
53 0.0028494999999999493 0 0 0.13761467889908258 0.5622119815668203
54 0.0025985000000000036 0 1 0.13761467889908258 0.5668202764976958
55 0.005475400000000019 0 0 0.13761467889908258 0.5668202764976958
56 0.002580099999999974 1 1 0.14678899082568808 0.5714285714285714
57 0.00256609999999996 1 1 0.1559633027522936 0.576036866359447
58 0.003021999999999969 0 0 0.1559633027522936 0.576036866359447
59 0.0025108999999999826 1 1 0.1651376146788991 0.5806451612903226
60 0.002813800000000033 0 0 0.1651376146788991 0.5806451612903226
61 0.002566899999999983 1 1 0.1743119266055046 0.5852534562211982
62 0.0024635000000000074 1 0 0.1834862385321101 0.5852534562211982
63 0.0024838999999999833 0 0 0.1834862385321101 0.5852534562211982
64 0.0027660999999999936 1 1 0.1926605504587156 0.5898617511520737
65 0.0030284999999999895 0 0 0.1926605504587156 0.5898617511520737
66 0.0026418000000000275 0 0 0.1926605504587156 0.5898617511520737
67 0.0026500999999999886 0 1 0.1926605504587156 0.5944700460829493
68 0.0027561999999999864 1 1 0.2018348623853211 0.5990783410138248
69 0.002537400000000023 0 0 0.2018348623853211 0.5990783410138248
70 0.0030881999999999854 0 0 0.2018348623853211 0.5990783410138248
71 0.0024553999999999965 0 0 0.2018348623853211 0.5990783410138248
72 0.0042367999999999295 0 0 0.2018348623853211 0.5990783410138248
73 0.003526500000000099 0 0 0.2018348623853211 0.5990783410138248
74 0.0036746999999999197 1 0 0.21100917431192662 0.5990783410138248
75 0.0038080000000000336 1 1 0.22018348623853212 0.6036866359447005
76 0.0036036999999999875 0 0 0.22018348623853212 0.6036866359447005
77 0.00377559999999999 0 0 0.22018348623853212 0.6036866359447005
78 0.0036466000000000554 1 1 0.22935779816513763 0.6082949308755761
79 0.0045832000000000095 1 1 0.23853211009174313 0.6129032258064516
80 0.003500399999999959 0 0 0.23853211009174313 0.6129032258064516
81 0.0026481999999999895 1 0 0.24770642201834864 0.6129032258064516
82 0.0026938000000000795 1 2 0.25688073394495414 0.6221198156682027
83 0.0027589000000000086 0 0 0.25688073394495414 0.6221198156682027
84 0.0025853000000000126 1 1 0.26605504587155965 0.6267281105990783
85 0.00396759999999996 0 1 0.26605504587155965 0.631336405529954
86 0.0036937999999999693 0 0 0.26605504587155965 0.631336405529954
87 0.002737699999999954 0 0 0.26605504587155965 0.631336405529954
88 0.0034410000000000274 0 0 0.26605504587155965 0.631336405529954
89 0.003455800000000009 0 0 0.26605504587155965 0.631336405529954
90 0.004222100000000006 1 1 0.27522935779816515 0.6359447004608295
91 0.0027000000000000357 0 0 0.27522935779816515 0.6359447004608295
92 0.002782200000000068 0 0 0.27522935779816515 0.6359447004608295
93 0.0030097999999999514 0 0 0.27522935779816515 0.6359447004608295
94 0.0027424000000000337 0 0 0.27522935779816515 0.6359447004608295
95 0.002636899999999942 0 0 0.27522935779816515 0.6359447004608295
96 0.0025034000000000445 0 0 0.27522935779816515 0.6359447004608295
97 0.002686499999999925 0 0 0.27522935779816515 0.6359447004608295
98 0.002692099999999975 1 1 0.28440366972477066 0.6405529953917051
99 0.0039896000000000376 1 1 0.29357798165137616 0.6451612903225806
100 0.002813399999999966 1 1 0.30275229357798167 0.6497695852534562
101 0.002940100000000001 1 1 0.3119266055045872 0.6543778801843319
102 0.0026415999999999107 1 1 0.3211009174311927 0.6589861751152074
103 0.003994599999999959 0 0 0.3211009174311927 0.6589861751152074
104 0.002716099999999999 0 0 0.3211009174311927 0.6589861751152074
105 0.002749900000000083 1 1 0.3302752293577982 0.663594470046083
106 0.002642200000000039 0 0 0.3302752293577982 0.663594470046083
107 0.002527299999999899 0 0 0.3302752293577982 0.663594470046083
108 0.0029870999999999093 1 1 0.3394495412844037 0.6682027649769585
109 0.002827600000000041 0 0 0.3394495412844037 0.6682027649769585
110 0.0030500999999999445 1 1 0.3486238532110092 0.6728110599078341
111 0.0026393999999999584 0 0 0.3486238532110092 0.6728110599078341
112 0.0030535000000000423 0 0 0.3486238532110092 0.6728110599078341
113 0.0026743999999999657 0 0 0.3486238532110092 0.6728110599078341
114 0.0032819000000000598 0 0 0.3486238532110092 0.6728110599078341
115 0.0027322000000000735 0 0 0.3486238532110092 0.6728110599078341
116 0.0033287000000000733 1 1 0.3577981651376147 0.6774193548387096
117 0.0027473999999999554 1 1 0.3669724770642202 0.6820276497695853
118 0.0026407999999999987 1 1 0.3761467889908257 0.6866359447004609
119 0.0029584000000000277 1 1 0.3853211009174312 0.6912442396313364
120 0.003147000000000011 1 1 0.3944954128440367 0.695852534562212
121 0.0033389000000000335 1 1 0.4036697247706422 0.7004608294930875
122 0.002800399999999925 0 0 0.4036697247706422 0.7004608294930875
123 0.003006500000000023 1 1 0.41284403669724773 0.7050691244239631
124 0.00384859999999998 0 0 0.41284403669724773 0.7050691244239631
125 0.0033044999999999325 0 0 0.41284403669724773 0.7050691244239631
126 0.0036607000000000722 1 1 0.42201834862385323 0.7096774193548387
127 0.0034378000000000464 0 0 0.42201834862385323 0.7096774193548387
128 0.0029844999999999455 0 0 0.42201834862385323 0.7096774193548387
129 0.0028911999999999827 1 1 0.43119266055045874 0.7142857142857143
130 0.0029536000000000007 1 1 0.44036697247706424 0.7188940092165899
131 0.0028962000000000154 0 0 0.44036697247706424 0.7188940092165899
132 0.002930499999999947 0 0 0.44036697247706424 0.7188940092165899
133 0.0035799999999999166 1 1 0.44954128440366975 0.7235023041474654
134 0.0030626000000000264 0 0 0.44954128440366975 0.7235023041474654
135 0.0029926999999999593 0 0 0.44954128440366975 0.7235023041474654
136 0.004303700000000021 1 1 0.45871559633027525 0.728110599078341
137 0.0028252999999999195 0 0 0.45871559633027525 0.728110599078341
138 0.0037629000000000135 1 1 0.46788990825688076 0.7327188940092166
139 0.0029095000000000093 1 1 0.47706422018348627 0.7373271889400922
140 0.0034303999999999446 1 1 0.48623853211009177 0.7419354838709677
141 0.0028664000000000467 0 0 0.48623853211009177 0.7419354838709677
142 0.0033689999999999554 0 0 0.48623853211009177 0.7419354838709677
143 0.003879100000000024 0 0 0.48623853211009177 0.7419354838709677
144 0.003641499999999964 1 1 0.4954128440366973 0.7465437788018433
145 0.003195799999999971 0 0 0.4954128440366973 0.7465437788018433
146 0.0033642000000000394 0 0 0.4954128440366973 0.7465437788018433
147 0.0037517000000000245 1 1 0.5045871559633027 0.7511520737327189
148 0.003427300000000022 0 0 0.5045871559633027 0.7511520737327189
149 0.00319769999999997 1 1 0.5137614678899083 0.7557603686635944
150 0.0031394999999999618 1 1 0.5229357798165137 0.7603686635944701
151 0.0030295999999999657 0 0 0.5229357798165137 0.7603686635944701
152 0.0031676999999999955 0 0 0.5229357798165137 0.7603686635944701
153 0.003155300000000083 0 0 0.5229357798165137 0.7603686635944701
154 0.003300399999999981 1 1 0.5321100917431193 0.7649769585253456
155 0.0033891000000000338 1 1 0.5412844036697247 0.7695852534562212
156 0.00427450000000007 0 0 0.5412844036697247 0.7695852534562212
157 0.0033671000000000673 1 1 0.5504587155963303 0.7741935483870968
158 0.003058200000000011 1 1 0.5596330275229358 0.7788018433179723
159 0.0034265999999999464 1 1 0.5688073394495413 0.783410138248848
160 0.0031881999999999744 0 0 0.5688073394495413 0.783410138248848
161 0.0033009999999999984 0 0 0.5688073394495413 0.783410138248848
162 0.0029712000000000627 1 0 0.5779816513761468 0.783410138248848
163 0.0033781000000000505 1 1 0.5871559633027523 0.7880184331797235
164 0.003303300000000009 1 1 0.5963302752293578 0.7926267281105991
165 0.003821700000000039 0 0 0.5963302752293578 0.7926267281105991
166 0.0031723000000000168 0 0 0.5963302752293578 0.7926267281105991
167 0.0033807000000000142 0 0 0.5963302752293578 0.7926267281105991
168 0.0036072000000000326 0 1 0.5963302752293578 0.7972350230414746
169 0.003346999999999989 0 0 0.5963302752293578 0.7972350230414746
170 0.0030909000000000075 0 0 0.5963302752293578 0.7972350230414746
171 0.00319259999999999 0 0 0.5963302752293578 0.7972350230414746
172 0.003347299999999942 0 0 0.5963302752293578 0.7972350230414746
173 0.0032852999999999355 0 0 0.5963302752293578 0.7972350230414746
174 0.0036474000000000784 0 0 0.5963302752293578 0.7972350230414746
175 0.003087799999999974 1 0 0.6055045871559633 0.7972350230414746
176 0.0038603000000000387 0 0 0.6055045871559633 0.7972350230414746
177 0.00322840000000002 0 1 0.6055045871559633 0.8018433179723502
178 0.004180899999999932 0 0 0.6055045871559633 0.8018433179723502
179 0.0045368000000000075 1 1 0.6146788990825688 0.8064516129032258
180 0.0033206999999999542 1 1 0.6238532110091743 0.8110599078341014
181 0.0031898000000000204 0 0 0.6238532110091743 0.8110599078341014
182 0.003134499999999929 1 1 0.6330275229357798 0.815668202764977
183 0.00382630000000006 0 0 0.6330275229357798 0.815668202764977
184 0.004039800000000038 0 0 0.6330275229357798 0.815668202764977
185 0.0034037000000000095 1 1 0.6422018348623854 0.8202764976958525
186 0.003179599999999949 1 1 0.6513761467889908 0.8248847926267281
187 0.0035501000000000005 0 0 0.6513761467889908 0.8248847926267281
188 0.0037303000000000752 0 0 0.6513761467889908 0.8248847926267281
189 0.0033330999999999777 1 1 0.6605504587155964 0.8294930875576036
190 0.0033390999999999282 1 1 0.6697247706422018 0.8341013824884793
191 0.0029759000000000313 1 0 0.6788990825688074 0.8341013824884793
192 0.003310499999999994 0 1 0.6788990825688074 0.8387096774193549
193 0.0034022999999999692 1 1 0.6880733944954128 0.8433179723502304
194 0.003428399999999998 0 0 0.6880733944954128 0.8433179723502304
195 0.0033317000000000485 0 0 0.6880733944954128 0.8433179723502304
196 0.003328599999999904 0 0 0.6880733944954128 0.8433179723502304
197 0.003307799999999972 1 1 0.6972477064220184 0.847926267281106
198 0.003972100000000034 1 1 0.7064220183486238 0.8525345622119815
199 0.0053298999999999985 0 0 0.7064220183486238 0.8525345622119815
200 0.004438300000000006 1 0 0.7155963302752294 0.8525345622119815
201 0.0033562000000000314 0 1 0.7155963302752294 0.8571428571428571
202 0.003579800000000022 0 0 0.7155963302752294 0.8571428571428571
203 0.003665400000000041 1 1 0.7247706422018348 0.8617511520737328
204 0.003905500000000006 0 0 0.7247706422018348 0.8617511520737328
205 0.0031512000000000207 0 0 0.7247706422018348 0.8617511520737328
206 0.004559100000000038 0 0 0.7247706422018348 0.8617511520737328
207 0.003247800000000023 0 0 0.7247706422018348 0.8617511520737328
208 0.0034464000000000716 0 0 0.7247706422018348 0.8617511520737328
209 0.004459600000000119 0 0 0.7247706422018348 0.8617511520737328
210 0.004632200000000086 0 0 0.7247706422018348 0.8617511520737328
211 0.0046047999999998535 0 0 0.7247706422018348 0.8617511520737328
212 0.004891800000000002 1 1 0.7339449541284404 0.8663594470046083
213 0.0038069000000000575 1 1 0.7431192660550459 0.8709677419354839
214 0.0067606000000000055 1 1 0.7522935779816514 0.8755760368663594
215 0.003827800000000048 1 1 0.7614678899082569 0.880184331797235
216 0.0035136000000000056 1 1 0.7706422018348624 0.8847926267281107
217 0.003408599999999984 1 1 0.7798165137614679 0.8894009216589862
218 0.004787899999999956 1 1 0.7889908256880734 0.8940092165898618
219 0.004830899999999971 0 0 0.7889908256880734 0.8940092165898618
220 0.005967800000000079 1 1 0.7981651376146789 0.8986175115207373
221 0.0031227000000000338 0 0 0.7981651376146789 0.8986175115207373
222 0.003662499999999902 1 1 0.8073394495412844 0.9032258064516129
223 0.0038939000000000057 0 0 0.8073394495412844 0.9032258064516129
224 0.004706600000000005 1 0 0.8165137614678899 0.9032258064516129
225 0.003465199999999946 0 0 0.8165137614678899 0.9032258064516129
226 0.0035359000000001473 1 1 0.8256880733944955 0.9078341013824884
227 0.004059699999999999 1 1 0.8348623853211009 0.9124423963133641
228 0.0035332999999999615 0 0 0.8348623853211009 0.9124423963133641
229 0.0037365000000000315 0 0 0.8348623853211009 0.9124423963133641
230 0.00461709999999993 1 2 0.8440366972477065 0.9216589861751152
231 0.0034141000000000865 1 1 0.8532110091743119 0.9262672811059908
232 0.00339160000000005 1 1 0.8623853211009175 0.9308755760368663
233 0.00488770000000005 0 0 0.8623853211009175 0.9308755760368663
234 0.003988700000000067 0 0 0.8623853211009175 0.9308755760368663
235 0.0035150999999999932 0 0 0.8623853211009175 0.9308755760368663
236 0.003322799999999848 0 0 0.8623853211009175 0.9308755760368663
237 0.005571900000000074 1 1 0.8715596330275229 0.9354838709677419
238 0.004787399999999886 1 1 0.8807339449541285 0.9400921658986175
239 0.0035167000000000392 1 1 0.8899082568807339 0.9447004608294931
240 0.0037346999999998687 0 0 0.8899082568807339 0.9447004608294931
241 0.00334840000000014 1 1 0.8990825688073395 0.9493087557603687
242 0.004034300000000046 1 1 0.908256880733945 0.9539170506912442
243 0.0038225999999998983 0 0 0.908256880733945 0.9539170506912442
244 0.003548399999999896 1 0 0.9174311926605505 0.9539170506912442
245 0.0036788999999999294 0 0 0.9174311926605505 0.9539170506912442
246 0.006266800000000128 0 0 0.9174311926605505 0.9539170506912442
247 0.0037009999999999543 0 1 0.9174311926605505 0.9585253456221198
248 0.003876400000000002 1 1 0.926605504587156 0.9631336405529954
249 0.0035178999999998517 1 1 0.9357798165137615 0.967741935483871
250 0.0038242000000001664 0 0 0.9357798165137615 0.967741935483871
251 0.004839800000000061 1 1 0.944954128440367 0.9723502304147466
252 0.003683099999999939 1 1 0.9541284403669725 0.9769585253456221
253 0.0036114000000000424 1 1 0.963302752293578 0.9815668202764977
254 0.0038916999999998314 1 1 0.9724770642201835 0.9861751152073732
255 0.0035167000000000392 0 0 0.9724770642201835 0.9861751152073732
256 0.00643119999999997 1 1 0.981651376146789 0.9907834101382489
257 0.004678100000000018 1 1 0.9908256880733946 0.9953917050691244
258 0.004640200000000094 0 0 0.9908256880733946 0.9953917050691244
259 0.003939499999999985 0 0 0.9908256880733946 0.9953917050691244
260 0.006291400000000058 0 0 0.9908256880733946 0.9953917050691244
261 0.006971999999999978 0 0 0.9908256880733946 0.9953917050691244
262 0.004929000000000183 1 1 1.0 1.0
