190 1.0 1.0
1 0.003963099999999997 1 0 0.005291005291005291 0.5013262599469496
2 0.0038355999999999946 1 1 0.010582010582010581 0.5039787798408488
3 0.004261100000000018 1 1 0.015873015873015872 0.506631299734748
4 0.003860299999999983 1 1 0.021164021164021163 0.5092838196286472
5 0.004298600000000041 1 1 0.026455026455026454 0.5119363395225465
6 0.003958000000000017 1 1 0.031746031746031744 0.5145888594164456
7 0.003917899999999919 1 1 0.037037037037037035 0.5172413793103449
8 0.00391510000000006 1 1 0.042328042328042326 0.519893899204244
9 0.003950599999999915 1 1 0.047619047619047616 0.5225464190981433
10 0.00393930000000009 1 1 0.05291005291005291 0.5251989389920424
11 0.003959500000000005 1 1 0.0582010582010582 0.5278514588859416
12 0.004261500000000029 1 1 0.06349206349206349 0.5305039787798409
13 0.004160500000000011 1 1 0.06878306878306878 0.53315649867374
14 0.00459339999999997 1 1 0.07407407407407407 0.5358090185676393
15 0.0044544000000000805 1 1 0.07936507936507936 0.5384615384615384
16 0.004143900000000089 1 1 0.08465608465608465 0.5411140583554377
17 0.004163699999999992 1 1 0.08994708994708994 0.5437665782493368
18 0.004294699999999985 1 1 0.09523809523809523 0.5464190981432361
19 0.004147399999999912 1 1 0.10052910052910052 0.5490716180371353
20 0.004262100000000046 1 1 0.10582010582010581 0.5517241379310345
21 0.004299000000000053 1 1 0.1111111111111111 0.5543766578249337
22 0.0041831999999999425 1 1 0.1164021164021164 0.5570291777188329
23 0.004317500000000085 1 1 0.12169312169312169 0.5596816976127321
24 0.004422700000000002 1 1 0.12698412698412698 0.5623342175066313
25 0.004230000000000067 1 1 0.13227513227513227 0.5649867374005305
26 0.004431899999999933 1 1 0.13756613756613756 0.5676392572944297
27 0.004321099999999967 1 1 0.14285714285714285 0.5702917771883289
28 0.004298699999999989 1 1 0.14814814814814814 0.5729442970822282
29 0.004359299999999955 1 1 0.15343915343915343 0.5755968169761273
30 0.0045872000000000135 1 1 0.15873015873015872 0.5782493368700266
31 0.004503800000000058 1 1 0.164021164021164 0.5809018567639257
32 0.004938599999999904 1 1 0.1693121693121693 0.583554376657825
33 0.0044265 1 1 0.1746031746031746 0.5862068965517241
34 0.004658200000000057 1 1 0.17989417989417988 0.5888594164456233
35 0.004600300000000002 1 1 0.18518518518518517 0.5915119363395226
36 0.004875799999999986 1 1 0.19047619047619047 0.5941644562334217
37 0.004866900000000007 1 1 0.19576719576719576 0.596816976127321
38 0.004985699999999982 1 1 0.20105820105820105 0.5994694960212201
39 0.0046087999999999685 1 1 0.20634920634920634 0.6021220159151194
40 0.004678199999999966 1 1 0.21164021164021163 0.6047745358090185
41 0.004872499999999946 1 1 0.21693121693121692 0.6074270557029178
42 0.004675399999999996 1 1 0.2222222222222222 0.610079575596817
43 0.004596399999999945 1 1 0.2275132275132275 0.6127320954907162
44 0.0046751999999999905 1 1 0.2328042328042328 0.6153846153846154
45 0.004666500000000018 1 1 0.23809523809523808 0.6180371352785146
46 0.0052090999999999665 1 1 0.24338624338624337 0.6206896551724138
47 0.00471710000000003 1 1 0.24867724867724866 0.623342175066313
48 0.004834099999999952 1 1 0.25396825396825395 0.6259946949602122
49 0.005126999999999993 1 1 0.25925925925925924 0.6286472148541115
50 0.005318900000000015 1 1 0.26455026455026454 0.6312997347480106
51 0.005347900000000072 1 1 0.2698412698412698 0.6339522546419099
52 0.004865199999999903 1 1 0.2751322751322751 0.636604774535809
53 0.005216200000000004 1 1 0.2804232804232804 0.6392572944297082
54 0.005348999999999937 1 1 0.2857142857142857 0.6419098143236074
55 0.005361999999999978 1 1 0.291005291005291 0.6445623342175066
56 0.005386799999999914 1 1 0.2962962962962963 0.6472148541114059
57 0.005379400000000034 1 1 0.30158730158730157 0.649867374005305
58 0.005142100000000038 1 1 0.30687830687830686 0.6525198938992043
59 0.005479999999999929 1 1 0.31216931216931215 0.6551724137931034
60 0.00562320000000005 1 1 0.31746031746031744 0.6578249336870027
61 0.0051714999999999955 1 1 0.32275132275132273 0.6604774535809018
62 0.005096400000000001 1 1 0.328042328042328 0.6631299734748011
63 0.0051354999999999595 1 1 0.3333333333333333 0.6657824933687002
64 0.004937700000000045 1 1 0.3386243386243386 0.6684350132625995
65 0.005450199999999961 1 1 0.3439153439153439 0.6710875331564987
66 0.00497420000000004 1 1 0.3492063492063492 0.6737400530503979
67 0.004962300000000086 1 1 0.3544973544973545 0.6763925729442971
68 0.0050464000000000064 1 1 0.35978835978835977 0.6790450928381963
69 0.0050786999999999916 1 1 0.36507936507936506 0.6816976127320955
70 0.0055562999999999585 1 1 0.37037037037037035 0.6843501326259946
71 0.005750900000000003 1 1 0.37566137566137564 0.6870026525198939
72 0.005691400000000013 1 1 0.38095238095238093 0.6896551724137931
73 0.00515779999999999 1 1 0.3862433862433862 0.6923076923076923
74 0.0052067000000000085 1 1 0.3915343915343915 0.6949602122015915
75 0.005158099999999943 1 1 0.3968253968253968 0.6976127320954907
76 0.005260700000000007 1 1 0.4021164021164021 0.7002652519893899
77 0.005180399999999974 1 1 0.4074074074074074 0.7029177718832891
78 0.005253800000000086 1 1 0.4126984126984127 0.7055702917771883
79 0.005444599999999911 1 1 0.41798941798941797 0.7082228116710876
80 0.005209699999999984 1 1 0.42328042328042326 0.7108753315649867
81 0.005278799999999917 1 1 0.42857142857142855 0.713527851458886
82 0.0055579000000000045 1 1 0.43386243386243384 0.7161803713527851
83 0.005318299999999998 1 1 0.43915343915343913 0.7188328912466844
84 0.005362899999999948 1 1 0.4444444444444444 0.7214854111405835
85 0.005587899999999979 1 1 0.4497354497354497 0.7241379310344828
86 0.00555810000000001 1 1 0.455026455026455 0.726790450928382
87 0.005643600000000082 1 1 0.4603174603174603 0.7294429708222812
88 0.007733400000000001 1 1 0.4656084656084656 0.7320954907161804
89 0.007898700000000036 1 1 0.4708994708994709 0.7347480106100795
90 0.00787670000000007 1 1 0.47619047619047616 0.7374005305039788
91 0.005622200000000022 1 1 0.48148148148148145 0.7400530503978779
92 0.005490600000000012 1 1 0.48677248677248675 0.7427055702917772
93 0.00540419999999997 1 1 0.49206349206349204 0.7453580901856764
94 0.005411599999999961 1 1 0.4973544973544973 0.7480106100795756
95 0.005480399999999941 1 1 0.5026455026455027 0.7506631299734748
96 0.0055522999999999545 1 1 0.5079365079365079 0.753315649867374
97 0.005601399999999979 1 1 0.5132275132275133 0.7559681697612732
98 0.005614000000000008 1 1 0.5185185185185185 0.7586206896551724
99 0.005566100000000129 1 1 0.5238095238095238 0.7612732095490716
100 0.0056251000000000495 1 1 0.5291005291005291 0.7639257294429708
101 0.0057099000000000455 1 1 0.5343915343915344 0.76657824933687
102 0.0057139000000001605 1 1 0.5396825396825397 0.7692307692307693
103 0.005661700000000103 1 1 0.544973544973545 0.7718832891246684
104 0.005842099999999961 1 1 0.5502645502645502 0.7745358090185677
105 0.005694500000000158 1 1 0.5555555555555556 0.7771883289124668
106 0.005699000000000121 1 1 0.5608465608465608 0.7798408488063661
107 0.005767400000000089 1 1 0.5661375661375662 0.7824933687002652
108 0.005826300000000062 1 1 0.5714285714285714 0.7851458885941645
109 0.006120999999999821 1 1 0.5767195767195767 0.7877984084880637
110 0.005853399999999898 1 1 0.582010582010582 0.7904509283819628
111 0.005805199999999955 1 1 0.5873015873015873 0.7931034482758621
112 0.005782900000000035 1 1 0.5925925925925926 0.7957559681697612
113 0.00972060000000008 1 1 0.5978835978835979 0.7984084880636605
114 0.006147200000000019 1 1 0.6031746031746031 0.8010610079575596
115 0.005837399999999882 1 1 0.6084656084656085 0.8037135278514589
116 0.005898599999999865 1 1 0.6137566137566137 0.8063660477453581
117 0.005890300000000126 1 1 0.6190476190476191 0.8090185676392573
118 0.005848799999999876 1 1 0.6243386243386243 0.8116710875331565
119 0.0060503999999999 1 1 0.6296296296296297 0.8143236074270557
120 0.006040000000000045 1 1 0.6349206349206349 0.8169761273209549
121 0.0059770999999999574 1 1 0.6402116402116402 0.8196286472148541
122 0.00593940000000015 1 1 0.6455026455026455 0.8222811671087533
123 0.005993799999999938 1 1 0.6507936507936508 0.8249336870026526
124 0.0059082999999999775 1 1 0.656084656084656 0.8275862068965517
125 0.006011699999999953 1 1 0.6613756613756614 0.830238726790451
126 0.005994399999999844 1 1 0.6666666666666666 0.8328912466843501
127 0.006201299999999854 1 1 0.671957671957672 0.8355437665782494
128 0.006094799999999845 1 1 0.6772486772486772 0.8381962864721485
129 0.0060701999999999146 1 1 0.6825396825396826 0.8408488063660478
130 0.006572500000000092 1 1 0.6878306878306878 0.843501326259947
131 0.006380400000000064 1 1 0.6931216931216931 0.8461538461538461
132 0.006136999999999837 1 1 0.6984126984126984 0.8488063660477454
133 0.006372800000000067 1 1 0.7037037037037037 0.8514588859416445
134 0.006280000000000063 1 1 0.708994708994709 0.8541114058355438
135 0.008018400000000092 1 1 0.7142857142857143 0.8567639257294429
136 0.006937100000000029 1 1 0.7195767195767195 0.8594164456233422
137 0.006503600000000054 1 1 0.7248677248677249 0.8620689655172413
138 0.0067006000000000565 1 1 0.7301587301587301 0.8647214854111406
139 0.006379700000000099 1 1 0.7354497354497355 0.8673740053050398
140 0.006482699999999841 1 1 0.7407407407407407 0.870026525198939
141 0.006416899999999837 1 1 0.746031746031746 0.8726790450928382
142 0.006271299999999869 1 1 0.7513227513227513 0.8753315649867374
143 0.006496700000000022 1 1 0.7566137566137566 0.8779840848806366
144 0.00686959999999992 1 1 0.7619047619047619 0.8806366047745358
145 0.006368199999999824 1 1 0.7671957671957672 0.883289124668435
146 0.006311500000000025 1 1 0.7724867724867724 0.8859416445623343
147 0.0063813999999999815 1 1 0.7777777777777778 0.8885941644562334
148 0.0064429999999999765 1 1 0.783068783068783 0.8912466843501327
149 0.006585999999999981 1 1 0.7883597883597884 0.8938992042440318
150 0.009571099999999833 1 1 0.7936507936507936 0.896551724137931
151 0.006490000000000107 1 1 0.798941798941799 0.8992042440318302
152 0.007357599999999964 1 1 0.8042328042328042 0.9018567639257294
153 0.006563100000000155 1 1 0.8095238095238095 0.9045092838196287
154 0.0065725999999999285 1 1 0.8148148148148148 0.9071618037135278
155 0.00681889999999985 1 1 0.8201058201058201 0.9098143236074271
156 0.006590499999999944 1 1 0.8253968253968254 0.9124668435013262
157 0.006617300000000048 1 1 0.8306878306878307 0.9151193633952255
158 0.006512900000000155 1 1 0.8359788359788359 0.9177718832891246
159 0.006670600000000082 1 1 0.8412698412698413 0.9204244031830239
160 0.00663389999999997 1 1 0.8465608465608465 0.9230769230769231
161 0.006879100000000138 1 1 0.8518518518518519 0.9257294429708223
162 0.006780200000000125 1 1 0.8571428571428571 0.9283819628647215
163 0.006680200000000136 1 1 0.8624338624338624 0.9310344827586207
164 0.007093800000000039 1 1 0.8677248677248677 0.9336870026525199
165 0.006768500000000177 1 1 0.873015873015873 0.9363395225464191
166 0.0067645999999998985 1 1 0.8783068783068783 0.9389920424403183
167 0.006713600000000097 1 1 0.8835978835978836 0.9416445623342176
168 0.006838799999999923 1 1 0.8888888888888888 0.9442970822281167
169 0.006755599999999973 1 1 0.8941798941798942 0.946949602122016
170 0.007183099999999998 1 1 0.8994708994708994 0.9496021220159151
171 0.006800099999999976 1 1 0.9047619047619048 0.9522546419098143
172 0.00704349999999998 1 1 0.91005291005291 0.9549071618037135
173 0.006785999999999959 1 1 0.9153439153439153 0.9575596816976127
174 0.006868300000000049 1 1 0.9206349206349206 0.9602122015915119
175 0.00685200000000008 1 1 0.9259259259259259 0.9628647214854111
176 0.006909700000000019 1 1 0.9312169312169312 0.9655172413793104
177 0.0072342000000000795 1 1 0.9365079365079365 0.9681697612732095
178 0.007116700000000087 1 1 0.9417989417989417 0.9708222811671088
179 0.0072334000000000565 1 1 0.9470899470899471 0.9734748010610079
180 0.007059300000000102 1 1 0.9523809523809523 0.9761273209549072
181 0.007684999999999942 1 1 0.9576719576719577 0.9787798408488063
182 0.007401199999999886 1 1 0.9629629629629629 0.9814323607427056
183 0.007231600000000116 1 1 0.9682539682539683 0.9840848806366048
184 0.007404500000000036 1 1 0.9735449735449735 0.986737400530504
185 0.0070750000000001645 1 1 0.9788359788359788 0.9893899204244032
186 0.007234799999999986 1 1 0.9841269841269841 0.9920424403183024
187 0.007465000000000055 1 1 0.9894179894179894 0.9946949602122016
188 0.0072461999999999804 1 1 0.9947089947089947 0.9973474801061007
189 0.010540800000000017 1 1 1.0 1.0
