125 0.6 0.5
1 0.0033657999999999744 0 0 0.0 0.5020242914979757
2 0.003375000000000017 0 0 0.0 0.5020242914979757
3 0.003433799999999987 0 0 0.0 0.5020242914979757
4 0.0026773999999999964 1 0 0.008064516129032258 0.5020242914979757
5 0.0030992999999999715 1 1 0.016129032258064516 0.5060728744939271
6 0.0025844999999999896 0 0 0.016129032258064516 0.5060728744939271
7 0.0025612000000000412 1 1 0.024193548387096774 0.5101214574898786
8 0.003303400000000012 0 0 0.024193548387096774 0.5101214574898786
9 0.003071199999999996 0 0 0.024193548387096774 0.5101214574898786
10 0.002712900000000018 1 1 0.03225806451612903 0.5141700404858299
11 0.0025411000000000183 1 0 0.04032258064516129 0.5141700404858299
12 0.0034984000000000126 1 1 0.04838709677419355 0.5182186234817814
13 0.002461800000000014 0 0 0.04838709677419355 0.5182186234817814
14 0.0029058999999999613 0 0 0.04838709677419355 0.5182186234817814
15 0.002796700000000041 1 1 0.056451612903225805 0.5222672064777328
16 0.0035367000000000037 1 1 0.06451612903225806 0.5263157894736842
17 0.0026669000000000276 1 1 0.07258064516129033 0.5303643724696356
18 0.0030949000000000115 1 0 0.08064516129032258 0.5303643724696356
19 0.003006700000000029 1 2 0.08870967741935484 0.5384615384615384
20 0.0035340999999999845 1 0 0.0967741935483871 0.5384615384615384
21 0.0026257000000000086 1 1 0.10483870967741936 0.5425101214574899
22 0.0031000999999999945 0 1 0.10483870967741936 0.5465587044534413
23 0.003861200000000009 0 0 0.10483870967741936 0.5465587044534413
24 0.0035939000000000387 1 1 0.11290322580645161 0.5506072874493927
25 0.0025884999999999936 1 0 0.12096774193548387 0.5506072874493927
26 0.0034499000000000057 0 0 0.12096774193548387 0.5506072874493927
27 0.0026006000000000085 0 1 0.12096774193548387 0.5546558704453441
28 0.0033913000000000415 0 0 0.12096774193548387 0.5546558704453441
29 0.004503699999999999 1 0 0.12903225806451613 0.5546558704453441
30 0.0026639999999999997 0 0 0.12903225806451613 0.5546558704453441
31 0.00319330000000001 1 2 0.13709677419354838 0.562753036437247
32 0.003087300000000015 1 1 0.14516129032258066 0.5668016194331984
33 0.002706199999999992 0 0 0.14516129032258066 0.5668016194331984
34 0.003414000000000028 1 0 0.1532258064516129 0.5668016194331984
35 0.004370299999999994 1 2 0.16129032258064516 0.5748987854251012
36 0.003910699999999989 1 0 0.1693548387096774 0.5748987854251012
37 0.003467800000000021 1 1 0.1774193548387097 0.5789473684210527
38 0.00360290000000002 1 2 0.18548387096774194 0.5870445344129555
39 0.0027720999999999996 0 0 0.18548387096774194 0.5870445344129555
40 0.003022999999999998 1 1 0.1935483870967742 0.5910931174089069
41 0.003556099999999951 0 1 0.1935483870967742 0.5951417004048583
42 0.0034464999999999635 1 1 0.20161290322580644 0.5991902834008097
43 0.002823100000000023 1 0 0.20967741935483872 0.5991902834008097
44 0.003007099999999985 0 1 0.20967741935483872 0.6032388663967612
45 0.003116999999999981 0 0 0.20967741935483872 0.6032388663967612
46 0.0029908000000000157 0 0 0.20967741935483872 0.6032388663967612
47 0.0027878999999999543 0 0 0.20967741935483872 0.6032388663967612
48 0.004154700000000011 1 0 0.21774193548387097 0.6032388663967612
49 0.003831899999999999 1 1 0.22580645161290322 0.6072874493927125
50 0.0035719000000000167 0 1 0.22580645161290322 0.611336032388664
51 0.0032979999999999676 1 0 0.23387096774193547 0.611336032388664
52 0.002913199999999949 0 0 0.23387096774193547 0.611336032388664
53 0.002930099999999991 0 1 0.23387096774193547 0.6153846153846154
54 0.003895700000000002 1 0 0.24193548387096775 0.6153846153846154
55 0.003227599999999997 1 1 0.25 0.6194331983805668
56 0.002976899999999949 0 0 0.25 0.6194331983805668
57 0.0034307000000000087 1 1 0.25806451612903225 0.6234817813765182
58 0.002899600000000002 1 1 0.2661290322580645 0.6275303643724697
59 0.003118999999999983 1 0 0.27419354838709675 0.6275303643724697
60 0.0036308999999999925 1 2 0.28225806451612906 0.6356275303643725
61 0.003857699999999964 1 2 0.2903225806451613 0.6437246963562753
62 0.00322840000000002 1 1 0.29838709677419356 0.6477732793522267
63 0.003571800000000014 0 0 0.29838709677419356 0.6477732793522267
64 0.0033279999999999976 0 0 0.29838709677419356 0.6477732793522267
65 0.0043039999999999745 1 1 0.3064516129032258 0.6518218623481782
66 0.0032820999999999545 1 0 0.31451612903225806 0.6518218623481782
67 0.0035204999999999265 0 0 0.31451612903225806 0.6518218623481782
68 0.003183000000000047 1 2 0.3225806451612903 0.659919028340081
69 0.002896300000000074 0 0 0.3225806451612903 0.659919028340081
70 0.0033583999999999836 1 0 0.33064516129032256 0.659919028340081
71 0.003350999999999993 1 0 0.3387096774193548 0.659919028340081
72 0.00376120000000002 1 1 0.3467741935483871 0.6639676113360324
73 0.006670100000000012 1 0 0.3548387096774194 0.6639676113360324
74 0.003608399999999956 0 1 0.3548387096774194 0.6680161943319838
75 0.0035760000000000236 1 1 0.3629032258064516 0.6720647773279352
76 0.003290799999999927 0 2 0.3629032258064516 0.680161943319838
77 0.003026500000000043 1 1 0.3709677419354839 0.6842105263157895
78 0.0029665999999999304 1 0 0.3790322580645161 0.6842105263157895
79 0.0036207999999999796 1 1 0.3870967741935484 0.6882591093117408
80 0.005680200000000024 0 1 0.3870967741935484 0.6923076923076923
81 0.0035659000000000107 0 0 0.3870967741935484 0.6923076923076923
82 0.003542500000000004 1 1 0.3951612903225806 0.6963562753036437
83 0.003587600000000024 1 1 0.4032258064516129 0.7004048582995951
84 0.0034821000000000435 1 0 0.4112903225806452 0.7004048582995951
85 0.004019800000000018 1 1 0.41935483870967744 0.7044534412955465
86 0.003094800000000064 0 0 0.41935483870967744 0.7044534412955465
87 0.0047807999999999184 1 2 0.4274193548387097 0.7125506072874493
88 0.0039293000000000244 1 0 0.43548387096774194 0.7125506072874493
89 0.004474099999999925 1 1 0.4435483870967742 0.7165991902834008
90 0.004952300000000021 1 1 0.45161290322580644 0.7206477732793523
91 0.005149500000000029 1 0 0.4596774193548387 0.7206477732793523
92 0.0036649999999999183 1 2 0.46774193548387094 0.728744939271255
93 0.0031037000000000425 1 1 0.47580645161290325 0.7327935222672065
94 0.0037055999999999756 1 1 0.4838709677419355 0.7368421052631579
95 0.0037859000000000087 1 1 0.49193548387096775 0.7408906882591093
96 0.004810100000000039 1 1 0.5 0.7449392712550608
97 0.005595200000000022 1 0 0.5080645161290323 0.7449392712550608
98 0.004905500000000007 0 1 0.5080645161290323 0.7489878542510121
99 0.004252900000000004 1 2 0.5161290322580645 0.757085020242915
100 0.004253399999999963 1 0 0.5241935483870968 0.757085020242915
101 0.0050056000000000545 0 1 0.5241935483870968 0.7611336032388664
102 0.005194400000000043 1 1 0.532258064516129 0.7651821862348178
103 0.003558199999999956 0 0 0.532258064516129 0.7651821862348178
104 0.004205499999999973 1 0 0.5403225806451613 0.7651821862348178
105 0.0035778999999999117 1 0 0.5483870967741935 0.7651821862348178
106 0.003576400000000035 1 2 0.5564516129032258 0.7732793522267206
107 0.00380069999999999 0 0 0.5564516129032258 0.7732793522267206
108 0.0034450999999999787 1 0 0.5645161290322581 0.7732793522267206
109 0.003709399999999974 0 1 0.5645161290322581 0.7773279352226721
110 0.003682199999999969 0 1 0.5645161290322581 0.7813765182186235
111 0.0037627000000000077 0 0 0.5645161290322581 0.7813765182186235
112 0.0032278999999999503 0 0 0.5645161290322581 0.7813765182186235
113 0.004120699999999977 1 0 0.5725806451612904 0.7813765182186235
114 0.003594800000000009 0 0 0.5725806451612904 0.7813765182186235
115 0.0032631000000000743 0 0 0.5725806451612904 0.7813765182186235
116 0.004526599999999936 0 0 0.5725806451612904 0.7813765182186235
117 0.003774500000000014 1 0 0.5806451612903226 0.7813765182186235
118 0.003931899999999988 1 1 0.5887096774193549 0.7854251012145749
119 0.003946800000000028 0 1 0.5887096774193549 0.7894736842105263
120 0.005005499999999996 0 1 0.5887096774193549 0.7935222672064778
121 0.003956999999999988 1 0 0.5967741935483871 0.7935222672064778
122 0.004350199999999971 1 1 0.6048387096774194 0.7975708502024291
123 0.005376900000000018 1 1 0.6129032258064516 0.8016194331983806
124 0.004840100000000014 1 0 0.6209677419354839 0.8016194331983806
125 0.0034530000000000394 1 0 0.6290322580645161 0.8016194331983806
126 0.004445000000000032 1 2 0.6370967741935484 0.8097165991902834
127 0.0037403000000000297 0 2 0.6370967741935484 0.8178137651821862
128 0.004353799999999963 0 0 0.6370967741935484 0.8178137651821862
129 0.004842899999999983 0 0 0.6370967741935484 0.8178137651821862
130 0.003712700000000013 0 0 0.6370967741935484 0.8178137651821862
131 0.004319099999999909 0 0 0.6370967741935484 0.8178137651821862
132 0.003462799999999988 1 1 0.6451612903225806 0.8218623481781376
133 0.0034553999999999974 1 0 0.6532258064516129 0.8218623481781376
134 0.005043800000000043 1 2 0.6612903225806451 0.8299595141700404
135 0.005218000000000056 1 1 0.6693548387096774 0.8340080971659919
136 0.0037539000000000877 1 0 0.6774193548387096 0.8340080971659919
137 0.0041039999999999965 1 1 0.6854838709677419 0.8380566801619433
138 0.003957499999999947 1 1 0.6935483870967742 0.8421052631578947
139 0.004316300000000051 1 1 0.7016129032258065 0.8461538461538461
140 0.005307399999999962 1 1 0.7096774193548387 0.8502024291497976
141 0.00416609999999995 1 0 0.717741935483871 0.8502024291497976
142 0.004320199999999996 1 1 0.7258064516129032 0.854251012145749
143 0.0037521999999999833 1 1 0.7338709677419355 0.8582995951417004
144 0.004490800000000017 1 1 0.7419354838709677 0.8623481781376519
145 0.0037964999999999804 1 1 0.75 0.8663967611336032
146 0.004961199999999999 1 0 0.7580645161290323 0.8663967611336032
147 0.004460100000000078 1 1 0.7661290322580645 0.8704453441295547
148 0.003642499999999993 1 3 0.7741935483870968 0.8825910931174089
149 0.004304500000000044 0 0 0.7741935483870968 0.8825910931174089
150 0.0037644999999999484 1 2 0.782258064516129 0.8906882591093117
151 0.0036216000000000026 0 0 0.782258064516129 0.8906882591093117
152 0.004968199999999978 1 0 0.7903225806451613 0.8906882591093117
153 0.004015799999999903 0 0 0.7903225806451613 0.8906882591093117
154 0.005048199999999947 0 0 0.7903225806451613 0.8906882591093117
155 0.003983799999999982 0 1 0.7903225806451613 0.8947368421052632
156 0.004253099999999899 0 0 0.7903225806451613 0.8947368421052632
157 0.0040128000000000386 1 1 0.7983870967741935 0.8987854251012146
158 0.003959599999999952 0 0 0.7983870967741935 0.8987854251012146
159 0.0057211000000000345 0 0 0.7983870967741935 0.8987854251012146
160 0.005376999999999965 0 0 0.7983870967741935 0.8987854251012146
161 0.005160500000000012 1 1 0.8064516129032258 0.902834008097166
162 0.005202200000000046 1 0 0.8145161290322581 0.902834008097166
163 0.005558799999999975 0 1 0.8145161290322581 0.9068825910931174
164 0.005715099999999973 1 0 0.8225806451612904 0.9068825910931174
165 0.006279199999999929 1 2 0.8306451612903226 0.9149797570850202
166 0.00567760000000006 1 1 0.8387096774193549 0.9190283400809717
167 0.005587999999999926 0 0 0.8387096774193549 0.9190283400809717
168 0.0038529999999998843 0 0 0.8387096774193549 0.9190283400809717
169 0.004423500000000136 0 0 0.8387096774193549 0.9190283400809717
170 0.00443479999999985 0 0 0.8387096774193549 0.9190283400809717
171 0.003997199999999923 1 0 0.8467741935483871 0.9190283400809717
172 0.004597500000000032 0 1 0.8467741935483871 0.9230769230769231
173 0.005139800000000028 0 0 0.8467741935483871 0.9230769230769231
174 0.004287900000000011 0 0 0.8467741935483871 0.9230769230769231
175 0.004420900000000172 1 1 0.8548387096774194 0.9271255060728745
176 0.003938500000000067 1 1 0.8629032258064516 0.9311740890688259
177 0.003969400000000123 1 0 0.8709677419354839 0.9311740890688259
178 0.005288900000000041 0 1 0.8709677419354839 0.9352226720647774
179 0.004794200000000082 0 0 0.8709677419354839 0.9352226720647774
180 0.0063245999999999025 1 1 0.8790322580645161 0.9392712550607287
181 0.004315499999999917 1 0 0.8870967741935484 0.9392712550607287
182 0.004216100000000056 1 1 0.8951612903225806 0.9433198380566802
183 0.0037779000000000007 1 0 0.9032258064516129 0.9433198380566802
184 0.0049018999999999036 1 0 0.9112903225806451 0.9433198380566802
185 0.004491000000000023 1 3 0.9193548387096774 0.9554655870445344
186 0.004376300000000111 1 1 0.9274193548387096 0.9595141700404858
187 0.004767799999999989 1 1 0.9354838709677419 0.9635627530364372
188 0.004533299999999851 1 2 0.9435483870967742 0.97165991902834
189 0.004626100000000077 1 0 0.9516129032258065 0.97165991902834
190 0.005429700000000093 1 2 0.9596774193548387 0.979757085020243
191 0.005416199999999982 1 1 0.967741935483871 0.9838056680161943
192 0.003914599999999879 0 0 0.967741935483871 0.9838056680161943
193 0.004205199999999909 1 1 0.9758064516129032 0.9878542510121457
194 0.0043824000000001195 1 1 0.9838709677419355 0.9919028340080972
195 0.00445569999999984 0 0 0.9838709677419355 0.9919028340080972
196 0.006556800000000029 1 0 0.9919354838709677 0.9919028340080972
197 0.005937300000000034 0 1 0.9919354838709677 0.9959514170040485
198 0.006142900000000173 1 1 1.0 1.0
