80 0.5 0.8
1 0.001760600000000001 0 0 0.0 0.5031847133757962
2 0.001706000000000013 0 0 0.0 0.5031847133757962
3 0.0015118999999999827 0 0 0.0 0.5031847133757962
4 0.0015052999999999872 1 0 0.012658227848101266 0.5031847133757962
5 0.0019670000000000243 1 1 0.02531645569620253 0.5095541401273885
6 0.0016207000000000027 0 0 0.02531645569620253 0.5095541401273885
7 0.001586000000000004 0 0 0.02531645569620253 0.5095541401273885
8 0.0016009000000000162 1 0 0.0379746835443038 0.5095541401273885
9 0.0016036000000000106 1 1 0.05063291139240506 0.5159235668789809
10 0.0018492999999999982 0 0 0.05063291139240506 0.5159235668789809
11 0.0016291999999999973 0 1 0.05063291139240506 0.5222929936305732
12 0.0016106000000000176 0 0 0.05063291139240506 0.5222929936305732
13 0.0016947999999999963 1 0 0.06329113924050633 0.5222929936305732
14 0.0019087000000000132 1 1 0.0759493670886076 0.5286624203821656
15 0.0017843000000000164 1 2 0.08860759493670886 0.5414012738853503
16 0.0015415999999999763 1 1 0.10126582278481013 0.5477707006369427
17 0.0016766000000000003 0 0 0.10126582278481013 0.5477707006369427
18 0.0017080999999999902 0 0 0.10126582278481013 0.5477707006369427
19 0.0016815000000000024 1 0 0.11392405063291139 0.5477707006369427
20 0.0016846999999999834 0 1 0.11392405063291139 0.554140127388535
21 0.0016329000000000204 0 0 0.11392405063291139 0.554140127388535
22 0.0016473000000000182 1 0 0.12658227848101267 0.554140127388535
23 0.0018259000000000192 1 1 0.13924050632911392 0.5605095541401274
24 0.0016787000000000052 0 0 0.13924050632911392 0.5605095541401274
25 0.0017362999999999962 0 0 0.13924050632911392 0.5605095541401274
26 0.0017922999999999967 1 2 0.1518987341772152 0.5732484076433121
27 0.0017688000000000148 0 0 0.1518987341772152 0.5732484076433121
28 0.0018055000000000154 1 1 0.16455696202531644 0.5796178343949044
29 0.0017813000000000134 0 0 0.16455696202531644 0.5796178343949044
30 0.0017666999999999822 0 0 0.16455696202531644 0.5796178343949044
31 0.001732399999999995 0 0 0.16455696202531644 0.5796178343949044
32 0.0020033999999999885 1 1 0.17721518987341772 0.5859872611464968
33 0.0018072000000000088 0 0 0.17721518987341772 0.5859872611464968
34 0.0019165999999999905 1 1 0.189873417721519 0.5923566878980892
35 0.0017731999999999748 1 1 0.20253164556962025 0.5987261146496815
36 0.0016828999999999872 1 0 0.21518987341772153 0.5987261146496815
37 0.001949499999999993 1 1 0.22784810126582278 0.6050955414012739
38 0.0018854999999999844 1 1 0.24050632911392406 0.6114649681528662
39 0.0018733999999999695 1 2 0.25316455696202533 0.6242038216560509
40 0.0018228000000000133 1 1 0.26582278481012656 0.6305732484076433
41 0.0017454999999999554 0 0 0.26582278481012656 0.6305732484076433
42 0.0018983000000000194 1 1 0.27848101265822783 0.6369426751592356
43 0.0017995000000000094 1 1 0.2911392405063291 0.643312101910828
44 0.002048699999999959 1 1 0.3037974683544304 0.6496815286624203
45 0.001797900000000019 1 1 0.31645569620253167 0.6560509554140127
46 0.0018808999999999632 0 0 0.31645569620253167 0.6560509554140127
47 0.0021503000000000494 0 0 0.31645569620253167 0.6560509554140127
48 0.0019588999999999857 0 0 0.31645569620253167 0.6560509554140127
49 0.0018777000000000377 1 1 0.3291139240506329 0.6624203821656051
50 0.0020151999999999948 1 0 0.34177215189873417 0.6624203821656051
51 0.0019251999999999603 0 1 0.34177215189873417 0.6687898089171974
52 0.0018005999999999855 1 1 0.35443037974683544 0.6751592356687898
53 0.002492099999999997 1 1 0.3670886075949367 0.6815286624203821
54 0.002587999999999979 0 0 0.3670886075949367 0.6815286624203821
55 0.0019752000000000103 1 0 0.379746835443038 0.6815286624203821
56 0.0019106999999999874 0 1 0.379746835443038 0.6878980891719745
57 0.001862599999999992 0 0 0.379746835443038 0.6878980891719745
58 0.0018871999999999778 1 0 0.3924050632911392 0.6878980891719745
59 0.001992500000000008 1 1 0.4050632911392405 0.6942675159235668
60 0.002060300000000015 0 0 0.4050632911392405 0.6942675159235668
61 0.0019081000000000237 0 1 0.4050632911392405 0.7006369426751592
62 0.00198309999999996 1 1 0.4177215189873418 0.7070063694267515
63 0.002033700000000027 1 1 0.43037974683544306 0.7133757961783439
64 0.0019645000000000357 0 0 0.43037974683544306 0.7133757961783439
65 0.0019631999999999983 1 0 0.4430379746835443 0.7133757961783439
66 0.0020548000000000233 0 1 0.4430379746835443 0.7197452229299363
67 0.002105899999999994 1 1 0.45569620253164556 0.7261146496815286
68 0.0020333000000000157 1 1 0.46835443037974683 0.732484076433121
69 0.0019121000000000277 0 0 0.46835443037974683 0.732484076433121
70 0.00198870000000001 1 1 0.4810126582278481 0.7388535031847133
71 0.001945399999999986 0 0 0.4810126582278481 0.7388535031847133
72 0.0020827999999999958 0 0 0.4810126582278481 0.7388535031847133
73 0.0021074999999999844 0 0 0.4810126582278481 0.7388535031847133
74 0.002105799999999991 0 0 0.4810126582278481 0.7388535031847133
75 0.0019968000000000208 1 1 0.4936708860759494 0.7452229299363057
76 0.0019263999999999948 1 0 0.5063291139240507 0.7452229299363057
77 0.0019413000000000347 0 0 0.5063291139240507 0.7452229299363057
78 0.002157399999999976 1 2 0.5189873417721519 0.7579617834394905
79 0.0025523000000000073 0 0 0.5189873417721519 0.7579617834394905
80 0.0022153999999999785 1 1 0.5316455696202531 0.7643312101910829
81 0.002096899999999957 0 0 0.5316455696202531 0.7643312101910829
82 0.0021685000000000176 0 0 0.5316455696202531 0.7643312101910829
83 0.002080599999999988 0 0 0.5316455696202531 0.7643312101910829
84 0.0020783999999999803 1 1 0.5443037974683544 0.7707006369426752
85 0.00214700000000001 1 1 0.5569620253164557 0.7770700636942676
86 0.002537099999999959 1 1 0.569620253164557 0.7834394904458599
87 0.0021631999999999763 0 0 0.569620253164557 0.7834394904458599
88 0.00204329999999997 1 1 0.5822784810126582 0.7898089171974523
89 0.002204999999999957 1 1 0.5949367088607594 0.7961783439490446
90 0.0020590999999999804 1 1 0.6075949367088608 0.802547770700637
91 0.0022456000000000143 1 0 0.620253164556962 0.802547770700637
92 0.002132299999999976 1 2 0.6329113924050633 0.8152866242038217
93 0.002302599999999988 0 0 0.6329113924050633 0.8152866242038217
94 0.0021971000000000074 0 0 0.6329113924050633 0.8152866242038217
95 0.0021265999999999785 0 0 0.6329113924050633 0.8152866242038217
96 0.0021300000000000208 0 0 0.6329113924050633 0.8152866242038217
97 0.0021172999999999886 0 0 0.6329113924050633 0.8152866242038217
98 0.002208200000000049 0 0 0.6329113924050633 0.8152866242038217
99 0.0022539999999999782 1 1 0.6455696202531646 0.821656050955414
100 0.0022873000000000476 0 0 0.6455696202531646 0.821656050955414
101 0.00264559999999997 1 1 0.6582278481012658 0.8280254777070064
102 0.002359900000000026 0 0 0.6582278481012658 0.8280254777070064
103 0.0022240000000000038 0 0 0.6582278481012658 0.8280254777070064
104 0.0023072000000000092 1 1 0.6708860759493671 0.8343949044585988
105 0.002218299999999951 0 0 0.6708860759493671 0.8343949044585988
106 0.0033181999999999934 1 1 0.6835443037974683 0.8407643312101911
107 0.002257499999999968 1 1 0.6962025316455697 0.8471337579617835
108 0.0031020999999999965 0 0 0.6962025316455697 0.8471337579617835
109 0.0029901999999999984 0 0 0.6962025316455697 0.8471337579617835
110 0.003004400000000018 0 0 0.6962025316455697 0.8471337579617835
111 0.0032174999999999843 1 1 0.7088607594936709 0.8535031847133758
112 0.004054100000000005 1 1 0.7215189873417721 0.8598726114649682
113 0.002627299999999999 1 1 0.7341772151898734 0.8662420382165605
114 0.0023887000000000214 0 0 0.7341772151898734 0.8662420382165605
115 0.00241269999999999 1 1 0.7468354430379747 0.8726114649681529
116 0.0043216000000000365 1 0 0.759493670886076 0.8726114649681529
117 0.0026610000000000245 0 0 0.759493670886076 0.8726114649681529
118 0.0022738999999999954 0 1 0.759493670886076 0.8789808917197452
119 0.0024422000000000055 0 0 0.759493670886076 0.8789808917197452
120 0.0024339999999999917 1 1 0.7721518987341772 0.8853503184713376
121 0.002251100000000006 0 0 0.7721518987341772 0.8853503184713376
122 0.0023623999999999867 1 1 0.7848101265822784 0.89171974522293
123 0.0025420000000000442 0 0 0.7848101265822784 0.89171974522293
124 0.002344999999999986 1 1 0.7974683544303798 0.8980891719745223
125 0.0032827999999999746 0 0 0.7974683544303798 0.8980891719745223
126 0.0024431999999999787 0 0 0.7974683544303798 0.8980891719745223
127 0.002409300000000003 1 1 0.810126582278481 0.9044585987261147
128 0.0023355999999999932 0 0 0.810126582278481 0.9044585987261147
129 0.0024049999999999905 0 0 0.810126582278481 0.9044585987261147
130 0.0026221999999999634 0 0 0.810126582278481 0.9044585987261147
131 0.0023928999999999756 0 0 0.810126582278481 0.9044585987261147
132 0.0024845000000000006 1 1 0.8227848101265823 0.910828025477707
133 0.002480699999999947 0 0 0.8227848101265823 0.910828025477707
134 0.002331899999999998 0 0 0.8227848101265823 0.910828025477707
135 0.0023749000000000686 1 1 0.8354430379746836 0.9171974522292994
136 0.0025153999999999455 0 0 0.8354430379746836 0.9171974522292994
137 0.0024727999999999417 0 0 0.8354430379746836 0.9171974522292994
138 0.0028285000000000116 1 1 0.8481012658227848 0.9235668789808917
139 0.0024847999999999537 1 1 0.8607594936708861 0.9299363057324841
140 0.0025556999999999386 1 1 0.8734177215189873 0.9363057324840764
141 0.002306499999999989 1 1 0.8860759493670886 0.9426751592356688
142 0.002467300000000061 0 0 0.8860759493670886 0.9426751592356688
143 0.0026895999999999587 0 0 0.8860759493670886 0.9426751592356688
144 0.002352099999999968 0 0 0.8860759493670886 0.9426751592356688
145 0.0023805000000000076 1 0 0.8987341772151899 0.9426751592356688
146 0.0024545999999999735 0 0 0.8987341772151899 0.9426751592356688
147 0.002572600000000036 1 2 0.9113924050632911 0.9554140127388535
148 0.0026559999999999917 0 0 0.9113924050632911 0.9554140127388535
149 0.0028238999999999903 0 0 0.9113924050632911 0.9554140127388535
150 0.002492599999999956 1 1 0.9240506329113924 0.9617834394904459
151 0.002735299999999996 0 0 0.9240506329113924 0.9617834394904459
152 0.0026184000000000207 1 1 0.9367088607594937 0.9681528662420382
153 0.0024249999999998995 0 0 0.9367088607594937 0.9681528662420382
154 0.0026992000000000127 1 1 0.9493670886075949 0.9745222929936306
155 0.0027010000000000645 1 1 0.9620253164556962 0.9808917197452229
156 0.002595500000000084 1 0 0.9746835443037974 0.9808917197452229
157 0.002819800000000039 1 1 0.9873417721518988 0.9872611464968153
158 0.002748300000000037 0 1 0.9873417721518988 0.9936305732484076
159 0.0024505999999999695 1 1 1.0 1.0
