80 0.6 0.9
1 0.0016484999999999972 1 0 0.012658227848101266 0.5031847133757962
2 0.001765700000000009 1 1 0.02531645569620253 0.5095541401273885
3 0.0016575000000000062 0 0 0.02531645569620253 0.5095541401273885
4 0.0016764000000000223 0 0 0.02531645569620253 0.5095541401273885
5 0.0016088999999999964 0 0 0.02531645569620253 0.5095541401273885
6 0.0022719999999999962 1 1 0.0379746835443038 0.5159235668789809
7 0.002206700000000006 0 0 0.0379746835443038 0.5159235668789809
8 0.0017048999999999814 0 0 0.0379746835443038 0.5159235668789809
9 0.0016554000000000013 0 0 0.0379746835443038 0.5159235668789809
10 0.0017397999999999858 0 0 0.0379746835443038 0.5159235668789809
11 0.0016773999999999956 1 1 0.05063291139240506 0.5222929936305732
12 0.0020052999999999876 1 1 0.06329113924050633 0.5286624203821656
13 0.0019348999999999894 0 0 0.06329113924050633 0.5286624203821656
14 0.0017158999999999924 1 1 0.0759493670886076 0.535031847133758
15 0.0017326000000000008 0 0 0.0759493670886076 0.535031847133758
16 0.001824199999999998 1 1 0.08860759493670886 0.5414012738853503
17 0.0017789 0 0 0.08860759493670886 0.5414012738853503
18 0.001640699999999995 1 1 0.10126582278481013 0.5477707006369427
19 0.0018257999999999885 0 0 0.10126582278481013 0.5477707006369427
20 0.0017900000000000138 0 0 0.10126582278481013 0.5477707006369427
21 0.0016178000000000026 0 0 0.10126582278481013 0.5477707006369427
22 0.0016864000000000323 0 0 0.10126582278481013 0.5477707006369427
23 0.0018296999999999897 0 0 0.10126582278481013 0.5477707006369427
24 0.001749400000000012 1 1 0.11392405063291139 0.554140127388535
25 0.0016917000000000182 1 1 0.12658227848101267 0.5605095541401274
26 0.0022012000000000143 1 1 0.13924050632911392 0.5668789808917197
27 0.0017067999999999528 0 0 0.13924050632911392 0.5668789808917197
28 0.0016754999999999964 0 0 0.13924050632911392 0.5668789808917197
29 0.0017168999999999657 1 1 0.1518987341772152 0.5732484076433121
30 0.0019280999999999882 1 1 0.16455696202531644 0.5796178343949044
31 0.0017868000000000328 1 1 0.17721518987341772 0.5859872611464968
32 0.0018415999999999988 1 1 0.189873417721519 0.5923566878980892
33 0.001827100000000026 1 1 0.20253164556962025 0.5987261146496815
34 0.0019278999999999824 1 1 0.21518987341772153 0.6050955414012739
35 0.0024280000000000412 0 0 0.21518987341772153 0.6050955414012739
36 0.0025611999999999857 1 1 0.22784810126582278 0.6114649681528662
37 0.0018198999999999854 0 0 0.22784810126582278 0.6114649681528662
38 0.0018521999999999705 0 0 0.22784810126582278 0.6114649681528662
39 0.001805100000000004 0 0 0.22784810126582278 0.6114649681528662
40 0.001834200000000008 0 0 0.22784810126582278 0.6114649681528662
41 0.0018859999999999988 1 1 0.24050632911392406 0.6178343949044586
42 0.0019156000000000173 1 1 0.25316455696202533 0.6242038216560509
43 0.0018023000000000344 0 0 0.25316455696202533 0.6242038216560509
44 0.0019195000000000184 0 0 0.25316455696202533 0.6242038216560509
45 0.002001900000000001 1 1 0.26582278481012656 0.6305732484076433
46 0.0035308000000000006 1 1 0.27848101265822783 0.6369426751592356
47 0.003401399999999999 0 0 0.27848101265822783 0.6369426751592356
48 0.0021636999999999906 1 1 0.2911392405063291 0.643312101910828
49 0.0020304000000000433 1 1 0.3037974683544304 0.6496815286624203
50 0.002491000000000021 0 0 0.3037974683544304 0.6496815286624203
51 0.0019106999999999874 0 0 0.3037974683544304 0.6496815286624203
52 0.001875099999999963 1 1 0.31645569620253167 0.6560509554140127
53 0.0020770999999999984 1 1 0.3291139240506329 0.6624203821656051
54 0.0021990000000000065 0 0 0.3291139240506329 0.6624203821656051
55 0.0019291999999999643 1 1 0.34177215189873417 0.6687898089171974
56 0.00223650000000003 1 1 0.35443037974683544 0.6751592356687898
57 0.0021636999999999906 1 1 0.3670886075949367 0.6815286624203821
58 0.0019962000000000035 1 1 0.379746835443038 0.6878980891719745
59 0.002213400000000032 0 0 0.379746835443038 0.6878980891719745
60 0.002163700000000046 0 0 0.379746835443038 0.6878980891719745
61 0.001935800000000043 0 0 0.379746835443038 0.6878980891719745
62 0.0021004000000000023 1 1 0.3924050632911392 0.6942675159235668
63 0.0021755999999999998 0 0 0.3924050632911392 0.6942675159235668
64 0.002171299999999987 0 0 0.3924050632911392 0.6942675159235668
65 0.0026823999999999737 1 1 0.4050632911392405 0.7006369426751592
66 0.0028477000000000086 0 0 0.4050632911392405 0.7006369426751592
67 0.002160200000000001 1 0 0.4177215189873418 0.7006369426751592
68 0.0021545000000000036 1 1 0.43037974683544306 0.7070063694267515
69 0.0019258999999999804 1 0 0.4430379746835443 0.7070063694267515
70 0.0024743000000000404 0 1 0.4430379746835443 0.7133757961783439
71 0.0022254999999999914 0 1 0.4430379746835443 0.7197452229299363
72 0.0021414000000000155 1 1 0.45569620253164556 0.7261146496815286
73 0.0024009999999999865 0 0 0.45569620253164556 0.7261146496815286
74 0.002141000000000004 0 0 0.45569620253164556 0.7261146496815286
75 0.0020316999999999696 0 0 0.45569620253164556 0.7261146496815286
76 0.002140199999999981 0 0 0.45569620253164556 0.7261146496815286
77 0.0022518999999999734 0 0 0.45569620253164556 0.7261146496815286
78 0.0021425999999999945 1 1 0.46835443037974683 0.732484076433121
79 0.0020627999999999758 1 1 0.4810126582278481 0.7388535031847133
80 0.002109799999999995 0 0 0.4810126582278481 0.7388535031847133
81 0.002127499999999949 0 0 0.4810126582278481 0.7388535031847133
82 0.002421899999999977 1 1 0.4936708860759494 0.7452229299363057
83 0.002968599999999988 0 0 0.4936708860759494 0.7452229299363057
84 0.003063000000000038 1 1 0.5063291139240507 0.7515923566878981
85 0.0030982999999999983 1 1 0.5189873417721519 0.7579617834394905
86 0.0030715000000000048 1 1 0.5316455696202531 0.7643312101910829
87 0.00270980000000004 0 0 0.5316455696202531 0.7643312101910829
88 0.0025322999999999873 1 1 0.5443037974683544 0.7707006369426752
89 0.004216200000000003 0 0 0.5443037974683544 0.7707006369426752
90 0.0023253999999999775 1 1 0.5569620253164557 0.7770700636942676
91 0.002898500000000026 1 1 0.569620253164557 0.7834394904458599
92 0.0021814 1 0 0.5822784810126582 0.7834394904458599
93 0.0021464999999999956 0 0 0.5822784810126582 0.7834394904458599
94 0.0024927000000000143 1 1 0.5949367088607594 0.7898089171974523
95 0.0022777999999999965 0 1 0.5949367088607594 0.7961783439490446
96 0.0024414999999999853 1 1 0.6075949367088608 0.802547770700637
97 0.0022706000000000115 1 1 0.620253164556962 0.8089171974522293
98 0.002268099999999995 1 1 0.6329113924050633 0.8152866242038217
99 0.0023405999999999705 1 0 0.6455696202531646 0.8152866242038217
100 0.002438899999999966 1 2 0.6582278481012658 0.8280254777070064
101 0.002369100000000013 1 0 0.6708860759493671 0.8280254777070064
102 0.002728200000000014 0 0 0.6708860759493671 0.8280254777070064
103 0.0023062999999999834 1 2 0.6835443037974683 0.8407643312101911
104 0.0023504000000000302 0 0 0.6835443037974683 0.8407643312101911
105 0.0025814000000000115 1 1 0.6962025316455697 0.8471337579617835
106 0.002518699999999985 0 0 0.6962025316455697 0.8471337579617835
107 0.002553300000000036 1 1 0.7088607594936709 0.8535031847133758
108 0.0024060000000000192 0 0 0.7088607594936709 0.8535031847133758
109 0.0026158000000000015 1 1 0.7215189873417721 0.8598726114649682
110 0.002591100000000013 1 1 0.7341772151898734 0.8662420382165605
111 0.002548400000000006 1 1 0.7468354430379747 0.8726114649681529
112 0.002708199999999994 1 1 0.759493670886076 0.8789808917197452
113 0.0024693000000000076 1 1 0.7721518987341772 0.8853503184713376
114 0.0029086999999999863 1 1 0.7848101265822784 0.89171974522293
115 0.0024664000000000352 0 0 0.7848101265822784 0.89171974522293
116 0.0024026000000000325 1 1 0.7974683544303798 0.8980891719745223
117 0.0025700000000000167 1 1 0.810126582278481 0.9044585987261147
118 0.0024044000000000287 1 1 0.8227848101265823 0.910828025477707
119 0.0033176999999999235 0 0 0.8227848101265823 0.910828025477707
120 0.0030111999999999917 0 0 0.8227848101265823 0.910828025477707
121 0.0024996000000000462 1 1 0.8354430379746836 0.9171974522292994
122 0.002509099999999931 1 1 0.8481012658227848 0.9235668789808917
123 0.002622799999999925 1 1 0.8607594936708861 0.9299363057324841
124 0.00266909999999998 1 1 0.8734177215189873 0.9363057324840764
125 0.002579299999999951 0 0 0.8734177215189873 0.9363057324840764
126 0.0029806 0 0 0.8734177215189873 0.9363057324840764
127 0.002787300000000048 1 1 0.8860759493670886 0.9426751592356688
128 0.0026398999999999173 0 0 0.8860759493670886 0.9426751592356688
129 0.00392389999999998 0 0 0.8860759493670886 0.9426751592356688
130 0.002703000000000011 1 1 0.8987341772151899 0.9490445859872612
131 0.0027757000000000476 0 0 0.8987341772151899 0.9490445859872612
132 0.0026897999999999644 0 0 0.8987341772151899 0.9490445859872612
133 0.002739000000000047 1 1 0.9113924050632911 0.9554140127388535
134 0.0029574999999999463 1 1 0.9240506329113924 0.9617834394904459
135 0.0027128000000000707 1 1 0.9367088607594937 0.9681528662420382
136 0.0025439000000000433 0 0 0.9367088607594937 0.9681528662420382
137 0.002856399999999981 0 0 0.9367088607594937 0.9681528662420382
138 0.002577900000000022 1 0 0.9493670886075949 0.9681528662420382
139 0.00281880000000001 1 2 0.9620253164556962 0.9808917197452229
140 0.002723000000000031 0 0 0.9620253164556962 0.9808917197452229
141 0.0028357000000001076 0 0 0.9620253164556962 0.9808917197452229
142 0.002646499999999996 0 0 0.9620253164556962 0.9808917197452229
143 0.003170000000000006 1 1 0.9746835443037974 0.9872611464968153
144 0.003238999999999992 0 0 0.9746835443037974 0.9872611464968153
145 0.003167800000000054 1 0 0.9873417721518988 0.9872611464968153
146 0.002879799999999988 1 1 1.0 0.9936305732484076
147 0.002781999999999951 0 1 1.0 1.0
