25 0.7 0.7
1 0.0007491000000000025 0 0 0.0 0.5106382978723404
2 0.0006139000000000006 1 0 0.041666666666666664 0.5106382978723404
3 0.0006374999999999853 1 1 0.08333333333333333 0.5319148936170213
4 0.0005837999999999954 1 0 0.125 0.5319148936170213
5 0.0005307999999999979 1 0 0.16666666666666666 0.5319148936170213
6 0.0005703999999999987 1 2 0.20833333333333334 0.574468085106383
7 0.0006062000000000012 1 0 0.25 0.574468085106383
8 0.0007761999999999769 1 2 0.2916666666666667 0.6170212765957447
9 0.0007864999999999955 1 1 0.3333333333333333 0.6382978723404256
10 0.0007736999999999883 1 0 0.375 0.6382978723404256
11 0.0008048999999999973 1 2 0.4166666666666667 0.6808510638297872
12 0.001040299999999994 1 1 0.4583333333333333 0.7021276595744681
13 0.0008970000000000089 0 0 0.4583333333333333 0.7021276595744681
14 0.0010621000000000103 0 0 0.4583333333333333 0.7021276595744681
15 0.000872500000000026 1 1 0.5 0.723404255319149
16 0.0007504000000000122 0 0 0.5 0.723404255319149
17 0.000728499999999993 0 1 0.5 0.7446808510638298
18 0.0006744999999999945 1 1 0.5416666666666666 0.7659574468085106
19 0.0007894999999999985 1 0 0.5833333333333334 0.7659574468085106
20 0.0008017999999999914 1 0 0.625 0.7659574468085106
21 0.0011981000000000075 0 2 0.625 0.8085106382978723
22 0.0012048000000000059 1 1 0.6666666666666666 0.8297872340425532
23 0.001619499999999996 1 1 0.7083333333333334 0.851063829787234
24 0.0010999999999999899 1 1 0.75 0.8723404255319149
25 0.0008657999999999999 1 1 0.7916666666666666 0.8936170212765957
26 0.0008380000000000054 0 0 0.7916666666666666 0.8936170212765957
27 0.0011275000000000035 1 1 0.8333333333333334 0.9148936170212766
28 0.0009155000000000135 0 0 0.8333333333333334 0.9148936170212766
29 0.0008752999999999955 1 1 0.875 0.9361702127659575
30 0.0007852000000000137 1 1 0.9166666666666666 0.9574468085106383
31 0.0009400999999999993 1 1 0.9583333333333334 0.9787234042553191
32 0.000802299999999978 0 0 0.9583333333333334 0.9787234042553191
33 0.0008133000000000168 1 1 1.0 1.0
