80 0.7 0.7
1 0.001550899999999994 0 0 0.0 0.5031847133757962
2 0.0016057999999999906 1 0 0.012658227848101266 0.5031847133757962
3 0.0016240999999999894 1 1 0.02531645569620253 0.5095541401273885
4 0.00150030000000001 0 0 0.02531645569620253 0.5095541401273885
5 0.0015091000000000132 1 0 0.0379746835443038 0.5095541401273885
6 0.0015987999999999836 1 2 0.05063291139240506 0.5222929936305732
7 0.0018238999999999894 1 1 0.06329113924050633 0.5286624203821656
8 0.001676999999999984 1 1 0.0759493670886076 0.535031847133758
9 0.0016067999999999916 1 1 0.08860759493670886 0.5414012738853503
10 0.0017271999999999843 1 1 0.10126582278481013 0.5477707006369427
11 0.0019084000000000045 1 1 0.11392405063291139 0.554140127388535
12 0.001782900000000004 1 1 0.12658227848101267 0.5605095541401274
13 0.0017392999999999992 1 0 0.13924050632911392 0.5605095541401274
14 0.0018050999999999762 1 2 0.1518987341772152 0.5732484076433121
15 0.001950399999999991 1 1 0.16455696202531644 0.5796178343949044
16 0.0018309000000000242 1 1 0.17721518987341772 0.5859872611464968
17 0.001635400000000009 0 0 0.17721518987341772 0.5859872611464968
18 0.0017036999999999747 1 1 0.189873417721519 0.5923566878980892
19 0.0017781000000000047 1 1 0.20253164556962025 0.5987261146496815
20 0.0017579000000000067 1 1 0.21518987341772153 0.6050955414012739
21 0.001723300000000011 1 1 0.22784810126582278 0.6114649681528662
22 0.001738500000000004 1 1 0.24050632911392406 0.6178343949044586
23 0.0020984000000000003 1 1 0.25316455696202533 0.6242038216560509
24 0.001789900000000011 1 1 0.26582278481012656 0.6305732484076433
25 0.0018279000000000212 1 0 0.27848101265822783 0.6305732484076433
26 0.0019888000000000128 1 1 0.2911392405063291 0.6369426751592356
27 0.0019367000000000134 1 1 0.3037974683544304 0.643312101910828
28 0.0018296999999999897 1 2 0.31645569620253167 0.6560509554140127
29 0.0017818 1 0 0.3291139240506329 0.6560509554140127
30 0.001993699999999987 0 0 0.3291139240506329 0.6560509554140127
31 0.001905800000000013 0 1 0.3291139240506329 0.6624203821656051
32 0.0018020000000000258 1 1 0.34177215189873417 0.6687898089171974
33 0.002015099999999992 1 0 0.35443037974683544 0.6687898089171974
34 0.0019760000000000333 1 2 0.3670886075949367 0.6815286624203821
35 0.0020819999999999728 1 0 0.379746835443038 0.6815286624203821
36 0.0020766000000000395 0 0 0.379746835443038 0.6815286624203821
37 0.0018680999999999837 0 0 0.379746835443038 0.6815286624203821
38 0.0019081000000000237 1 1 0.3924050632911392 0.6878980891719745
39 0.002119800000000005 0 0 0.3924050632911392 0.6878980891719745
40 0.0019477999999999995 1 0 0.4050632911392405 0.6878980891719745
41 0.001967400000000008 1 1 0.4177215189873418 0.6942675159235668
42 0.00219140000000001 1 1 0.43037974683544306 0.7006369426751592
43 0.0022440000000000238 1 2 0.4430379746835443 0.7133757961783439
44 0.0022890999999999884 1 1 0.45569620253164556 0.7197452229299363
45 0.0020477999999999885 1 2 0.46835443037974683 0.732484076433121
46 0.0021070000000000255 1 1 0.4810126582278481 0.7388535031847133
47 0.0021556999999999826 1 1 0.4936708860759494 0.7452229299363057
48 0.0021712000000000398 1 1 0.5063291139240507 0.7515923566878981
49 0.002183400000000002 0 0 0.5063291139240507 0.7515923566878981
50 0.0022796999999999956 0 0 0.5063291139240507 0.7515923566878981
51 0.002094200000000046 1 1 0.5189873417721519 0.7579617834394905
52 0.0021636999999999906 1 0 0.5316455696202531 0.7579617834394905
53 0.0021448000000000023 0 0 0.5316455696202531 0.7579617834394905
54 0.00219069999999999 0 1 0.5316455696202531 0.7643312101910829
55 0.0023172000000000192 1 1 0.5443037974683544 0.7707006369426752
56 0.0022959999999999647 0 0 0.5443037974683544 0.7707006369426752
57 0.0022459999999999702 1 0 0.5569620253164557 0.7707006369426752
58 0.0022446999999999884 0 0 0.5569620253164557 0.7707006369426752
59 0.002285000000000037 1 1 0.569620253164557 0.7770700636942676
60 0.0022131000000000234 0 0 0.569620253164557 0.7770700636942676
61 0.0024208000000000007 1 2 0.5822784810126582 0.7898089171974523
62 0.0022255999999999942 1 1 0.5949367088607594 0.7961783439490446
63 0.0022791999999999812 1 1 0.6075949367088608 0.802547770700637
64 0.0022235999999999922 0 0 0.6075949367088608 0.802547770700637
65 0.0022702 1 1 0.620253164556962 0.8089171974522293
66 0.002273299999999978 1 0 0.6329113924050633 0.8089171974522293
67 0.0022880000000000122 1 2 0.6455696202531646 0.821656050955414
68 0.002500300000000011 1 1 0.6582278481012658 0.8280254777070064
69 0.002614200000000011 0 0 0.6582278481012658 0.8280254777070064
70 0.0024027999999999827 0 0 0.6582278481012658 0.8280254777070064
71 0.0024148999999999976 1 1 0.6708860759493671 0.8343949044585988
72 0.0022472000000000047 1 1 0.6835443037974683 0.8407643312101911
73 0.0022614000000000245 0 0 0.6835443037974683 0.8407643312101911
74 0.00236409999999998 0 0 0.6835443037974683 0.8407643312101911
75 0.0025058000000000025 0 0 0.6835443037974683 0.8407643312101911
76 0.0023394999999999944 1 1 0.6962025316455697 0.8471337579617835
77 0.002419400000000016 1 0 0.7088607594936709 0.8471337579617835
78 0.0023112000000000132 1 2 0.7215189873417721 0.8598726114649682
79 0.0023747000000000074 0 0 0.7215189873417721 0.8598726114649682
80 0.002365499999999965 1 0 0.7341772151898734 0.8598726114649682
81 0.003134899999999996 1 2 0.7468354430379747 0.8726114649681529
82 0.0034684999999999855 1 0 0.759493670886076 0.8726114649681529
83 0.003241999999999967 0 0 0.759493670886076 0.8726114649681529
84 0.0031927999999999956 0 0 0.759493670886076 0.8726114649681529
85 0.003361000000000003 0 1 0.759493670886076 0.8789808917197452
86 0.0024588000000000387 0 0 0.759493670886076 0.8789808917197452
87 0.002317300000000022 1 1 0.7721518987341772 0.8853503184713376
88 0.0024251000000000134 1 1 0.7848101265822784 0.89171974522293
89 0.0025546999999999653 1 1 0.7974683544303798 0.8980891719745223
90 0.00259539999999997 1 1 0.810126582278481 0.9044585987261147
91 0.002494099999999999 0 0 0.810126582278481 0.9044585987261147
92 0.0024173999999999585 1 0 0.8227848101265823 0.9044585987261147
93 0.0024182999999999844 1 1 0.8354430379746836 0.910828025477707
94 0.002530200000000038 1 1 0.8481012658227848 0.9171974522292994
95 0.0025714000000000015 1 1 0.8607594936708861 0.9235668789808917
96 0.0025644999999999696 0 0 0.8607594936708861 0.9235668789808917
97 0.0027108999999999606 1 0 0.8734177215189873 0.9235668789808917
98 0.0025643000000000193 0 1 0.8734177215189873 0.9299363057324841
99 0.0024945000000000106 1 1 0.8860759493670886 0.9363057324840764
100 0.002539599999999975 0 0 0.8860759493670886 0.9363057324840764
101 0.0025418000000000385 1 0 0.8987341772151899 0.9363057324840764
102 0.0024624999999999786 0 1 0.8987341772151899 0.9426751592356688
103 0.0025866999999999973 1 2 0.9113924050632911 0.9554140127388535
104 0.002493000000000023 0 0 0.9113924050632911 0.9554140127388535
105 0.0028912999999999855 1 1 0.9240506329113924 0.9617834394904459
106 0.0028659000000000323 1 0 0.9367088607594937 0.9617834394904459
107 0.0026266000000000345 1 2 0.9493670886075949 0.9745222929936306
108 0.002610800000000024 1 0 0.9620253164556962 0.9745222929936306
109 0.002775699999999992 1 1 0.9746835443037974 0.9808917197452229
110 0.002812199999999987 0 1 0.9746835443037974 0.9872611464968153
111 0.0027166000000000134 1 1 0.9873417721518988 0.9936305732484076
112 0.002809999999999979 0 0 0.9873417721518988 0.9936305732484076
113 0.0028507999999999867 1 1 1.0 1.0
