60 0.3 0.4
1 0.0013067999999999969 1 0 0.01694915254237288 0.5042735042735043
2 0.0011622000000000021 0 0 0.01694915254237288 0.5042735042735043
3 0.0018680000000000085 0 0 0.01694915254237288 0.5042735042735043
4 0.0014174999999999882 1 1 0.03389830508474576 0.5128205128205128
5 0.0015381000000000145 0 0 0.03389830508474576 0.5128205128205128
6 0.0012902999999999942 1 1 0.05084745762711865 0.5213675213675214
7 0.0022423000000000026 0 0 0.05084745762711865 0.5213675213675214
8 0.0012924000000000269 1 1 0.06779661016949153 0.5299145299145299
9 0.0012519999999999754 0 0 0.06779661016949153 0.5299145299145299
10 0.0011400000000000299 0 0 0.06779661016949153 0.5299145299145299
11 0.001458199999999965 1 1 0.0847457627118644 0.5384615384615384
12 0.0014182999999999835 0 0 0.0847457627118644 0.5384615384615384
13 0.0012294999999999945 0 0 0.0847457627118644 0.5384615384615384
14 0.0012538999999999745 0 0 0.0847457627118644 0.5384615384615384
15 0.0012904000000000249 1 0 0.1016949152542373 0.5384615384615384
16 0.0014441000000000037 0 0 0.1016949152542373 0.5384615384615384
17 0.0013776999999999817 0 0 0.1016949152542373 0.5384615384615384
18 0.0012035999999999714 1 1 0.11864406779661017 0.5470085470085471
19 0.0012292999999999887 0 0 0.11864406779661017 0.5470085470085471
20 0.0023027999999999937 1 0 0.13559322033898305 0.5470085470085471
21 0.0012291999999999859 0 0 0.13559322033898305 0.5470085470085471
22 0.0011715999999999949 0 0 0.13559322033898305 0.5470085470085471
23 0.0012880000000000114 0 0 0.13559322033898305 0.5470085470085471
24 0.002099099999999965 0 0 0.13559322033898305 0.5470085470085471
25 0.0014957999999999916 0 0 0.13559322033898305 0.5470085470085471
26 0.001505499999999993 1 1 0.15254237288135594 0.5555555555555556
27 0.0012589000000000072 0 0 0.15254237288135594 0.5555555555555556
28 0.002253800000000028 0 0 0.15254237288135594 0.5555555555555556
29 0.0012429000000000467 1 0 0.1694915254237288 0.5555555555555556
30 0.0012384000000000284 0 0 0.1694915254237288 0.5555555555555556
31 0.0018064999999999887 0 1 0.1694915254237288 0.5641025641025641
32 0.0017670000000000186 0 1 0.1694915254237288 0.5726495726495726
33 0.001986500000000002 0 0 0.1694915254237288 0.5726495726495726
34 0.0015181999999999696 1 0 0.1864406779661017 0.5726495726495726
35 0.0017955000000000054 0 0 0.1864406779661017 0.5726495726495726
36 0.001276599999999961 0 0 0.1864406779661017 0.5726495726495726
37 0.0012658999999999865 1 1 0.2033898305084746 0.5811965811965812
38 0.0012546999999999975 0 0 0.2033898305084746 0.5811965811965812
39 0.0013811999999999713 0 0 0.2033898305084746 0.5811965811965812
40 0.0015743999999999758 0 0 0.2033898305084746 0.5811965811965812
41 0.0014656000000000113 1 0 0.22033898305084745 0.5811965811965812
42 0.0013661000000000367 0 0 0.22033898305084745 0.5811965811965812
43 0.0014485000000000192 0 0 0.22033898305084745 0.5811965811965812
44 0.0015011999999999803 0 0 0.22033898305084745 0.5811965811965812
45 0.001285899999999951 0 0 0.22033898305084745 0.5811965811965812
46 0.0013233999999999746 0 1 0.22033898305084745 0.5897435897435898
47 0.0018258999999999914 0 0 0.22033898305084745 0.5897435897435898
48 0.0015067999999999748 0 0 0.22033898305084745 0.5897435897435898
49 0.0022939000000000154 0 0 0.22033898305084745 0.5897435897435898
50 0.001537799999999978 1 0 0.23728813559322035 0.5897435897435898
51 0.0027126000000000094 1 0 0.2542372881355932 0.5897435897435898
52 0.0015660000000000118 1 1 0.2711864406779661 0.5982905982905983
53 0.0014952999999999772 0 2 0.2711864406779661 0.6153846153846154
54 0.002256900000000006 0 0 0.2711864406779661 0.6153846153846154
55 0.0014027999999999818 0 0 0.2711864406779661 0.6153846153846154
56 0.0014172000000000073 0 0 0.2711864406779661 0.6153846153846154
57 0.001539400000000024 1 0 0.288135593220339 0.6153846153846154
58 0.0016100000000000003 1 1 0.3050847457627119 0.6239316239316239
59 0.0014440000000000008 1 3 0.3220338983050847 0.6495726495726496
60 0.001495100000000027 1 1 0.3389830508474576 0.6581196581196581
61 0.0021519999999999873 1 1 0.3559322033898305 0.6666666666666666
62 0.0017378000000000116 0 1 0.3559322033898305 0.6752136752136753
63 0.0013682000000000416 0 0 0.3559322033898305 0.6752136752136753
64 0.0014122999999999775 0 0 0.3559322033898305 0.6752136752136753
65 0.0024875999999999787 0 0 0.3559322033898305 0.6752136752136753
66 0.001391899999999946 0 0 0.3559322033898305 0.6752136752136753
67 0.0013480000000000159 1 0 0.3728813559322034 0.6752136752136753
68 0.0014754000000000156 0 0 0.3728813559322034 0.6752136752136753
69 0.002268900000000018 0 0 0.3728813559322034 0.6752136752136753
70 0.0017711000000000254 0 0 0.3728813559322034 0.6752136752136753
71 0.0014577000000000062 0 0 0.3728813559322034 0.6752136752136753
72 0.002292499999999975 0 1 0.3728813559322034 0.6837606837606838
73 0.0014168999999999987 1 0 0.3898305084745763 0.6837606837606838
74 0.001321500000000031 0 0 0.3898305084745763 0.6837606837606838
75 0.002154699999999954 0 0 0.3898305084745763 0.6837606837606838
76 0.001615100000000036 0 0 0.3898305084745763 0.6837606837606838
77 0.0020720000000000183 0 1 0.3898305084745763 0.6923076923076923
78 0.0015204999999999802 0 0 0.3898305084745763 0.6923076923076923
79 0.0019185999999999925 1 0 0.4067796610169492 0.6923076923076923
80 0.0014440000000000008 0 0 0.4067796610169492 0.6923076923076923
81 0.0014673000000000047 1 1 0.423728813559322 0.7008547008547008
82 0.001448700000000025 0 0 0.423728813559322 0.7008547008547008
83 0.0017611000000000154 1 1 0.4406779661016949 0.7094017094017094
84 0.0016951999999999523 1 0 0.4576271186440678 0.7094017094017094
85 0.0014934000000000336 0 1 0.4576271186440678 0.717948717948718
86 0.002270499999999953 0 0 0.4576271186440678 0.717948717948718
87 0.0026298000000000155 0 0 0.4576271186440678 0.717948717948718
88 0.0015757000000000132 0 0 0.4576271186440678 0.717948717948718
89 0.001873899999999984 0 0 0.4576271186440678 0.717948717948718
90 0.0015568000000000248 0 0 0.4576271186440678 0.717948717948718
91 0.0016329999999999956 1 1 0.4745762711864407 0.7264957264957265
92 0.0016624000000000083 1 1 0.4915254237288136 0.7350427350427351
93 0.0018863000000000074 0 0 0.4915254237288136 0.7350427350427351
94 0.001744599999999985 1 1 0.5084745762711864 0.7435897435897436
95 0.0017364999999999742 0 0 0.5084745762711864 0.7435897435897436
96 0.0020151999999999948 0 0 0.5084745762711864 0.7435897435897436
97 0.0023324999999999596 1 0 0.5254237288135594 0.7435897435897436
98 0.0015225000000000377 1 1 0.5423728813559322 0.7521367521367521
99 0.001601499999999978 0 0 0.5423728813559322 0.7521367521367521
100 0.0017904999999999727 1 0 0.559322033898305 0.7521367521367521
101 0.0018943000000000154 1 0 0.576271186440678 0.7521367521367521
102 0.002267100000000022 1 2 0.5932203389830508 0.7692307692307693
103 0.001926299999999992 1 1 0.6101694915254238 0.7777777777777778
104 0.0015533999999999826 1 1 0.6271186440677966 0.7863247863247863
105 0.001555899999999999 0 0 0.6271186440677966 0.7863247863247863
106 0.0024263999999999952 1 0 0.6440677966101694 0.7863247863247863
107 0.0022502000000000355 0 1 0.6440677966101694 0.7948717948717948
108 0.0029123999999999817 0 1 0.6440677966101694 0.8034188034188035
109 0.0027297000000000016 0 1 0.6440677966101694 0.811965811965812
110 0.00269349999999996 0 0 0.6440677966101694 0.811965811965812
111 0.002278100000000005 0 0 0.6440677966101694 0.811965811965812
112 0.0016440000000000343 1 0 0.6610169491525424 0.811965811965812
113 0.0016272999999999982 0 0 0.6610169491525424 0.811965811965812
114 0.0021727999999999748 0 0 0.6610169491525424 0.811965811965812
115 0.0018878000000000505 0 1 0.6610169491525424 0.8205128205128205
116 0.0018085999999999935 0 0 0.6610169491525424 0.8205128205128205
117 0.0016673999999999856 0 0 0.6610169491525424 0.8205128205128205
118 0.002420699999999998 0 0 0.6610169491525424 0.8205128205128205
119 0.001565099999999986 0 0 0.6610169491525424 0.8205128205128205
120 0.0016475999999999713 1 0 0.6779661016949152 0.8205128205128205
121 0.002865599999999968 0 0 0.6779661016949152 0.8205128205128205
122 0.0029366000000000114 1 2 0.6949152542372882 0.8376068376068376
123 0.002582899999999999 0 0 0.6949152542372882 0.8376068376068376
124 0.0017948999999999882 0 0 0.6949152542372882 0.8376068376068376
125 0.0017297000000000007 0 0 0.6949152542372882 0.8376068376068376
126 0.0027078999999999853 0 0 0.6949152542372882 0.8376068376068376
127 0.001658700000000013 0 0 0.6949152542372882 0.8376068376068376
128 0.0015331999999999568 0 0 0.6949152542372882 0.8376068376068376
129 0.0022042999999999924 0 0 0.6949152542372882 0.8376068376068376
130 0.0028183999999999987 0 0 0.6949152542372882 0.8376068376068376
131 0.001778700000000022 1 1 0.711864406779661 0.8461538461538461
132 0.0029203999999999897 0 0 0.711864406779661 0.8461538461538461
133 0.0017261000000000082 0 0 0.711864406779661 0.8461538461538461
134 0.0016388999999999987 0 0 0.711864406779661 0.8461538461538461
135 0.0020279000000000824 0 0 0.711864406779661 0.8461538461538461
136 0.0019546000000000285 0 0 0.711864406779661 0.8461538461538461
137 0.0016905999999999866 0 0 0.711864406779661 0.8461538461538461
138 0.0017292999999999337 0 0 0.711864406779661 0.8461538461538461
139 0.0018607000000000484 0 0 0.711864406779661 0.8461538461538461
140 0.001683800000000013 0 0 0.711864406779661 0.8461538461538461
141 0.0029390999999999723 1 0 0.7288135593220338 0.8461538461538461
142 0.0016278999999999044 1 1 0.7457627118644068 0.8547008547008547
143 0.0029886999999999553 0 0 0.7457627118644068 0.8547008547008547
144 0.0022887999999999797 0 0 0.7457627118644068 0.8547008547008547
145 0.001999799999999996 0 0 0.7457627118644068 0.8547008547008547
146 0.001721899999999943 0 0 0.7457627118644068 0.8547008547008547
147 0.002324899999999963 0 0 0.7457627118644068 0.8547008547008547
148 0.0019666000000000405 0 0 0.7457627118644068 0.8547008547008547
149 0.002049399999999979 0 0 0.7457627118644068 0.8547008547008547
150 0.0020712000000000508 0 1 0.7457627118644068 0.8632478632478633
151 0.0028356999999999966 0 0 0.7457627118644068 0.8632478632478633
152 0.0016852000000000533 0 0 0.7457627118644068 0.8632478632478633
153 0.0026420999999999806 0 0 0.7457627118644068 0.8632478632478633
154 0.0015239000000000225 0 0 0.7457627118644068 0.8632478632478633
155 0.001652300000000051 0 0 0.7457627118644068 0.8632478632478633
156 0.0018295999999999868 0 0 0.7457627118644068 0.8632478632478633
157 0.0019732000000000083 1 1 0.7627118644067796 0.8717948717948718
158 0.0018084000000000433 1 2 0.7796610169491526 0.8888888888888888
159 0.0017508999999999997 0 0 0.7796610169491526 0.8888888888888888
160 0.0021010000000000195 0 0 0.7796610169491526 0.8888888888888888
161 0.0017824999999999092 0 0 0.7796610169491526 0.8888888888888888
162 0.0017759999999999998 0 0 0.7796610169491526 0.8888888888888888
163 0.002436600000000011 0 0 0.7796610169491526 0.8888888888888888
164 0.0017603999999999953 1 0 0.7966101694915254 0.8888888888888888
165 0.0016941000000000317 0 0 0.7966101694915254 0.8888888888888888
166 0.002853899999999965 0 0 0.7966101694915254 0.8888888888888888
167 0.0018624999999999892 0 0 0.7966101694915254 0.8888888888888888
168 0.0019350999999999674 1 0 0.8135593220338984 0.8888888888888888
169 0.0025562000000000085 1 0 0.8305084745762712 0.8888888888888888
170 0.0016810000000000436 0 2 0.8305084745762712 0.905982905982906
171 0.0018887000000000764 1 0 0.847457627118644 0.905982905982906
172 0.002833100000000033 0 1 0.847457627118644 0.9145299145299145
173 0.0018532999999999467 1 1 0.864406779661017 0.9230769230769231
174 0.0018833999999999795 1 0 0.8813559322033898 0.9230769230769231
175 0.0022072000000000758 1 0 0.8983050847457628 0.9230769230769231
176 0.0018856000000000428 0 0 0.8983050847457628 0.9230769230769231
177 0.002035800000000032 0 0 0.8983050847457628 0.9230769230769231
178 0.0031872000000000567 0 0 0.8983050847457628 0.9230769230769231
179 0.0017962000000000256 1 0 0.9152542372881356 0.9230769230769231
180 0.0029093000000000035 1 1 0.9322033898305084 0.9316239316239316
181 0.002811800000000031 1 1 0.9491525423728814 0.9401709401709402
182 0.001903500000000058 0 0 0.9491525423728814 0.9401709401709402
183 0.003012099999999962 1 2 0.9661016949152542 0.9572649572649573
184 0.0017889000000000932 0 1 0.9661016949152542 0.9658119658119658
185 0.0030504000000000087 1 0 0.9830508474576272 0.9658119658119658
186 0.0020103999999999678 1 0 1.0 0.9658119658119658
187 0.0024522000000000155 0 2 1.0 0.9829059829059829
188 0.0020352000000000148 0 0 1.0 0.9829059829059829
189 0.0018601999999999785 0 1 1.0 0.9914529914529915
190 0.001782999999999979 0 0 1.0 0.9914529914529915
191 0.0021607000000000154 0 0 1.0 0.9914529914529915
192 0.002115500000000048 0 0 1.0 0.9914529914529915
193 0.0019363999999999493 0 1 1.0 1.0
