40 0.7 0.1
1 0.0012169999999999959 1 0 0.02564102564102564 0.5064935064935064
2 0.0008993999999999946 1 0 0.05128205128205128 0.5064935064935064
3 0.0007826000000000222 0 0 0.05128205128205128 0.5064935064935064
4 0.0008654000000000162 1 0 0.07692307692307693 0.5064935064935064
5 0.0012744000000000089 1 0 0.10256410256410256 0.5064935064935064
6 0.001515699999999981 1 0 0.1282051282051282 0.5064935064935064
7 0.0010296999999999945 0 0 0.1282051282051282 0.5064935064935064
8 0.0009547999999999779 1 0 0.15384615384615385 0.5064935064935064
9 0.0009448999999999985 1 0 0.1794871794871795 0.5064935064935064
10 0.0015859999999999763 0 0 0.1794871794871795 0.5064935064935064
11 0.0017027000000000014 1 2 0.20512820512820512 0.5324675324675324
12 0.0008458000000000077 1 0 0.23076923076923078 0.5324675324675324
13 0.0009559999999999846 1 1 0.2564102564102564 0.5454545454545454
14 0.0009025000000000005 0 0 0.2564102564102564 0.5454545454545454
15 0.0008787999999999851 0 0 0.2564102564102564 0.5454545454545454
16 0.0009187999999999974 1 1 0.28205128205128205 0.5584415584415584
17 0.001221899999999998 1 1 0.3076923076923077 0.5714285714285714
18 0.0012548000000000004 1 0 0.3333333333333333 0.5714285714285714
19 0.0010537999999999936 1 0 0.358974358974359 0.5714285714285714
20 0.001073699999999983 0 0 0.358974358974359 0.5714285714285714
21 0.0019924000000000053 0 0 0.358974358974359 0.5714285714285714
22 0.0011618000000000184 1 0 0.38461538461538464 0.5714285714285714
23 0.0010268999999999973 1 1 0.41025641025641024 0.5844155844155844
24 0.0009992000000000056 1 1 0.4358974358974359 0.5974025974025974
25 0.0010635000000000228 1 1 0.46153846153846156 0.6103896103896104
26 0.0009618000000000126 0 0 0.46153846153846156 0.6103896103896104
27 0.0011619999999999964 0 0 0.46153846153846156 0.6103896103896104
28 0.0023365999999999942 1 1 0.48717948717948717 0.6233766233766234
29 0.0010368000000000044 0 1 0.48717948717948717 0.6363636363636364
30 0.0016054000000000068 0 0 0.48717948717948717 0.6363636363636364
31 0.0011454999999999937 1 1 0.5128205128205128 0.6493506493506493
32 0.0010773000000000033 1 0 0.5384615384615384 0.6493506493506493
33 0.001093500000000025 1 1 0.5641025641025641 0.6623376623376623
34 0.0009573999999999971 1 1 0.5897435897435898 0.6753246753246753
35 0.0009832999999999925 1 0 0.6153846153846154 0.6753246753246753
36 0.001465999999999995 1 1 0.6410256410256411 0.6883116883116883
37 0.001270199999999999 1 1 0.6666666666666666 0.7012987012987013
38 0.0010995000000000033 1 1 0.6923076923076923 0.7142857142857143
39 0.0010538999999999965 1 0 0.717948717948718 0.7142857142857143
40 0.0011338000000000181 0 1 0.717948717948718 0.7272727272727273
41 0.0012833000000000427 0 0 0.717948717948718 0.7272727272727273
42 0.0013592999999999522 1 1 0.7435897435897436 0.7402597402597403
43 0.0011265999999999776 1 1 0.7692307692307693 0.7532467532467533
44 0.0011745999999999701 0 1 0.7692307692307693 0.7662337662337663
45 0.002536399999999994 1 0 0.7948717948717948 0.7662337662337663
46 0.0012566999999999995 0 0 0.7948717948717948 0.7662337662337663
47 0.001162300000000005 1 0 0.8205128205128205 0.7662337662337663
48 0.0010916000000000259 0 1 0.8205128205128205 0.7792207792207793
49 0.0011985999999999941 1 0 0.8461538461538461 0.7792207792207793
50 0.001312300000000044 1 3 0.8717948717948718 0.8181818181818182
51 0.0015213000000000032 1 1 0.8974358974358975 0.8311688311688312
52 0.0014303999999999983 1 1 0.9230769230769231 0.8441558441558441
53 0.0013101999999999836 1 2 0.9487179487179487 0.8701298701298701
54 0.0012101999999999946 1 2 0.9743589743589743 0.8961038961038961
55 0.0011779999999999569 1 1 1.0 0.9090909090909091
56 0.0012820000000000054 0 0 1.0 0.9090909090909091
57 0.0015905999999999976 0 1 1.0 0.922077922077922
58 0.001538700000000004 0 0 1.0 0.922077922077922
59 0.0012981999999999716 0 1 1.0 0.935064935064935
60 0.0011570999999999665 0 0 1.0 0.935064935064935
61 0.0011753999999999931 0 1 1.0 0.948051948051948
62 0.0012739999999999974 0 0 1.0 0.948051948051948
63 0.0014096999999999582 0 0 1.0 0.948051948051948
64 0.0015206000000000386 0 0 1.0 0.948051948051948
65 0.0014012999999999942 0 0 1.0 0.948051948051948
66 0.0019339999999999913 0 0 1.0 0.948051948051948
67 0.0019475999999999938 0 1 1.0 0.961038961038961
68 0.002753300000000014 0 1 1.0 0.974025974025974
69 0.001260199999999989 0 0 1.0 0.974025974025974
70 0.0013561000000000267 0 0 1.0 0.974025974025974
71 0.0018086999999999964 0 0 1.0 0.974025974025974
72 0.0014603999999999728 0 0 1.0 0.974025974025974
73 0.0014715000000000145 0 0 1.0 0.974025974025974
74 0.001953299999999991 0 0 1.0 0.974025974025974
75 0.001838300000000015 0 0 1.0 0.974025974025974
76 0.0014756999999999687 0 0 1.0 0.974025974025974
77 0.0014264999999999972 0 0 1.0 0.974025974025974
78 0.0019244999999999957 0 0 1.0 0.974025974025974
79 0.0017734999999999834 0 0 1.0 0.974025974025974
80 0.0016161000000000092 0 0 1.0 0.974025974025974
81 0.001975300000000013 0 0 1.0 0.974025974025974
82 0.002172699999999972 0 0 1.0 0.974025974025974
83 0.0017524999999999902 0 0 1.0 0.974025974025974
84 0.0016461000000000392 0 0 1.0 0.974025974025974
85 0.0018376999999999977 0 0 1.0 0.974025974025974
86 0.0012939999999999618 0 1 1.0 0.987012987012987
87 0.0012486999999999915 0 0 1.0 0.987012987012987
88 0.001303500000000013 0 0 1.0 0.987012987012987
89 0.0021785000000000276 0 0 1.0 0.987012987012987
90 0.0014818999999999805 0 0 1.0 0.987012987012987
91 0.0013415999999999983 0 0 1.0 0.987012987012987
92 0.0022011999999999587 0 0 1.0 0.987012987012987
93 0.0014015 0 0 1.0 0.987012987012987
94 0.0012150000000000216 0 0 1.0 0.987012987012987
95 0.0012940000000000174 0 0 1.0 0.987012987012987
96 0.0012215999999999894 0 0 1.0 0.987012987012987
97 0.0021244000000000263 0 0 1.0 0.987012987012987
98 0.0013992000000000449 0 0 1.0 0.987012987012987
99 0.0013020000000000254 0 1 1.0 1.0
