50 0.7 0.1
1 0.0019355000000000067 1 0 0.02040816326530612 0.5051546391752577
2 0.0013576999999999895 1 0 0.04081632653061224 0.5051546391752577
3 0.0010249999999999981 1 0 0.061224489795918366 0.5051546391752577
4 0.0010626000000000246 1 0 0.08163265306122448 0.5051546391752577
5 0.0009903000000000273 1 0 0.10204081632653061 0.5051546391752577
6 0.0010104999999999975 1 0 0.12244897959183673 0.5051546391752577
7 0.000993700000000014 0 0 0.12244897959183673 0.5051546391752577
8 0.0010256000000000154 1 0 0.14285714285714285 0.5051546391752577
9 0.0010500999999999983 0 1 0.14285714285714285 0.5154639175257731
10 0.0012519000000000002 1 1 0.16326530612244897 0.5257731958762887
11 0.0013245000000000062 1 1 0.1836734693877551 0.5360824742268041
12 0.0011612000000000011 1 0 0.20408163265306123 0.5360824742268041
13 0.0010739999999999916 0 0 0.20408163265306123 0.5360824742268041
14 0.0011369999999999991 0 0 0.20408163265306123 0.5360824742268041
15 0.0011561999999999961 1 1 0.22448979591836735 0.5463917525773195
16 0.0029055000000000053 0 2 0.22448979591836735 0.5670103092783505
17 0.0012805999999999929 1 0 0.24489795918367346 0.5670103092783505
18 0.0012044999999999972 1 0 0.2653061224489796 0.5670103092783505
19 0.0024857000000000073 1 0 0.2857142857142857 0.5670103092783505
20 0.0015170000000000183 1 0 0.30612244897959184 0.5670103092783505
21 0.0015673999999999966 1 0 0.32653061224489793 0.5670103092783505
22 0.0013391999999999848 0 4 0.32653061224489793 0.6082474226804123
23 0.0013038000000000216 0 0 0.32653061224489793 0.6082474226804123
24 0.0014949999999999963 1 1 0.3469387755102041 0.6185567010309279
25 0.0011341000000000268 0 0 0.3469387755102041 0.6185567010309279
26 0.0012352999999999947 0 0 0.3469387755102041 0.6185567010309279
27 0.0012347000000000052 1 0 0.3673469387755102 0.6185567010309279
28 0.0012000000000000066 1 0 0.3877551020408163 0.6185567010309279
29 0.001144299999999987 0 1 0.3877551020408163 0.6288659793814433
30 0.0012121999999999966 1 0 0.40816326530612246 0.6288659793814433
31 0.0014270000000000116 1 1 0.42857142857142855 0.6391752577319587
32 0.0015980999999999912 1 0 0.4489795918367347 0.6391752577319587
33 0.0012683999999999473 1 1 0.46938775510204084 0.6494845360824743
34 0.0011840000000000184 0 0 0.46938775510204084 0.6494845360824743
35 0.0012924999999999742 1 0 0.4897959183673469 0.6494845360824743
36 0.0011853000000000002 1 2 0.5102040816326531 0.6701030927835051
37 0.0013203999999999994 0 1 0.5102040816326531 0.6804123711340206
38 0.001473800000000025 1 1 0.5306122448979592 0.6907216494845361
39 0.0013735000000000275 1 1 0.5510204081632653 0.7010309278350515
40 0.002116899999999977 1 1 0.5714285714285714 0.711340206185567
41 0.0023371999999999837 1 0 0.5918367346938775 0.711340206185567
42 0.0013063999999999854 1 1 0.6122448979591837 0.7216494845360825
43 0.0013083999999999874 1 1 0.6326530612244898 0.7319587628865979
44 0.0014004999999999712 1 0 0.6530612244897959 0.7319587628865979
45 0.0015582000000000096 1 0 0.673469387755102 0.7319587628865979
46 0.0014593999999999996 0 0 0.673469387755102 0.7319587628865979
47 0.0012938000000000116 1 2 0.6938775510204082 0.7525773195876289
48 0.0013712000000000168 1 0 0.7142857142857143 0.7525773195876289
49 0.0025013000000000396 0 1 0.7142857142857143 0.7628865979381443
50 0.001388599999999962 0 0 0.7142857142857143 0.7628865979381443
51 0.0013365000000000182 0 1 0.7142857142857143 0.7731958762886598
52 0.0013859999999999983 1 1 0.7346938775510204 0.7835051546391752
53 0.001524300000000034 1 0 0.7551020408163265 0.7835051546391752
54 0.00177109999999997 1 2 0.7755102040816326 0.8041237113402062
55 0.0014190000000000036 1 0 0.7959183673469388 0.8041237113402062
56 0.001414200000000032 1 1 0.8163265306122449 0.8144329896907216
57 0.0014631999999999978 1 0 0.8367346938775511 0.8144329896907216
58 0.00142150000000002 0 0 0.8367346938775511 0.8144329896907216
59 0.0014500999999999542 1 0 0.8571428571428571 0.8144329896907216
60 0.0014379999999999948 1 0 0.8775510204081632 0.8144329896907216
61 0.002756000000000036 1 1 0.8979591836734694 0.8247422680412371
62 0.001476299999999986 1 1 0.9183673469387755 0.8350515463917526
63 0.0014643999999999768 1 2 0.9387755102040817 0.8556701030927835
64 0.0016006000000000076 1 0 0.9591836734693877 0.8556701030927835
65 0.0017940999999999652 1 1 0.9795918367346939 0.865979381443299
66 0.0016209000000000362 1 1 1.0 0.8762886597938144
67 0.0014656999999999587 0 1 1.0 0.8865979381443299
68 0.0028542999999999763 0 0 1.0 0.8865979381443299
69 0.0015075999999999978 0 2 1.0 0.9072164948453608
70 0.0015143999999999713 0 1 1.0 0.9175257731958762
71 0.0018224000000000018 0 0 1.0 0.9175257731958762
72 0.0019287000000000054 0 0 1.0 0.9175257731958762
73 0.001528699999999994 0 0 1.0 0.9175257731958762
74 0.001677800000000007 0 0 1.0 0.9175257731958762
75 0.001699800000000029 0 1 1.0 0.9278350515463918
76 0.0014432999999999807 0 0 1.0 0.9278350515463918
77 0.00156980000000001 0 0 1.0 0.9278350515463918
78 0.0024018000000000095 0 0 1.0 0.9278350515463918
79 0.001523500000000011 0 0 1.0 0.9278350515463918
80 0.0015237000000000167 0 0 1.0 0.9278350515463918
81 0.0014334999999999765 0 1 1.0 0.9381443298969072
82 0.002967300000000006 0 0 1.0 0.9381443298969072
83 0.0015464000000000033 0 1 1.0 0.9484536082474226
84 0.001486299999999996 0 1 1.0 0.9587628865979382
85 0.0024957999999999925 0 0 1.0 0.9587628865979382
86 0.0015604999999999647 0 0 1.0 0.9587628865979382
87 0.0016531000000000184 0 1 1.0 0.9690721649484536
88 0.0015389000000000097 0 0 1.0 0.9690721649484536
89 0.001735500000000001 0 0 1.0 0.9690721649484536
90 0.001660299999999948 0 0 1.0 0.9690721649484536
91 0.001483000000000012 0 1 1.0 0.979381443298969
92 0.0018123999999999918 0 0 1.0 0.979381443298969
93 0.0019269000000000092 0 0 1.0 0.979381443298969
94 0.0024108999999999936 0 0 1.0 0.979381443298969
95 0.001838699999999971 0 1 1.0 0.9896907216494846
96 0.0019561999999999635 0 0 1.0 0.9896907216494846
97 0.0017611999999999628 0 1 1.0 1.0
