75 0.3 0.1
1 0.002239999999999992 0 0 0.0 0.5034013605442177
2 0.0015263000000000082 1 0 0.013513513513513514 0.5034013605442177
3 0.0015630000000000088 0 0 0.013513513513513514 0.5034013605442177
4 0.001624399999999998 0 0 0.013513513513513514 0.5034013605442177
5 0.0018218999999999874 1 0 0.02702702702702703 0.5034013605442177
6 0.001537700000000003 0 0 0.02702702702702703 0.5034013605442177
7 0.0016551999999999956 0 0 0.02702702702702703 0.5034013605442177
8 0.0016016999999999837 0 0 0.02702702702702703 0.5034013605442177
9 0.0015460999999999947 0 0 0.02702702702702703 0.5034013605442177
10 0.0014211999999999836 0 0 0.02702702702702703 0.5034013605442177
11 0.0016391000000000044 1 1 0.04054054054054054 0.5102040816326531
12 0.0025100000000000122 0 0 0.04054054054054054 0.5102040816326531
13 0.0018385999999999958 0 0 0.04054054054054054 0.5102040816326531
14 0.002056499999999989 0 0 0.04054054054054054 0.5102040816326531
15 0.0025027000000000243 1 1 0.05405405405405406 0.5170068027210885
16 0.002074699999999985 0 0 0.05405405405405406 0.5170068027210885
17 0.002677600000000002 0 0 0.05405405405405406 0.5170068027210885
18 0.0020879999999999788 0 0 0.05405405405405406 0.5170068027210885
19 0.002120600000000028 1 0 0.06756756756756757 0.5170068027210885
20 0.0022699999999999942 0 0 0.06756756756756757 0.5170068027210885
21 0.002139100000000005 0 0 0.06756756756756757 0.5170068027210885
22 0.0022697999999999885 0 0 0.06756756756756757 0.5170068027210885
23 0.002117900000000006 0 0 0.06756756756756757 0.5170068027210885
24 0.0014196000000000208 1 0 0.08108108108108109 0.5170068027210885
25 0.0014376000000000388 1 1 0.0945945945945946 0.5238095238095238
26 0.0021230000000000415 0 0 0.0945945945945946 0.5238095238095238
27 0.00201380000000001 0 0 0.0945945945945946 0.5238095238095238
28 0.0014935000000000365 0 0 0.0945945945945946 0.5238095238095238
29 0.0020484000000000058 1 0 0.10810810810810811 0.5238095238095238
30 0.0021424999999999916 1 0 0.12162162162162163 0.5238095238095238
31 0.0015828999999999982 0 0 0.12162162162162163 0.5238095238095238
32 0.0019076000000000093 0 0 0.12162162162162163 0.5238095238095238
33 0.001526599999999989 0 0 0.12162162162162163 0.5238095238095238
34 0.0014166000000000456 0 0 0.12162162162162163 0.5238095238095238
35 0.0014149999999999996 0 0 0.12162162162162163 0.5238095238095238
36 0.0016624999999999557 0 0 0.12162162162162163 0.5238095238095238
37 0.001968300000000034 0 0 0.12162162162162163 0.5238095238095238
38 0.0016183999999999643 0 0 0.12162162162162163 0.5238095238095238
39 0.002124600000000032 1 0 0.13513513513513514 0.5238095238095238
40 0.0015932999999999642 1 0 0.14864864864864866 0.5238095238095238
41 0.0015876999999999697 1 0 0.16216216216216217 0.5238095238095238
42 0.0018079999999999763 0 0 0.16216216216216217 0.5238095238095238
43 0.0016340000000000243 1 1 0.17567567567567569 0.5306122448979592
44 0.0017068000000000083 0 0 0.17567567567567569 0.5306122448979592
45 0.0016393999999999576 0 0 0.17567567567567569 0.5306122448979592
46 0.001736599999999977 0 0 0.17567567567567569 0.5306122448979592
47 0.0017175000000000384 0 0 0.17567567567567569 0.5306122448979592
48 0.0016036000000000383 0 0 0.17567567567567569 0.5306122448979592
49 0.0015324999999999922 0 0 0.17567567567567569 0.5306122448979592
50 0.0023797999999999875 1 0 0.1891891891891892 0.5306122448979592
51 0.0016761000000000137 0 1 0.1891891891891892 0.5374149659863946
52 0.0016362999999999794 0 0 0.1891891891891892 0.5374149659863946
53 0.0014636000000000093 0 0 0.1891891891891892 0.5374149659863946
54 0.0018252000000000268 0 0 0.1891891891891892 0.5374149659863946
55 0.0017913999999999985 0 0 0.1891891891891892 0.5374149659863946
56 0.0021286999999999834 1 0 0.20270270270270271 0.5374149659863946
57 0.0015939999999999843 1 1 0.21621621621621623 0.54421768707483
58 0.0015243999999999813 0 1 0.21621621621621623 0.5510204081632653
59 0.001588299999999987 0 1 0.21621621621621623 0.5578231292517006
60 0.0015301000000000342 1 0 0.22972972972972974 0.5578231292517006
61 0.0018660000000000343 0 0 0.22972972972972974 0.5578231292517006
62 0.0017983999999999778 1 0 0.24324324324324326 0.5578231292517006
63 0.001475100000000007 0 0 0.24324324324324326 0.5578231292517006
64 0.0023055999999999632 0 0 0.24324324324324326 0.5578231292517006
65 0.0037705999999999573 0 0 0.24324324324324326 0.5578231292517006
66 0.002000899999999972 0 0 0.24324324324324326 0.5578231292517006
67 0.0020104000000000233 1 1 0.25675675675675674 0.564625850340136
68 0.0017627999999999533 0 1 0.25675675675675674 0.5714285714285714
69 0.001693499999999959 0 0 0.25675675675675674 0.5714285714285714
70 0.0017221000000000042 1 0 0.2702702702702703 0.5714285714285714
71 0.0015628999999999782 0 1 0.2702702702702703 0.5782312925170068
72 0.0015824999999999867 0 0 0.2702702702702703 0.5782312925170068
73 0.0016142999999999574 0 0 0.2702702702702703 0.5782312925170068
74 0.002004299999999959 0 0 0.2702702702702703 0.5782312925170068
75 0.001596199999999992 0 0 0.2702702702702703 0.5782312925170068
76 0.0017448999999999937 0 0 0.2702702702702703 0.5782312925170068
77 0.0020138999999999574 0 0 0.2702702702702703 0.5782312925170068
78 0.001723399999999986 0 0 0.2702702702702703 0.5782312925170068
79 0.001695100000000005 0 0 0.2702702702702703 0.5782312925170068
80 0.0016963999999999868 0 0 0.2702702702702703 0.5782312925170068
81 0.0015665999999999736 1 0 0.28378378378378377 0.5782312925170068
82 0.0014532000000000433 0 0 0.28378378378378377 0.5782312925170068
83 0.001692600000000044 1 0 0.2972972972972973 0.5782312925170068
84 0.0020083000000000184 0 1 0.2972972972972973 0.5850340136054422
85 0.0016081000000000012 0 0 0.2972972972972973 0.5850340136054422
86 0.0017712999999999757 1 1 0.3108108108108108 0.5918367346938775
87 0.001819000000000015 0 0 0.3108108108108108 0.5918367346938775
88 0.0015775000000000095 1 0 0.32432432432432434 0.5918367346938775
89 0.0015411000000000175 0 2 0.32432432432432434 0.6054421768707483
90 0.002297500000000008 0 0 0.32432432432432434 0.6054421768707483
91 0.00167299999999998 0 0 0.32432432432432434 0.6054421768707483
92 0.0016908999999999952 0 0 0.32432432432432434 0.6054421768707483
93 0.0016519999999999868 0 0 0.32432432432432434 0.6054421768707483
94 0.001956100000000016 1 0 0.33783783783783783 0.6054421768707483
95 0.0017184000000000088 0 0 0.33783783783783783 0.6054421768707483
96 0.0019033999999999995 1 0 0.35135135135135137 0.6054421768707483
97 0.0016352999999999507 1 0 0.36486486486486486 0.6054421768707483
98 0.0015041000000000082 0 0 0.36486486486486486 0.6054421768707483
99 0.0015059000000000045 0 0 0.36486486486486486 0.6054421768707483
100 0.001676199999999961 1 0 0.3783783783783784 0.6054421768707483
101 0.0018519000000000174 0 1 0.3783783783783784 0.6122448979591837
102 0.0017019999999999813 1 1 0.3918918918918919 0.6190476190476191
103 0.0017132999999999732 0 0 0.3918918918918919 0.6190476190476191
104 0.0029337999999999864 0 1 0.3918918918918919 0.6258503401360545
105 0.0023303000000000074 0 0 0.3918918918918919 0.6258503401360545
106 0.0024712000000000067 0 0 0.3918918918918919 0.6258503401360545
107 0.0020779000000000214 0 0 0.3918918918918919 0.6258503401360545
108 0.0016352000000000033 0 1 0.3918918918918919 0.6326530612244898
109 0.001953499999999997 0 0 0.3918918918918919 0.6326530612244898
110 0.0017337000000000047 1 1 0.40540540540540543 0.6394557823129252
111 0.0015755000000000075 0 1 0.40540540540540543 0.6462585034013606
112 0.0016442999999999874 0 0 0.40540540540540543 0.6462585034013606
113 0.002372900000000011 0 0 0.40540540540540543 0.6462585034013606
114 0.001693399999999956 0 0 0.40540540540540543 0.6462585034013606
115 0.0019012999999999947 0 0 0.40540540540540543 0.6462585034013606
116 0.0023334999999999884 0 0 0.40540540540540543 0.6462585034013606
117 0.0020212000000000008 0 0 0.40540540540540543 0.6462585034013606
118 0.0018988999999999812 0 1 0.40540540540540543 0.6530612244897959
119 0.001974200000000037 1 0 0.4189189189189189 0.6530612244897959
120 0.0019012999999999947 0 0 0.4189189189189189 0.6530612244897959
121 0.0018833999999999795 1 0 0.43243243243243246 0.6530612244897959
122 0.0023451999999999917 0 0 0.43243243243243246 0.6530612244897959
123 0.001640699999999995 0 0 0.43243243243243246 0.6530612244897959
124 0.0017767999999999673 0 0 0.43243243243243246 0.6530612244897959
125 0.0020909000000000066 0 0 0.43243243243243246 0.6530612244897959
126 0.0020487999999999618 0 1 0.43243243243243246 0.6598639455782312
127 0.0018144999999999412 0 0 0.43243243243243246 0.6598639455782312
128 0.0028662999999999883 1 1 0.44594594594594594 0.6666666666666666
129 0.0017160000000000508 0 0 0.44594594594594594 0.6666666666666666
130 0.0018001999999999185 0 0 0.44594594594594594 0.6666666666666666
131 0.0017774999999999874 0 0 0.44594594594594594 0.6666666666666666
132 0.0022419999999999662 0 1 0.44594594594594594 0.673469387755102
133 0.001714999999999911 0 1 0.44594594594594594 0.6802721088435374
134 0.0030632000000000437 0 0 0.44594594594594594 0.6802721088435374
135 0.0019400000000000528 0 1 0.44594594594594594 0.6870748299319728
136 0.0016510999999999054 0 0 0.44594594594594594 0.6870748299319728
137 0.0023425999999999725 1 1 0.4594594594594595 0.6938775510204082
138 0.0022588999999999526 0 0 0.4594594594594595 0.6938775510204082
139 0.0020172000000000523 0 0 0.4594594594594595 0.6938775510204082
140 0.001856599999999986 0 0 0.4594594594594595 0.6938775510204082
141 0.0016694999999999904 1 0 0.47297297297297297 0.6938775510204082
142 0.0017976000000000658 0 0 0.47297297297297297 0.6938775510204082
143 0.002194699999999994 0 0 0.47297297297297297 0.6938775510204082
144 0.0017355999999999483 0 0 0.47297297297297297 0.6938775510204082
145 0.0016466000000000536 0 0 0.47297297297297297 0.6938775510204082
146 0.00165229999999994 0 0 0.47297297297297297 0.6938775510204082
147 0.0030487000000000153 0 1 0.47297297297297297 0.7006802721088435
148 0.0020407000000000064 0 0 0.47297297297297297 0.7006802721088435
149 0.002401399999999998 0 0 0.47297297297297297 0.7006802721088435
150 0.0017234000000000416 0 0 0.47297297297297297 0.7006802721088435
151 0.0017802000000000096 0 0 0.47297297297297297 0.7006802721088435
152 0.0018751999999999658 1 0 0.4864864864864865 0.7006802721088435
153 0.002001699999999995 0 0 0.4864864864864865 0.7006802721088435
154 0.0018348000000000253 0 1 0.4864864864864865 0.7074829931972789
155 0.0021059999999999413 1 0 0.5 0.7074829931972789
156 0.0017407000000000394 0 0 0.5 0.7074829931972789
157 0.0016857999999999596 0 0 0.5 0.7074829931972789
158 0.0031373000000000095 0 0 0.5 0.7074829931972789
159 0.002728300000000017 0 0 0.5 0.7074829931972789
160 0.001973100000000061 1 0 0.5135135135135135 0.7074829931972789
161 0.002082699999999993 1 1 0.527027027027027 0.7142857142857143
162 0.0018708000000000613 0 1 0.527027027027027 0.7210884353741497
163 0.0022221000000000046 1 0 0.5405405405405406 0.7210884353741497
164 0.0018998999999999544 0 0 0.5405405405405406 0.7210884353741497
165 0.0016992000000000118 0 0 0.5405405405405406 0.7210884353741497
166 0.0022307999999999772 0 0 0.5405405405405406 0.7210884353741497
167 0.0026431999999999567 0 0 0.5405405405405406 0.7210884353741497
168 0.002001900000000001 0 0 0.5405405405405406 0.7210884353741497
169 0.0033752000000000226 0 0 0.5405405405405406 0.7210884353741497
170 0.0019090000000000495 0 0 0.5405405405405406 0.7210884353741497
171 0.0017508999999999997 0 0 0.5405405405405406 0.7210884353741497
172 0.0029007999999999257 0 0 0.5405405405405406 0.7210884353741497
173 0.0021546000000000065 1 0 0.5540540540540541 0.7210884353741497
174 0.00198379999999998 1 1 0.5675675675675675 0.7278911564625851
175 0.0018236999999999837 0 0 0.5675675675675675 0.7278911564625851
176 0.0017144000000000048 0 0 0.5675675675675675 0.7278911564625851
177 0.0017124000000000583 0 0 0.5675675675675675 0.7278911564625851
178 0.0022206999999999644 0 0 0.5675675675675675 0.7278911564625851
179 0.001737100000000047 0 0 0.5675675675675675 0.7278911564625851
180 0.002138499999999932 1 1 0.581081081081081 0.7346938775510204
181 0.0020927000000000584 0 0 0.581081081081081 0.7346938775510204
182 0.0022202000000000055 1 1 0.5945945945945946 0.7414965986394558
183 0.002496300000000007 0 0 0.5945945945945946 0.7414965986394558
184 0.0017564999999999387 1 0 0.6081081081081081 0.7414965986394558
185 0.0016846999999999834 1 0 0.6216216216216216 0.7414965986394558
186 0.001759800000000089 1 0 0.6351351351351351 0.7414965986394558
187 0.0018970000000000375 1 0 0.6486486486486487 0.7414965986394558
188 0.0019542999999999644 0 0 0.6486486486486487 0.7414965986394558
189 0.0016846999999999834 0 0 0.6486486486486487 0.7414965986394558
190 0.001892600000000022 0 0 0.6486486486486487 0.7414965986394558
191 0.0019243999999999373 0 0 0.6486486486486487 0.7414965986394558
192 0.00167229999999996 0 0 0.6486486486486487 0.7414965986394558
193 0.0019076000000000093 0 0 0.6486486486486487 0.7414965986394558
194 0.0019329000000000152 0 0 0.6486486486486487 0.7414965986394558
195 0.002560099999999954 1 0 0.6621621621621622 0.7414965986394558
196 0.003066799999999925 0 1 0.6621621621621622 0.7482993197278912
197 0.0025543000000000093 0 2 0.6621621621621622 0.7619047619047619
198 0.0024752000000000107 1 1 0.6756756756756757 0.7687074829931972
199 0.0018996999999999487 1 1 0.6891891891891891 0.7755102040816326
200 0.0017941000000000207 0 2 0.6891891891891891 0.7891156462585034
201 0.0018792999999999171 0 0 0.6891891891891891 0.7891156462585034
202 0.0022387999999999852 0 1 0.6891891891891891 0.7959183673469388
203 0.0019380999999999426 0 0 0.6891891891891891 0.7959183673469388
204 0.0025214999999999543 0 0 0.6891891891891891 0.7959183673469388
205 0.0029658000000000184 0 0 0.6891891891891891 0.7959183673469388
206 0.0029954999999999288 1 0 0.7027027027027027 0.7959183673469388
207 0.00239900000000004 0 0 0.7027027027027027 0.7959183673469388
208 0.0028023999999999827 1 0 0.7162162162162162 0.7959183673469388
209 0.0020485000000000086 1 1 0.7297297297297297 0.8027210884353742
210 0.0020049999999999235 0 0 0.7297297297297297 0.8027210884353742
211 0.001876300000000053 1 0 0.7432432432432432 0.8027210884353742
212 0.0027464000000000377 0 2 0.7432432432432432 0.8163265306122449
213 0.002105399999999924 0 0 0.7432432432432432 0.8163265306122449
214 0.0026783999999999697 1 2 0.7567567567567568 0.8299319727891157
215 0.0024224000000000467 0 0 0.7567567567567568 0.8299319727891157
216 0.0021976000000000218 0 0 0.7567567567567568 0.8299319727891157
217 0.0020552000000000348 0 0 0.7567567567567568 0.8299319727891157
218 0.0018567999999999918 1 1 0.7702702702702703 0.8367346938775511
219 0.0018977999999999495 0 1 0.7702702702702703 0.8435374149659864
220 0.002044299999999999 1 0 0.7837837837837838 0.8435374149659864
221 0.002104600000000012 0 0 0.7837837837837838 0.8435374149659864
222 0.0019487999999999728 0 0 0.7837837837837838 0.8435374149659864
223 0.0021039000000000474 0 0 0.7837837837837838 0.8435374149659864
224 0.0019175999999999638 0 0 0.7837837837837838 0.8435374149659864
225 0.0020572999999999286 1 0 0.7972972972972973 0.8435374149659864
226 0.0025692999999999966 0 0 0.7972972972972973 0.8435374149659864
227 0.0019208000000000558 1 0 0.8108108108108109 0.8435374149659864
228 0.0019061000000000217 1 0 0.8243243243243243 0.8435374149659864
229 0.0023376000000000507 0 0 0.8243243243243243 0.8435374149659864
230 0.0020656000000000008 0 0 0.8243243243243243 0.8435374149659864
231 0.0028253000000000306 0 1 0.8243243243243243 0.8503401360544217
232 0.002032299999999987 1 0 0.8378378378378378 0.8503401360544217
233 0.003814300000000048 0 0 0.8378378378378378 0.8503401360544217
234 0.002591600000000027 0 0 0.8378378378378378 0.8503401360544217
235 0.0020668000000000353 0 0 0.8378378378378378 0.8503401360544217
236 0.003132099999999971 0 0 0.8378378378378378 0.8503401360544217
237 0.002861899999999973 1 0 0.8513513513513513 0.8503401360544217
238 0.0022292999999999896 0 1 0.8513513513513513 0.8571428571428571
239 0.0027566999999999453 1 0 0.8648648648648649 0.8571428571428571
240 0.0023524000000000322 1 0 0.8783783783783784 0.8571428571428571
241 0.0021278999999999604 0 1 0.8783783783783784 0.8639455782312925
242 0.0020380999999999316 0 1 0.8783783783783784 0.8707482993197279
243 0.0020802000000000875 1 0 0.8918918918918919 0.8707482993197279
244 0.002335000000000087 1 0 0.9054054054054054 0.8707482993197279
245 0.002192299999999925 1 0 0.918918918918919 0.8707482993197279
246 0.0020311000000000634 0 0 0.918918918918919 0.8707482993197279
247 0.0022233999999999865 1 1 0.9324324324324325 0.8775510204081632
248 0.002459800000000012 1 1 0.9459459459459459 0.8843537414965986
249 0.0020250000000000545 0 0 0.9459459459459459 0.8843537414965986
250 0.002507499999999996 1 1 0.9594594594594594 0.891156462585034
251 0.0020196000000000103 0 0 0.9594594594594594 0.891156462585034
252 0.001967500000000011 0 0 0.9594594594594594 0.891156462585034
253 0.002425099999999958 0 0 0.9594594594594594 0.891156462585034
254 0.0020514000000000365 0 0 0.9594594594594594 0.891156462585034
255 0.002406799999999931 0 0 0.9594594594594594 0.891156462585034
256 0.0021322000000000285 1 0 0.972972972972973 0.891156462585034
257 0.002001699999999995 0 0 0.972972972972973 0.891156462585034
258 0.002612300000000012 0 1 0.972972972972973 0.8979591836734694
259 0.0019924000000000053 0 0 0.972972972972973 0.8979591836734694
260 0.001998999999999973 0 1 0.972972972972973 0.9047619047619048
261 0.0022378000000000675 0 0 0.972972972972973 0.9047619047619048
262 0.0023279999999999967 1 0 0.9864864864864865 0.9047619047619048
263 0.002726000000000006 1 1 1.0 0.9115646258503401
264 0.0022115999999999802 0 0 1.0 0.9115646258503401
265 0.002149100000000015 0 2 1.0 0.9251700680272109
266 0.002407500000000007 0 0 1.0 0.9251700680272109
267 0.0030471000000000803 0 0 1.0 0.9251700680272109
268 0.002961699999999956 0 0 1.0 0.9251700680272109
269 0.0023471000000000464 0 0 1.0 0.9251700680272109
270 0.002505399999999991 0 1 1.0 0.9319727891156463
271 0.0035033999999999343 0 2 1.0 0.9455782312925171
272 0.003235300000000052 0 0 1.0 0.9455782312925171
273 0.0030670999999999893 0 0 1.0 0.9455782312925171
274 0.0023688000000000597 0 0 1.0 0.9455782312925171
275 0.0023905999999999095 0 0 1.0 0.9455782312925171
276 0.0019740000000000313 0 1 1.0 0.9523809523809523
277 0.0023431999999999897 0 0 1.0 0.9523809523809523
278 0.00266349999999993 0 0 1.0 0.9523809523809523
279 0.0021115999999999913 0 0 1.0 0.9523809523809523
280 0.0033760000000000456 0 0 1.0 0.9523809523809523
281 0.0029730999999999508 0 1 1.0 0.9591836734693877
282 0.0029559000000000113 0 2 1.0 0.9727891156462585
283 0.0032497999999999694 0 0 1.0 0.9727891156462585
284 0.003317400000000026 0 0 1.0 0.9727891156462585
285 0.002615800000000057 0 0 1.0 0.9727891156462585
286 0.0021702999999999584 0 0 1.0 0.9727891156462585
287 0.0028074000000000154 0 0 1.0 0.9727891156462585
288 0.0020445000000000046 0 0 1.0 0.9727891156462585
289 0.003515299999999999 0 0 1.0 0.9727891156462585
290 0.0030938999999999828 0 0 1.0 0.9727891156462585
291 0.002782000000000062 0 0 1.0 0.9727891156462585
292 0.0022228000000000803 0 0 1.0 0.9727891156462585
293 0.0022858000000000045 0 0 1.0 0.9727891156462585
294 0.0024260000000000392 0 0 1.0 0.9727891156462585
295 0.002044299999999999 0 0 1.0 0.9727891156462585
296 0.00313819999999998 0 0 1.0 0.9727891156462585
297 0.0021246999999999794 0 0 1.0 0.9727891156462585
298 0.0025559000000000553 0 0 1.0 0.9727891156462585
299 0.0026454999999999673 0 0 1.0 0.9727891156462585
300 0.0021220000000000683 0 0 1.0 0.9727891156462585
301 0.0023096000000000227 0 0 1.0 0.9727891156462585
302 0.0020194000000000045 0 0 1.0 0.9727891156462585
303 0.0020324999999999926 0 0 1.0 0.9727891156462585
304 0.002690000000000081 0 0 1.0 0.9727891156462585
305 0.002044299999999999 0 0 1.0 0.9727891156462585
306 0.002597900000000042 0 0 1.0 0.9727891156462585
307 0.0031200000000000117 0 0 1.0 0.9727891156462585
308 0.002750999999999948 0 0 1.0 0.9727891156462585
309 0.00241340000000001 0 0 1.0 0.9727891156462585
310 0.003506500000000079 0 0 1.0 0.9727891156462585
311 0.003390499999999963 0 0 1.0 0.9727891156462585
312 0.002824099999999996 0 0 1.0 0.9727891156462585
313 0.002302500000000096 0 0 1.0 0.9727891156462585
314 0.002011800000000008 0 0 1.0 0.9727891156462585
315 0.002192299999999925 0 0 1.0 0.9727891156462585
316 0.0033170999999999617 0 0 1.0 0.9727891156462585
317 0.0029909000000000185 0 0 1.0 0.9727891156462585
318 0.0035410000000000164 0 0 1.0 0.9727891156462585
319 0.0030006999999998563 0 0 1.0 0.9727891156462585
320 0.0031433999999999074 0 0 1.0 0.9727891156462585
321 0.002951799999999949 0 0 1.0 0.9727891156462585
322 0.0025694999999998913 0 0 1.0 0.9727891156462585
323 0.0021727000000000274 0 0 1.0 0.9727891156462585
324 0.0033752000000000226 0 0 1.0 0.9727891156462585
325 0.0022443999999999242 0 0 1.0 0.9727891156462585
326 0.0022959000000000174 0 0 1.0 0.9727891156462585
327 0.003024899999999997 0 0 1.0 0.9727891156462585
328 0.0024743999999998767 0 0 1.0 0.9727891156462585
329 0.002338999999999869 0 0 1.0 0.9727891156462585
330 0.002056099999999894 0 0 1.0 0.9727891156462585
331 0.0020100999999999036 0 0 1.0 0.9727891156462585
332 0.0027791999999999817 0 0 1.0 0.9727891156462585
333 0.0021880000000000788 0 0 1.0 0.9727891156462585
334 0.002049600000000096 0 0 1.0 0.9727891156462585
335 0.0023389000000000326 0 0 1.0 0.9727891156462585
336 0.002461700000000011 0 0 1.0 0.9727891156462585
337 0.0029913999999999774 0 0 1.0 0.9727891156462585
338 0.0020846999999999394 0 0 1.0 0.9727891156462585
339 0.002124299999999968 0 0 1.0 0.9727891156462585
340 0.0024226000000000525 0 0 1.0 0.9727891156462585
341 0.002209400000000139 0 0 1.0 0.9727891156462585
342 0.002185899999999963 0 0 1.0 0.9727891156462585
343 0.0023237000000000396 0 0 1.0 0.9727891156462585
344 0.0020702999999999694 0 1 1.0 0.9795918367346939
345 0.0025687999999999267 0 0 1.0 0.9795918367346939
346 0.002409099999999942 0 0 1.0 0.9795918367346939
347 0.002282499999999965 0 0 1.0 0.9795918367346939
348 0.0026927999999999397 0 0 1.0 0.9795918367346939
349 0.0020978000000000385 0 0 1.0 0.9795918367346939
350 0.0028592000000000617 0 0 1.0 0.9795918367346939
351 0.0022943999999998077 0 0 1.0 0.9795918367346939
352 0.0022044000000001063 0 0 1.0 0.9795918367346939
353 0.0023484000000000282 0 0 1.0 0.9795918367346939
354 0.0023668999999999496 0 0 1.0 0.9795918367346939
355 0.002787000000000095 0 0 1.0 0.9795918367346939
356 0.003410799999999936 0 0 1.0 0.9795918367346939
357 0.002215499999999926 0 0 1.0 0.9795918367346939
358 0.0025999000000000994 0 0 1.0 0.9795918367346939
359 0.0024093000000000586 0 0 1.0 0.9795918367346939
360 0.0022831000000000934 0 0 1.0 0.9795918367346939
361 0.0023127999999998927 0 1 1.0 0.9863945578231292
362 0.0021132999999999846 0 0 1.0 0.9863945578231292
363 0.0028210999999997988 0 0 1.0 0.9863945578231292
364 0.002230200000000071 0 1 1.0 0.9931972789115646
365 0.0025422999999999973 0 0 1.0 0.9931972789115646
366 0.0035332999999999615 0 0 1.0 0.9931972789115646
367 0.002957399999999888 0 0 1.0 0.9931972789115646
368 0.0021108999999999156 0 0 1.0 0.9931972789115646
369 0.0021667999999999132 0 0 1.0 0.9931972789115646
370 0.0025701000000000196 0 0 1.0 0.9931972789115646
371 0.002023799999999909 0 0 1.0 0.9931972789115646
372 0.0024658000000001845 0 0 1.0 0.9931972789115646
373 0.002267800000000042 0 0 1.0 0.9931972789115646
374 0.0019871000000000194 0 0 1.0 0.9931972789115646
375 0.0030471000000000803 0 1 1.0 1.0
