100 0.3 0.5
1 0.0029479000000000033 0 0 0.0 0.5025380710659898
2 0.0019779999999999798 1 0 0.010101010101010102 0.5025380710659898
3 0.0019015000000000004 1 1 0.020202020202020204 0.5076142131979695
4 0.0023315999999999892 1 0 0.030303030303030304 0.5076142131979695
5 0.0023452999999999946 0 0 0.030303030303030304 0.5076142131979695
6 0.0026137999999999995 0 1 0.030303030303030304 0.5126903553299492
7 0.0023409000000000346 0 0 0.030303030303030304 0.5126903553299492
8 0.0021770999999999874 0 0 0.030303030303030304 0.5126903553299492
9 0.0021799000000000124 1 0 0.04040404040404041 0.5126903553299492
10 0.002680999999999989 0 0 0.04040404040404041 0.5126903553299492
11 0.0022670999999999664 0 0 0.04040404040404041 0.5126903553299492
12 0.0023199999999999887 0 0 0.04040404040404041 0.5126903553299492
13 0.0019094000000000055 0 0 0.04040404040404041 0.5126903553299492
14 0.0020895999999999693 0 0 0.04040404040404041 0.5126903553299492
15 0.0033639000000000308 0 0 0.04040404040404041 0.5126903553299492
16 0.0021261000000000196 1 0 0.050505050505050504 0.5126903553299492
17 0.0021737000000000006 0 1 0.050505050505050504 0.5177664974619289
18 0.0025537000000000476 0 0 0.050505050505050504 0.5177664974619289
19 0.0031898000000000204 0 0 0.050505050505050504 0.5177664974619289
20 0.0021011000000000224 0 0 0.050505050505050504 0.5177664974619289
21 0.0020100000000000118 0 0 0.050505050505050504 0.5177664974619289
22 0.0020872999999999586 0 0 0.050505050505050504 0.5177664974619289
23 0.00249149999999998 0 1 0.050505050505050504 0.5228426395939086
24 0.0020877000000000256 0 0 0.050505050505050504 0.5228426395939086
25 0.0020478999999999914 0 0 0.050505050505050504 0.5228426395939086
26 0.002766700000000011 0 0 0.050505050505050504 0.5228426395939086
27 0.0035671999999999926 0 0 0.050505050505050504 0.5228426395939086
28 0.002517400000000003 0 0 0.050505050505050504 0.5228426395939086
29 0.002014099999999963 1 1 0.06060606060606061 0.5279187817258884
30 0.002457700000000007 0 0 0.06060606060606061 0.5279187817258884
31 0.002167299999999983 0 0 0.06060606060606061 0.5279187817258884
32 0.0034418999999999977 1 0 0.0707070707070707 0.5279187817258884
33 0.001994899999999966 0 0 0.0707070707070707 0.5279187817258884
34 0.0019377999999999895 0 0 0.0707070707070707 0.5279187817258884
35 0.0024332999999999716 0 0 0.0707070707070707 0.5279187817258884
36 0.0022003999999999913 0 0 0.0707070707070707 0.5279187817258884
37 0.0032727000000000173 0 0 0.0707070707070707 0.5279187817258884
38 0.0021143000000000134 0 1 0.0707070707070707 0.5329949238578681
39 0.0021035999999999833 1 0 0.08080808080808081 0.5329949238578681
40 0.0023229000000000166 0 0 0.08080808080808081 0.5329949238578681
41 0.002373299999999967 0 0 0.08080808080808081 0.5329949238578681
42 0.002688299999999977 0 0 0.08080808080808081 0.5329949238578681
43 0.002039499999999972 1 1 0.09090909090909091 0.5380710659898477
44 0.0020758000000000165 0 0 0.09090909090909091 0.5380710659898477
45 0.0031213999999999964 1 0 0.10101010101010101 0.5380710659898477
46 0.0020557999999999965 1 1 0.1111111111111111 0.5431472081218274
47 0.002346500000000029 1 1 0.12121212121212122 0.5482233502538071
48 0.0025378000000000345 0 0 0.12121212121212122 0.5482233502538071
49 0.002211500000000033 1 1 0.13131313131313133 0.5532994923857868
50 0.003444400000000014 0 1 0.13131313131313133 0.5583756345177665
51 0.0023846000000000145 0 0 0.13131313131313133 0.5583756345177665
52 0.0024138000000000215 0 0 0.13131313131313133 0.5583756345177665
53 0.0024462000000000095 1 0 0.1414141414141414 0.5583756345177665
54 0.002441699999999991 0 1 0.1414141414141414 0.5634517766497462
55 0.0022827999999999737 0 0 0.1414141414141414 0.5634517766497462
56 0.0020725000000000326 0 0 0.1414141414141414 0.5634517766497462
57 0.00202819999999998 0 0 0.1414141414141414 0.5634517766497462
58 0.0024639999999999662 0 1 0.1414141414141414 0.5685279187817259
59 0.002179500000000001 1 1 0.15151515151515152 0.5736040609137056
60 0.0030498999999999943 1 1 0.16161616161616163 0.5786802030456852
61 0.003440600000000016 0 0 0.16161616161616163 0.5786802030456852
62 0.0031903000000000348 0 0 0.16161616161616163 0.5786802030456852
63 0.0022756999999999916 1 0 0.1717171717171717 0.5786802030456852
64 0.0020779000000000214 0 0 0.1717171717171717 0.5786802030456852
65 0.0024666999999999883 1 2 0.18181818181818182 0.5888324873096447
66 0.0024635000000000074 0 0 0.18181818181818182 0.5888324873096447
67 0.0034474999999999922 1 0 0.1919191919191919 0.5888324873096447
68 0.0021247999999999823 0 0 0.1919191919191919 0.5888324873096447
69 0.0021882999999999764 0 0 0.1919191919191919 0.5888324873096447
70 0.0025490000000000235 0 0 0.1919191919191919 0.5888324873096447
71 0.0025227999999999917 0 0 0.1919191919191919 0.5888324873096447
72 0.002527500000000016 0 0 0.1919191919191919 0.5888324873096447
73 0.0022131999999999707 0 0 0.1919191919191919 0.5888324873096447
74 0.0021460000000000368 1 1 0.20202020202020202 0.5939086294416244
75 0.002488900000000016 0 0 0.20202020202020202 0.5939086294416244
76 0.0029850000000000154 0 1 0.20202020202020202 0.5989847715736041
77 0.00325209999999998 1 1 0.21212121212121213 0.6040609137055838
78 0.0032877000000000045 0 0 0.21212121212121213 0.6040609137055838
79 0.002716699999999961 0 0 0.21212121212121213 0.6040609137055838
80 0.0021899000000000224 0 0 0.21212121212121213 0.6040609137055838
81 0.0021102000000000065 0 0 0.21212121212121213 0.6040609137055838
82 0.002604800000000018 0 0 0.21212121212121213 0.6040609137055838
83 0.0023639999999999772 0 0 0.21212121212121213 0.6040609137055838
84 0.0025373999999999675 0 0 0.21212121212121213 0.6040609137055838
85 0.002257399999999965 1 0 0.2222222222222222 0.6040609137055838
86 0.0022439999999999682 1 1 0.23232323232323232 0.6091370558375635
87 0.002455900000000011 1 1 0.24242424242424243 0.6142131979695431
88 0.002126600000000034 0 0 0.24242424242424243 0.6142131979695431
89 0.0023240999999999956 1 2 0.25252525252525254 0.6243654822335025
90 0.002765500000000032 0 0 0.25252525252525254 0.6243654822335025
91 0.0031392000000000087 0 0 0.25252525252525254 0.6243654822335025
92 0.0022560000000000358 1 1 0.26262626262626265 0.6294416243654822
93 0.0021571999999999703 1 0 0.2727272727272727 0.6294416243654822
94 0.002495800000000048 0 1 0.2727272727272727 0.6345177664974619
95 0.0025733000000000006 0 0 0.2727272727272727 0.6345177664974619
96 0.004272700000000018 0 0 0.2727272727272727 0.6345177664974619
97 0.0030421000000000475 1 0 0.2828282828282828 0.6345177664974619
98 0.0026599999999999957 0 0 0.2828282828282828 0.6345177664974619
99 0.0026479000000000363 0 0 0.2828282828282828 0.6345177664974619
100 0.002792599999999923 0 0 0.2828282828282828 0.6345177664974619
101 0.0023380999999998986 1 0 0.29292929292929293 0.6345177664974619
102 0.0021526999999998964 0 0 0.29292929292929293 0.6345177664974619
103 0.0032672000000000256 0 0 0.29292929292929293 0.6345177664974619
104 0.0023294999999999844 1 0 0.30303030303030304 0.6345177664974619
105 0.002689899999999912 1 0 0.31313131313131315 0.6345177664974619
106 0.0025823999999999847 0 0 0.31313131313131315 0.6345177664974619
107 0.0032823000000000713 1 1 0.32323232323232326 0.6395939086294417
108 0.002233099999999988 0 0 0.32323232323232326 0.6395939086294417
109 0.0022836999999999996 0 2 0.32323232323232326 0.649746192893401
110 0.0025399999999999867 0 0 0.32323232323232326 0.649746192893401
111 0.002659599999999984 0 0 0.32323232323232326 0.649746192893401
112 0.0025405000000000566 1 0 0.3333333333333333 0.649746192893401
113 0.0022441999999999185 1 2 0.3434343434343434 0.6598984771573604
114 0.0022114000000000855 1 0 0.35353535353535354 0.6598984771573604
115 0.0027608000000000077 0 0 0.35353535353535354 0.6598984771573604
116 0.002155800000000041 0 0 0.35353535353535354 0.6598984771573604
117 0.0025193999999999495 0 1 0.35353535353535354 0.6649746192893401
118 0.002745400000000009 0 0 0.35353535353535354 0.6649746192893401
119 0.003167299999999984 0 0 0.35353535353535354 0.6649746192893401
120 0.00254169999999998 0 1 0.35353535353535354 0.6700507614213198
121 0.0022585999999999995 1 0 0.36363636363636365 0.6700507614213198
122 0.002596900000000013 0 0 0.36363636363636365 0.6700507614213198
123 0.0026260999999999646 1 2 0.37373737373737376 0.6802030456852792
124 0.0031293000000000015 0 0 0.37373737373737376 0.6802030456852792
125 0.002298200000000028 1 0 0.3838383838383838 0.6802030456852792
126 0.002312900000000062 0 1 0.3838383838383838 0.6852791878172588
127 0.002800599999999931 0 0 0.3838383838383838 0.6852791878172588
128 0.0027980999999999145 0 1 0.3838383838383838 0.6903553299492385
129 0.0027063999999999977 1 0 0.3939393939393939 0.6903553299492385
130 0.0024079999999999657 0 0 0.3939393939393939 0.6903553299492385
131 0.0027305999999999164 1 0 0.40404040404040403 0.6903553299492385
132 0.002514799999999928 0 0 0.40404040404040403 0.6903553299492385
133 0.0024399000000000504 0 2 0.40404040404040403 0.700507614213198
134 0.002675500000000053 1 0 0.41414141414141414 0.700507614213198
135 0.002613099999999924 0 0 0.41414141414141414 0.700507614213198
136 0.003752100000000036 1 1 0.42424242424242425 0.7055837563451777
137 0.0023440000000000127 0 0 0.42424242424242425 0.7055837563451777
138 0.003069199999999994 0 0 0.42424242424242425 0.7055837563451777
139 0.0029380999999999435 1 1 0.43434343434343436 0.7106598984771574
140 0.0024533000000001026 1 1 0.4444444444444444 0.7157360406091371
141 0.0023520000000000207 0 1 0.4444444444444444 0.7208121827411168
142 0.003234200000000076 0 0 0.4444444444444444 0.7208121827411168
143 0.00250270000000008 1 0 0.45454545454545453 0.7208121827411168
144 0.002477199999999957 0 1 0.45454545454545453 0.7258883248730964
145 0.0029343000000000563 0 0 0.45454545454545453 0.7258883248730964
146 0.0030762999999999208 0 0 0.45454545454545453 0.7258883248730964
147 0.002635799999999966 0 0 0.45454545454545453 0.7258883248730964
148 0.002480900000000008 0 0 0.45454545454545453 0.7258883248730964
149 0.0031379000000000268 1 0 0.46464646464646464 0.7258883248730964
150 0.0027513999999999594 0 0 0.46464646464646464 0.7258883248730964
151 0.0034071999999999436 1 0 0.47474747474747475 0.7258883248730964
152 0.0026775999999999467 0 0 0.47474747474747475 0.7258883248730964
153 0.0028055999999999637 0 0 0.47474747474747475 0.7258883248730964
154 0.002841100000000041 0 1 0.47474747474747475 0.7309644670050761
155 0.0027901000000000176 0 0 0.47474747474747475 0.7309644670050761
156 0.0023954000000000475 0 0 0.47474747474747475 0.7309644670050761
157 0.002708399999999944 0 0 0.47474747474747475 0.7309644670050761
158 0.0026055999999999857 1 0 0.48484848484848486 0.7309644670050761
159 0.0024042000000000785 0 2 0.48484848484848486 0.7411167512690355
160 0.0031687999999999716 0 0 0.48484848484848486 0.7411167512690355
161 0.002660600000000013 1 1 0.494949494949495 0.7461928934010152
162 0.0038131000000000137 0 0 0.494949494949495 0.7461928934010152
163 0.003017099999999995 0 0 0.494949494949495 0.7461928934010152
164 0.0033130000000000104 1 1 0.5050505050505051 0.751269035532995
165 0.002798700000000043 0 0 0.5050505050505051 0.751269035532995
166 0.003787100000000043 1 1 0.5151515151515151 0.7563451776649747
167 0.0034855999999999776 0 0 0.5151515151515151 0.7563451776649747
168 0.002779000000000087 0 0 0.5151515151515151 0.7563451776649747
169 0.0023680000000000367 1 1 0.5252525252525253 0.7614213197969543
170 0.002701100000000012 0 0 0.5252525252525253 0.7614213197969543
171 0.00282350000000009 0 0 0.5252525252525253 0.7614213197969543
172 0.003711300000000084 1 0 0.5353535353535354 0.7614213197969543
173 0.0026148999999999756 1 2 0.5454545454545454 0.7715736040609137
174 0.002868399999999993 1 1 0.5555555555555556 0.7766497461928934
175 0.00308430000000004 0 0 0.5555555555555556 0.7766497461928934
176 0.0033706000000000014 1 0 0.5656565656565656 0.7766497461928934
177 0.0026357000000000186 1 1 0.5757575757575758 0.7817258883248731
178 0.0025634000000001045 0 0 0.5757575757575758 0.7817258883248731
179 0.003068100000000018 0 0 0.5757575757575758 0.7817258883248731
180 0.002963800000000072 0 0 0.5757575757575758 0.7817258883248731
181 0.0025863999999999887 1 0 0.5858585858585859 0.7817258883248731
182 0.0027521999999999824 1 1 0.5959595959595959 0.7868020304568528
183 0.0033518999999999632 1 0 0.6060606060606061 0.7868020304568528
184 0.0024874000000000285 0 1 0.6060606060606061 0.7918781725888325
185 0.002828900000000023 1 1 0.6161616161616161 0.7969543147208121
186 0.003002199999999955 1 2 0.6262626262626263 0.8071065989847716
187 0.004327599999999987 0 0 0.6262626262626263 0.8071065989847716
188 0.0036458999999999797 0 0 0.6262626262626263 0.8071065989847716
189 0.006404099999999913 1 0 0.6363636363636364 0.8071065989847716
190 0.002997999999999945 0 0 0.6363636363636364 0.8071065989847716
191 0.0026068999999999676 1 0 0.6464646464646465 0.8071065989847716
192 0.0030831999999999526 0 0 0.6464646464646465 0.8071065989847716
193 0.0026087999999999667 0 1 0.6464646464646465 0.8121827411167513
194 0.003021399999999952 1 1 0.6565656565656566 0.817258883248731
195 0.0029489999999999794 1 1 0.6666666666666666 0.8223350253807107
196 0.004243399999999897 0 0 0.6666666666666666 0.8223350253807107
197 0.0026559000000000443 1 0 0.6767676767676768 0.8223350253807107
198 0.0032462999999999242 1 1 0.6868686868686869 0.8274111675126904
199 0.0033111000000000113 1 1 0.696969696969697 0.8324873096446701
200 0.0031128000000000267 0 2 0.696969696969697 0.8426395939086294
201 0.0027689999999999104 0 0 0.696969696969697 0.8426395939086294
202 0.003558799999999973 0 0 0.696969696969697 0.8426395939086294
203 0.0030164999999999775 0 0 0.696969696969697 0.8426395939086294
204 0.0027916999999999526 1 0 0.7070707070707071 0.8426395939086294
205 0.0028114000000000194 0 0 0.7070707070707071 0.8426395939086294
206 0.0044231999999999605 0 0 0.7070707070707071 0.8426395939086294
207 0.0036519000000000412 0 0 0.7070707070707071 0.8426395939086294
208 0.0034014999999999462 1 0 0.7171717171717171 0.8426395939086294
209 0.004070800000000041 1 0 0.7272727272727273 0.8426395939086294
210 0.0026378000000000235 1 4 0.7373737373737373 0.8629441624365483
211 0.002850799999999931 0 0 0.7373737373737373 0.8629441624365483
212 0.0032229000000000285 1 2 0.7474747474747475 0.8730964467005076
213 0.0031906999999999908 0 0 0.7474747474747475 0.8730964467005076
214 0.002696900000000002 0 0 0.7474747474747475 0.8730964467005076
215 0.0029831000000000163 0 0 0.7474747474747475 0.8730964467005076
216 0.0026386000000000465 0 0 0.7474747474747475 0.8730964467005076
217 0.00282440000000006 1 0 0.7575757575757576 0.8730964467005076
218 0.0032003000000000448 1 0 0.7676767676767676 0.8730964467005076
219 0.0068925999999999155 0 1 0.7676767676767676 0.8781725888324873
220 0.004616400000000076 0 0 0.7676767676767676 0.8781725888324873
221 0.004183500000000007 0 0 0.7676767676767676 0.8781725888324873
222 0.002894699999999917 0 1 0.7676767676767676 0.883248730964467
223 0.0032824000000000186 0 0 0.7676767676767676 0.883248730964467
224 0.0036437000000000275 1 1 0.7777777777777778 0.8883248730964467
225 0.0033298999999999968 0 0 0.7777777777777778 0.8883248730964467
226 0.003076399999999979 0 0 0.7777777777777778 0.8883248730964467
227 0.003731299999999993 1 1 0.7878787878787878 0.8934010152284264
228 0.002850499999999978 0 0 0.7878787878787878 0.8934010152284264
229 0.0033628999999999465 0 0 0.7878787878787878 0.8934010152284264
230 0.0029352000000000267 0 0 0.7878787878787878 0.8934010152284264
231 0.005720199999999953 1 1 0.797979797979798 0.8984771573604061
232 0.0028586000000000444 0 0 0.797979797979798 0.8984771573604061
233 0.003568099999999963 1 0 0.8080808080808081 0.8984771573604061
234 0.0038475000000000037 0 0 0.8080808080808081 0.8984771573604061
235 0.003871100000000016 0 0 0.8080808080808081 0.8984771573604061
236 0.004580600000000046 0 0 0.8080808080808081 0.8984771573604061
237 0.0037855000000001082 1 0 0.8181818181818182 0.8984771573604061
238 0.0031833999999999474 1 2 0.8282828282828283 0.9086294416243654
239 0.0033114000000000754 0 0 0.8282828282828283 0.9086294416243654
240 0.0030820999999998655 0 0 0.8282828282828283 0.9086294416243654
241 0.0029046999999999823 0 0 0.8282828282828283 0.9086294416243654
242 0.0033466999999998137 0 0 0.8282828282828283 0.9086294416243654
243 0.003952100000000014 1 2 0.8383838383838383 0.9187817258883249
244 0.00274619999999981 0 0 0.8383838383838383 0.9187817258883249
245 0.0028872000000002007 0 0 0.8383838383838383 0.9187817258883249
246 0.0034357000000000415 0 0 0.8383838383838383 0.9187817258883249
247 0.0031763000000000208 1 1 0.8484848484848485 0.9238578680203046
248 0.0028759000000000423 1 1 0.8585858585858586 0.9289340101522843
249 0.0033874000000000404 0 0 0.8585858585858586 0.9289340101522843
250 0.0029071999999998877 0 0 0.8585858585858586 0.9289340101522843
251 0.0027442999999998108 0 0 0.8585858585858586 0.9289340101522843
252 0.003320099999999826 0 0 0.8585858585858586 0.9289340101522843
253 0.004235299999999942 0 0 0.8585858585858586 0.9289340101522843
254 0.0029278999999999833 0 0 0.8585858585858586 0.9289340101522843
255 0.0034120000000001927 0 0 0.8585858585858586 0.9289340101522843
256 0.003142500000000048 0 0 0.8585858585858586 0.9289340101522843
257 0.0029858000000000384 0 0 0.8585858585858586 0.9289340101522843
258 0.0029809999999999004 1 0 0.8686868686868687 0.9289340101522843
259 0.0031285000000000895 0 0 0.8686868686868687 0.9289340101522843
260 0.002872399999999997 0 1 0.8686868686868687 0.934010152284264
261 0.0028808000000000167 0 0 0.8686868686868687 0.934010152284264
262 0.003389199999999981 0 0 0.8686868686868687 0.934010152284264
263 0.004647599999999974 0 0 0.8686868686868687 0.934010152284264
264 0.002787000000000095 0 0 0.8686868686868687 0.934010152284264
265 0.0030543999999999016 0 0 0.8686868686868687 0.934010152284264
266 0.0032901000000000735 0 0 0.8686868686868687 0.934010152284264
267 0.0036520000000002106 1 1 0.8787878787878788 0.9390862944162437
268 0.0032124999999998405 0 0 0.8787878787878788 0.9390862944162437
269 0.0033393999999999924 1 1 0.8888888888888888 0.9441624365482234
270 0.0034156999999999105 1 0 0.898989898989899 0.9441624365482234
271 0.0031010000000000204 0 0 0.898989898989899 0.9441624365482234
272 0.0027743999999998437 1 1 0.9090909090909091 0.949238578680203
273 0.0038499000000000727 0 0 0.9090909090909091 0.949238578680203
274 0.004281800000000002 0 0 0.9090909090909091 0.949238578680203
275 0.0035772999999998945 1 1 0.9191919191919192 0.9543147208121827
276 0.003942899999999971 0 0 0.9191919191919192 0.9543147208121827
277 0.0027791999999999817 0 1 0.9191919191919192 0.9593908629441624
278 0.003053199999999867 0 0 0.9191919191919192 0.9593908629441624
279 0.003314499999999887 1 0 0.9292929292929293 0.9593908629441624
280 0.0031189000000000355 1 1 0.9393939393939394 0.9644670050761421
281 0.0029671000000000003 0 0 0.9393939393939394 0.9644670050761421
282 0.003253200000000067 0 0 0.9393939393939394 0.9644670050761421
283 0.0028728000000000087 0 0 0.9393939393939394 0.9644670050761421
284 0.0036525000000000585 1 0 0.9494949494949495 0.9644670050761421
285 0.0032240000000001157 0 0 0.9494949494949495 0.9644670050761421
286 0.003863799999999973 1 1 0.9595959595959596 0.9695431472081218
287 0.00324330000000006 1 1 0.9696969696969697 0.9746192893401016
288 0.00363749999999996 1 2 0.9797979797979798 0.9847715736040609
289 0.004190199999999811 0 0 0.9797979797979798 0.9847715736040609
290 0.004341200000000045 0 0 0.9797979797979798 0.9847715736040609
291 0.0035255000000000702 0 1 0.9797979797979798 0.9898477157360406
292 0.003202200000000044 0 0 0.9797979797979798 0.9898477157360406
293 0.003081699999999854 0 0 0.9797979797979798 0.9898477157360406
294 0.0029866000000000614 0 0 0.9797979797979798 0.9898477157360406
295 0.0032553999999997973 0 0 0.9797979797979798 0.9898477157360406
296 0.002886200000000061 0 0 0.9797979797979798 0.9898477157360406
297 0.003453200000000045 0 0 0.9797979797979798 0.9898477157360406
298 0.003720100000000004 0 0 0.9797979797979798 0.9898477157360406
299 0.003158500000000064 1 0 0.98989898989899 0.9898477157360406
300 0.0029185999999998824 1 1 1.0 0.9949238578680203
301 0.003939400000000148 0 1 1.0 1.0
