110 0.1 0.3
1 0.002160300000000004 0 0 0.0 0.5023041474654378
2 0.0021981999999999835 0 0 0.0 0.5023041474654378
3 0.0023748000000000102 0 0 0.0 0.5023041474654378
4 0.002145700000000028 0 0 0.0 0.5023041474654378
5 0.0021468999999999516 0 0 0.0 0.5023041474654378
6 0.0021100000000000008 0 0 0.0 0.5023041474654378
7 0.0021596999999999866 0 0 0.0 0.5023041474654378
8 0.0020711999999999953 0 0 0.0 0.5023041474654378
9 0.0021380000000000288 0 0 0.0 0.5023041474654378
10 0.002395299999999989 0 0 0.0 0.5023041474654378
11 0.002201699999999973 0 0 0.0 0.5023041474654378
12 0.0024261999999999895 0 0 0.0 0.5023041474654378
13 0.0022383999999999737 0 0 0.0 0.5023041474654378
14 0.0022391999999999967 0 0 0.0 0.5023041474654378
15 0.0021771999999999903 0 0 0.0 0.5023041474654378
16 0.002201500000000023 0 0 0.0 0.5023041474654378
17 0.0021617999999999915 0 0 0.0 0.5023041474654378
18 0.0024009999999999865 0 0 0.0 0.5023041474654378
19 0.0021860999999999686 0 0 0.0 0.5023041474654378
20 0.0021919999999999717 0 0 0.0 0.5023041474654378
21 0.0021345999999999865 0 0 0.0 0.5023041474654378
22 0.0022282000000000135 1 0 0.009174311926605505 0.5023041474654378
23 0.0030962999999999963 0 0 0.009174311926605505 0.5023041474654378
24 0.0027813999999999894 0 0 0.009174311926605505 0.5023041474654378
25 0.0022676999999999836 0 0 0.009174311926605505 0.5023041474654378
26 0.0021831999999999963 0 0 0.009174311926605505 0.5023041474654378
27 0.0022061999999999915 0 0 0.009174311926605505 0.5023041474654378
28 0.0024955999999999867 0 0 0.009174311926605505 0.5023041474654378
29 0.002172900000000033 0 0 0.009174311926605505 0.5023041474654378
30 0.0021845000000000336 0 0 0.009174311926605505 0.5023041474654378
31 0.002275499999999986 0 0 0.009174311926605505 0.5023041474654378
32 0.0022057000000000326 0 0 0.009174311926605505 0.5023041474654378
33 0.0021921999999999775 0 0 0.009174311926605505 0.5023041474654378
34 0.0024056000000000077 0 0 0.009174311926605505 0.5023041474654378
35 0.0022816000000000503 0 0 0.009174311926605505 0.5023041474654378
36 0.0022382000000000235 0 0 0.009174311926605505 0.5023041474654378
37 0.002231700000000003 0 0 0.009174311926605505 0.5023041474654378
38 0.00219579999999997 0 0 0.009174311926605505 0.5023041474654378
39 0.003304499999999988 1 1 0.01834862385321101 0.5069124423963134
40 0.002218700000000018 0 0 0.01834862385321101 0.5069124423963134
41 0.002629300000000001 0 0 0.01834862385321101 0.5069124423963134
42 0.002280599999999966 1 1 0.027522935779816515 0.511520737327189
43 0.002158900000000019 0 0 0.027522935779816515 0.511520737327189
44 0.0027106000000000074 0 0 0.027522935779816515 0.511520737327189
45 0.0022835999999999967 0 0 0.027522935779816515 0.511520737327189
46 0.0026075000000000403 0 0 0.027522935779816515 0.511520737327189
47 0.002340899999999979 0 0 0.027522935779816515 0.511520737327189
48 0.002225699999999997 0 0 0.027522935779816515 0.511520737327189
49 0.0021588999999999636 0 0 0.027522935779816515 0.511520737327189
50 0.0021520000000000428 0 0 0.027522935779816515 0.511520737327189
51 0.002116500000000021 0 0 0.027522935779816515 0.511520737327189
52 0.0025761000000000256 0 0 0.027522935779816515 0.511520737327189
53 0.0022372999999999976 0 0 0.027522935779816515 0.511520737327189
54 0.0020877000000000256 0 0 0.027522935779816515 0.511520737327189
55 0.002154299999999998 0 0 0.027522935779816515 0.511520737327189
56 0.0022040999999999866 0 0 0.027522935779816515 0.511520737327189
57 0.002218899999999968 0 0 0.027522935779816515 0.511520737327189
58 0.003782600000000025 0 0 0.027522935779816515 0.511520737327189
59 0.0024720000000000297 0 0 0.027522935779816515 0.511520737327189
60 0.0025985000000000036 0 0 0.027522935779816515 0.511520737327189
61 0.0022795999999999927 0 0 0.027522935779816515 0.511520737327189
62 0.002695299999999956 0 0 0.027522935779816515 0.511520737327189
63 0.0024607999999999852 0 0 0.027522935779816515 0.511520737327189
64 0.002168100000000006 0 0 0.027522935779816515 0.511520737327189
65 0.0026312 0 0 0.027522935779816515 0.511520737327189
66 0.0023012000000000032 0 0 0.027522935779816515 0.511520737327189
67 0.002218700000000018 1 0 0.03669724770642202 0.511520737327189
68 0.0022087999999999552 0 0 0.03669724770642202 0.511520737327189
69 0.0022745000000000126 0 0 0.03669724770642202 0.511520737327189
70 0.0021710999999999814 0 0 0.03669724770642202 0.511520737327189
71 0.002293400000000001 0 0 0.03669724770642202 0.511520737327189
72 0.0021789999999999865 0 0 0.03669724770642202 0.511520737327189
73 0.0022633000000000236 0 0 0.03669724770642202 0.511520737327189
74 0.0021952000000000083 1 0 0.045871559633027525 0.511520737327189
75 0.0021467000000000014 0 0 0.045871559633027525 0.511520737327189
76 0.0030782999999999783 0 0 0.045871559633027525 0.511520737327189
77 0.002980700000000003 0 0 0.045871559633027525 0.511520737327189
78 0.0030850000000000044 0 0 0.045871559633027525 0.511520737327189
79 0.0030758999999999648 0 0 0.045871559633027525 0.511520737327189
80 0.00273000000000001 0 0 0.045871559633027525 0.511520737327189
81 0.002999599999999991 0 0 0.045871559633027525 0.511520737327189
82 0.002669699999999997 0 0 0.045871559633027525 0.511520737327189
83 0.003896999999999984 0 0 0.045871559633027525 0.511520737327189
84 0.002759200000000017 0 0 0.045871559633027525 0.511520737327189
85 0.002296499999999979 0 0 0.045871559633027525 0.511520737327189
86 0.0021446999999999994 0 0 0.045871559633027525 0.511520737327189
87 0.0023263000000000034 0 0 0.045871559633027525 0.511520737327189
88 0.002268199999999998 0 0 0.045871559633027525 0.511520737327189
89 0.0022443999999999797 0 1 0.045871559633027525 0.5161290322580645
90 0.0023605999999999905 0 0 0.045871559633027525 0.5161290322580645
91 0.0022815000000000474 0 0 0.045871559633027525 0.5161290322580645
92 0.0026711000000000373 1 0 0.05504587155963303 0.5161290322580645
93 0.0021922999999999804 0 0 0.05504587155963303 0.5161290322580645
94 0.002103899999999992 0 0 0.05504587155963303 0.5161290322580645
95 0.002221799999999996 0 0 0.05504587155963303 0.5161290322580645
96 0.0021740000000000093 0 0 0.05504587155963303 0.5161290322580645
97 0.0022657999999999845 0 0 0.05504587155963303 0.5161290322580645
98 0.0022991999999999457 0 0 0.05504587155963303 0.5161290322580645
99 0.0022244000000000153 0 0 0.05504587155963303 0.5161290322580645
100 0.002186699999999986 0 0 0.05504587155963303 0.5161290322580645
101 0.0022417999999999605 1 0 0.06422018348623854 0.5161290322580645
102 0.002241900000000019 1 0 0.07339449541284404 0.5161290322580645
103 0.0021227999999999803 0 0 0.07339449541284404 0.5161290322580645
104 0.0024212999999999596 0 0 0.07339449541284404 0.5161290322580645
105 0.0022604999999999986 0 0 0.07339449541284404 0.5161290322580645
106 0.0023225999999999525 0 1 0.07339449541284404 0.5207373271889401
107 0.0022621000000000446 0 1 0.07339449541284404 0.5253456221198156
108 0.002425999999999928 0 0 0.07339449541284404 0.5253456221198156
109 0.0023629000000000566 0 0 0.07339449541284404 0.5253456221198156
110 0.002298200000000028 0 0 0.07339449541284404 0.5253456221198156
111 0.0022003999999999913 0 0 0.07339449541284404 0.5253456221198156
112 0.0022257999999999445 0 0 0.07339449541284404 0.5253456221198156
113 0.00227949999999999 1 1 0.08256880733944955 0.5299539170506913
114 0.0022913999999999435 0 0 0.08256880733944955 0.5299539170506913
115 0.0022419999999999662 0 0 0.08256880733944955 0.5299539170506913
116 0.0022364999999999746 0 0 0.08256880733944955 0.5299539170506913
117 0.002267499999999978 0 0 0.08256880733944955 0.5299539170506913
118 0.003159799999999935 0 0 0.08256880733944955 0.5299539170506913
119 0.0030746999999999858 0 1 0.08256880733944955 0.5345622119815668
120 0.003140099999999979 0 0 0.08256880733944955 0.5345622119815668
121 0.0031330999999999998 0 0 0.08256880733944955 0.5345622119815668
122 0.0031533000000000255 0 0 0.08256880733944955 0.5345622119815668
123 0.0031063999999999536 0 0 0.08256880733944955 0.5345622119815668
124 0.0029239999999999267 0 0 0.08256880733944955 0.5345622119815668
125 0.0030938000000000354 0 0 0.08256880733944955 0.5345622119815668
126 0.003134799999999993 0 0 0.08256880733944955 0.5345622119815668
127 0.0028882000000000074 0 0 0.08256880733944955 0.5345622119815668
128 0.0030542999999999543 0 0 0.08256880733944955 0.5345622119815668
129 0.00218649999999998 0 0 0.08256880733944955 0.5345622119815668
130 0.0022704000000000057 0 1 0.08256880733944955 0.5391705069124424
131 0.0022423000000000304 0 0 0.08256880733944955 0.5391705069124424
132 0.0021429000000000586 0 0 0.08256880733944955 0.5391705069124424
133 0.002437699999999987 0 0 0.08256880733944955 0.5391705069124424
134 0.002238700000000038 0 0 0.08256880733944955 0.5391705069124424
135 0.0021868999999999916 0 0 0.08256880733944955 0.5391705069124424
136 0.0022687000000000124 0 0 0.08256880733944955 0.5391705069124424
137 0.0022367999999999277 0 0 0.08256880733944955 0.5391705069124424
138 0.0023559000000000774 0 0 0.08256880733944955 0.5391705069124424
139 0.0022316000000000003 0 0 0.08256880733944955 0.5391705069124424
140 0.0022948000000000413 0 0 0.08256880733944955 0.5391705069124424
141 0.0022167000000000714 0 0 0.08256880733944955 0.5391705069124424
142 0.0022043999999999953 1 0 0.09174311926605505 0.5391705069124424
143 0.0022864000000000217 1 0 0.10091743119266056 0.5391705069124424
144 0.002257099999999901 0 0 0.10091743119266056 0.5391705069124424
145 0.002226199999999956 1 0 0.11009174311926606 0.5391705069124424
146 0.002957700000000063 0 0 0.11009174311926606 0.5391705069124424
147 0.0033623999999999876 0 0 0.11009174311926606 0.5391705069124424
148 0.0032807000000000253 0 0 0.11009174311926606 0.5391705069124424
149 0.0030696000000000057 0 0 0.11009174311926606 0.5391705069124424
150 0.0031168000000000307 0 0 0.11009174311926606 0.5391705069124424
151 0.0030772999999999495 0 0 0.11009174311926606 0.5391705069124424
152 0.003154800000000013 0 0 0.11009174311926606 0.5391705069124424
153 0.0031111999999999806 0 0 0.11009174311926606 0.5391705069124424
154 0.003043800000000041 0 0 0.11009174311926606 0.5391705069124424
155 0.002755599999999969 0 0 0.11009174311926606 0.5391705069124424
156 0.0023041999999999785 0 0 0.11009174311926606 0.5391705069124424
157 0.0024612999999999996 0 0 0.11009174311926606 0.5391705069124424
158 0.002307500000000018 0 0 0.11009174311926606 0.5391705069124424
159 0.0022748999999999686 0 0 0.11009174311926606 0.5391705069124424
160 0.0022961999999999705 0 0 0.11009174311926606 0.5391705069124424
161 0.002179500000000001 0 0 0.11009174311926606 0.5391705069124424
162 0.002273399999999981 1 0 0.11926605504587157 0.5391705069124424
163 0.0022326999999999764 1 2 0.12844036697247707 0.5483870967741935
164 0.002474700000000052 0 0 0.12844036697247707 0.5483870967741935
165 0.0023437000000000596 0 0 0.12844036697247707 0.5483870967741935
166 0.0021918999999999134 0 0 0.12844036697247707 0.5483870967741935
167 0.0022934999999999484 0 0 0.12844036697247707 0.5483870967741935
168 0.002424599999999999 0 1 0.12844036697247707 0.5529953917050692
169 0.002244899999999994 0 0 0.12844036697247707 0.5529953917050692
170 0.0022984000000000337 0 0 0.12844036697247707 0.5529953917050692
171 0.0022193999999999825 0 0 0.12844036697247707 0.5529953917050692
172 0.0022975999999998997 0 0 0.12844036697247707 0.5529953917050692
173 0.0021621000000000556 0 0 0.12844036697247707 0.5529953917050692
174 0.0024455999999999367 0 0 0.12844036697247707 0.5529953917050692
175 0.0023098000000000285 0 0 0.12844036697247707 0.5529953917050692
176 0.0023490000000000455 0 0 0.12844036697247707 0.5529953917050692
177 0.0023456000000000587 0 0 0.12844036697247707 0.5529953917050692
178 0.0022591000000000694 0 0 0.12844036697247707 0.5529953917050692
179 0.002203500000000025 0 0 0.12844036697247707 0.5529953917050692
180 0.0023031999999999497 0 0 0.12844036697247707 0.5529953917050692
181 0.002306999999999948 0 0 0.12844036697247707 0.5529953917050692
182 0.0023764000000000562 1 0 0.13761467889908258 0.5529953917050692
183 0.002330500000000013 0 0 0.13761467889908258 0.5529953917050692
184 0.002165100000000031 0 0 0.13761467889908258 0.5529953917050692
185 0.002316099999999932 0 0 0.13761467889908258 0.5529953917050692
186 0.002209100000000075 0 0 0.13761467889908258 0.5529953917050692
187 0.003743099999999999 0 0 0.13761467889908258 0.5529953917050692
188 0.0022248000000000268 0 0 0.13761467889908258 0.5529953917050692
189 0.004091599999999973 0 0 0.13761467889908258 0.5529953917050692
190 0.0022914000000000545 0 0 0.13761467889908258 0.5529953917050692
191 0.0024328000000000127 0 0 0.13761467889908258 0.5529953917050692
192 0.002376099999999992 0 0 0.13761467889908258 0.5529953917050692
193 0.0026488000000000067 0 0 0.13761467889908258 0.5529953917050692
194 0.0031919999999999726 0 0 0.13761467889908258 0.5529953917050692
195 0.0031200000000000117 0 0 0.13761467889908258 0.5529953917050692
196 0.0022963999999999762 0 0 0.13761467889908258 0.5529953917050692
197 0.002218999999999971 0 0 0.13761467889908258 0.5529953917050692
198 0.002296300000000029 0 1 0.13761467889908258 0.5576036866359447
199 0.002243299999999948 0 0 0.13761467889908258 0.5576036866359447
200 0.0022620000000000973 0 0 0.13761467889908258 0.5576036866359447
201 0.0022416000000000658 0 0 0.13761467889908258 0.5576036866359447
202 0.00233899999999998 1 0 0.14678899082568808 0.5576036866359447
203 0.0022252999999999856 0 0 0.14678899082568808 0.5576036866359447
204 0.0023519999999999097 0 0 0.14678899082568808 0.5576036866359447
205 0.0022113999999999745 0 0 0.14678899082568808 0.5576036866359447
206 0.0027415999999998997 0 0 0.14678899082568808 0.5576036866359447
207 0.0022766999999999094 0 0 0.14678899082568808 0.5576036866359447
208 0.0022695000000000354 0 0 0.14678899082568808 0.5576036866359447
209 0.0022517000000000786 0 0 0.14678899082568808 0.5576036866359447
210 0.0022050000000000125 0 0 0.14678899082568808 0.5576036866359447
211 0.0022898000000000085 0 0 0.14678899082568808 0.5576036866359447
212 0.00230090000000005 0 0 0.14678899082568808 0.5576036866359447
213 0.0022412000000000543 0 0 0.14678899082568808 0.5576036866359447
214 0.0022740999999999456 0 0 0.14678899082568808 0.5576036866359447
215 0.0023206999999999534 0 0 0.14678899082568808 0.5576036866359447
216 0.0022142999999998914 0 0 0.14678899082568808 0.5576036866359447
217 0.0023344000000000698 0 1 0.14678899082568808 0.5622119815668203
218 0.0022522000000000375 0 0 0.14678899082568808 0.5622119815668203
219 0.0022809999999999775 0 0 0.14678899082568808 0.5622119815668203
220 0.002274200000000004 1 0 0.1559633027522936 0.5622119815668203
221 0.0023838999999999944 0 0 0.1559633027522936 0.5622119815668203
222 0.0023385999999999685 0 0 0.1559633027522936 0.5622119815668203
223 0.0024260999999999866 0 0 0.1559633027522936 0.5622119815668203
224 0.002285900000000063 0 0 0.1559633027522936 0.5622119815668203
225 0.004114500000000021 1 0 0.1651376146788991 0.5622119815668203
226 0.0023919000000000024 0 0 0.1651376146788991 0.5622119815668203
227 0.0022088000000000108 0 0 0.1651376146788991 0.5622119815668203
228 0.0022836999999999996 0 0 0.1651376146788991 0.5622119815668203
229 0.002372599999999947 0 0 0.1651376146788991 0.5622119815668203
230 0.00230829999999993 0 1 0.1651376146788991 0.5668202764976958
231 0.0024180000000000312 0 0 0.1651376146788991 0.5668202764976958
232 0.002262500000000056 0 0 0.1651376146788991 0.5668202764976958
233 0.0023161999999999905 0 0 0.1651376146788991 0.5668202764976958
234 0.002399800000000063 0 0 0.1651376146788991 0.5668202764976958
235 0.002847799999999956 0 0 0.1651376146788991 0.5668202764976958
236 0.0024307999999999552 0 0 0.1651376146788991 0.5668202764976958
237 0.0023427999999999782 0 0 0.1651376146788991 0.5668202764976958
238 0.0023133000000000736 0 0 0.1651376146788991 0.5668202764976958
239 0.002228599999999914 0 0 0.1651376146788991 0.5668202764976958
240 0.0023065000000001 0 0 0.1651376146788991 0.5668202764976958
241 0.0022989000000001036 0 0 0.1651376146788991 0.5668202764976958
242 0.0023708999999999536 0 0 0.1651376146788991 0.5668202764976958
243 0.0022446999999999884 0 0 0.1651376146788991 0.5668202764976958
244 0.0023130000000000095 0 0 0.1651376146788991 0.5668202764976958
245 0.0023975000000000524 0 0 0.1651376146788991 0.5668202764976958
246 0.002358699999999936 1 0 0.1743119266055046 0.5668202764976958
247 0.002266199999999996 0 0 0.1743119266055046 0.5668202764976958
248 0.0026692999999999856 0 0 0.1743119266055046 0.5668202764976958
249 0.0024463999999999597 0 0 0.1743119266055046 0.5668202764976958
250 0.0023994000000000515 0 0 0.1743119266055046 0.5668202764976958
251 0.002475499999999964 0 1 0.1743119266055046 0.5714285714285714
252 0.0023241999999999985 0 0 0.1743119266055046 0.5714285714285714
253 0.0022552000000000127 0 0 0.1743119266055046 0.5714285714285714
254 0.0022929999999999895 0 0 0.1743119266055046 0.5714285714285714
255 0.0023681999999999315 0 0 0.1743119266055046 0.5714285714285714
256 0.002372099999999988 0 1 0.1743119266055046 0.576036866359447
257 0.0022580000000000933 0 0 0.1743119266055046 0.576036866359447
258 0.0023169999999999025 0 0 0.1743119266055046 0.576036866359447
259 0.0024110999999999994 0 0 0.1743119266055046 0.576036866359447
260 0.002385100000000029 0 0 0.1743119266055046 0.576036866359447
261 0.0022629000000000676 0 0 0.1743119266055046 0.576036866359447
262 0.0023760000000000447 0 0 0.1743119266055046 0.576036866359447
263 0.0023616000000000748 0 0 0.1743119266055046 0.576036866359447
264 0.0023885000000000156 0 0 0.1743119266055046 0.576036866359447
265 0.0022836999999999996 0 0 0.1743119266055046 0.576036866359447
266 0.0021979999999999222 0 0 0.1743119266055046 0.576036866359447
267 0.0022543000000000424 0 1 0.1743119266055046 0.5806451612903226
268 0.0022999999999999687 0 0 0.1743119266055046 0.5806451612903226
269 0.002233700000000005 0 0 0.1743119266055046 0.5806451612903226
270 0.0024231000000000114 0 0 0.1743119266055046 0.5806451612903226
271 0.0023301000000000016 0 0 0.1743119266055046 0.5806451612903226
272 0.0023271999999999737 0 0 0.1743119266055046 0.5806451612903226
273 0.002328100000000055 0 0 0.1743119266055046 0.5806451612903226
274 0.0024066000000000365 0 0 0.1743119266055046 0.5806451612903226
275 0.002244899999999994 0 0 0.1743119266055046 0.5806451612903226
276 0.0024214999999999653 0 0 0.1743119266055046 0.5806451612903226
277 0.0023265999999999565 0 0 0.1743119266055046 0.5806451612903226
278 0.0023098000000000285 1 0 0.1834862385321101 0.5806451612903226
279 0.0022809999999999775 0 0 0.1834862385321101 0.5806451612903226
280 0.0022590999999999584 0 0 0.1834862385321101 0.5806451612903226
281 0.0024256000000000277 0 0 0.1834862385321101 0.5806451612903226
282 0.002247500000000069 0 0 0.1834862385321101 0.5806451612903226
283 0.0023560000000001358 0 0 0.1834862385321101 0.5806451612903226
284 0.00231799999999982 0 0 0.1834862385321101 0.5806451612903226
285 0.0022790999999999784 0 0 0.1834862385321101 0.5806451612903226
286 0.0023007999999999917 0 0 0.1834862385321101 0.5806451612903226
287 0.0023511000000000504 0 1 0.1834862385321101 0.5852534562211982
288 0.002297100000000052 0 1 0.1834862385321101 0.5898617511520737
289 0.002410699999999988 0 0 0.1834862385321101 0.5898617511520737
290 0.002460899999999988 1 1 0.1926605504587156 0.5944700460829493
291 0.002822700000000067 0 0 0.1926605504587156 0.5944700460829493
292 0.002460300000000082 0 0 0.1926605504587156 0.5944700460829493
293 0.0023940000000000072 1 0 0.2018348623853211 0.5944700460829493
294 0.002353900000000131 0 0 0.2018348623853211 0.5944700460829493
295 0.0023949000000000886 0 0 0.2018348623853211 0.5944700460829493
296 0.0030181000000000235 0 0 0.2018348623853211 0.5944700460829493
297 0.002487799999999929 0 0 0.2018348623853211 0.5944700460829493
298 0.0024188999999998906 0 0 0.2018348623853211 0.5944700460829493
299 0.002318500000000112 1 1 0.21100917431192662 0.5990783410138248
300 0.0025034000000001555 0 0 0.21100917431192662 0.5990783410138248
301 0.0024519999999998987 0 0 0.21100917431192662 0.5990783410138248
302 0.0024375000000000924 0 0 0.21100917431192662 0.5990783410138248
303 0.0023716999999998656 0 0 0.21100917431192662 0.5990783410138248
304 0.0023455000000001114 0 0 0.21100917431192662 0.5990783410138248
305 0.002349199999999829 0 0 0.21100917431192662 0.5990783410138248
306 0.00226779999999982 0 0 0.21100917431192662 0.5990783410138248
307 0.002354500000000037 0 0 0.21100917431192662 0.5990783410138248
308 0.0024277000000001436 0 0 0.21100917431192662 0.5990783410138248
309 0.002372599999999947 0 0 0.21100917431192662 0.5990783410138248
310 0.002445400000000042 0 0 0.21100917431192662 0.5990783410138248
311 0.002559599999999884 0 0 0.21100917431192662 0.5990783410138248
312 0.0024912000000001377 0 0 0.21100917431192662 0.5990783410138248
313 0.002469899999999914 1 0 0.22018348623853212 0.5990783410138248
314 0.0024585999999999775 0 0 0.22018348623853212 0.5990783410138248
315 0.002606700000000073 0 0 0.22018348623853212 0.5990783410138248
316 0.0024176000000000197 0 0 0.22018348623853212 0.5990783410138248
317 0.0025415999999998107 0 0 0.22018348623853212 0.5990783410138248
318 0.0023476000000000052 0 0 0.22018348623853212 0.5990783410138248
319 0.0023537999999998505 0 0 0.22018348623853212 0.5990783410138248
320 0.0024661000000001376 0 0 0.22018348623853212 0.5990783410138248
321 0.002295300000000111 1 0 0.22935779816513763 0.5990783410138248
322 0.0025124999999999176 0 0 0.22935779816513763 0.5990783410138248
323 0.002230500000000024 0 0 0.22935779816513763 0.5990783410138248
324 0.0023842000000000585 0 1 0.22935779816513763 0.6036866359447005
325 0.0024588999999999306 1 2 0.23853211009174313 0.6129032258064516
326 0.002439799999999881 1 0 0.24770642201834864 0.6129032258064516
327 0.0023151999999999617 0 0 0.24770642201834864 0.6129032258064516
328 0.002324599999999899 0 0 0.24770642201834864 0.6129032258064516
329 0.0033893000000000395 0 0 0.24770642201834864 0.6129032258064516
330 0.00335210000000008 0 0 0.24770642201834864 0.6129032258064516
331 0.0033617999999999704 0 0 0.24770642201834864 0.6129032258064516
332 0.0033190999999999082 0 0 0.24770642201834864 0.6129032258064516
333 0.003408100000000136 1 0 0.25688073394495414 0.6129032258064516
334 0.0030463000000000573 0 0 0.25688073394495414 0.6129032258064516
335 0.003141999999999978 0 0 0.25688073394495414 0.6129032258064516
336 0.003329399999999927 0 0 0.25688073394495414 0.6129032258064516
337 0.002843600000000057 1 0 0.26605504587155965 0.6129032258064516
338 0.0024408000000000207 0 0 0.26605504587155965 0.6129032258064516
339 0.00236219999999987 0 0 0.26605504587155965 0.6129032258064516
340 0.0023695000000001354 0 0 0.26605504587155965 0.6129032258064516
341 0.002481700000000142 0 0 0.26605504587155965 0.6129032258064516
342 0.002830499999999958 0 0 0.26605504587155965 0.6129032258064516
343 0.0024364000000001163 0 0 0.26605504587155965 0.6129032258064516
344 0.0025345999999999425 0 0 0.26605504587155965 0.6129032258064516
345 0.0024598999999998483 1 0 0.27522935779816515 0.6129032258064516
346 0.0024868000000000112 0 0 0.27522935779816515 0.6129032258064516
347 0.002263000000000126 0 0 0.27522935779816515 0.6129032258064516
348 0.0025353999999999655 0 1 0.27522935779816515 0.6175115207373272
349 0.0024134999999998463 0 0 0.27522935779816515 0.6175115207373272
350 0.002388599999999963 0 0 0.27522935779816515 0.6175115207373272
351 0.002341399999999938 0 0 0.27522935779816515 0.6175115207373272
352 0.002421900000000088 0 0 0.27522935779816515 0.6175115207373272
353 0.002596599999999949 0 0 0.27522935779816515 0.6175115207373272
354 0.0024154000000000675 0 0 0.27522935779816515 0.6175115207373272
355 0.0023678999999998673 1 0 0.28440366972477066 0.6175115207373272
356 0.003389700000000051 0 0 0.28440366972477066 0.6175115207373272
357 0.0034904000000000046 0 1 0.28440366972477066 0.6221198156682027
358 0.003359300000000065 1 1 0.29357798165137616 0.6267281105990783
359 0.003415300000000121 0 0 0.29357798165137616 0.6267281105990783
360 0.0032960000000001877 0 0 0.29357798165137616 0.6267281105990783
361 0.003401499999999835 0 0 0.29357798165137616 0.6267281105990783
362 0.0033986000000001404 0 0 0.29357798165137616 0.6267281105990783
363 0.0034018000000000104 0 0 0.29357798165137616 0.6267281105990783
364 0.003435599999999983 0 0 0.29357798165137616 0.6267281105990783
365 0.0034003000000000227 0 0 0.29357798165137616 0.6267281105990783
366 0.002490799999999904 1 0 0.30275229357798167 0.6267281105990783
367 0.0025194000000001715 0 0 0.30275229357798167 0.6267281105990783
368 0.0024751000000000634 0 0 0.30275229357798167 0.6267281105990783
369 0.002350200000000191 0 0 0.30275229357798167 0.6267281105990783
370 0.0024594000000000005 0 0 0.30275229357798167 0.6267281105990783
371 0.002401899999999957 1 1 0.3119266055045872 0.631336405529954
372 0.0023923999999999612 0 0 0.3119266055045872 0.631336405529954
373 0.0024022999999999683 0 0 0.3119266055045872 0.631336405529954
374 0.0025463999999999487 0 0 0.3119266055045872 0.631336405529954
375 0.0033179000000000958 0 0 0.3119266055045872 0.631336405529954
376 0.0033465999999999774 0 2 0.3119266055045872 0.6405529953917051
377 0.003443599999999991 0 0 0.3119266055045872 0.6405529953917051
378 0.002415500000000126 0 0 0.3119266055045872 0.6405529953917051
379 0.0025101000000000706 0 0 0.3119266055045872 0.6405529953917051
380 0.0024952000000000307 0 0 0.3119266055045872 0.6405529953917051
381 0.0025192000000000547 0 0 0.3119266055045872 0.6405529953917051
382 0.002383000000000024 0 0 0.3119266055045872 0.6405529953917051
383 0.0023090000000001165 1 0 0.3211009174311927 0.6405529953917051
384 0.0024537999999998394 0 0 0.3211009174311927 0.6405529953917051
385 0.0024285000000001666 0 0 0.3211009174311927 0.6405529953917051
386 0.002360299999999871 0 0 0.3211009174311927 0.6405529953917051
387 0.002496899999999913 0 0 0.3211009174311927 0.6405529953917051
388 0.0028423999999998006 0 0 0.3211009174311927 0.6405529953917051
389 0.0026233999999998314 0 0 0.3211009174311927 0.6405529953917051
390 0.0027818000000001675 0 0 0.3211009174311927 0.6405529953917051
391 0.0027645000000000586 0 0 0.3211009174311927 0.6405529953917051
392 0.002527299999999899 0 0 0.3211009174311927 0.6405529953917051
393 0.0025900999999999286 0 0 0.3211009174311927 0.6405529953917051
394 0.0026639999999999997 0 0 0.3211009174311927 0.6405529953917051
395 0.002466700000000044 0 0 0.3211009174311927 0.6405529953917051
396 0.002572100000000077 1 0 0.3302752293577982 0.6405529953917051
397 0.002382200000000001 0 0 0.3302752293577982 0.6405529953917051
398 0.002388599999999963 0 0 0.3302752293577982 0.6405529953917051
399 0.0024408000000000207 0 0 0.3302752293577982 0.6405529953917051
400 0.0025028000000000272 0 0 0.3302752293577982 0.6405529953917051
401 0.0024566999999999783 0 0 0.3302752293577982 0.6405529953917051
402 0.0026005000000000056 0 0 0.3302752293577982 0.6405529953917051
403 0.0025657999999999515 0 0 0.3302752293577982 0.6405529953917051
404 0.00248589999999993 0 0 0.3302752293577982 0.6405529953917051
405 0.0024055999999998967 0 0 0.3302752293577982 0.6405529953917051
406 0.002437100000000081 0 0 0.3302752293577982 0.6405529953917051
407 0.0023935999999999957 0 0 0.3302752293577982 0.6405529953917051
408 0.0026711999999999847 0 0 0.3302752293577982 0.6405529953917051
409 0.0025808000000000497 0 0 0.3302752293577982 0.6405529953917051
410 0.0024247000000001684 0 0 0.3302752293577982 0.6405529953917051
411 0.0025389000000000106 0 0 0.3302752293577982 0.6405529953917051
412 0.0023676999999999726 0 0 0.3302752293577982 0.6405529953917051
413 0.0023692999999997966 0 0 0.3302752293577982 0.6405529953917051
414 0.0024762000000000395 0 1 0.3302752293577982 0.6451612903225806
415 0.002469199999999949 0 1 0.3302752293577982 0.6497695852534562
416 0.00244970000000011 0 0 0.3302752293577982 0.6497695852534562
417 0.002628099999999911 1 1 0.3394495412844037 0.6543778801843319
418 0.0025705999999998674 0 1 0.3394495412844037 0.6589861751152074
419 0.00353189999999981 0 0 0.3394495412844037 0.6589861751152074
420 0.003500099999999895 1 0 0.3486238532110092 0.6589861751152074
421 0.0028103000000001543 0 0 0.3486238532110092 0.6589861751152074
422 0.0028990999999998213 0 1 0.3486238532110092 0.663594470046083
423 0.002605100000000027 0 0 0.3486238532110092 0.663594470046083
424 0.002484600000000059 0 0 0.3486238532110092 0.663594470046083
425 0.0030250000000000554 0 0 0.3486238532110092 0.663594470046083
426 0.00264540000000002 0 0 0.3486238532110092 0.663594470046083
427 0.002649699999999866 0 0 0.3486238532110092 0.663594470046083
428 0.002459299999999942 0 0 0.3486238532110092 0.663594470046083
429 0.002458700000000036 0 0 0.3486238532110092 0.663594470046083
430 0.0024551999999999907 0 0 0.3486238532110092 0.663594470046083
431 0.002386500000000069 0 0 0.3486238532110092 0.663594470046083
432 0.0024554000000001075 0 1 0.3486238532110092 0.6682027649769585
433 0.0024100999999998596 0 0 0.3486238532110092 0.6682027649769585
434 0.002500300000000122 0 0 0.3486238532110092 0.6682027649769585
435 0.002924600000000055 0 0 0.3486238532110092 0.6682027649769585
436 0.002591800000000033 0 1 0.3486238532110092 0.6728110599078341
437 0.002513699999999952 1 1 0.3577981651376147 0.6774193548387096
438 0.0024767000000001094 0 0 0.3577981651376147 0.6774193548387096
439 0.0026102999999999543 0 0 0.3577981651376147 0.6774193548387096
440 0.0025516000000000982 0 0 0.3577981651376147 0.6774193548387096
441 0.0025295000000000734 0 0 0.3577981651376147 0.6774193548387096
442 0.0024294999999998623 0 0 0.3577981651376147 0.6774193548387096
443 0.0025182999999999733 0 0 0.3577981651376147 0.6774193548387096
444 0.002816900000000011 0 0 0.3577981651376147 0.6774193548387096
445 0.0025996000000001462 0 0 0.3577981651376147 0.6774193548387096
446 0.002612599999999965 0 0 0.3577981651376147 0.6774193548387096
447 0.0033087999999998896 0 0 0.3577981651376147 0.6774193548387096
448 0.003551599999999988 0 0 0.3577981651376147 0.6774193548387096
449 0.0035705999999999793 0 0 0.3577981651376147 0.6774193548387096
450 0.003476100000000093 0 0 0.3577981651376147 0.6774193548387096
451 0.0033170000000000144 0 0 0.3577981651376147 0.6774193548387096
452 0.003542199999999829 0 0 0.3577981651376147 0.6774193548387096
453 0.0032607000000000053 0 0 0.3577981651376147 0.6774193548387096
454 0.002791299999999941 0 0 0.3577981651376147 0.6774193548387096
455 0.002704299999999993 0 0 0.3577981651376147 0.6774193548387096
456 0.0027468000000001602 0 0 0.3577981651376147 0.6774193548387096
457 0.00280809999999998 0 0 0.3577981651376147 0.6774193548387096
458 0.0027040000000000397 0 0 0.3577981651376147 0.6774193548387096
459 0.0036650000000000293 0 0 0.3577981651376147 0.6774193548387096
460 0.002657200000000026 0 0 0.3577981651376147 0.6774193548387096
461 0.002703799999999923 0 0 0.3577981651376147 0.6774193548387096
462 0.00259100000000001 0 0 0.3577981651376147 0.6774193548387096
463 0.0025517000000001566 0 0 0.3577981651376147 0.6774193548387096
464 0.002690199999999976 0 0 0.3577981651376147 0.6774193548387096
465 0.0024965000000001236 0 0 0.3577981651376147 0.6774193548387096
466 0.002413699999999963 1 0 0.3669724770642202 0.6774193548387096
467 0.002469199999999949 0 0 0.3669724770642202 0.6774193548387096
468 0.0023942999999999603 0 0 0.3669724770642202 0.6774193548387096
469 0.0024961999999999485 1 0 0.3761467889908257 0.6774193548387096
470 0.0024399999999999977 0 0 0.3761467889908257 0.6774193548387096
471 0.0023994000000000515 0 0 0.3761467889908257 0.6774193548387096
472 0.002620899999999926 0 0 0.3761467889908257 0.6774193548387096
473 0.002636099999999919 0 0 0.3761467889908257 0.6774193548387096
474 0.004608700000000132 0 0 0.3761467889908257 0.6774193548387096
475 0.0034849999999999604 0 0 0.3761467889908257 0.6774193548387096
476 0.0035407999999998996 0 0 0.3761467889908257 0.6774193548387096
477 0.0035614999999999952 0 0 0.3761467889908257 0.6774193548387096
478 0.0026463000000001013 0 0 0.3761467889908257 0.6774193548387096
479 0.0027585999999999444 0 0 0.3761467889908257 0.6774193548387096
480 0.0024517000000001676 0 0 0.3761467889908257 0.6774193548387096
481 0.002693199999999951 0 0 0.3761467889908257 0.6774193548387096
482 0.0026258000000001225 0 0 0.3761467889908257 0.6774193548387096
483 0.0025525000000001796 0 0 0.3761467889908257 0.6774193548387096
484 0.0028346000000001315 0 0 0.3761467889908257 0.6774193548387096
485 0.0026218000000000075 0 0 0.3761467889908257 0.6774193548387096
486 0.0027250000000000885 1 0 0.3853211009174312 0.6774193548387096
487 0.0026304000000001437 1 0 0.3944954128440367 0.6774193548387096
488 0.002602199999999888 0 0 0.3944954128440367 0.6774193548387096
489 0.002799300000000171 0 0 0.3944954128440367 0.6774193548387096
490 0.0025133000000001626 0 0 0.3944954128440367 0.6774193548387096
491 0.002741700000000069 0 0 0.3944954128440367 0.6774193548387096
492 0.0026026000000001215 0 0 0.3944954128440367 0.6774193548387096
493 0.0027895000000000003 0 0 0.3944954128440367 0.6774193548387096
494 0.002555299999999816 0 0 0.3944954128440367 0.6774193548387096
495 0.0027174999999999283 0 0 0.3944954128440367 0.6774193548387096
496 0.002631799999999851 1 0 0.4036697247706422 0.6774193548387096
497 0.002486500000000058 0 0 0.4036697247706422 0.6774193548387096
498 0.0028245000000000076 0 0 0.4036697247706422 0.6774193548387096
499 0.0025964000000000542 0 1 0.4036697247706422 0.6820276497695853
500 0.0026047999999998517 0 0 0.4036697247706422 0.6820276497695853
501 0.0026634000000000935 0 1 0.4036697247706422 0.6866359447004609
502 0.002520300000000031 0 1 0.4036697247706422 0.6912442396313364
503 0.002640600000000104 0 0 0.4036697247706422 0.6912442396313364
504 0.0026055999999998747 0 0 0.4036697247706422 0.6912442396313364
505 0.00284759999999995 0 0 0.4036697247706422 0.6912442396313364
506 0.0026488000000000067 0 0 0.4036697247706422 0.6912442396313364
507 0.002490199999999998 0 0 0.4036697247706422 0.6912442396313364
508 0.0025258000000001335 0 0 0.4036697247706422 0.6912442396313364
509 0.00246410000000008 0 0 0.4036697247706422 0.6912442396313364
510 0.0034161999999999804 0 0 0.4036697247706422 0.6912442396313364
511 0.0035705999999999793 0 0 0.4036697247706422 0.6912442396313364
512 0.0026730000000001475 0 0 0.4036697247706422 0.6912442396313364
513 0.0025856000000001877 0 0 0.4036697247706422 0.6912442396313364
514 0.0026104000000000127 0 0 0.4036697247706422 0.6912442396313364
515 0.0026596999999999316 0 0 0.4036697247706422 0.6912442396313364
516 0.0025287000000000504 0 0 0.4036697247706422 0.6912442396313364
517 0.0025386000000000575 0 0 0.4036697247706422 0.6912442396313364
518 0.002562500000000023 0 0 0.4036697247706422 0.6912442396313364
519 0.002655800000000097 0 0 0.4036697247706422 0.6912442396313364
520 0.0026528000000001217 0 0 0.4036697247706422 0.6912442396313364
521 0.0026530000000000165 0 0 0.4036697247706422 0.6912442396313364
522 0.002710699999999955 0 0 0.4036697247706422 0.6912442396313364
523 0.002539499999999917 0 0 0.4036697247706422 0.6912442396313364
524 0.0026151999999999287 0 0 0.4036697247706422 0.6912442396313364
525 0.002593999999999985 0 0 0.4036697247706422 0.6912442396313364
526 0.002588299999999988 0 0 0.4036697247706422 0.6912442396313364
527 0.002638799999999941 0 0 0.4036697247706422 0.6912442396313364
528 0.0026124000000000702 0 0 0.4036697247706422 0.6912442396313364
529 0.0025238999999999123 0 0 0.4036697247706422 0.6912442396313364
530 0.0024994000000000405 0 0 0.4036697247706422 0.6912442396313364
531 0.002477099999999899 0 0 0.4036697247706422 0.6912442396313364
532 0.002587799999999918 0 0 0.4036697247706422 0.6912442396313364
533 0.00293549999999998 0 0 0.4036697247706422 0.6912442396313364
534 0.0025356000000000822 1 1 0.41284403669724773 0.695852534562212
535 0.0025952000000000197 0 0 0.41284403669724773 0.695852534562212
536 0.0030502999999999503 0 0 0.41284403669724773 0.695852534562212
537 0.0024812999999999086 0 0 0.41284403669724773 0.695852534562212
538 0.0025201999999999725 0 0 0.41284403669724773 0.695852534562212
539 0.002564100000000069 0 0 0.41284403669724773 0.695852534562212
540 0.002601399999999865 0 0 0.41284403669724773 0.695852534562212
541 0.0026576000000000377 0 0 0.41284403669724773 0.695852534562212
542 0.002567500000000056 1 0 0.42201834862385323 0.695852534562212
543 0.0025570000000001425 0 0 0.42201834862385323 0.695852534562212
544 0.002644599999999997 0 0 0.42201834862385323 0.695852534562212
545 0.0025402000000001035 0 0 0.42201834862385323 0.695852534562212
546 0.0026596999999999316 0 0 0.42201834862385323 0.695852534562212
547 0.0026129999999999765 1 1 0.43119266055045874 0.7004608294930875
548 0.0025063000000000724 0 0 0.43119266055045874 0.7004608294930875
549 0.0026017999999998764 0 0 0.43119266055045874 0.7004608294930875
550 0.0025560000000000027 0 0 0.43119266055045874 0.7004608294930875
551 0.0023945999999999135 0 0 0.43119266055045874 0.7004608294930875
552 0.002603299999999864 0 0 0.43119266055045874 0.7004608294930875
553 0.0026284999999999226 0 0 0.43119266055045874 0.7004608294930875
554 0.0025077000000000016 1 0 0.44036697247706424 0.7004608294930875
555 0.0025070999999998733 0 0 0.44036697247706424 0.7004608294930875
556 0.00248119999999985 0 0 0.44036697247706424 0.7004608294930875
557 0.002570799999999984 0 0 0.44036697247706424 0.7004608294930875
558 0.002569899999999903 0 0 0.44036697247706424 0.7004608294930875
559 0.0025969999999999605 0 0 0.44036697247706424 0.7004608294930875
560 0.002512899999999929 0 0 0.44036697247706424 0.7004608294930875
561 0.0023889999999999745 0 0 0.44036697247706424 0.7004608294930875
562 0.0025637000000000576 0 0 0.44036697247706424 0.7004608294930875
563 0.0024840000000001528 0 0 0.44036697247706424 0.7004608294930875
564 0.0034937999999999914 0 0 0.44036697247706424 0.7004608294930875
565 0.0034412999999999805 0 0 0.44036697247706424 0.7004608294930875
566 0.002601999999999993 0 0 0.44036697247706424 0.7004608294930875
567 0.002528899999999945 0 0 0.44036697247706424 0.7004608294930875
568 0.0025240000000001928 1 1 0.44954128440366975 0.7050691244239631
569 0.0024405000000000676 0 0 0.44954128440366975 0.7050691244239631
570 0.002494199999999891 0 0 0.44954128440366975 0.7050691244239631
571 0.0028112000000000137 0 0 0.44954128440366975 0.7050691244239631
572 0.00248589999999993 0 0 0.44954128440366975 0.7050691244239631
573 0.003610799999999914 0 0 0.44954128440366975 0.7050691244239631
574 0.00354359999999998 0 0 0.44954128440366975 0.7050691244239631
575 0.0035636999999999475 0 0 0.44954128440366975 0.7050691244239631
576 0.003318799999999955 0 0 0.44954128440366975 0.7050691244239631
577 0.003621400000000108 1 1 0.45871559633027525 0.7096774193548387
578 0.0035091000000000427 1 0 0.46788990825688076 0.7096774193548387
579 0.0026489999999999014 0 0 0.46788990825688076 0.7096774193548387
580 0.0024588999999999306 0 0 0.46788990825688076 0.7096774193548387
581 0.0024976000000000997 0 0 0.46788990825688076 0.7096774193548387
582 0.0025530000000000275 0 0 0.46788990825688076 0.7096774193548387
583 0.0024298000000000375 0 0 0.46788990825688076 0.7096774193548387
584 0.002656599999999898 0 1 0.46788990825688076 0.7142857142857143
585 0.0025573000000000956 0 0 0.46788990825688076 0.7142857142857143
586 0.002654799999999957 0 0 0.46788990825688076 0.7142857142857143
587 0.002532600000000107 0 1 0.46788990825688076 0.7188940092165899
588 0.002585899999999919 0 0 0.46788990825688076 0.7188940092165899
589 0.0025847999999999427 0 0 0.46788990825688076 0.7188940092165899
590 0.0024676999999999616 1 0 0.47706422018348627 0.7188940092165899
591 0.0025897999999999755 0 0 0.47706422018348627 0.7188940092165899
592 0.0025621000000000116 0 0 0.47706422018348627 0.7188940092165899
593 0.0025247000000001574 0 0 0.47706422018348627 0.7188940092165899
594 0.002586500000000047 0 0 0.47706422018348627 0.7188940092165899
595 0.002541699999999869 0 0 0.47706422018348627 0.7188940092165899
596 0.0026550999999999103 0 0 0.47706422018348627 0.7188940092165899
597 0.0025996999999999826 0 0 0.47706422018348627 0.7188940092165899
598 0.002549099999999971 0 0 0.47706422018348627 0.7188940092165899
599 0.0034402000000000044 0 0 0.47706422018348627 0.7188940092165899
600 0.0024880000000000457 0 0 0.47706422018348627 0.7188940092165899
601 0.003592599999999946 0 0 0.47706422018348627 0.7188940092165899
602 0.0035689999999999333 0 0 0.47706422018348627 0.7188940092165899
603 0.003577699999999906 1 0 0.48623853211009177 0.7188940092165899
604 0.0035003000000000117 1 0 0.4954128440366973 0.7188940092165899
605 0.00353659999999989 0 0 0.4954128440366973 0.7188940092165899
606 0.003601999999999883 1 0 0.5045871559633027 0.7188940092165899
607 0.0037063999999999986 0 1 0.5045871559633027 0.7235023041474654
608 0.0035901000000000405 0 1 0.5045871559633027 0.728110599078341
609 0.002769699999999986 0 0 0.5045871559633027 0.728110599078341
610 0.002567500000000056 0 0 0.5045871559633027 0.728110599078341
611 0.0029999999999998916 1 0 0.5137614678899083 0.728110599078341
612 0.0036083000000000087 0 0 0.5137614678899083 0.728110599078341
613 0.0036602999999999497 0 1 0.5137614678899083 0.7327188940092166
614 0.0033710999999998492 1 1 0.5229357798165137 0.7373271889400922
615 0.0035327000000000552 0 0 0.5229357798165137 0.7373271889400922
616 0.0026562000000001085 0 0 0.5229357798165137 0.7373271889400922
617 0.00270349999999997 0 1 0.5229357798165137 0.7419354838709677
618 0.0026447000000000553 0 0 0.5229357798165137 0.7419354838709677
619 0.002741700000000069 0 0 0.5229357798165137 0.7419354838709677
620 0.0025200000000000777 0 0 0.5229357798165137 0.7419354838709677
621 0.002542500000000114 0 0 0.5229357798165137 0.7419354838709677
622 0.004623000000000044 0 0 0.5229357798165137 0.7419354838709677
623 0.002765400000000362 0 1 0.5229357798165137 0.7465437788018433
624 0.002714999999999801 1 0 0.5321100917431193 0.7465437788018433
625 0.002690499999999929 0 0 0.5321100917431193 0.7465437788018433
626 0.0026242000000000765 0 0 0.5321100917431193 0.7465437788018433
627 0.002667000000000197 1 1 0.5412844036697247 0.7511520737327189
628 0.0027806999999997473 1 0 0.5504587155963303 0.7511520737327189
629 0.0027156000000001512 0 0 0.5504587155963303 0.7511520737327189
630 0.0027106999999997328 0 0 0.5504587155963303 0.7511520737327189
631 0.002667500000000267 0 0 0.5504587155963303 0.7511520737327189
632 0.0027306000000000274 0 0 0.5504587155963303 0.7511520737327189
633 0.0026456000000001367 0 0 0.5504587155963303 0.7511520737327189
634 0.0028885000000000716 0 0 0.5504587155963303 0.7511520737327189
635 0.002812399999999826 0 1 0.5504587155963303 0.7557603686635944
636 0.0027209999999997514 1 1 0.5596330275229358 0.7603686635944701
637 0.002920299999999987 0 1 0.5596330275229358 0.7649769585253456
638 0.002705999999999875 0 0 0.5596330275229358 0.7649769585253456
639 0.0026765000000001926 0 0 0.5596330275229358 0.7649769585253456
640 0.0028817999999999344 0 0 0.5596330275229358 0.7649769585253456
641 0.0026189000000003126 0 0 0.5596330275229358 0.7649769585253456
642 0.002796599999999927 0 0 0.5596330275229358 0.7649769585253456
643 0.0026624000000001757 0 0 0.5596330275229358 0.7649769585253456
644 0.0026175000000003834 0 0 0.5596330275229358 0.7649769585253456
645 0.002685400000000282 0 0 0.5596330275229358 0.7649769585253456
646 0.0027559999999997586 0 0 0.5596330275229358 0.7649769585253456
647 0.002723500000000101 0 0 0.5596330275229358 0.7649769585253456
648 0.0028264000000000067 0 1 0.5596330275229358 0.7695852534562212
649 0.0028578000000001325 0 0 0.5596330275229358 0.7695852534562212
650 0.0027924999999999756 0 0 0.5596330275229358 0.7695852534562212
651 0.002634000000000025 0 0 0.5596330275229358 0.7695852534562212
652 0.0028485000000002536 1 0 0.5688073394495413 0.7695852534562212
653 0.002679800000000121 0 0 0.5688073394495413 0.7695852534562212
654 0.0026620999999997785 0 0 0.5688073394495413 0.7695852534562212
655 0.0026302999999998633 0 0 0.5688073394495413 0.7695852534562212
656 0.002779299999999818 0 0 0.5688073394495413 0.7695852534562212
657 0.0026793999999998874 0 0 0.5688073394495413 0.7695852534562212
658 0.0027162000000000575 0 0 0.5688073394495413 0.7695852534562212
659 0.0026466000000002765 0 0 0.5688073394495413 0.7695852534562212
660 0.002918799999999777 0 0 0.5688073394495413 0.7695852534562212
661 0.0028858000000000494 0 0 0.5688073394495413 0.7695852534562212
662 0.0028125000000001066 0 0 0.5688073394495413 0.7695852534562212
663 0.0026945999999998804 0 0 0.5688073394495413 0.7695852534562212
664 0.0025037000000001086 0 0 0.5688073394495413 0.7695852534562212
665 0.002690999999999999 0 0 0.5688073394495413 0.7695852534562212
666 0.0026860000000001882 0 0 0.5688073394495413 0.7695852534562212
667 0.002644599999999997 0 0 0.5688073394495413 0.7695852534562212
668 0.0028974999999999973 0 0 0.5688073394495413 0.7695852534562212
669 0.0025911000000000683 0 0 0.5688073394495413 0.7695852534562212
670 0.002817400000000081 0 0 0.5688073394495413 0.7695852534562212
671 0.0026991000000000653 0 1 0.5688073394495413 0.7741935483870968
672 0.002801400000000065 0 0 0.5688073394495413 0.7741935483870968
673 0.00290730000000039 0 0 0.5688073394495413 0.7741935483870968
674 0.0028817999999999344 0 0 0.5688073394495413 0.7741935483870968
675 0.002686499999999814 0 0 0.5688073394495413 0.7741935483870968
676 0.0027992000000001127 0 0 0.5688073394495413 0.7741935483870968
677 0.0026866000000000945 0 0 0.5688073394495413 0.7741935483870968
678 0.002743600000000068 0 0 0.5688073394495413 0.7741935483870968
679 0.0026857999999996274 0 0 0.5688073394495413 0.7741935483870968
680 0.0027260999999998425 1 0 0.5779816513761468 0.7741935483870968
681 0.002660899999999966 0 0 0.5779816513761468 0.7741935483870968
682 0.003020400000000034 0 0 0.5779816513761468 0.7741935483870968
683 0.0027766999999996322 0 1 0.5779816513761468 0.7788018433179723
684 0.002942800000000023 0 0 0.5779816513761468 0.7788018433179723
685 0.002575299999999725 0 0 0.5779816513761468 0.7788018433179723
686 0.002870199999999823 0 0 0.5779816513761468 0.7788018433179723
687 0.002797999999999856 0 0 0.5779816513761468 0.7788018433179723
688 0.0030269000000000545 1 0 0.5871559633027523 0.7788018433179723
689 0.0028212999999999155 0 0 0.5871559633027523 0.7788018433179723
690 0.002812399999999826 0 0 0.5871559633027523 0.7788018433179723
691 0.0028792000000001927 0 1 0.5871559633027523 0.783410138248848
692 0.0026961999999999264 0 0 0.5871559633027523 0.783410138248848
693 0.003258199999999878 1 0 0.5963302752293578 0.783410138248848
694 0.002714700000000292 0 0 0.5963302752293578 0.783410138248848
695 0.0029239000000003124 0 0 0.5963302752293578 0.783410138248848
696 0.002779300000000262 0 0 0.5963302752293578 0.783410138248848
697 0.0030071000000000403 1 1 0.6055045871559633 0.7880184331797235
698 0.002683800000000236 0 0 0.6055045871559633 0.7880184331797235
699 0.0027074000000002485 0 0 0.6055045871559633 0.7880184331797235
700 0.002796099999999857 0 0 0.6055045871559633 0.7880184331797235
701 0.0027702999999998923 1 1 0.6146788990825688 0.7926267281105991
702 0.002675299999999936 0 0 0.6146788990825688 0.7926267281105991
703 0.0028082000000000384 0 0 0.6146788990825688 0.7926267281105991
704 0.002706700000000062 0 0 0.6146788990825688 0.7926267281105991
705 0.002681399999999723 0 0 0.6146788990825688 0.7926267281105991
706 0.0026473999999998554 0 0 0.6146788990825688 0.7926267281105991
707 0.0029162999999998718 0 0 0.6146788990825688 0.7926267281105991
708 0.0027714999999997048 0 0 0.6146788990825688 0.7926267281105991
709 0.002721699999999938 0 1 0.6146788990825688 0.7972350230414746
710 0.0027108999999998495 0 0 0.6146788990825688 0.7972350230414746
711 0.0028663999999998246 0 0 0.6146788990825688 0.7972350230414746
712 0.002848399999999973 0 1 0.6146788990825688 0.8018433179723502
713 0.0026850000000000485 0 0 0.6146788990825688 0.8018433179723502
714 0.0028284000000002862 1 1 0.6238532110091743 0.8064516129032258
715 0.0028047999999998297 0 0 0.6238532110091743 0.8064516129032258
716 0.0027325000000000266 0 0 0.6238532110091743 0.8064516129032258
717 0.0027066000000002255 0 0 0.6238532110091743 0.8064516129032258
718 0.0029297999999999824 0 0 0.6238532110091743 0.8064516129032258
719 0.002708399999999944 0 0 0.6238532110091743 0.8064516129032258
720 0.0028657999999999184 0 0 0.6238532110091743 0.8064516129032258
721 0.002763599999999755 0 0 0.6238532110091743 0.8064516129032258
722 0.0026729999999997034 0 0 0.6238532110091743 0.8064516129032258
723 0.0029174999999996842 0 0 0.6238532110091743 0.8064516129032258
724 0.0028305999999997944 0 0 0.6238532110091743 0.8064516129032258
725 0.002696300000000207 0 0 0.6238532110091743 0.8064516129032258
726 0.002863300000000013 0 0 0.6238532110091743 0.8064516129032258
727 0.0028350999999999793 0 0 0.6238532110091743 0.8064516129032258
728 0.0027295999999998877 0 0 0.6238532110091743 0.8064516129032258
729 0.0028423000000001863 1 0 0.6330275229357798 0.8064516129032258
730 0.002561700000000222 0 0 0.6330275229357798 0.8064516129032258
731 0.0027808000000000277 0 0 0.6330275229357798 0.8064516129032258
732 0.002843599999999835 1 1 0.6422018348623854 0.8110599078341014
733 0.0031371000000000038 0 0 0.6422018348623854 0.8110599078341014
734 0.0026540999999999926 0 1 0.6422018348623854 0.815668202764977
735 0.002798199999999973 0 0 0.6422018348623854 0.815668202764977
736 0.0027175000000001504 0 0 0.6422018348623854 0.815668202764977
737 0.0028167999999997306 0 0 0.6422018348623854 0.815668202764977
738 0.002801999999999971 0 0 0.6422018348623854 0.815668202764977
739 0.0026682000000000095 1 0 0.6513761467889908 0.815668202764977
740 0.0029352000000000267 0 0 0.6513761467889908 0.815668202764977
741 0.002697699999999692 0 0 0.6513761467889908 0.815668202764977
742 0.002797700000000347 0 0 0.6513761467889908 0.815668202764977
743 0.0027319999999999567 1 1 0.6605504587155964 0.8202764976958525
744 0.0027116999999998725 0 0 0.6605504587155964 0.8202764976958525
745 0.002681999999999629 1 0 0.6697247706422018 0.8202764976958525
746 0.0028660999999998715 0 0 0.6697247706422018 0.8202764976958525
747 0.0029957000000000455 0 0 0.6697247706422018 0.8202764976958525
748 0.002741900000000186 0 0 0.6697247706422018 0.8202764976958525
749 0.0029653000000000596 0 0 0.6697247706422018 0.8202764976958525
750 0.002893699999999999 0 0 0.6697247706422018 0.8202764976958525
751 0.0028820999999998875 0 0 0.6697247706422018 0.8202764976958525
752 0.005537499999999973 0 0 0.6697247706422018 0.8202764976958525
753 0.0029961999999996713 0 0 0.6697247706422018 0.8202764976958525
754 0.00279739999999995 1 0 0.6788990825688074 0.8202764976958525
755 0.002772599999999681 0 0 0.6788990825688074 0.8202764976958525
756 0.003146999999999789 0 0 0.6788990825688074 0.8202764976958525
757 0.0029185999999996604 0 0 0.6788990825688074 0.8202764976958525
758 0.0027560000000002027 0 1 0.6788990825688074 0.8248847926267281
759 0.002792900000000209 0 0 0.6788990825688074 0.8248847926267281
760 0.0029698000000002445 0 0 0.6788990825688074 0.8248847926267281
761 0.003144900000000117 0 0 0.6788990825688074 0.8248847926267281
762 0.0029556999999997835 0 1 0.6788990825688074 0.8294930875576036
763 0.0028382999999996272 1 1 0.6880733944954128 0.8341013824884793
764 0.002798700000000043 0 0 0.6880733944954128 0.8341013824884793
765 0.0028041999999999234 0 0 0.6880733944954128 0.8341013824884793
766 0.0029616000000003417 0 0 0.6880733944954128 0.8341013824884793
767 0.0029400000000001647 0 0 0.6880733944954128 0.8341013824884793
768 0.0028425999999996954 0 0 0.6880733944954128 0.8341013824884793
769 0.0029764999999999375 0 0 0.6880733944954128 0.8341013824884793
770 0.0028242000000000544 0 0 0.6880733944954128 0.8341013824884793
771 0.002743300000000115 0 0 0.6880733944954128 0.8341013824884793
772 0.0028908000000003042 0 1 0.6880733944954128 0.8387096774193549
773 0.002745999999999693 1 0 0.6972477064220184 0.8387096774193549
774 0.0027549000000002266 0 0 0.6972477064220184 0.8387096774193549
775 0.002745700000000184 0 0 0.6972477064220184 0.8387096774193549
776 0.0026985999999999954 0 0 0.6972477064220184 0.8387096774193549
777 0.002808400000000155 0 0 0.6972477064220184 0.8387096774193549
778 0.0026311999999997226 0 0 0.6972477064220184 0.8387096774193549
779 0.0029338000000000974 0 0 0.6972477064220184 0.8387096774193549
780 0.002807599999999688 0 1 0.6972477064220184 0.8433179723502304
781 0.0028646999999999423 0 0 0.6972477064220184 0.8433179723502304
782 0.0027552000000001797 1 0 0.7064220183486238 0.8433179723502304
783 0.0027218000000002185 0 0 0.7064220183486238 0.8433179723502304
784 0.003053700000000159 0 0 0.7064220183486238 0.8433179723502304
785 0.0033527000000002083 0 1 0.7064220183486238 0.847926267281106
786 0.004260200000000047 0 0 0.7064220183486238 0.847926267281106
787 0.00405729999999993 0 1 0.7064220183486238 0.8525345622119815
788 0.0029213000000001266 1 0 0.7155963302752294 0.8525345622119815
789 0.0030930000000002345 0 0 0.7155963302752294 0.8525345622119815
790 0.0030386999999998388 0 0 0.7155963302752294 0.8525345622119815
791 0.0027010000000000645 1 0 0.7247706422018348 0.8525345622119815
792 0.0027230999999998673 0 0 0.7247706422018348 0.8525345622119815
793 0.0027212999999997045 0 0 0.7247706422018348 0.8525345622119815
794 0.0028422999999997423 0 0 0.7247706422018348 0.8525345622119815
795 0.0027408000000002097 0 0 0.7247706422018348 0.8525345622119815
796 0.0031512000000000207 0 0 0.7247706422018348 0.8525345622119815
797 0.002855500000000344 0 0 0.7247706422018348 0.8525345622119815
798 0.0034851000000002408 1 1 0.7339449541284404 0.8571428571428571
799 0.0027897999999999534 1 0 0.7431192660550459 0.8571428571428571
800 0.0034172999999997344 0 0 0.7431192660550459 0.8571428571428571
801 0.002874199999999938 0 0 0.7431192660550459 0.8571428571428571
802 0.0029433999999999294 0 0 0.7431192660550459 0.8571428571428571
803 0.0029407999999997436 0 0 0.7431192660550459 0.8571428571428571
804 0.002925999999999984 0 0 0.7431192660550459 0.8571428571428571
805 0.0031345999999996543 0 0 0.7431192660550459 0.8571428571428571
806 0.0029582999999999693 0 0 0.7431192660550459 0.8571428571428571
807 0.003169399999999989 0 0 0.7431192660550459 0.8571428571428571
808 0.0029620999999999675 0 0 0.7431192660550459 0.8571428571428571
809 0.002870999999999846 0 0 0.7431192660550459 0.8571428571428571
810 0.0027694999999998693 0 1 0.7431192660550459 0.8617511520737328
811 0.002872099999999822 0 0 0.7431192660550459 0.8617511520737328
812 0.0026464000000001597 0 0 0.7431192660550459 0.8617511520737328
813 0.003023299999999729 0 0 0.7431192660550459 0.8617511520737328
814 0.0029764999999999375 0 1 0.7431192660550459 0.8663594470046083
815 0.0027877000000002816 0 0 0.7431192660550459 0.8663594470046083
816 0.0027623000000001063 1 0 0.7522935779816514 0.8663594470046083
817 0.002846199999999577 0 0 0.7522935779816514 0.8663594470046083
818 0.0030535000000000423 0 0 0.7522935779816514 0.8663594470046083
819 0.002898499999999693 0 0 0.7522935779816514 0.8663594470046083
820 0.0030662999999999663 0 0 0.7522935779816514 0.8663594470046083
821 0.0028565000000000396 0 0 0.7522935779816514 0.8663594470046083
822 0.002921199999999846 0 1 0.7522935779816514 0.8709677419354839
823 0.0029721999999998694 0 0 0.7522935779816514 0.8709677419354839
824 0.003118799999999755 0 0 0.7522935779816514 0.8709677419354839
825 0.0029954000000000924 0 0 0.7522935779816514 0.8709677419354839
826 0.003113900000000225 0 0 0.7522935779816514 0.8709677419354839
827 0.0029482999999999038 0 0 0.7522935779816514 0.8709677419354839
828 0.0027772999999999826 0 0 0.7522935779816514 0.8709677419354839
829 0.002771500000000149 0 0 0.7522935779816514 0.8709677419354839
830 0.0029021000000000186 0 0 0.7522935779816514 0.8709677419354839
831 0.0029482000000000674 0 0 0.7522935779816514 0.8709677419354839
832 0.002936099999999886 0 0 0.7522935779816514 0.8709677419354839
833 0.0030494999999999273 0 0 0.7522935779816514 0.8709677419354839
834 0.0029457999999999984 1 0 0.7614678899082569 0.8709677419354839
835 0.00297230000000015 0 0 0.7614678899082569 0.8709677419354839
836 0.002701399999999854 0 0 0.7614678899082569 0.8709677419354839
837 0.0031424000000002117 0 0 0.7614678899082569 0.8709677419354839
838 0.0028224000000003358 0 0 0.7614678899082569 0.8709677419354839
839 0.0028706000000000564 0 0 0.7614678899082569 0.8709677419354839
840 0.0029372999999996985 0 0 0.7614678899082569 0.8709677419354839
841 0.002856099999999806 0 0 0.7614678899082569 0.8709677419354839
842 0.0028880000000000017 0 0 0.7614678899082569 0.8709677419354839
843 0.0029676000000002922 0 1 0.7614678899082569 0.8755760368663594
844 0.0029228999999997285 0 0 0.7614678899082569 0.8755760368663594
845 0.002836400000000072 1 0 0.7706422018348624 0.8755760368663594
846 0.00310139999999981 1 0 0.7798165137614679 0.8755760368663594
847 0.002945100000000256 0 0 0.7798165137614679 0.8755760368663594
848 0.002960100000000132 0 1 0.7798165137614679 0.880184331797235
849 0.0028024000000002047 0 0 0.7798165137614679 0.880184331797235
850 0.002857099999999946 0 0 0.7798165137614679 0.880184331797235
851 0.003039600000000142 0 0 0.7798165137614679 0.880184331797235
852 0.002801100000000112 0 0 0.7798165137614679 0.880184331797235
853 0.0027650000000001285 0 0 0.7798165137614679 0.880184331797235
854 0.002882500000000121 1 1 0.7889908256880734 0.8847926267281107
855 0.002915000000000223 0 0 0.7889908256880734 0.8847926267281107
856 0.0029349000000000736 0 0 0.7889908256880734 0.8847926267281107
857 0.003016600000000036 0 0 0.7889908256880734 0.8847926267281107
858 0.0028405000000000236 0 0 0.7889908256880734 0.8847926267281107
859 0.002916100000000199 0 0 0.7889908256880734 0.8847926267281107
860 0.0030030999999999253 0 0 0.7889908256880734 0.8847926267281107
861 0.0029647999999999897 0 0 0.7889908256880734 0.8847926267281107
862 0.0029583999999998056 0 0 0.7889908256880734 0.8847926267281107
863 0.0030847000000000513 0 0 0.7889908256880734 0.8847926267281107
864 0.0028666000000003855 0 0 0.7889908256880734 0.8847926267281107
865 0.0028321999999998404 0 0 0.7889908256880734 0.8847926267281107
866 0.003048300000000115 0 1 0.7889908256880734 0.8894009216589862
867 0.002977200000000124 0 0 0.7889908256880734 0.8894009216589862
868 0.0030902999999997682 0 1 0.7889908256880734 0.8940092165898618
869 0.002864600000000106 0 0 0.7889908256880734 0.8940092165898618
870 0.0029353999999996994 0 0 0.7889908256880734 0.8940092165898618
871 0.002951599999999832 0 0 0.7889908256880734 0.8940092165898618
872 0.00301449999999992 0 0 0.7889908256880734 0.8940092165898618
873 0.0027772999999999826 0 0 0.7889908256880734 0.8940092165898618
874 0.0030167000000003164 0 0 0.7889908256880734 0.8940092165898618
875 0.002829999999999888 0 0 0.7889908256880734 0.8940092165898618
876 0.0029866000000002835 0 0 0.7889908256880734 0.8940092165898618
877 0.0028049999999999464 0 0 0.7889908256880734 0.8940092165898618
878 0.0028524999999999245 0 0 0.7889908256880734 0.8940092165898618
879 0.0028973000000003246 0 0 0.7889908256880734 0.8940092165898618
880 0.0030434000000001404 0 0 0.7889908256880734 0.8940092165898618
881 0.0028375000000000483 0 0 0.7889908256880734 0.8940092165898618
882 0.0029230999999998453 0 0 0.7889908256880734 0.8940092165898618
883 0.002775799999999773 0 0 0.7889908256880734 0.8940092165898618
884 0.0031642000000000614 0 0 0.7889908256880734 0.8940092165898618
885 0.0030367999999998396 0 0 0.7889908256880734 0.8940092165898618
886 0.00290670000000004 0 0 0.7889908256880734 0.8940092165898618
887 0.002859799999999968 0 0 0.7889908256880734 0.8940092165898618
888 0.003037200000000073 0 0 0.7889908256880734 0.8940092165898618
889 0.0029532000000003222 0 0 0.7889908256880734 0.8940092165898618
890 0.0027767999999999127 1 0 0.7981651376146789 0.8940092165898618
891 0.002838499999999744 0 0 0.7981651376146789 0.8940092165898618
892 0.002977900000000311 0 1 0.7981651376146789 0.8986175115207373
893 0.00319579999999986 1 0 0.8073394495412844 0.8986175115207373
894 0.002860099999999921 0 0 0.8073394495412844 0.8986175115207373
895 0.002839800000000281 0 0 0.8073394495412844 0.8986175115207373
896 0.002839600000000164 0 0 0.8073394495412844 0.8986175115207373
897 0.00292110000000001 0 0 0.8073394495412844 0.8986175115207373
898 0.003147600000000139 1 0 0.8165137614678899 0.8986175115207373
899 0.00290619999999997 1 0 0.8256880733944955 0.8986175115207373
900 0.0030973000000003026 1 1 0.8348623853211009 0.9032258064516129
901 0.0030298000000001934 0 0 0.8348623853211009 0.9032258064516129
902 0.002975000000000172 0 0 0.8348623853211009 0.9032258064516129
903 0.0030628999999997575 0 0 0.8348623853211009 0.9032258064516129
904 0.002940900000000024 0 0 0.8348623853211009 0.9032258064516129
905 0.002898000000000067 0 0 0.8348623853211009 0.9032258064516129
906 0.0031194000000001054 0 0 0.8348623853211009 0.9032258064516129
907 0.0028567999999999927 0 0 0.8348623853211009 0.9032258064516129
908 0.004299599999999959 0 0 0.8348623853211009 0.9032258064516129
909 0.0030079999999998996 0 0 0.8348623853211009 0.9032258064516129
910 0.0030383000000000493 0 0 0.8348623853211009 0.9032258064516129
911 0.0028293000000001456 0 0 0.8348623853211009 0.9032258064516129
912 0.0029962999999999518 0 0 0.8348623853211009 0.9032258064516129
913 0.0030313999999997954 0 0 0.8348623853211009 0.9032258064516129
914 0.002879000000000076 0 0 0.8348623853211009 0.9032258064516129
915 0.0028852999999999795 0 0 0.8348623853211009 0.9032258064516129
916 0.0028303000000002854 0 0 0.8348623853211009 0.9032258064516129
917 0.002839600000000164 0 0 0.8348623853211009 0.9032258064516129
918 0.0027967000000002074 0 0 0.8348623853211009 0.9032258064516129
919 0.003221700000000105 0 0 0.8348623853211009 0.9032258064516129
920 0.0029281000000001 0 0 0.8348623853211009 0.9032258064516129
921 0.0028272000000000297 0 0 0.8348623853211009 0.9032258064516129
922 0.0028996999999999495 0 0 0.8348623853211009 0.9032258064516129
923 0.0029410000000003045 0 0 0.8348623853211009 0.9032258064516129
924 0.0030784000000001477 0 1 0.8348623853211009 0.9078341013824884
925 0.0030991999999998576 0 0 0.8348623853211009 0.9078341013824884
926 0.003082800000000052 1 0 0.8440366972477065 0.9078341013824884
927 0.0030161999999998024 0 0 0.8440366972477065 0.9078341013824884
928 0.002958700000000203 0 0 0.8440366972477065 0.9078341013824884
929 0.0028608000000001077 0 0 0.8440366972477065 0.9078341013824884
930 0.002866999999999731 1 0 0.8532110091743119 0.9078341013824884
931 0.0030103000000001323 0 0 0.8532110091743119 0.9078341013824884
932 0.0031447000000000003 0 0 0.8532110091743119 0.9078341013824884
933 0.0033327999999999136 1 1 0.8623853211009175 0.9124423963133641
934 0.0030280000000000307 0 0 0.8623853211009175 0.9124423963133641
935 0.0028858999999998858 0 0 0.8623853211009175 0.9124423963133641
936 0.0032084999999999475 0 0 0.8623853211009175 0.9124423963133641
937 0.0028791999999997486 0 0 0.8623853211009175 0.9124423963133641
938 0.002886699999999909 0 0 0.8623853211009175 0.9124423963133641
939 0.0029254999999999143 0 0 0.8623853211009175 0.9124423963133641
940 0.0029289999999999594 0 0 0.8623853211009175 0.9124423963133641
941 0.0030273999999996803 0 0 0.8623853211009175 0.9124423963133641
942 0.002985400000000027 0 0 0.8623853211009175 0.9124423963133641
943 0.0028692999999999635 0 0 0.8623853211009175 0.9124423963133641
944 0.002953699999999948 0 0 0.8623853211009175 0.9124423963133641
945 0.0030345999999998874 0 0 0.8623853211009175 0.9124423963133641
946 0.002968899999999941 0 0 0.8623853211009175 0.9124423963133641
947 0.0029167000000001053 0 0 0.8623853211009175 0.9124423963133641
948 0.003082200000000146 0 0 0.8623853211009175 0.9124423963133641
949 0.003412300000000368 0 0 0.8623853211009175 0.9124423963133641
950 0.0029946000000000694 0 0 0.8623853211009175 0.9124423963133641
951 0.0029959999999999987 0 0 0.8623853211009175 0.9124423963133641
952 0.0027791999999999817 0 0 0.8623853211009175 0.9124423963133641
953 0.002862200000000037 0 0 0.8623853211009175 0.9124423963133641
954 0.002879300000000029 0 0 0.8623853211009175 0.9124423963133641
955 0.00292009999999987 0 0 0.8623853211009175 0.9124423963133641
956 0.0029287000000000063 0 0 0.8623853211009175 0.9124423963133641
957 0.00283420000000012 0 0 0.8623853211009175 0.9124423963133641
958 0.0029072000000001097 0 0 0.8623853211009175 0.9124423963133641
959 0.003055600000000158 0 0 0.8623853211009175 0.9124423963133641
960 0.002937100000000026 0 0 0.8623853211009175 0.9124423963133641
961 0.00409249999999961 0 0 0.8623853211009175 0.9124423963133641
962 0.0028770999999996327 0 0 0.8623853211009175 0.9124423963133641
963 0.0030076999999999465 0 0 0.8623853211009175 0.9124423963133641
964 0.002893400000000046 0 0 0.8623853211009175 0.9124423963133641
965 0.003120099999999848 0 0 0.8623853211009175 0.9124423963133641
966 0.003247800000000023 0 0 0.8623853211009175 0.9124423963133641
967 0.003132600000000263 0 0 0.8623853211009175 0.9124423963133641
968 0.0030961999999998824 0 0 0.8623853211009175 0.9124423963133641
969 0.003086800000000167 0 1 0.8623853211009175 0.9170506912442397
970 0.0030551000000000883 0 0 0.8623853211009175 0.9170506912442397
971 0.003128900000000101 0 0 0.8623853211009175 0.9170506912442397
972 0.003080900000000053 0 0 0.8623853211009175 0.9170506912442397
973 0.0030570000000000874 0 0 0.8623853211009175 0.9170506912442397
974 0.0032623000000002733 0 0 0.8623853211009175 0.9170506912442397
975 0.0030000000000001137 0 0 0.8623853211009175 0.9170506912442397
976 0.003103800000000323 0 0 0.8623853211009175 0.9170506912442397
977 0.003179099999999657 0 0 0.8623853211009175 0.9170506912442397
978 0.0029633999999996163 0 0 0.8623853211009175 0.9170506912442397
979 0.0028959999999997876 0 0 0.8623853211009175 0.9170506912442397
980 0.0029348000000002372 0 0 0.8623853211009175 0.9170506912442397
981 0.0029550999999998773 0 0 0.8623853211009175 0.9170506912442397
982 0.0030839999999998646 0 0 0.8623853211009175 0.9170506912442397
983 0.0029615999999998976 1 1 0.8715596330275229 0.9216589861751152
984 0.0029278999999999833 0 0 0.8715596330275229 0.9216589861751152
985 0.0029716999999997995 0 0 0.8715596330275229 0.9216589861751152
986 0.003082500000000099 0 0 0.8715596330275229 0.9216589861751152
987 0.0030977999999999284 1 1 0.8807339449541285 0.9262672811059908
988 0.0030783000000003113 0 1 0.8807339449541285 0.9308755760368663
989 0.0032236999999999405 0 0 0.8807339449541285 0.9308755760368663
990 0.003004899999999644 0 0 0.8807339449541285 0.9308755760368663
991 0.0030903000000002123 0 0 0.8807339449541285 0.9308755760368663
992 0.0030981000000003256 1 0 0.8899082568807339 0.9308755760368663
993 0.0030781000000001946 0 0 0.8899082568807339 0.9308755760368663
994 0.002869699999999753 0 0 0.8899082568807339 0.9308755760368663
995 0.002994999999999859 0 0 0.8899082568807339 0.9308755760368663
996 0.0030337999999998644 0 0 0.8899082568807339 0.9308755760368663
997 0.0029373000000001426 0 0 0.8899082568807339 0.9308755760368663
998 0.0030406999999996742 0 0 0.8899082568807339 0.9308755760368663
999 0.0030434000000001404 0 0 0.8899082568807339 0.9308755760368663
1000 0.0029805000000000526 0 0 0.8899082568807339 0.9308755760368663
1001 0.0030921999999997674 0 0 0.8899082568807339 0.9308755760368663
1002 0.0031193999999996613 0 0 0.8899082568807339 0.9308755760368663
1003 0.003075299999999892 1 1 0.8990825688073395 0.9354838709677419
1004 0.0030423000000001643 0 0 0.8990825688073395 0.9354838709677419
1005 0.003021900000000244 0 0 0.8990825688073395 0.9354838709677419
1006 0.0032500999999998115 0 0 0.8990825688073395 0.9354838709677419
1007 0.0031004999999999505 0 0 0.8990825688073395 0.9354838709677419
1008 0.004192599999999658 0 0 0.8990825688073395 0.9354838709677419
1009 0.003814800000000229 0 0 0.8990825688073395 0.9354838709677419
1010 0.00408160000000013 0 0 0.8990825688073395 0.9354838709677419
1011 0.004045199999999749 0 0 0.8990825688073395 0.9354838709677419
1012 0.004167299999999763 0 0 0.8990825688073395 0.9354838709677419
1013 0.004192499999999821 0 0 0.8990825688073395 0.9354838709677419
1014 0.004409200000000002 0 0 0.8990825688073395 0.9354838709677419
1015 0.0041856000000000115 1 0 0.908256880733945 0.9354838709677419
1016 0.0042071999999997445 0 1 0.908256880733945 0.9400921658986175
1017 0.0029292999999999125 0 0 0.908256880733945 0.9400921658986175
1018 0.003099000000000185 0 1 0.908256880733945 0.9447004608294931
1019 0.0030208000000002677 0 0 0.908256880733945 0.9447004608294931
1020 0.003134200000000309 0 0 0.908256880733945 0.9447004608294931
1021 0.002936300000000003 0 0 0.908256880733945 0.9447004608294931
1022 0.0031226000000001974 0 0 0.908256880733945 0.9447004608294931
1023 0.0029999000000002773 0 0 0.908256880733945 0.9447004608294931
1024 0.0030608000000000857 0 0 0.908256880733945 0.9447004608294931
1025 0.0028869000000000256 0 0 0.908256880733945 0.9447004608294931
1026 0.003037100000000237 0 0 0.908256880733945 0.9447004608294931
1027 0.0029657999999996854 0 0 0.908256880733945 0.9447004608294931
1028 0.0031982999999997652 0 0 0.908256880733945 0.9447004608294931
1029 0.0032445000000000945 0 0 0.908256880733945 0.9447004608294931
1030 0.0029799000000001463 0 0 0.908256880733945 0.9447004608294931
1031 0.0028842000000000034 0 0 0.908256880733945 0.9447004608294931
1032 0.002899799999999786 0 0 0.908256880733945 0.9447004608294931
1033 0.003108100000000391 0 0 0.908256880733945 0.9447004608294931
1034 0.003195800000000304 0 0 0.908256880733945 0.9447004608294931
1035 0.002923799999999588 0 0 0.908256880733945 0.9447004608294931
1036 0.005049599999999987 0 0 0.908256880733945 0.9447004608294931
1037 0.003494200000000003 0 0 0.908256880733945 0.9447004608294931
1038 0.0031799000000001243 0 0 0.908256880733945 0.9447004608294931
1039 0.0032011000000000678 0 0 0.908256880733945 0.9447004608294931
1040 0.0031112000000002027 0 0 0.908256880733945 0.9447004608294931
1041 0.0032001999999997643 0 0 0.908256880733945 0.9447004608294931
1042 0.003064399999999967 0 0 0.908256880733945 0.9447004608294931
1043 0.003148899999999788 0 0 0.908256880733945 0.9447004608294931
1044 0.0031138000000003885 1 0 0.9174311926605505 0.9447004608294931
1045 0.0029442999999997888 0 0 0.9174311926605505 0.9447004608294931
1046 0.003100099999999717 1 0 0.926605504587156 0.9447004608294931
1047 0.0029922999999998368 0 0 0.926605504587156 0.9447004608294931
1048 0.0028760000000001007 0 0 0.926605504587156 0.9447004608294931
1049 0.0032261000000000095 0 0 0.926605504587156 0.9447004608294931
1050 0.0029578999999997357 0 0 0.926605504587156 0.9447004608294931
1051 0.0029864000000001667 0 0 0.926605504587156 0.9447004608294931
1052 0.003111300000000039 0 0 0.926605504587156 0.9447004608294931
1053 0.003116899999999756 0 1 0.926605504587156 0.9493087557603687
1054 0.003725700000000387 0 0 0.926605504587156 0.9493087557603687
1055 0.00518839999999976 0 0 0.926605504587156 0.9493087557603687
1056 0.004582599999999992 1 1 0.9357798165137615 0.9539170506912442
1057 0.00460130000000003 0 0 0.9357798165137615 0.9539170506912442
1058 0.004321500000000089 0 0 0.9357798165137615 0.9539170506912442
1059 0.00451479999999993 0 0 0.9357798165137615 0.9539170506912442
1060 0.004247400000000123 0 1 0.9357798165137615 0.9585253456221198
1061 0.004322900000000018 0 1 0.9357798165137615 0.9631336405529954
1062 0.0038532999999998374 0 1 0.9357798165137615 0.967741935483871
1063 0.004234700000000036 0 0 0.9357798165137615 0.967741935483871
1064 0.004079600000000294 0 0 0.9357798165137615 0.967741935483871
1065 0.004235599999999895 0 0 0.9357798165137615 0.967741935483871
1066 0.0032711000000000823 0 0 0.9357798165137615 0.967741935483871
1067 0.0031759000000000093 0 0 0.9357798165137615 0.967741935483871
1068 0.0030367000000000033 1 1 0.944954128440367 0.9723502304147466
1069 0.0032250999999998697 0 0 0.944954128440367 0.9723502304147466
1070 0.003230199999999961 0 0 0.944954128440367 0.9723502304147466
1071 0.0029432000000002567 0 0 0.944954128440367 0.9723502304147466
1072 0.0029689999999997774 0 0 0.944954128440367 0.9723502304147466
1073 0.002873899999999985 0 0 0.944954128440367 0.9723502304147466
1074 0.003115800000000224 0 0 0.944954128440367 0.9723502304147466
1075 0.0031314000000000064 0 0 0.944954128440367 0.9723502304147466
1076 0.0030698999999998478 0 0 0.944954128440367 0.9723502304147466
1077 0.0032147000000000148 1 0 0.9541284403669725 0.9723502304147466
1078 0.0030170999999996617 0 0 0.9541284403669725 0.9723502304147466
1079 0.0030737999999996823 0 0 0.9541284403669725 0.9723502304147466
1080 0.004437699999999989 0 0 0.9541284403669725 0.9723502304147466
1081 0.003007799999999783 0 0 0.9541284403669725 0.9723502304147466
1082 0.0032119999999999926 0 0 0.9541284403669725 0.9723502304147466
1083 0.0031799999999999606 0 0 0.9541284403669725 0.9723502304147466
1084 0.0031698999999996147 0 0 0.9541284403669725 0.9723502304147466
1085 0.003132100000000193 0 0 0.9541284403669725 0.9723502304147466
1086 0.003037700000000143 0 0 0.9541284403669725 0.9723502304147466
1087 0.0031623999999998986 0 0 0.9541284403669725 0.9723502304147466
1088 0.0034212999999998495 0 0 0.9541284403669725 0.9723502304147466
1089 0.0032057999999999254 1 0 0.963302752293578 0.9723502304147466
1090 0.0032730999999999177 0 0 0.963302752293578 0.9723502304147466
1091 0.00306519999999999 0 0 0.963302752293578 0.9723502304147466
1092 0.003494799999999909 0 0 0.963302752293578 0.9723502304147466
1093 0.0030457999999997654 0 0 0.963302752293578 0.9723502304147466
1094 0.004144900000000007 0 0 0.963302752293578 0.9723502304147466
1095 0.004131399999999896 1 0 0.9724770642201835 0.9723502304147466
1096 0.004360099999999978 0 0 0.9724770642201835 0.9723502304147466
1097 0.004327599999999876 0 0 0.9724770642201835 0.9723502304147466
1098 0.004236899999999988 0 0 0.9724770642201835 0.9723502304147466
1099 0.004158499999999954 0 0 0.9724770642201835 0.9723502304147466
1100 0.004391699999999776 0 0 0.9724770642201835 0.9723502304147466
1101 0.004234100000000129 0 0 0.9724770642201835 0.9723502304147466
1102 0.003134000000000192 0 0 0.9724770642201835 0.9723502304147466
1103 0.00311640000000013 0 0 0.9724770642201835 0.9723502304147466
1104 0.003267800000000154 0 1 0.9724770642201835 0.9769585253456221
1105 0.0030910999999997912 0 0 0.9724770642201835 0.9769585253456221
1106 0.003190500000000096 0 0 0.9724770642201835 0.9769585253456221
1107 0.0031224000000000807 0 1 0.9724770642201835 0.9815668202764977
1108 0.003189100000000167 0 0 0.9724770642201835 0.9815668202764977
1109 0.0030330000000002855 0 0 0.9724770642201835 0.9815668202764977
1110 0.003112400000000015 0 0 0.9724770642201835 0.9815668202764977
1111 0.0029802999999999358 0 0 0.9724770642201835 0.9815668202764977
1112 0.0029927000000000703 0 0 0.9724770642201835 0.9815668202764977
1113 0.003094799999999953 0 0 0.9724770642201835 0.9815668202764977
1114 0.0031983000000002093 0 0 0.9724770642201835 0.9815668202764977
1115 0.005689999999999973 0 0 0.9724770642201835 0.9815668202764977
1116 0.003271899999999661 1 0 0.981651376146789 0.9815668202764977
1117 0.0030609999999997584 0 0 0.981651376146789 0.9815668202764977
1118 0.00301449999999992 0 0 0.981651376146789 0.9815668202764977
1119 0.0030949000000002336 0 0 0.981651376146789 0.9815668202764977
1120 0.0029582999999999693 0 1 0.981651376146789 0.9861751152073732
1121 0.003000899999999973 0 1 0.981651376146789 0.9907834101382489
1122 0.003014199999999967 0 0 0.981651376146789 0.9907834101382489
1123 0.0030991999999998576 1 0 0.9908256880733946 0.9907834101382489
1124 0.0030506999999997397 0 0 0.9908256880733946 0.9907834101382489
1125 0.0030950999999999063 0 0 0.9908256880733946 0.9907834101382489
1126 0.0030972999999998585 0 0 0.9908256880733946 0.9907834101382489
1127 0.0035053000000000445 0 0 0.9908256880733946 0.9907834101382489
1128 0.003177499999999611 0 0 0.9908256880733946 0.9907834101382489
1129 0.0031874000000002845 0 0 0.9908256880733946 0.9907834101382489
1130 0.003159000000000134 0 0 0.9908256880733946 0.9907834101382489
1131 0.003159800000000157 0 0 0.9908256880733946 0.9907834101382489
1132 0.0030660999999998495 0 0 0.9908256880733946 0.9907834101382489
1133 0.003018200000000082 0 0 0.9908256880733946 0.9907834101382489
1134 0.003131299999999726 1 0 1.0 0.9907834101382489
1135 0.0031055000000002053 0 0 1.0 0.9907834101382489
1136 0.003096399999999999 0 0 1.0 0.9907834101382489
1137 0.004576600000000042 0 0 1.0 0.9907834101382489
1138 0.004336100000000176 0 0 1.0 0.9907834101382489
1139 0.0031358999999997472 0 0 1.0 0.9907834101382489
1140 0.003004900000000088 0 0 1.0 0.9907834101382489
1141 0.003414199999999923 0 0 1.0 0.9907834101382489
1142 0.0031930999999998377 0 0 1.0 0.9907834101382489
1143 0.004417899999999975 0 0 1.0 0.9907834101382489
1144 0.004332699999999967 0 0 1.0 0.9907834101382489
1145 0.004374900000000181 0 0 1.0 0.9907834101382489
1146 0.004208100000000048 0 0 1.0 0.9907834101382489
1147 0.004509700000000283 0 0 1.0 0.9907834101382489
1148 0.004462200000000305 0 0 1.0 0.9907834101382489
1149 0.00435579999999991 0 0 1.0 0.9907834101382489
1150 0.00444230000000001 0 0 1.0 0.9907834101382489
1151 0.004243499999999845 0 0 1.0 0.9907834101382489
1152 0.004301299999999841 0 0 1.0 0.9907834101382489
1153 0.004284399999999966 0 0 1.0 0.9907834101382489
1154 0.004435599999999873 0 0 1.0 0.9907834101382489
1155 0.004277700000000273 0 0 1.0 0.9907834101382489
1156 0.0043800000000002726 0 0 1.0 0.9907834101382489
1157 0.002995500000000373 0 0 1.0 0.9907834101382489
1158 0.003040400000000165 0 0 1.0 0.9907834101382489
1159 0.003124399999999916 0 0 1.0 0.9907834101382489
1160 0.0032231999999998706 0 0 1.0 0.9907834101382489
1161 0.0032402999999998627 0 0 1.0 0.9907834101382489
1162 0.003090799999999838 0 0 1.0 0.9907834101382489
1163 0.003259300000000298 0 0 1.0 0.9907834101382489
1164 0.0031604999999998995 0 0 1.0 0.9907834101382489
1165 0.0030711999999999406 0 0 1.0 0.9907834101382489
1166 0.0031528000000000667 0 0 1.0 0.9907834101382489
1167 0.0032834999999997727 0 0 1.0 0.9907834101382489
1168 0.0033791000000000793 0 0 1.0 0.9907834101382489
1169 0.0031574999999999243 0 0 1.0 0.9907834101382489
1170 0.0034156999999996884 0 0 1.0 0.9907834101382489
1171 0.0029889999999999084 0 1 1.0 0.9953917050691244
1172 0.003032900000000005 0 0 1.0 0.9953917050691244
1173 0.0030841999999999814 0 0 1.0 0.9953917050691244
1174 0.003032399999999935 0 0 1.0 0.9953917050691244
1175 0.003236099999999631 0 0 1.0 0.9953917050691244
1176 0.0030079000000000633 0 0 1.0 0.9953917050691244
1177 0.0032703000000000593 0 0 1.0 0.9953917050691244
1178 0.0032236999999999405 0 0 1.0 0.9953917050691244
1179 0.0029254999999999143 0 0 1.0 0.9953917050691244
1180 0.002949699999999833 0 0 1.0 0.9953917050691244
1181 0.0030364999999998865 0 0 1.0 0.9953917050691244
1182 0.0029853000000001906 0 0 1.0 0.9953917050691244
1183 0.003130499999999703 0 0 1.0 0.9953917050691244
1184 0.003079000000000054 0 0 1.0 0.9953917050691244
1185 0.004223599999999994 0 0 1.0 0.9953917050691244
1186 0.004267400000000254 0 0 1.0 0.9953917050691244
1187 0.004426000000000041 0 0 1.0 0.9953917050691244
1188 0.003177399999999775 0 0 1.0 0.9953917050691244
1189 0.003133200000000169 0 0 1.0 0.9953917050691244
1190 0.003215799999999991 0 0 1.0 0.9953917050691244
1191 0.0030280000000000307 0 0 1.0 0.9953917050691244
1192 0.0031226000000001974 0 0 1.0 0.9953917050691244
1193 0.0029442999999997888 0 0 1.0 0.9953917050691244
1194 0.0032359000000004023 0 0 1.0 0.9953917050691244
1195 0.002984600000000004 0 0 1.0 0.9953917050691244
1196 0.0032062999999999953 0 0 1.0 0.9953917050691244
1197 0.0032649999999998514 0 0 1.0 0.9953917050691244
1198 0.003125900000000126 0 0 1.0 0.9953917050691244
1199 0.003025399999999845 0 0 1.0 0.9953917050691244
1200 0.00312380000000001 0 0 1.0 0.9953917050691244
1201 0.003095800000000093 0 0 1.0 0.9953917050691244
1202 0.003216400000000341 0 0 1.0 0.9953917050691244
1203 0.003037700000000143 0 0 1.0 0.9953917050691244
1204 0.0032290999999999848 0 0 1.0 0.9953917050691244
1205 0.003241400000000283 0 0 1.0 0.9953917050691244
1206 0.003316100000000155 0 0 1.0 0.9953917050691244
1207 0.003128400000000031 0 0 1.0 0.9953917050691244
1208 0.0031617999999999924 0 0 1.0 0.9953917050691244
1209 0.0032173000000002006 0 0 1.0 0.9953917050691244
1210 0.0033943999999999086 0 0 1.0 0.9953917050691244
1211 0.003220600000000129 0 0 1.0 0.9953917050691244
1212 0.0030855000000000743 0 0 1.0 0.9953917050691244
1213 0.0030565000000000175 0 0 1.0 0.9953917050691244
1214 0.003054700000000299 0 0 1.0 0.9953917050691244
1215 0.0030122999999999678 0 0 1.0 0.9953917050691244
1216 0.003090499999999885 0 0 1.0 0.9953917050691244
1217 0.0031704000000001287 0 0 1.0 0.9953917050691244
1218 0.0030621000000001786 0 0 1.0 0.9953917050691244
1219 0.0032866000000000284 0 0 1.0 0.9953917050691244
1220 0.0031959999999999766 0 0 1.0 0.9953917050691244
1221 0.0029981000000001146 0 0 1.0 0.9953917050691244
1222 0.003246499999999486 0 0 1.0 0.9953917050691244
1223 0.0030105999999996413 0 0 1.0 0.9953917050691244
1224 0.0029089999999998284 0 0 1.0 0.9953917050691244
1225 0.002966699999999989 0 0 1.0 0.9953917050691244
1226 0.003185199999999888 0 0 1.0 0.9953917050691244
1227 0.003418199999999594 0 0 1.0 0.9953917050691244
1228 0.003872899999999291 0 0 1.0 0.9953917050691244
1229 0.003175000000000594 0 0 1.0 0.9953917050691244
1230 0.0030186000000007596 0 0 1.0 0.9953917050691244
1231 0.0034708999999999435 0 0 1.0 0.9953917050691244
1232 0.0030340999999998175 0 0 1.0 0.9953917050691244
1233 0.0034822999999999382 0 0 1.0 0.9953917050691244
1234 0.0032735999999999876 0 0 1.0 0.9953917050691244
1235 0.0031750999999999863 0 0 1.0 0.9953917050691244
1236 0.003267300000000084 0 0 1.0 0.9953917050691244
1237 0.0031658000000005515 0 1 1.0 1.0
