50 0.3 0.2
1 0.0010510999999999993 0 0 0.0 0.5051546391752577
2 0.0011002999999999985 1 0 0.02040816326530612 0.5051546391752577
3 0.0010909000000000058 0 0 0.02040816326530612 0.5051546391752577
4 0.0009875000000000023 0 0 0.02040816326530612 0.5051546391752577
5 0.0012766999999999917 0 0 0.02040816326530612 0.5051546391752577
6 0.0011566000000000076 1 0 0.04081632653061224 0.5051546391752577
7 0.0012852000000000141 0 0 0.04081632653061224 0.5051546391752577
8 0.0010765999999999831 0 0 0.04081632653061224 0.5051546391752577
9 0.0010293999999999859 0 0 0.04081632653061224 0.5051546391752577
10 0.0012048000000000059 0 0 0.04081632653061224 0.5051546391752577
11 0.001077699999999987 1 1 0.061224489795918366 0.5154639175257731
12 0.000994899999999993 1 0 0.08163265306122448 0.5154639175257731
13 0.0010446999999999818 0 0 0.08163265306122448 0.5154639175257731
14 0.0010863000000000123 1 1 0.10204081632653061 0.5257731958762887
15 0.0010883999999999894 0 0 0.10204081632653061 0.5257731958762887
16 0.0011142999999999847 0 0 0.10204081632653061 0.5257731958762887
17 0.0010966000000000031 0 0 0.10204081632653061 0.5257731958762887
18 0.0009833999999999954 0 1 0.10204081632653061 0.5360824742268041
19 0.0010093000000000185 1 1 0.12244897959183673 0.5463917525773195
20 0.0011056000000000121 0 0 0.12244897959183673 0.5463917525773195
21 0.0013156 1 0 0.14285714285714285 0.5463917525773195
22 0.0011745999999999979 0 1 0.14285714285714285 0.5567010309278351
23 0.0010410000000000141 0 0 0.14285714285714285 0.5567010309278351
24 0.0010320000000000051 0 0 0.14285714285714285 0.5567010309278351
25 0.0011265000000000025 1 0 0.16326530612244897 0.5567010309278351
26 0.0012486999999999915 0 0 0.16326530612244897 0.5567010309278351
27 0.0011667000000000205 0 0 0.16326530612244897 0.5567010309278351
28 0.0010965000000000003 0 0 0.16326530612244897 0.5567010309278351
29 0.0010893999999999904 0 1 0.16326530612244897 0.5670103092783505
30 0.0011741999999999864 1 0 0.1836734693877551 0.5670103092783505
31 0.0011126999999999942 0 0 0.1836734693877551 0.5670103092783505
32 0.0013424999999999965 0 1 0.1836734693877551 0.5773195876288659
33 0.0014647000000000132 0 0 0.1836734693877551 0.5773195876288659
34 0.0011116000000000181 1 0 0.20408163265306123 0.5773195876288659
35 0.0010195999999999816 1 0 0.22448979591836735 0.5773195876288659
36 0.001849400000000001 0 0 0.22448979591836735 0.5773195876288659
37 0.001714199999999999 0 0 0.22448979591836735 0.5773195876288659
38 0.001721300000000009 1 0 0.24489795918367346 0.5773195876288659
39 0.001449800000000001 0 1 0.24489795918367346 0.5876288659793815
40 0.0017260000000000053 0 1 0.24489795918367346 0.5979381443298969
41 0.0016228999999999827 0 0 0.24489795918367346 0.5979381443298969
42 0.0014582000000000206 0 0 0.24489795918367346 0.5979381443298969
43 0.0011741000000000112 1 2 0.2653061224489796 0.6185567010309279
44 0.0019611999999999963 0 0 0.2653061224489796 0.6185567010309279
45 0.0010645000000000238 0 0 0.2653061224489796 0.6185567010309279
46 0.0010743999999999754 0 0 0.2653061224489796 0.6185567010309279
47 0.001533500000000021 0 0 0.2653061224489796 0.6185567010309279
48 0.0011742000000000141 0 1 0.2653061224489796 0.6288659793814433
49 0.0012879000000000085 0 0 0.2653061224489796 0.6288659793814433
50 0.0012100999999999917 0 0 0.2653061224489796 0.6288659793814433
51 0.0010037999999999991 0 0 0.2653061224489796 0.6288659793814433
52 0.0013717000000000312 0 0 0.2653061224489796 0.6288659793814433
53 0.0011837000000000097 0 0 0.2653061224489796 0.6288659793814433
54 0.001356600000000041 0 0 0.2653061224489796 0.6288659793814433
55 0.0010169000000000428 0 0 0.2653061224489796 0.6288659793814433
56 0.0009969000000000228 1 0 0.2857142857142857 0.6288659793814433
57 0.001109899999999997 0 0 0.2857142857142857 0.6288659793814433
58 0.0015400999999999887 0 1 0.2857142857142857 0.6391752577319587
59 0.0010357999999999756 0 0 0.2857142857142857 0.6391752577319587
60 0.0010681000000000163 0 0 0.2857142857142857 0.6391752577319587
61 0.001310999999999951 0 0 0.2857142857142857 0.6391752577319587
62 0.0011164999999999647 0 0 0.2857142857142857 0.6391752577319587
63 0.0012802000000000091 1 1 0.30612244897959184 0.6494845360824743
64 0.0014379999999999948 0 0 0.30612244897959184 0.6494845360824743
65 0.0012845000000000217 1 1 0.32653061224489793 0.6597938144329897
66 0.0015873000000000137 1 1 0.3469387755102041 0.6701030927835051
67 0.0016683000000000114 0 0 0.3469387755102041 0.6701030927835051
68 0.0010976000000000319 0 0 0.3469387755102041 0.6701030927835051
69 0.0012193000000000342 0 0 0.3469387755102041 0.6701030927835051
70 0.0011414000000000146 0 0 0.3469387755102041 0.6701030927835051
71 0.0011876999999999582 0 0 0.3469387755102041 0.6701030927835051
72 0.001240299999999972 0 0 0.3469387755102041 0.6701030927835051
73 0.0012946000000000346 0 0 0.3469387755102041 0.6701030927835051
74 0.0011377000000000193 0 0 0.3469387755102041 0.6701030927835051
75 0.0011177999999999466 1 0 0.3673469387755102 0.6701030927835051
76 0.0011815999999999494 1 0 0.3877551020408163 0.6701030927835051
77 0.001307500000000017 0 0 0.3877551020408163 0.6701030927835051
78 0.001089500000000021 1 1 0.40816326530612246 0.6804123711340206
79 0.0010751999999999984 0 0 0.40816326530612246 0.6804123711340206
80 0.001133099999999998 1 1 0.42857142857142855 0.6907216494845361
81 0.00136780000000003 0 0 0.42857142857142855 0.6907216494845361
82 0.00121389999999999 0 1 0.42857142857142855 0.7010309278350515
83 0.0023712000000000177 1 0 0.4489795918367347 0.7010309278350515
84 0.001333899999999999 1 0 0.46938775510204084 0.7010309278350515
85 0.0019803999999999933 0 0 0.46938775510204084 0.7010309278350515
86 0.001565900000000009 0 0 0.46938775510204084 0.7010309278350515
87 0.0011647999999999659 1 1 0.4897959183673469 0.711340206185567
88 0.0017840000000000078 0 0 0.4897959183673469 0.711340206185567
89 0.0016372000000000053 0 0 0.4897959183673469 0.711340206185567
90 0.0015112999999999932 0 0 0.4897959183673469 0.711340206185567
91 0.0014964000000000088 1 0 0.5102040816326531 0.711340206185567
92 0.001571099999999992 0 0 0.5102040816326531 0.711340206185567
93 0.0019140999999999742 1 0 0.5306122448979592 0.711340206185567
94 0.0017346000000000306 0 0 0.5306122448979592 0.711340206185567
95 0.0024745999999999935 0 0 0.5306122448979592 0.711340206185567
96 0.002134700000000045 1 0 0.5510204081632653 0.711340206185567
97 0.0017544999999999922 1 0 0.5714285714285714 0.711340206185567
98 0.0020285999999999915 0 0 0.5714285714285714 0.711340206185567
99 0.0019843999999999973 1 1 0.5918367346938775 0.7216494845360825
100 0.001854699999999987 1 1 0.6122448979591837 0.7319587628865979
101 0.0019909000000000177 0 0 0.6122448979591837 0.7319587628865979
102 0.0019333000000000267 0 1 0.6122448979591837 0.7422680412371134
103 0.0012572000000000139 1 0 0.6326530612244898 0.7422680412371134
104 0.0012324000000000224 0 0 0.6326530612244898 0.7422680412371134
105 0.0016032000000000268 1 0 0.6530612244897959 0.7422680412371134
106 0.0013382000000000116 1 1 0.673469387755102 0.7525773195876289
107 0.001299400000000006 0 0 0.673469387755102 0.7525773195876289
108 0.0012015999999999694 0 1 0.673469387755102 0.7628865979381443
109 0.0011495999999999729 1 0 0.6938775510204082 0.7628865979381443
110 0.001561900000000005 0 1 0.6938775510204082 0.7731958762886598
111 0.0014474999999999905 0 0 0.6938775510204082 0.7731958762886598
112 0.001913900000000024 0 1 0.6938775510204082 0.7835051546391752
113 0.0017531000000000074 0 0 0.6938775510204082 0.7835051546391752
114 0.001871400000000023 0 0 0.6938775510204082 0.7835051546391752
115 0.0017300999999999567 0 0 0.6938775510204082 0.7835051546391752
116 0.001689900000000022 1 1 0.7142857142857143 0.7938144329896907
117 0.0013984000000000218 1 0 0.7346938775510204 0.7938144329896907
118 0.0013729000000000102 0 0 0.7346938775510204 0.7938144329896907
119 0.0014375999999999833 0 1 0.7346938775510204 0.8041237113402062
120 0.0012694000000000316 0 0 0.7346938775510204 0.8041237113402062
121 0.0013303000000000065 0 1 0.7346938775510204 0.8144329896907216
122 0.00162420000000002 0 1 0.7346938775510204 0.8247422680412371
123 0.0013253999999999766 1 0 0.7551020408163265 0.8247422680412371
124 0.0012417000000000122 0 0 0.7551020408163265 0.8247422680412371
125 0.0013709999999999556 1 0 0.7755102040816326 0.8247422680412371
126 0.0013683999999999918 1 1 0.7959183673469388 0.8350515463917526
127 0.00137780000000004 0 0 0.7959183673469388 0.8350515463917526
128 0.001259499999999969 0 0 0.7959183673469388 0.8350515463917526
129 0.0012847000000000275 0 1 0.7959183673469388 0.845360824742268
130 0.0012460999999999722 0 1 0.7959183673469388 0.8556701030927835
131 0.0016309999999999936 1 0 0.8163265306122449 0.8556701030927835
132 0.001506300000000016 1 1 0.8367346938775511 0.865979381443299
133 0.001811000000000007 0 2 0.8367346938775511 0.8865979381443299
134 0.0018064999999999887 0 0 0.8367346938775511 0.8865979381443299
135 0.0013546999999999865 0 0 0.8367346938775511 0.8865979381443299
136 0.0013453999999999966 1 0 0.8571428571428571 0.8865979381443299
137 0.00131779999999998 1 0 0.8775510204081632 0.8865979381443299
138 0.001369000000000009 0 0 0.8775510204081632 0.8865979381443299
139 0.0016344000000000358 0 0 0.8775510204081632 0.8865979381443299
140 0.0015633000000000452 0 1 0.8775510204081632 0.8969072164948454
141 0.0014127999999999918 1 2 0.8979591836734694 0.9175257731958762
142 0.0019388000000000183 0 0 0.8979591836734694 0.9175257731958762
143 0.0017014000000000196 1 1 0.9183673469387755 0.9278350515463918
144 0.001307400000000014 0 0 0.9183673469387755 0.9278350515463918
145 0.0014402000000000026 0 1 0.9183673469387755 0.9381443298969072
146 0.0016009999999999636 1 0 0.9387755102040817 0.9381443298969072
147 0.0016302999999999734 1 0 0.9591836734693877 0.9381443298969072
148 0.0015844999999999887 0 0 0.9591836734693877 0.9381443298969072
149 0.0012977000000000127 0 1 0.9591836734693877 0.9484536082474226
150 0.0014513999999999916 0 0 0.9591836734693877 0.9484536082474226
151 0.0016672999999999827 0 0 0.9591836734693877 0.9484536082474226
152 0.0014222999999999875 0 0 0.9591836734693877 0.9484536082474226
153 0.001424700000000001 0 1 0.9591836734693877 0.9587628865979382
154 0.0015589000000000297 0 0 0.9591836734693877 0.9587628865979382
155 0.0014611999999999958 1 0 0.9795918367346939 0.9587628865979382
156 0.0019476999999999967 0 0 0.9795918367346939 0.9587628865979382
157 0.0016681000000000057 0 0 0.9795918367346939 0.9587628865979382
158 0.001791900000000013 0 0 0.9795918367346939 0.9587628865979382
159 0.001847399999999999 0 0 0.9795918367346939 0.9587628865979382
160 0.0016170999999999824 1 2 1.0 0.979381443298969
161 0.0024794000000000205 0 0 1.0 0.979381443298969
162 0.0019795999999999703 0 0 1.0 0.979381443298969
163 0.001870300000000047 0 0 1.0 0.979381443298969
164 0.0016629000000000227 0 0 1.0 0.979381443298969
165 0.0014680000000000248 0 0 1.0 0.979381443298969
166 0.001450600000000024 0 0 1.0 0.979381443298969
167 0.0014659999999999673 0 1 1.0 0.9896907216494846
168 0.0015244999999999842 0 0 1.0 0.9896907216494846
169 0.001514300000000024 0 0 1.0 0.9896907216494846
170 0.0015559000000000545 0 0 1.0 0.9896907216494846
171 0.001493100000000025 0 0 1.0 0.9896907216494846
172 0.002173100000000039 0 1 1.0 1.0
