70 0.7 0.7
1 0.002094600000000002 1 0 0.014492753623188406 0.5036496350364964
2 0.0028578000000000214 1 0 0.028985507246376812 0.5036496350364964
3 0.0026623000000000063 1 1 0.043478260869565216 0.5109489051094891
4 0.001452800000000004 1 0 0.057971014492753624 0.5109489051094891
5 0.001612300000000011 1 1 0.07246376811594203 0.5182481751824818
6 0.0016654000000000113 1 0 0.08695652173913043 0.5182481751824818
7 0.0017107999999999846 1 2 0.10144927536231885 0.5328467153284672
8 0.002078300000000005 1 2 0.11594202898550725 0.5474452554744526
9 0.0016940999999999762 0 1 0.11594202898550725 0.5547445255474452
10 0.0035302999999999862 0 0 0.11594202898550725 0.5547445255474452
11 0.0020295999999999648 1 1 0.13043478260869565 0.5620437956204379
12 0.0017481000000000302 0 0 0.13043478260869565 0.5620437956204379
13 0.0014392000000000293 1 0 0.14492753623188406 0.5620437956204379
14 0.0016260000000000163 1 1 0.15942028985507245 0.5693430656934306
15 0.0017425000000000357 1 2 0.17391304347826086 0.583941605839416
16 0.0019194000000000155 1 1 0.18840579710144928 0.5912408759124088
17 0.0016442999999999874 1 1 0.2028985507246377 0.5985401459854015
18 0.002942300000000009 0 0 0.2028985507246377 0.5985401459854015
19 0.0019313000000000247 1 1 0.21739130434782608 0.6058394160583942
20 0.0016483999999999943 1 1 0.2318840579710145 0.6131386861313869
21 0.0016834000000000016 1 1 0.2463768115942029 0.6204379562043796
22 0.0019108000000000458 1 1 0.2608695652173913 0.6277372262773723
23 0.0017045000000000532 0 0 0.2608695652173913 0.6277372262773723
24 0.0019912999999999736 1 0 0.2753623188405797 0.6277372262773723
25 0.002009300000000047 1 0 0.2898550724637681 0.6277372262773723
26 0.001685099999999995 1 0 0.30434782608695654 0.6277372262773723
27 0.0018541000000000252 1 2 0.3188405797101449 0.6423357664233577
28 0.0027522999999999853 0 1 0.3188405797101449 0.6496350364963503
29 0.001836599999999966 1 0 0.3333333333333333 0.6496350364963503
30 0.001720300000000008 1 2 0.34782608695652173 0.6642335766423357
31 0.0020383999999999958 1 2 0.36231884057971014 0.6788321167883211
32 0.0020072999999999896 0 0 0.36231884057971014 0.6788321167883211
33 0.0018272999999999762 1 1 0.37681159420289856 0.6861313868613139
34 0.002842200000000017 1 1 0.391304347826087 0.6934306569343066
35 0.0020284999999999886 1 1 0.4057971014492754 0.7007299270072993
36 0.0019233000000000167 1 1 0.42028985507246375 0.708029197080292
37 0.0021418999999999744 1 0 0.43478260869565216 0.708029197080292
38 0.0018776000000000348 1 1 0.4492753623188406 0.7153284671532847
39 0.002387100000000031 1 1 0.463768115942029 0.7226277372262774
40 0.0030782999999999783 1 1 0.4782608695652174 0.7299270072992701
41 0.0020364999999999966 1 2 0.4927536231884058 0.7445255474452555
42 0.002377100000000021 0 0 0.4927536231884058 0.7445255474452555
43 0.0021626000000000145 1 0 0.5072463768115942 0.7445255474452555
44 0.002077799999999963 1 1 0.5217391304347826 0.7518248175182481
45 0.0020555999999999908 0 1 0.5217391304347826 0.7591240875912408
46 0.0021043000000000034 0 0 0.5217391304347826 0.7591240875912408
47 0.0019316000000000333 0 0 0.5217391304347826 0.7591240875912408
48 0.002505000000000035 0 0 0.5217391304347826 0.7591240875912408
49 0.0019085999999999825 1 1 0.5362318840579711 0.7664233576642335
50 0.0024164000000000407 1 0 0.5507246376811594 0.7664233576642335
51 0.0031329000000000495 1 0 0.5652173913043478 0.7664233576642335
52 0.0027953000000000006 1 3 0.5797101449275363 0.7883211678832117
53 0.0040076 1 1 0.5942028985507246 0.7956204379562044
54 0.00270490000000001 1 0 0.6086956521739131 0.7956204379562044
55 0.003348899999999988 1 2 0.6231884057971014 0.8102189781021898
56 0.002651899999999985 1 0 0.6376811594202898 0.8102189781021898
57 0.0021160000000000068 1 2 0.6521739130434783 0.8248175182481752
58 0.002384599999999959 0 0 0.6521739130434783 0.8248175182481752
59 0.002205400000000024 1 1 0.6666666666666666 0.8321167883211679
60 0.002340500000000023 1 1 0.6811594202898551 0.8394160583941606
61 0.0021587000000000134 0 0 0.6811594202898551 0.8394160583941606
62 0.0022535999999999667 0 0 0.6811594202898551 0.8394160583941606
63 0.003193799999999969 1 1 0.6956521739130435 0.8467153284671532
64 0.0020716000000000068 1 1 0.7101449275362319 0.8540145985401459
65 0.004139099999999951 1 1 0.7246376811594203 0.8613138686131386
66 0.0030154000000000014 0 0 0.7246376811594203 0.8613138686131386
67 0.002759899999999982 0 0 0.7246376811594203 0.8613138686131386
68 0.0021160000000000068 1 1 0.7391304347826086 0.8686131386861314
69 0.0037256999999999985 1 1 0.7536231884057971 0.8759124087591241
70 0.0025683000000000233 1 0 0.7681159420289855 0.8759124087591241
71 0.002595000000000014 0 0 0.7681159420289855 0.8759124087591241
72 0.002506900000000034 1 2 0.782608695652174 0.8905109489051095
73 0.002096100000000045 0 0 0.782608695652174 0.8905109489051095
74 0.0023739999999999872 1 1 0.7971014492753623 0.8978102189781022
75 0.0024553999999999965 0 0 0.7971014492753623 0.8978102189781022
76 0.002227300000000043 0 0 0.7971014492753623 0.8978102189781022
77 0.0029968000000000217 1 1 0.8115942028985508 0.9051094890510949
78 0.0022229000000000276 0 0 0.8115942028985508 0.9051094890510949
79 0.0023723999999999967 1 1 0.8260869565217391 0.9124087591240876
80 0.002643599999999968 1 1 0.8405797101449275 0.9197080291970803
81 0.0022061999999999915 0 0 0.8405797101449275 0.9197080291970803
82 0.00345970000000001 1 1 0.855072463768116 0.927007299270073
83 0.0022351999999999927 1 1 0.8695652173913043 0.9343065693430657
84 0.002596900000000013 0 0 0.8695652173913043 0.9343065693430657
85 0.002456899999999984 1 1 0.8840579710144928 0.9416058394160584
86 0.0024823999999999957 0 0 0.8840579710144928 0.9416058394160584
87 0.0026307000000000413 1 1 0.8985507246376812 0.948905109489051
88 0.002379100000000023 1 1 0.9130434782608695 0.9562043795620438
89 0.0027166000000000134 1 1 0.927536231884058 0.9635036496350365
90 0.002325899999999992 1 1 0.9420289855072463 0.9708029197080292
91 0.0024834000000000245 1 1 0.9565217391304348 0.9781021897810219
92 0.002936099999999997 0 0 0.9565217391304348 0.9781021897810219
93 0.002624800000000038 1 1 0.9710144927536232 0.9854014598540146
94 0.003408000000000022 0 0 0.9710144927536232 0.9854014598540146
95 0.002479399999999965 1 1 0.9855072463768116 0.9927007299270073
96 0.002698900000000004 1 1 1.0 1.0
