40 0.2 0.6
1 0.0010153999999999996 0 0 0.0 0.5064935064935064
2 0.0007564999999999933 1 0 0.02564102564102564 0.5064935064935064
3 0.0007659000000000138 1 1 0.05128205128205128 0.5194805194805194
4 0.0007804000000000144 0 0 0.05128205128205128 0.5194805194805194
5 0.0014453999999999856 1 0 0.07692307692307693 0.5194805194805194
6 0.0011096999999999912 0 0 0.07692307692307693 0.5194805194805194
7 0.0010500000000000231 0 0 0.07692307692307693 0.5194805194805194
8 0.0012482000000000049 1 1 0.10256410256410256 0.5324675324675324
9 0.0010433999999999999 0 0 0.10256410256410256 0.5324675324675324
10 0.0010310000000000041 1 1 0.1282051282051282 0.5454545454545454
11 0.0012216999999999922 0 0 0.1282051282051282 0.5454545454545454
12 0.0010125999999999746 1 0 0.15384615384615385 0.5454545454545454
13 0.0010273000000000088 0 1 0.15384615384615385 0.5584415584415584
14 0.0009745999999999921 0 1 0.15384615384615385 0.5714285714285714
15 0.00134490000000001 0 0 0.15384615384615385 0.5714285714285714
16 0.0011577000000000115 0 0 0.15384615384615385 0.5714285714285714
17 0.0018710999999999867 1 1 0.1794871794871795 0.5844155844155844
18 0.0010506999999999878 0 0 0.1794871794871795 0.5844155844155844
19 0.000894099999999981 1 1 0.20512820512820512 0.5974025974025974
20 0.000904900000000014 0 0 0.20512820512820512 0.5974025974025974
21 0.0014353000000000005 0 0 0.20512820512820512 0.5974025974025974
22 0.0010198999999999903 0 0 0.20512820512820512 0.5974025974025974
23 0.0010056999999999983 0 0 0.20512820512820512 0.5974025974025974
24 0.0009674999999999823 1 1 0.23076923076923078 0.6103896103896104
25 0.000993700000000014 0 0 0.23076923076923078 0.6103896103896104
26 0.0010971000000000175 0 0 0.23076923076923078 0.6103896103896104
27 0.0008089000000000013 0 0 0.23076923076923078 0.6103896103896104
28 0.000879899999999989 1 1 0.2564102564102564 0.6233766233766234
29 0.000952499999999995 0 0 0.2564102564102564 0.6233766233766234
30 0.000938499999999981 1 0 0.28205128205128205 0.6233766233766234
31 0.0009398999999999935 0 0 0.28205128205128205 0.6233766233766234
32 0.0009944000000000064 0 1 0.28205128205128205 0.6363636363636364
33 0.0009593999999999991 0 0 0.28205128205128205 0.6363636363636364
34 0.0009249000000000063 0 0 0.28205128205128205 0.6363636363636364
35 0.0008581000000000005 0 0 0.28205128205128205 0.6363636363636364
36 0.0008351000000000053 0 0 0.28205128205128205 0.6363636363636364
37 0.0009824999999999973 0 0 0.28205128205128205 0.6363636363636364
38 0.0009528000000000036 0 0 0.28205128205128205 0.6363636363636364
39 0.0009860999999999898 0 0 0.28205128205128205 0.6363636363636364
40 0.00105849999999999 1 0 0.3076923076923077 0.6363636363636364
41 0.0008829999999999949 0 0 0.3076923076923077 0.6363636363636364
42 0.0008682999999999885 0 1 0.3076923076923077 0.6493506493506493
43 0.0034792999999999907 0 0 0.3076923076923077 0.6493506493506493
44 0.0015453000000000272 0 0 0.3076923076923077 0.6493506493506493
45 0.0011550000000000171 0 0 0.3076923076923077 0.6493506493506493
46 0.0013672000000000128 0 0 0.3076923076923077 0.6493506493506493
47 0.0015058000000000016 0 0 0.3076923076923077 0.6493506493506493
48 0.0010453999999999741 0 0 0.3076923076923077 0.6493506493506493
49 0.0010991000000000195 0 0 0.3076923076923077 0.6493506493506493
50 0.0009645000000000348 0 0 0.3076923076923077 0.6493506493506493
51 0.0010313000000000128 0 0 0.3076923076923077 0.6493506493506493
52 0.0020295999999999648 1 1 0.3333333333333333 0.6623376623376623
53 0.0008599999999999719 0 0 0.3333333333333333 0.6623376623376623
54 0.0008984999999999688 0 0 0.3333333333333333 0.6623376623376623
55 0.0008580000000000254 0 0 0.3333333333333333 0.6623376623376623
56 0.0008230000000000182 0 0 0.3333333333333333 0.6623376623376623
57 0.0009348000000000134 0 0 0.3333333333333333 0.6623376623376623
58 0.0009387999999999619 0 0 0.3333333333333333 0.6623376623376623
59 0.000926299999999991 0 0 0.3333333333333333 0.6623376623376623
60 0.001017900000000016 0 0 0.3333333333333333 0.6623376623376623
61 0.0009348000000000134 1 1 0.358974358974359 0.6753246753246753
62 0.0013977000000000017 0 0 0.358974358974359 0.6753246753246753
63 0.0009626000000000356 0 0 0.358974358974359 0.6753246753246753
64 0.0010401999999999911 1 1 0.38461538461538464 0.6883116883116883
65 0.0016538000000000386 1 0 0.41025641025641024 0.6883116883116883
66 0.0009559000000000095 0 1 0.41025641025641024 0.7012987012987013
67 0.0009951000000000265 0 0 0.41025641025641024 0.7012987012987013
68 0.001976300000000042 0 0 0.41025641025641024 0.7012987012987013
69 0.0009612999999999983 0 0 0.41025641025641024 0.7012987012987013
70 0.0009659000000000195 0 0 0.41025641025641024 0.7012987012987013
71 0.0008770000000000167 0 0 0.41025641025641024 0.7012987012987013
72 0.0008786000000000072 0 0 0.41025641025641024 0.7012987012987013
73 0.0010803999999999814 0 0 0.41025641025641024 0.7012987012987013
74 0.0009926000000000101 0 0 0.41025641025641024 0.7012987012987013
75 0.0011049000000000198 0 0 0.41025641025641024 0.7012987012987013
76 0.0010805999999999871 0 0 0.41025641025641024 0.7012987012987013
77 0.0009593999999999991 0 0 0.41025641025641024 0.7012987012987013
78 0.001012700000000033 0 0 0.41025641025641024 0.7012987012987013
79 0.00150030000000001 0 0 0.41025641025641024 0.7012987012987013
80 0.0016564000000000023 0 0 0.41025641025641024 0.7012987012987013
81 0.0009380999999999973 0 0 0.41025641025641024 0.7012987012987013
82 0.0009554000000000507 1 0 0.4358974358974359 0.7012987012987013
83 0.0008793000000000273 1 0 0.46153846153846156 0.7012987012987013
84 0.0016280000000000183 0 1 0.46153846153846156 0.7142857142857143
85 0.0011724999999999652 0 0 0.46153846153846156 0.7142857142857143
86 0.001053100000000029 0 0 0.46153846153846156 0.7142857142857143
87 0.0010345999999999966 0 1 0.46153846153846156 0.7272727272727273
88 0.0019296999999999787 0 0 0.46153846153846156 0.7272727272727273
89 0.0011351 1 0 0.48717948717948717 0.7272727272727273
90 0.0010174000000000016 0 1 0.48717948717948717 0.7402597402597403
91 0.0009752000000000094 0 0 0.48717948717948717 0.7402597402597403
92 0.000997099999999973 0 0 0.48717948717948717 0.7402597402597403
93 0.0013332000000000344 0 0 0.48717948717948717 0.7402597402597403
94 0.0014030999999999905 0 0 0.48717948717948717 0.7402597402597403
95 0.0013708000000000053 1 1 0.5128205128205128 0.7532467532467533
96 0.001346600000000031 0 0 0.5128205128205128 0.7532467532467533
97 0.0013573000000000057 0 0 0.5128205128205128 0.7532467532467533
98 0.0009764000000000439 0 0 0.5128205128205128 0.7532467532467533
99 0.0014760999999999802 0 0 0.5128205128205128 0.7532467532467533
100 0.00112509999999999 0 0 0.5128205128205128 0.7532467532467533
101 0.0010117000000000043 1 0 0.5384615384615384 0.7532467532467533
102 0.0009694000000000091 0 0 0.5384615384615384 0.7532467532467533
103 0.0010758000000000156 0 0 0.5384615384615384 0.7532467532467533
104 0.0014024999999999732 0 0 0.5384615384615384 0.7532467532467533
105 0.0009147999999999934 0 0 0.5384615384615384 0.7532467532467533
106 0.0008950000000000347 0 0 0.5384615384615384 0.7532467532467533
107 0.0009349000000000163 1 1 0.5641025641025641 0.7662337662337663
108 0.001020700000000041 0 0 0.5641025641025641 0.7662337662337663
109 0.0010878000000000276 1 0 0.5897435897435898 0.7662337662337663
110 0.001186699999999985 1 0 0.6153846153846154 0.7662337662337663
111 0.0011048999999999642 0 0 0.6153846153846154 0.7662337662337663
112 0.0011769999999999836 1 2 0.6410256410256411 0.7922077922077922
113 0.0011297000000000113 0 1 0.6410256410256411 0.8051948051948052
114 0.00105630000000001 0 0 0.6410256410256411 0.8051948051948052
115 0.0017132000000000258 0 0 0.6410256410256411 0.8051948051948052
116 0.0010688999999999838 1 1 0.6666666666666666 0.8181818181818182
117 0.0010336000000000234 0 0 0.6666666666666666 0.8181818181818182
118 0.0010253000000000068 0 0 0.6666666666666666 0.8181818181818182
119 0.001076699999999986 0 0 0.6666666666666666 0.8181818181818182
120 0.0016057000000000432 1 1 0.6923076923076923 0.8311688311688312
121 0.001369399999999965 0 0 0.6923076923076923 0.8311688311688312
122 0.0011854000000000031 0 0 0.6923076923076923 0.8311688311688312
123 0.0011046000000000111 1 0 0.717948717948718 0.8311688311688312
124 0.0013960000000000083 0 1 0.717948717948718 0.8441558441558441
125 0.001351800000000014 0 0 0.717948717948718 0.8441558441558441
126 0.0013170000000000126 0 0 0.717948717948718 0.8441558441558441
127 0.0011704000000000159 0 0 0.717948717948718 0.8441558441558441
128 0.0011032999999999737 0 0 0.717948717948718 0.8441558441558441
129 0.0022063999999999973 0 0 0.717948717948718 0.8441558441558441
130 0.0011121000000000048 0 0 0.717948717948718 0.8441558441558441
131 0.0014839999999999853 0 0 0.717948717948718 0.8441558441558441
132 0.001431799999999983 0 0 0.717948717948718 0.8441558441558441
133 0.0018328000000000233 0 0 0.717948717948718 0.8441558441558441
134 0.0013499999999999623 0 0 0.717948717948718 0.8441558441558441
135 0.0011604000000000059 0 0 0.717948717948718 0.8441558441558441
136 0.0010747000000000395 0 0 0.717948717948718 0.8441558441558441
137 0.0019032999999999967 0 0 0.717948717948718 0.8441558441558441
138 0.0014011999999999913 1 0 0.7435897435897436 0.8441558441558441
139 0.0010911000000000115 1 0 0.7692307692307693 0.8441558441558441
140 0.0010425000000000018 0 0 0.7692307692307693 0.8441558441558441
141 0.0010613999999999901 0 0 0.7692307692307693 0.8441558441558441
142 0.0018426000000000275 0 0 0.7692307692307693 0.8441558441558441
143 0.0011900999999999717 0 0 0.7692307692307693 0.8441558441558441
144 0.001334999999999975 1 2 0.7948717948717948 0.8701298701298701
145 0.0011857999999999591 0 0 0.7948717948717948 0.8701298701298701
146 0.0012655000000000305 0 0 0.7948717948717948 0.8701298701298701
147 0.0011700000000000044 0 0 0.7948717948717948 0.8701298701298701
148 0.0010685999999999751 0 0 0.7948717948717948 0.8701298701298701
149 0.0010744000000000309 0 0 0.7948717948717948 0.8701298701298701
150 0.0010672999999999933 0 0 0.7948717948717948 0.8701298701298701
151 0.0015748999999999902 0 0 0.7948717948717948 0.8701298701298701
152 0.0013111000000000095 0 0 0.7948717948717948 0.8701298701298701
153 0.001555899999999999 0 1 0.7948717948717948 0.8831168831168831
154 0.0014646999999999855 0 0 0.7948717948717948 0.8831168831168831
155 0.0015275999999999623 0 0 0.7948717948717948 0.8831168831168831
156 0.0017399000000000164 0 0 0.7948717948717948 0.8831168831168831
157 0.0011913000000000062 0 0 0.7948717948717948 0.8831168831168831
158 0.0012692999999999732 0 0 0.7948717948717948 0.8831168831168831
159 0.0014695000000000125 0 0 0.7948717948717948 0.8831168831168831
160 0.0017135999999999818 0 0 0.7948717948717948 0.8831168831168831
161 0.0012990999999999975 0 0 0.7948717948717948 0.8831168831168831
162 0.0010325999999999946 0 0 0.7948717948717948 0.8831168831168831
163 0.0012747999999999649 0 0 0.7948717948717948 0.8831168831168831
164 0.0013351000000000335 0 0 0.7948717948717948 0.8831168831168831
165 0.0016261999999999666 0 0 0.7948717948717948 0.8831168831168831
166 0.001738699999999982 0 0 0.7948717948717948 0.8831168831168831
167 0.0015223999999999793 0 0 0.7948717948717948 0.8831168831168831
168 0.0023384000000000182 0 0 0.7948717948717948 0.8831168831168831
169 0.0011496999999999757 0 1 0.7948717948717948 0.8961038961038961
170 0.0010690999999999895 0 0 0.7948717948717948 0.8961038961038961
171 0.0010290000000000021 0 0 0.7948717948717948 0.8961038961038961
172 0.0014684000000000363 1 1 0.8205128205128205 0.9090909090909091
173 0.0022307999999999772 0 0 0.8205128205128205 0.9090909090909091
174 0.0011745000000000227 0 0 0.8205128205128205 0.9090909090909091
175 0.0011749999999999816 0 0 0.8205128205128205 0.9090909090909091
176 0.0012099999999999889 1 0 0.8461538461538461 0.9090909090909091
177 0.0012616999999999767 0 0 0.8461538461538461 0.9090909090909091
178 0.0014064000000000298 0 0 0.8461538461538461 0.9090909090909091
179 0.001198699999999997 0 0 0.8461538461538461 0.9090909090909091
180 0.0012173000000000322 0 0 0.8461538461538461 0.9090909090909091
181 0.0021199999999999553 1 1 0.8717948717948718 0.922077922077922
182 0.0012816999999999967 0 0 0.8717948717948718 0.922077922077922
183 0.0011865999999999821 0 1 0.8717948717948718 0.935064935064935
184 0.0012962999999999725 0 0 0.8717948717948718 0.935064935064935
185 0.0021576999999999846 0 0 0.8717948717948718 0.935064935064935
186 0.001473499999999961 0 0 0.8717948717948718 0.935064935064935
187 0.0013140999999999847 0 0 0.8717948717948718 0.935064935064935
188 0.001087500000000019 0 0 0.8717948717948718 0.935064935064935
189 0.0020090000000000385 0 0 0.8717948717948718 0.935064935064935
190 0.0015159999999999618 0 0 0.8717948717948718 0.935064935064935
191 0.0011487000000000025 0 0 0.8717948717948718 0.935064935064935
192 0.0014181999999999806 1 0 0.8974358974358975 0.935064935064935
193 0.002602300000000002 1 0 0.9230769230769231 0.935064935064935
194 0.0016070999999999724 1 2 0.9487179487179487 0.961038961038961
195 0.0013663999999999898 0 0 0.9487179487179487 0.961038961038961
196 0.0011820000000000164 1 2 0.9743589743589743 0.987012987012987
197 0.0019184999999999897 1 1 1.0 1.0
