30 1.0 0.6
1 0.0006460000000000077 1 0 0.034482758620689655 0.5087719298245614
2 0.0006357999999999919 1 1 0.06896551724137931 0.5263157894736842
3 0.0007454999999999823 1 1 0.10344827586206896 0.543859649122807
4 0.0007887000000000033 1 1 0.13793103448275862 0.5614035087719298
5 0.0007056000000000007 1 0 0.1724137931034483 0.5614035087719298
6 0.0008463999999999972 1 0 0.20689655172413793 0.5614035087719298
7 0.0008873000000000075 1 2 0.2413793103448276 0.5964912280701754
8 0.0010035999999999934 1 1 0.27586206896551724 0.6140350877192983
9 0.0012486000000000164 1 1 0.3103448275862069 0.631578947368421
10 0.0008439000000000085 1 1 0.3448275862068966 0.6491228070175439
11 0.00088089999999999 1 0 0.3793103448275862 0.6491228070175439
12 0.0008181999999999912 1 1 0.41379310344827586 0.6666666666666666
13 0.0008619000000000265 1 2 0.4482758620689655 0.7017543859649122
14 0.0008920000000000039 1 1 0.4827586206896552 0.7192982456140351
15 0.0008479000000000125 1 1 0.5172413793103449 0.7368421052631579
16 0.000894900000000004 1 0 0.5517241379310345 0.7368421052631579
17 0.0011012999999999995 1 2 0.5862068965517241 0.7719298245614035
18 0.0012812000000000101 1 1 0.6206896551724138 0.7894736842105263
19 0.0011965999999999921 1 1 0.6551724137931034 0.8070175438596491
20 0.0011005000000000043 1 1 0.6896551724137931 0.8245614035087719
21 0.0010334999999999928 1 1 0.7241379310344828 0.8421052631578947
22 0.000934100000000021 1 2 0.7586206896551724 0.8771929824561403
23 0.0010319000000000023 1 1 0.7931034482758621 0.8947368421052632
24 0.0010203000000000018 1 0 0.8275862068965517 0.8947368421052632
25 0.0009676000000000129 1 2 0.8620689655172413 0.9298245614035088
26 0.0011960999999999777 1 1 0.896551724137931 0.9473684210526315
27 0.001980700000000002 1 1 0.9310344827586207 0.9649122807017544
28 0.0021024999999999794 1 1 0.9655172413793104 0.9824561403508771
29 0.0012301000000000117 1 0 1.0 0.9824561403508771
30 0.0010823999999999834 0 0 1.0 0.9824561403508771
31 0.0011819000000000135 0 0 1.0 0.9824561403508771
32 0.0017625000000000002 0 0 1.0 0.9824561403508771
33 0.0014128999999999947 0 1 1.0 1.0
