175 0.5 1.0
1 0.0048848000000000225 1 0 0.005747126436781609 0.5014409221902018
2 0.005671499999999996 1 1 0.011494252873563218 0.5043227665706052
3 0.004534600000000055 1 1 0.017241379310344827 0.5072046109510087
4 0.005837000000000092 1 1 0.022988505747126436 0.5100864553314121
5 0.003902299999999914 0 0 0.022988505747126436 0.5100864553314121
6 0.005283299999999991 1 1 0.028735632183908046 0.5129682997118156
7 0.0043712000000000195 1 1 0.034482758620689655 0.515850144092219
8 0.005469399999999958 0 0 0.034482758620689655 0.515850144092219
9 0.004454300000000022 1 1 0.040229885057471264 0.5187319884726225
10 0.005388899999999919 1 1 0.04597701149425287 0.521613832853026
11 0.007168500000000022 0 0 0.04597701149425287 0.521613832853026
12 0.01024449999999999 0 0 0.04597701149425287 0.521613832853026
13 0.004563500000000054 1 1 0.05172413793103448 0.5244956772334294
14 0.004341099999999987 0 0 0.05172413793103448 0.5244956772334294
15 0.006958699999999984 1 1 0.05747126436781609 0.5273775216138329
16 0.004410499999999984 0 0 0.05747126436781609 0.5273775216138329
17 0.006176499999999918 1 1 0.06321839080459771 0.5302593659942363
18 0.005207399999999973 0 0 0.06321839080459771 0.5302593659942363
19 0.0071022000000000585 1 1 0.06896551724137931 0.5331412103746398
20 0.0047120000000000495 0 0 0.06896551724137931 0.5331412103746398
21 0.0057554999999999135 0 0 0.06896551724137931 0.5331412103746398
22 0.004569799999999957 0 0 0.06896551724137931 0.5331412103746398
23 0.005062200000000017 1 1 0.07471264367816093 0.5360230547550432
24 0.00530940000000002 0 0 0.07471264367816093 0.5360230547550432
25 0.007004700000000086 0 0 0.07471264367816093 0.5360230547550432
26 0.0049167999999999434 0 0 0.07471264367816093 0.5360230547550432
27 0.005641200000000013 1 1 0.08045977011494253 0.5389048991354467
28 0.00460460000000007 0 0 0.08045977011494253 0.5389048991354467
29 0.005007700000000059 1 1 0.08620689655172414 0.5417867435158501
30 0.004774900000000026 1 1 0.09195402298850575 0.5446685878962536
31 0.005671599999999999 0 0 0.09195402298850575 0.5446685878962536
32 0.004579300000000064 0 0 0.09195402298850575 0.5446685878962536
33 0.005115699999999945 0 0 0.09195402298850575 0.5446685878962536
34 0.004536500000000054 1 1 0.09770114942528736 0.547550432276657
35 0.005318799999999957 0 0 0.09770114942528736 0.547550432276657
36 0.006406400000000034 0 0 0.09770114942528736 0.547550432276657
37 0.005300899999999942 0 0 0.09770114942528736 0.547550432276657
38 0.00563059999999993 0 0 0.09770114942528736 0.547550432276657
39 0.005402000000000018 1 1 0.10344827586206896 0.5504322766570605
40 0.006939600000000046 1 1 0.10919540229885058 0.553314121037464
41 0.0050170999999999966 0 0 0.10919540229885058 0.553314121037464
42 0.004594699999999952 0 0 0.10919540229885058 0.553314121037464
43 0.005214599999999958 0 0 0.10919540229885058 0.553314121037464
44 0.0073233000000000326 0 0 0.10919540229885058 0.553314121037464
45 0.005274899999999971 0 0 0.10919540229885058 0.553314121037464
46 0.004601999999999995 0 0 0.10919540229885058 0.553314121037464
47 0.005451699999999948 1 1 0.11494252873563218 0.5561959654178674
48 0.00438420000000006 1 1 0.1206896551724138 0.5590778097982709
49 0.007133200000000062 0 0 0.1206896551724138 0.5590778097982709
50 0.004916699999999996 0 0 0.1206896551724138 0.5590778097982709
51 0.00494439999999996 0 0 0.1206896551724138 0.5590778097982709
52 0.008263599999999927 0 0 0.1206896551724138 0.5590778097982709
53 0.004774700000000021 0 0 0.1206896551724138 0.5590778097982709
54 0.004666899999999918 1 1 0.12643678160919541 0.5619596541786743
55 0.004606699999999964 0 0 0.12643678160919541 0.5619596541786743
56 0.004183099999999995 0 0 0.12643678160919541 0.5619596541786743
57 0.005440800000000023 1 1 0.13218390804597702 0.5648414985590778
58 0.005009000000000041 1 1 0.13793103448275862 0.5677233429394812
59 0.00566549999999999 1 1 0.14367816091954022 0.5706051873198847
60 0.0052154999999999285 0 0 0.14367816091954022 0.5706051873198847
61 0.005283199999999932 1 1 0.14942528735632185 0.5734870317002881
62 0.0042472000000000065 1 1 0.15517241379310345 0.5763688760806917
63 0.005811400000000022 0 0 0.15517241379310345 0.5763688760806917
64 0.006879599999999986 1 1 0.16091954022988506 0.579250720461095
65 0.005888500000000074 1 1 0.16666666666666666 0.5821325648414986
66 0.005696099999999982 0 0 0.16666666666666666 0.5821325648414986
67 0.006381599999999987 0 0 0.16666666666666666 0.5821325648414986
68 0.0049978999999999996 1 1 0.1724137931034483 0.5850144092219021
69 0.005744099999999919 1 1 0.1781609195402299 0.5878962536023055
70 0.004264099999999993 1 1 0.1839080459770115 0.590778097982709
71 0.005258800000000008 0 0 0.1839080459770115 0.590778097982709
72 0.005102000000000051 1 1 0.1896551724137931 0.5936599423631124
73 0.006011600000000006 1 1 0.19540229885057472 0.5965417867435159
74 0.005512199999999967 0 0 0.19540229885057472 0.5965417867435159
75 0.005147200000000018 0 0 0.19540229885057472 0.5965417867435159
76 0.004657499999999981 0 0 0.19540229885057472 0.5965417867435159
77 0.007350899999999938 0 0 0.19540229885057472 0.5965417867435159
78 0.007511599999999952 1 1 0.20114942528735633 0.5994236311239193
79 0.005827000000000027 0 0 0.20114942528735633 0.5994236311239193
80 0.004545000000000021 0 0 0.20114942528735633 0.5994236311239193
81 0.007110599999999967 1 1 0.20689655172413793 0.6023054755043228
82 0.007771900000000054 1 1 0.21264367816091953 0.6051873198847262
83 0.0047504000000000435 1 1 0.21839080459770116 0.6080691642651297
84 0.005791400000000002 0 0 0.21839080459770116 0.6080691642651297
85 0.005556799999999917 1 1 0.22413793103448276 0.6109510086455331
86 0.006301300000000065 1 1 0.22988505747126436 0.6138328530259366
87 0.005554599999999965 0 0 0.22988505747126436 0.6138328530259366
88 0.006500699999999915 1 1 0.23563218390804597 0.6167146974063401
89 0.005718299999999843 1 1 0.2413793103448276 0.6195965417867435
90 0.007542300000000113 1 1 0.2471264367816092 0.622478386167147
91 0.00644710000000015 0 0 0.2471264367816092 0.622478386167147
92 0.006898800000000094 1 1 0.25287356321839083 0.6253602305475504
93 0.007289300000000054 1 1 0.25862068965517243 0.6282420749279539
94 0.0050464000000001175 0 0 0.25862068965517243 0.6282420749279539
95 0.009119099999999936 1 1 0.26436781609195403 0.6311239193083573
96 0.009180100000000024 1 1 0.27011494252873564 0.6340057636887608
97 0.00836619999999999 1 1 0.27586206896551724 0.6368876080691642
98 0.00917649999999992 1 1 0.28160919540229884 0.6397694524495677
99 0.007569500000000007 1 1 0.28735632183908044 0.6426512968299711
100 0.01106370000000001 1 1 0.29310344827586204 0.6455331412103746
101 0.0068230000000000235 0 0 0.29310344827586204 0.6455331412103746
102 0.006454699999999924 0 0 0.29310344827586204 0.6455331412103746
103 0.006788300000000191 0 0 0.29310344827586204 0.6455331412103746
104 0.007218600000000075 0 0 0.29310344827586204 0.6455331412103746
105 0.007709399999999977 1 1 0.2988505747126437 0.6484149855907781
106 0.005991700000000044 0 0 0.2988505747126437 0.6484149855907781
107 0.006270400000000009 1 1 0.3045977011494253 0.6512968299711815
108 0.005418499999999993 1 1 0.3103448275862069 0.654178674351585
109 0.006939699999999993 1 1 0.3160919540229885 0.6570605187319885
110 0.005406800000000045 0 0 0.3160919540229885 0.6570605187319885
111 0.007646399999999831 0 0 0.3160919540229885 0.6570605187319885
112 0.005807800000000141 1 1 0.3218390804597701 0.659942363112392
113 0.006522399999999928 1 1 0.3275862068965517 0.6628242074927954
114 0.0057331000000000465 1 1 0.3333333333333333 0.6657060518731989
115 0.00573939999999995 1 1 0.3390804597701149 0.6685878962536023
116 0.005406000000000022 1 1 0.3448275862068966 0.6714697406340058
117 0.005193699999999968 0 0 0.3448275862068966 0.6714697406340058
118 0.00608439999999999 1 1 0.3505747126436782 0.6743515850144092
119 0.005026200000000092 0 0 0.3505747126436782 0.6743515850144092
120 0.006460399999999922 1 1 0.3563218390804598 0.6772334293948127
121 0.005677200000000049 0 0 0.3563218390804598 0.6772334293948127
122 0.007251099999999955 0 0 0.3563218390804598 0.6772334293948127
123 0.006053599999999992 1 1 0.3620689655172414 0.6801152737752162
124 0.007655000000000189 1 1 0.367816091954023 0.6829971181556196
125 0.006223300000000043 0 0 0.367816091954023 0.6829971181556196
126 0.006019600000000125 0 0 0.367816091954023 0.6829971181556196
127 0.006371100000000185 0 0 0.367816091954023 0.6829971181556196
128 0.005893999999999844 0 0 0.367816091954023 0.6829971181556196
129 0.006985200000000136 1 1 0.3735632183908046 0.6858789625360231
130 0.006001499999999993 0 0 0.3735632183908046 0.6858789625360231
131 0.013131499999999852 1 1 0.3793103448275862 0.6887608069164265
132 0.0066374000000000155 1 1 0.3850574712643678 0.69164265129683
133 0.007626600000000039 1 1 0.39080459770114945 0.6945244956772334
134 0.005791199999999996 0 0 0.39080459770114945 0.6945244956772334
135 0.0069717999999998614 0 0 0.39080459770114945 0.6945244956772334
136 0.006337999999999955 0 0 0.39080459770114945 0.6945244956772334
137 0.006218599999999963 0 0 0.39080459770114945 0.6945244956772334
138 0.006334400000000073 1 1 0.39655172413793105 0.6974063400576369
139 0.005587000000000009 1 1 0.40229885057471265 0.7002881844380403
140 0.0064902000000000015 0 0 0.40229885057471265 0.7002881844380403
141 0.005361299999999902 0 0 0.40229885057471265 0.7002881844380403
142 0.007084499999999938 1 1 0.40804597701149425 0.7031700288184438
143 0.006024600000000158 0 0 0.40804597701149425 0.7031700288184438
144 0.005895800000000007 0 0 0.40804597701149425 0.7031700288184438
145 0.006736000000000075 0 0 0.40804597701149425 0.7031700288184438
146 0.005495100000000086 0 0 0.40804597701149425 0.7031700288184438
147 0.008063700000000118 1 1 0.41379310344827586 0.7060518731988472
148 0.0066533999999998095 0 0 0.41379310344827586 0.7060518731988472
149 0.0071326000000000445 0 0 0.41379310344827586 0.7060518731988472
150 0.0072478000000000264 1 1 0.41954022988505746 0.7089337175792507
151 0.005389199999999983 0 0 0.41954022988505746 0.7089337175792507
152 0.006481599999999865 0 0 0.41954022988505746 0.7089337175792507
153 0.0058563000000000365 0 0 0.41954022988505746 0.7089337175792507
154 0.007563399999999998 0 0 0.41954022988505746 0.7089337175792507
155 0.0063181999999999405 1 1 0.42528735632183906 0.7118155619596542
156 0.006224100000000066 1 1 0.43103448275862066 0.7146974063400576
157 0.007704399999999945 1 1 0.4367816091954023 0.7175792507204611
158 0.005741699999999961 0 0 0.4367816091954023 0.7175792507204611
159 0.005868800000000007 1 1 0.4425287356321839 0.7204610951008645
160 0.005571900000000074 0 0 0.4425287356321839 0.7204610951008645
161 0.007764700000000069 1 1 0.4482758620689655 0.723342939481268
162 0.007123799999999791 1 1 0.4540229885057471 0.7262247838616714
163 0.0060947000000000084 0 0 0.4540229885057471 0.7262247838616714
164 0.006443599999999883 0 0 0.4540229885057471 0.7262247838616714
165 0.006441700000000106 0 0 0.4540229885057471 0.7262247838616714
166 0.007309999999999928 1 1 0.45977011494252873 0.729106628242075
167 0.008514999999999828 0 0 0.45977011494252873 0.729106628242075
168 0.00603750000000014 0 0 0.45977011494252873 0.729106628242075
169 0.005800100000000086 1 1 0.46551724137931033 0.7319884726224783
170 0.006917899999999921 0 0 0.46551724137931033 0.7319884726224783
171 0.0073281000000000596 1 1 0.47126436781609193 0.7348703170028819
172 0.00603419999999999 1 1 0.47701149425287354 0.7377521613832853
173 0.006178900000000098 1 1 0.4827586206896552 0.7406340057636888
174 0.005844699999999925 0 0 0.4827586206896552 0.7406340057636888
175 0.005051999999999834 1 1 0.4885057471264368 0.7435158501440923
176 0.005879299999999921 0 0 0.4885057471264368 0.7435158501440923
177 0.006666599999999967 0 0 0.4885057471264368 0.7435158501440923
178 0.00556280000000009 0 0 0.4885057471264368 0.7435158501440923
179 0.006762699999999899 1 1 0.4942528735632184 0.7463976945244957
180 0.0052738999999999425 0 0 0.4942528735632184 0.7463976945244957
181 0.005875700000000039 0 0 0.4942528735632184 0.7463976945244957
182 0.005649999999999933 1 1 0.5 0.7492795389048992
183 0.007005799999999951 0 0 0.5 0.7492795389048992
184 0.00544929999999999 1 1 0.5057471264367817 0.7521613832853026
185 0.00638419999999984 0 0 0.5057471264367817 0.7521613832853026
186 0.005131100000000055 1 1 0.5114942528735632 0.7550432276657061
187 0.005943299999999985 1 1 0.5172413793103449 0.7579250720461095
188 0.007421799999999923 0 0 0.5172413793103449 0.7579250720461095
189 0.005478800000000117 0 0 0.5172413793103449 0.7579250720461095
190 0.00619269999999994 1 1 0.5229885057471264 0.760806916426513
191 0.0073809000000000236 0 0 0.5229885057471264 0.760806916426513
192 0.0066110000000001445 1 1 0.5287356321839081 0.7636887608069164
193 0.007512600000000091 0 0 0.5287356321839081 0.7636887608069164
194 0.0076433000000000195 1 1 0.5344827586206896 0.7665706051873199
195 0.007820600000000066 0 0 0.5344827586206896 0.7665706051873199
196 0.007233299999999998 0 0 0.5344827586206896 0.7665706051873199
197 0.006862900000000005 0 0 0.5344827586206896 0.7665706051873199
198 0.007053600000000104 1 1 0.5402298850574713 0.7694524495677233
199 0.005980099999999933 0 0 0.5402298850574713 0.7694524495677233
200 0.0057499000000000855 0 0 0.5402298850574713 0.7694524495677233
201 0.006882499999999903 1 1 0.5459770114942529 0.7723342939481268
202 0.0057002999999999915 0 0 0.5459770114942529 0.7723342939481268
203 0.0069496 1 1 0.5517241379310345 0.7752161383285303
204 0.005842799999999926 1 1 0.5574712643678161 0.7780979827089337
205 0.006589600000000084 0 0 0.5574712643678161 0.7780979827089337
206 0.010044299999999895 0 0 0.5574712643678161 0.7780979827089337
207 0.008248100000000091 0 0 0.5574712643678161 0.7780979827089337
208 0.0076184999999999725 0 0 0.5574712643678161 0.7780979827089337
209 0.007979699999999923 1 1 0.5632183908045977 0.7809798270893372
210 0.007455500000000059 1 1 0.5689655172413793 0.7838616714697406
211 0.005987600000000093 1 1 0.5747126436781609 0.7867435158501441
212 0.007491399999999926 0 0 0.5747126436781609 0.7867435158501441
213 0.00795849999999998 0 0 0.5747126436781609 0.7867435158501441
214 0.005831799999999943 1 1 0.5804597701149425 0.7896253602305475
215 0.008592600000000061 1 1 0.5862068965517241 0.792507204610951
216 0.006863400000000075 0 0 0.5862068965517241 0.792507204610951
217 0.0070958000000000965 1 1 0.5919540229885057 0.7953890489913544
218 0.006724200000000069 0 0 0.5919540229885057 0.7953890489913544
219 0.005997800000000053 1 1 0.5977011494252874 0.7982708933717579
220 0.00638889999999992 1 1 0.603448275862069 0.8011527377521613
221 0.006962600000000041 1 1 0.6091954022988506 0.8040345821325648
222 0.006802100000000033 1 1 0.6149425287356322 0.8069164265129684
223 0.0071912999999999005 1 1 0.6206896551724138 0.8097982708933718
224 0.00702910000000001 1 1 0.6264367816091954 0.8126801152737753
225 0.00613729999999979 1 1 0.632183908045977 0.8155619596541787
226 0.006471400000000127 1 1 0.6379310344827587 0.8184438040345822
227 0.006576799999999938 1 1 0.6436781609195402 0.8213256484149856
228 0.007447399999999771 0 0 0.6436781609195402 0.8213256484149856
229 0.006477300000000241 0 0 0.6436781609195402 0.8213256484149856
230 0.007063099999999878 0 0 0.6436781609195402 0.8213256484149856
231 0.0071229999999999905 0 0 0.6436781609195402 0.8213256484149856
232 0.006032000000000259 1 1 0.6494252873563219 0.8242074927953891
233 0.008412799999999887 1 1 0.6551724137931034 0.8270893371757925
234 0.007928600000000063 0 0 0.6551724137931034 0.8270893371757925
235 0.005687399999999787 0 0 0.6551724137931034 0.8270893371757925
236 0.009288799999999764 1 1 0.6609195402298851 0.829971181556196
237 0.006632900000000053 1 1 0.6666666666666666 0.8328530259365994
238 0.007109500000000324 1 1 0.6724137931034483 0.8357348703170029
239 0.0072320999999999636 1 1 0.6781609195402298 0.8386167146974063
240 0.006889900000000004 1 1 0.6839080459770115 0.8414985590778098
241 0.00603549999999986 1 1 0.6896551724137931 0.8443804034582133
242 0.006974800000000059 1 1 0.6954022988505747 0.8472622478386167
243 0.006844500000000142 1 1 0.7011494252873564 0.8501440922190202
244 0.009157000000000082 0 0 0.7011494252873564 0.8501440922190202
245 0.007639900000000033 0 0 0.7011494252873564 0.8501440922190202
246 0.007471400000000017 1 1 0.7068965517241379 0.8530259365994236
247 0.011935699999999994 0 0 0.7068965517241379 0.8530259365994236
248 0.00833359999999983 0 0 0.7068965517241379 0.8530259365994236
249 0.008542900000000131 0 0 0.7068965517241379 0.8530259365994236
250 0.009349000000000274 0 0 0.7068965517241379 0.8530259365994236
251 0.009090900000000346 0 0 0.7068965517241379 0.8530259365994236
252 0.0067094000000000875 1 1 0.7126436781609196 0.8559077809798271
253 0.00955970000000006 1 1 0.7183908045977011 0.8587896253602305
254 0.0066843000000003094 0 0 0.7183908045977011 0.8587896253602305
255 0.006535100000000238 1 1 0.7241379310344828 0.861671469740634
256 0.0066539000000003234 0 0 0.7241379310344828 0.861671469740634
257 0.007990699999999684 0 0 0.7241379310344828 0.861671469740634
258 0.008111299999999932 0 0 0.7241379310344828 0.861671469740634
259 0.009420699999999727 1 1 0.7298850574712644 0.8645533141210374
260 0.007492400000000288 1 1 0.735632183908046 0.8674351585014409
261 0.00844990000000001 0 0 0.735632183908046 0.8674351585014409
262 0.006802899999999834 1 1 0.7413793103448276 0.8703170028818443
263 0.007134100000000032 1 1 0.7471264367816092 0.8731988472622478
264 0.0133915 0 0 0.7471264367816092 0.8731988472622478
265 0.007224499999999967 0 0 0.7471264367816092 0.8731988472622478
266 0.0060386999999999524 1 1 0.7528735632183908 0.8760806916426513
267 0.00973360000000012 1 1 0.7586206896551724 0.8789625360230547
268 0.008341699999999896 1 1 0.764367816091954 0.8818443804034583
269 0.007625900000000296 1 1 0.7701149425287356 0.8847262247838616
270 0.006729599999999891 1 1 0.7758620689655172 0.8876080691642652
271 0.009321599999999819 0 0 0.7758620689655172 0.8876080691642652
272 0.007010699999999925 1 1 0.7816091954022989 0.8904899135446686
273 0.007101299999999977 1 1 0.7873563218390804 0.8933717579250721
274 0.009100399999999897 1 1 0.7931034482758621 0.8962536023054755
275 0.007172200000000295 0 0 0.7931034482758621 0.8962536023054755
276 0.006013400000000058 0 0 0.7931034482758621 0.8962536023054755
277 0.009062799999999704 0 0 0.7931034482758621 0.8962536023054755
278 0.0097027999999999 1 1 0.7988505747126436 0.899135446685879
279 0.01019359999999958 1 1 0.8045977011494253 0.9020172910662824
280 0.006693199999999955 0 0 0.8045977011494253 0.9020172910662824
281 0.006408500000000039 1 1 0.8103448275862069 0.9048991354466859
282 0.0080376000000002 1 1 0.8160919540229885 0.9077809798270894
283 0.007341900000000123 0 0 0.8160919540229885 0.9077809798270894
284 0.00829930000000001 1 1 0.8218390804597702 0.9106628242074928
285 0.007401900000000072 1 1 0.8275862068965517 0.9135446685878963
286 0.007915700000000303 1 1 0.8333333333333334 0.9164265129682997
287 0.007262400000000113 0 0 0.8333333333333334 0.9164265129682997
288 0.0071246000000000365 1 1 0.8390804597701149 0.9193083573487032
289 0.006890600000000191 1 1 0.8448275862068966 0.9221902017291066
290 0.009017399999999842 1 1 0.8505747126436781 0.9250720461095101
291 0.008744000000000085 0 0 0.8505747126436781 0.9250720461095101
292 0.007583200000000012 0 0 0.8505747126436781 0.9250720461095101
293 0.008150099999999938 1 1 0.8563218390804598 0.9279538904899135
294 0.007662100000000116 1 1 0.8620689655172413 0.930835734870317
295 0.007315199999999855 1 1 0.867816091954023 0.9337175792507204
296 0.006427800000000428 0 0 0.867816091954023 0.9337175792507204
297 0.007294799999999935 1 1 0.8735632183908046 0.9365994236311239
298 0.008481300000000136 0 0 0.8735632183908046 0.9365994236311239
299 0.006566400000000083 0 0 0.8735632183908046 0.9365994236311239
300 0.009694000000000091 1 1 0.8793103448275862 0.9394812680115274
301 0.009317400000000031 1 1 0.8850574712643678 0.9423631123919308
302 0.008366500000000165 0 0 0.8850574712643678 0.9423631123919308
303 0.007929999999999993 1 1 0.8908045977011494 0.9452449567723343
304 0.009512599999999871 0 0 0.8908045977011494 0.9452449567723343
305 0.011157300000000259 0 0 0.8908045977011494 0.9452449567723343
306 0.008643900000000038 0 0 0.8908045977011494 0.9452449567723343
307 0.010956100000000024 1 1 0.896551724137931 0.9481268011527377
308 0.008352400000000149 0 0 0.896551724137931 0.9481268011527377
309 0.006681200000000054 0 0 0.896551724137931 0.9481268011527377
310 0.007626099999999969 0 0 0.896551724137931 0.9481268011527377
311 0.008789900000000017 0 0 0.896551724137931 0.9481268011527377
312 0.008260799999999957 1 1 0.9022988505747126 0.9510086455331412
313 0.010116899999999873 0 0 0.9022988505747126 0.9510086455331412
314 0.008094499999999893 1 1 0.9080459770114943 0.9538904899135446
315 0.00758049999999999 1 1 0.9137931034482759 0.9567723342939481
316 0.010230799999999984 1 1 0.9195402298850575 0.9596541786743515
317 0.008009500000000003 0 0 0.9195402298850575 0.9596541786743515
318 0.0069024999999998116 0 0 0.9195402298850575 0.9596541786743515
319 0.008428000000000324 1 1 0.9252873563218391 0.962536023054755
320 0.008187200000000061 0 0 0.9252873563218391 0.962536023054755
321 0.0069792999999997996 0 0 0.9252873563218391 0.962536023054755
322 0.007790899999999823 0 0 0.9252873563218391 0.962536023054755
323 0.007795699999999961 0 0 0.9252873563218391 0.962536023054755
324 0.0068414000000003306 0 0 0.9252873563218391 0.962536023054755
325 0.009565999999999963 0 0 0.9252873563218391 0.962536023054755
326 0.010466299999999595 1 1 0.9310344827586207 0.9654178674351584
327 0.01002320000000001 0 0 0.9310344827586207 0.9654178674351584
328 0.0087031999999998 0 0 0.9310344827586207 0.9654178674351584
329 0.006887499999999935 1 1 0.9367816091954023 0.968299711815562
330 0.0078008999999998885 1 1 0.9425287356321839 0.9711815561959655
331 0.00809470000000001 1 1 0.9482758620689655 0.9740634005763689
332 0.0073990000000003775 1 1 0.9540229885057471 0.9769452449567724
333 0.007903199999999888 0 0 0.9540229885057471 0.9769452449567724
334 0.008499700000000221 1 1 0.9597701149425287 0.9798270893371758
335 0.008220700000000303 1 1 0.9655172413793104 0.9827089337175793
336 0.00892140000000019 0 0 0.9655172413793104 0.9827089337175793
337 0.0077560999999999325 0 0 0.9655172413793104 0.9827089337175793
338 0.007757400000000025 0 0 0.9655172413793104 0.9827089337175793
339 0.006662299999999899 0 0 0.9655172413793104 0.9827089337175793
340 0.007306400000000046 0 0 0.9655172413793104 0.9827089337175793
341 0.008250499999999938 0 0 0.9655172413793104 0.9827089337175793
342 0.009127499999999955 0 0 0.9655172413793104 0.9827089337175793
343 0.0067142000000002255 0 0 0.9655172413793104 0.9827089337175793
344 0.00888560000000016 0 0 0.9655172413793104 0.9827089337175793
345 0.009834600000000027 1 1 0.9712643678160919 0.9855907780979827
346 0.0071246000000000365 1 1 0.9770114942528736 0.9884726224783862
347 0.009044900000000133 1 1 0.9827586206896551 0.9913544668587896
348 0.007652000000000214 0 0 0.9827586206896551 0.9913544668587896
349 0.007289100000000381 0 0 0.9827586206896551 0.9913544668587896
350 0.007360400000000045 1 1 0.9885057471264368 0.9942363112391931
351 0.007530100000000317 1 1 0.9942528735632183 0.9971181556195965
352 0.00906640000000003 1 1 1.0 1.0
