120 0.9 1.0
1 0.0025935000000000263 1 0 0.008403361344537815 0.5021097046413502
2 0.00258170000000002 1 1 0.01680672268907563 0.5063291139240507
3 0.002551799999999993 1 1 0.025210084033613446 0.510548523206751
4 0.0026006000000000085 1 1 0.03361344537815126 0.5147679324894515
5 0.002585999999999977 0 0 0.03361344537815126 0.5147679324894515
6 0.002889699999999995 1 1 0.04201680672268908 0.5189873417721519
7 0.002717999999999998 1 1 0.05042016806722689 0.5232067510548524
8 0.002983400000000025 1 1 0.058823529411764705 0.5274261603375527
9 0.0026095999999999897 1 1 0.06722689075630252 0.5316455696202531
10 0.0024551999999999907 1 1 0.07563025210084033 0.5358649789029536
11 0.002688999999999997 1 1 0.08403361344537816 0.540084388185654
12 0.0026569000000000176 1 1 0.09243697478991597 0.5443037974683544
13 0.0025792000000000037 1 1 0.10084033613445378 0.5485232067510548
14 0.002781099999999981 1 1 0.1092436974789916 0.5527426160337553
15 0.0027710000000000234 1 1 0.11764705882352941 0.5569620253164557
16 0.002860699999999994 1 1 0.12605042016806722 0.5611814345991561
17 0.002809600000000023 1 1 0.13445378151260504 0.5654008438818565
18 0.0028480999999999645 1 1 0.14285714285714285 0.569620253164557
19 0.002559099999999981 1 1 0.15126050420168066 0.5738396624472574
20 0.0038182999999999967 0 0 0.15126050420168066 0.5738396624472574
21 0.003713600000000039 1 1 0.15966386554621848 0.5780590717299579
22 0.003830200000000006 1 1 0.16806722689075632 0.5822784810126582
23 0.0038750000000000173 0 0 0.16806722689075632 0.5822784810126582
24 0.0036015999999999826 1 1 0.17647058823529413 0.5864978902953587
25 0.0030395999999999757 1 1 0.18487394957983194 0.5907172995780591
26 0.002931000000000017 1 1 0.19327731092436976 0.5949367088607594
27 0.0029197999999999724 1 1 0.20168067226890757 0.5991561181434599
28 0.0030040000000000067 1 1 0.21008403361344538 0.6033755274261603
29 0.002914899999999998 0 0 0.21008403361344538 0.6033755274261603
30 0.003898699999999977 1 1 0.2184873949579832 0.6075949367088608
31 0.00392880000000001 1 1 0.226890756302521 0.6118143459915611
32 0.003790899999999986 1 1 0.23529411764705882 0.6160337552742616
33 0.0029083000000000303 0 0 0.23529411764705882 0.6160337552742616
34 0.002841499999999997 0 0 0.23529411764705882 0.6160337552742616
35 0.00292250000000005 1 1 0.24369747899159663 0.620253164556962
36 0.003005599999999997 0 0 0.24369747899159663 0.620253164556962
37 0.002928800000000009 1 1 0.25210084033613445 0.6244725738396625
38 0.0029407999999999657 1 1 0.2605042016806723 0.6286919831223629
39 0.0029233000000000176 1 1 0.2689075630252101 0.6329113924050633
40 0.0028608999999999996 1 1 0.2773109243697479 0.6371308016877637
41 0.0032100999999999935 1 1 0.2857142857142857 0.6413502109704642
42 0.0031535999999999786 1 1 0.29411764705882354 0.6455696202531646
43 0.003261199999999964 1 1 0.3025210084033613 0.6497890295358649
44 0.0033545999999999854 1 1 0.31092436974789917 0.6540084388185654
45 0.003015600000000007 1 1 0.31932773109243695 0.6582278481012658
46 0.0031545000000000045 1 1 0.3277310924369748 0.6624472573839663
47 0.0031467000000000023 1 1 0.33613445378151263 0.6666666666666666
48 0.003387299999999982 1 1 0.3445378151260504 0.6708860759493671
49 0.0033310999999999757 1 1 0.35294117647058826 0.6751054852320675
50 0.003329300000000035 1 1 0.36134453781512604 0.679324894514768
51 0.0031294000000000044 1 1 0.3697478991596639 0.6835443037974683
52 0.00324770000000002 1 1 0.37815126050420167 0.6877637130801688
53 0.0032494999999999608 1 1 0.3865546218487395 0.6919831223628692
54 0.0034896999999999845 0 0 0.3865546218487395 0.6919831223628692
55 0.0032980999999999705 1 1 0.3949579831932773 0.6962025316455697
56 0.003352400000000033 1 1 0.40336134453781514 0.70042194092827
57 0.0032512000000000096 0 0 0.40336134453781514 0.70042194092827
58 0.003278900000000029 1 1 0.4117647058823529 0.7046413502109705
59 0.0033064000000000426 1 1 0.42016806722689076 0.7088607594936709
60 0.0031719000000000053 1 1 0.42857142857142855 0.7130801687763713
61 0.0034553999999999974 1 1 0.4369747899159664 0.7172995780590717
62 0.0033470999999999917 1 1 0.44537815126050423 0.7215189873417721
63 0.003423400000000021 1 1 0.453781512605042 0.7257383966244726
64 0.003486900000000015 1 1 0.46218487394957986 0.729957805907173
65 0.003733900000000012 1 1 0.47058823529411764 0.7341772151898734
66 0.0034935999999999856 0 0 0.47058823529411764 0.7341772151898734
67 0.003765200000000024 1 1 0.4789915966386555 0.7383966244725738
68 0.0036055999999999866 1 1 0.48739495798319327 0.7426160337552743
69 0.003626299999999971 0 0 0.48739495798319327 0.7426160337552743
70 0.0035725999999999813 1 1 0.4957983193277311 0.7468354430379747
71 0.0036021000000000525 1 1 0.5042016806722689 0.7510548523206751
72 0.003534499999999996 1 1 0.5126050420168067 0.7552742616033755
73 0.0037307000000000867 1 1 0.5210084033613446 0.759493670886076
74 0.003738200000000025 0 0 0.5210084033613446 0.759493670886076
75 0.0035336000000000256 1 1 0.5294117647058824 0.7637130801687764
76 0.0035536000000000456 1 1 0.5378151260504201 0.7679324894514767
77 0.0035346000000000544 0 0 0.5378151260504201 0.7679324894514767
78 0.0034942999999999502 1 1 0.5462184873949579 0.7721518987341772
79 0.003606800000000021 1 1 0.5546218487394958 0.7763713080168776
80 0.003611299999999984 1 1 0.5630252100840336 0.7805907172995781
81 0.00386949999999997 1 1 0.5714285714285714 0.7848101265822784
82 0.003660600000000014 1 1 0.5798319327731093 0.7890295358649789
83 0.003716900000000023 1 1 0.5882352941176471 0.7932489451476793
84 0.003713699999999931 1 1 0.5966386554621849 0.7974683544303798
85 0.0036642000000000063 1 1 0.6050420168067226 0.8016877637130801
86 0.0036591999999999736 0 0 0.6050420168067226 0.8016877637130801
87 0.0038828999999999114 1 1 0.6134453781512605 0.8059071729957806
88 0.0037613000000000785 0 0 0.6134453781512605 0.8059071729957806
89 0.003997299999999981 1 1 0.6218487394957983 0.810126582278481
90 0.0037116999999999845 1 1 0.6302521008403361 0.8143459915611815
91 0.003753499999999965 1 1 0.6386554621848739 0.8185654008438819
92 0.003611299999999984 1 1 0.6470588235294118 0.8227848101265823
93 0.00424469999999999 1 1 0.6554621848739496 0.8270042194092827
94 0.0039034999999999487 1 1 0.6638655462184874 0.8312236286919831
95 0.004071500000000006 1 1 0.6722689075630253 0.8354430379746836
96 0.004129099999999997 1 1 0.680672268907563 0.8396624472573839
97 0.00415169999999998 1 1 0.6890756302521008 0.8438818565400844
98 0.003985200000000022 1 1 0.6974789915966386 0.8481012658227848
99 0.004098099999999993 1 1 0.7058823529411765 0.8523206751054853
100 0.003807000000000005 0 0 0.7058823529411765 0.8523206751054853
101 0.004019400000000006 1 1 0.7142857142857143 0.8565400843881856
102 0.003725700000000054 1 1 0.7226890756302521 0.8607594936708861
103 0.004327699999999934 1 1 0.7310924369747899 0.8649789029535865
104 0.004325200000000029 1 1 0.7394957983193278 0.869198312236287
105 0.004284900000000036 0 0 0.7394957983193278 0.869198312236287
106 0.004614099999999954 1 1 0.7478991596638656 0.8734177215189873
107 0.00437719999999997 1 1 0.7563025210084033 0.8776371308016878
108 0.004240400000000033 1 1 0.7647058823529411 0.8818565400843882
109 0.00418609999999997 1 1 0.773109243697479 0.8860759493670886
110 0.0039021000000000194 1 1 0.7815126050420168 0.890295358649789
111 0.004013699999999898 0 0 0.7815126050420168 0.890295358649789
112 0.004087900000000033 1 1 0.7899159663865546 0.8945147679324894
113 0.00418060000000009 1 1 0.7983193277310925 0.8987341772151899
114 0.006257200000000074 1 1 0.8067226890756303 0.9029535864978903
115 0.0058589 1 1 0.8151260504201681 0.9071729957805907
116 0.007655700000000043 1 1 0.8235294117647058 0.9113924050632911
117 0.004439799999999994 0 0 0.8235294117647058 0.9113924050632911
118 0.004238599999999981 1 1 0.8319327731092437 0.9156118143459916
119 0.004253700000000027 1 1 0.8403361344537815 0.919831223628692
120 0.004262900000000069 1 1 0.8487394957983193 0.9240506329113924
121 0.004344600000000032 1 1 0.8571428571428571 0.9282700421940928
122 0.004245900000000025 1 1 0.865546218487395 0.9324894514767933
123 0.00440930000000006 1 1 0.8739495798319328 0.9367088607594937
124 0.004445400000000044 1 1 0.8823529411764706 0.9409282700421941
125 0.004346799999999984 1 1 0.8907563025210085 0.9451476793248945
126 0.004370300000000049 1 1 0.8991596638655462 0.9493670886075949
127 0.004325100000000082 1 1 0.907563025210084 0.9535864978902954
128 0.004421699999999973 1 1 0.9159663865546218 0.9578059071729957
129 0.004414800000000052 1 1 0.9243697478991597 0.9620253164556962
130 0.00470169999999992 1 1 0.9327731092436975 0.9662447257383966
131 0.004481800000000091 1 1 0.9411764705882353 0.9704641350210971
132 0.0044551999999999925 1 1 0.9495798319327731 0.9746835443037974
133 0.004455600000000004 1 1 0.957983193277311 0.9789029535864979
134 0.004543699999999928 0 0 0.957983193277311 0.9789029535864979
135 0.004481700000000033 1 1 0.9663865546218487 0.9831223628691983
136 0.004656199999999999 1 1 0.9747899159663865 0.9873417721518988
137 0.004718699999999965 1 1 0.9831932773109243 0.9915611814345991
138 0.004638200000000037 0 0 0.9831932773109243 0.9915611814345991
139 0.004749899999999974 1 1 0.9915966386554622 0.9957805907172996
140 0.0047000000000000375 1 1 1.0 1.0
