40 0.7 0.6
1 0.0007851000000000108 0 0 0.0 0.5064935064935064
2 0.0008096999999999965 1 0 0.02564102564102564 0.5064935064935064
3 0.0009400999999999993 1 1 0.05128205128205128 0.5194805194805194
4 0.0010385000000000255 1 1 0.07692307692307693 0.5324675324675324
5 0.0010795999999999861 1 1 0.10256410256410256 0.5454545454545454
6 0.0011231999999999909 1 1 0.1282051282051282 0.5584415584415584
7 0.0009055000000000035 1 1 0.15384615384615385 0.5714285714285714
8 0.0009027999999999814 1 0 0.1794871794871795 0.5714285714285714
9 0.0009797 1 2 0.20512820512820512 0.5974025974025974
10 0.0008786000000000072 0 0 0.20512820512820512 0.5974025974025974
11 0.0009105000000000085 1 1 0.23076923076923078 0.6103896103896104
12 0.0009204999999999908 0 0 0.23076923076923078 0.6103896103896104
13 0.0008849999999999969 1 1 0.2564102564102564 0.6233766233766234
14 0.00136219999999998 1 1 0.28205128205128205 0.6363636363636364
15 0.001531699999999997 0 0 0.28205128205128205 0.6363636363636364
16 0.0011992000000000114 1 1 0.3076923076923077 0.6493506493506493
17 0.0009230999999999823 1 0 0.3333333333333333 0.6493506493506493
18 0.0012312999999999907 1 2 0.358974358974359 0.6753246753246753
19 0.0017912999999999957 0 0 0.358974358974359 0.6753246753246753
20 0.001887799999999995 1 0 0.38461538461538464 0.6753246753246753
21 0.0010778000000000176 0 0 0.38461538461538464 0.6753246753246753
22 0.000950499999999993 1 1 0.41025641025641024 0.6883116883116883
23 0.0009616000000000069 0 0 0.41025641025641024 0.6883116883116883
24 0.0021021999999999985 1 1 0.4358974358974359 0.7012987012987013
25 0.0010420000000000151 1 1 0.46153846153846156 0.7142857142857143
26 0.0010750999999999955 1 0 0.48717948717948717 0.7142857142857143
27 0.0011114999999999875 1 0 0.5128205128205128 0.7142857142857143
28 0.0018713999999999953 0 1 0.5128205128205128 0.7272727272727273
29 0.0014015 0 0 0.5128205128205128 0.7272727272727273
30 0.0013311000000000017 1 0 0.5384615384615384 0.7272727272727273
31 0.0011358999999999952 1 2 0.5641025641025641 0.7532467532467533
32 0.0009986999999999913 0 0 0.5641025641025641 0.7532467532467533
33 0.0019839999999999858 1 2 0.5897435897435898 0.7792207792207793
34 0.0011748999999999787 1 0 0.6153846153846154 0.7792207792207793
35 0.0011521999999999921 0 2 0.6153846153846154 0.8051948051948052
36 0.0011314000000000046 1 1 0.6410256410256411 0.8181818181818182
37 0.0011318000000000161 1 1 0.6666666666666666 0.8311688311688312
38 0.0015349000000000057 1 0 0.6923076923076923 0.8311688311688312
39 0.0012629999999999586 1 1 0.717948717948718 0.8441558441558441
40 0.0012373999999999996 1 2 0.7435897435897436 0.8701298701298701
41 0.0014256999999999742 0 0 0.7435897435897436 0.8701298701298701
42 0.0014512999999999887 1 1 0.7692307692307693 0.8831168831168831
43 0.0019645000000000357 1 0 0.7948717948717948 0.8831168831168831
44 0.0021034999999999804 1 2 0.8205128205128205 0.9090909090909091
45 0.0025480999999999976 1 0 0.8461538461538461 0.9090909090909091
46 0.0012464000000000364 1 2 0.8717948717948718 0.935064935064935
47 0.00132270000000001 1 1 0.8974358974358975 0.948051948051948
48 0.0012749000000000232 1 0 0.9230769230769231 0.948051948051948
49 0.0022217000000000486 1 1 0.9487179487179487 0.961038961038961
50 0.0017387999999999848 1 1 0.9743589743589743 0.974025974025974
51 0.0015136000000000038 1 1 1.0 0.987012987012987
52 0.002272900000000022 0 0 1.0 0.987012987012987
53 0.0014144000000000378 0 0 1.0 0.987012987012987
54 0.0015221000000000262 0 1 1.0 1.0
