170 0.9 1.0
1 0.003498900000000027 1 0 0.005917159763313609 0.5014836795252225
2 0.0033574000000000104 1 1 0.011834319526627219 0.5044510385756676
3 0.0037426999999999877 1 1 0.01775147928994083 0.5074183976261127
4 0.007672299999999965 1 1 0.023668639053254437 0.5103857566765578
5 0.003833199999999981 1 1 0.029585798816568046 0.5133531157270029
6 0.003800199999999976 1 1 0.03550295857988166 0.516320474777448
7 0.003852100000000025 1 1 0.04142011834319527 0.5192878338278932
8 0.0038404000000000216 1 1 0.047337278106508875 0.5222551928783383
9 0.003840299999999963 0 0 0.047337278106508875 0.5222551928783383
10 0.0038892999999999844 1 1 0.05325443786982249 0.5252225519287834
11 0.003603399999999979 1 1 0.05917159763313609 0.5281899109792285
12 0.003843199999999991 1 1 0.0650887573964497 0.5311572700296736
13 0.0035026999999999697 1 1 0.07100591715976332 0.5341246290801187
14 0.003968000000000027 1 1 0.07692307692307693 0.5370919881305638
15 0.0035543000000000102 1 1 0.08284023668639054 0.5400593471810089
16 0.0035744999999999805 1 1 0.08875739644970414 0.543026706231454
17 0.0035813000000000095 0 0 0.08875739644970414 0.543026706231454
18 0.003554999999999975 0 0 0.08875739644970414 0.543026706231454
19 0.003969400000000012 1 1 0.09467455621301775 0.5459940652818991
20 0.0036820000000000186 1 1 0.10059171597633136 0.5489614243323442
21 0.0037791999999999826 1 1 0.10650887573964497 0.5519287833827893
22 0.003663200000000033 1 1 0.11242603550295859 0.5548961424332344
23 0.003790400000000027 1 1 0.11834319526627218 0.5578635014836796
24 0.003744599999999987 1 1 0.1242603550295858 0.5608308605341247
25 0.003699500000000022 0 0 0.1242603550295858 0.5608308605341247
26 0.0036957999999999713 1 1 0.1301775147928994 0.5637982195845698
27 0.0037588000000000066 1 1 0.13609467455621302 0.5667655786350149
28 0.0036800000000000166 1 1 0.14201183431952663 0.56973293768546
29 0.0039164999999999894 1 1 0.14792899408284024 0.5727002967359051
30 0.003939299999999979 1 1 0.15384615384615385 0.5756676557863502
31 0.0037993000000000055 1 1 0.15976331360946747 0.5786350148367952
32 0.00411200000000006 1 1 0.16568047337278108 0.5816023738872403
33 0.004183899999999907 0 0 0.16568047337278108 0.5816023738872403
34 0.0038946000000000813 1 1 0.17159763313609466 0.5845697329376854
35 0.004392199999999957 1 1 0.17751479289940827 0.5875370919881305
36 0.004002700000000026 1 1 0.1834319526627219 0.5905044510385756
37 0.0039773000000000724 1 1 0.1893491124260355 0.5934718100890207
38 0.0038412999999999364 0 0 0.1893491124260355 0.5934718100890207
39 0.0038676999999999184 1 1 0.1952662721893491 0.5964391691394659
40 0.003945700000000052 1 1 0.20118343195266272 0.599406528189911
41 0.003881499999999982 1 1 0.20710059171597633 0.6023738872403561
42 0.005999399999999988 1 1 0.21301775147928995 0.6053412462908012
43 0.0053914999999999935 1 1 0.21893491124260356 0.6083086053412463
44 0.004049799999999992 1 1 0.22485207100591717 0.6112759643916914
45 0.004184899999999936 1 1 0.23076923076923078 0.6142433234421365
46 0.004484600000000061 1 1 0.23668639053254437 0.6172106824925816
47 0.004018799999999989 1 1 0.24260355029585798 0.6201780415430267
48 0.004193499999999961 1 1 0.2485207100591716 0.6231454005934718
49 0.004278099999999951 1 1 0.25443786982248523 0.6261127596439169
50 0.00430839999999999 1 1 0.2603550295857988 0.629080118694362
51 0.00424749999999996 1 1 0.26627218934911245 0.6320474777448071
52 0.004091499999999915 1 1 0.27218934911242604 0.6350148367952523
53 0.004348399999999919 1 1 0.2781065088757396 0.6379821958456974
54 0.004242300000000032 1 1 0.28402366863905326 0.6409495548961425
55 0.004676700000000089 1 1 0.28994082840236685 0.6439169139465876
56 0.004249100000000006 1 1 0.2958579881656805 0.6468842729970327
57 0.004613300000000042 1 1 0.30177514792899407 0.6498516320474778
58 0.004263400000000028 0 0 0.30177514792899407 0.6498516320474778
59 0.0044055999999998985 1 1 0.3076923076923077 0.6528189910979229
60 0.0041519999999999335 1 1 0.3136094674556213 0.655786350148368
61 0.00425909999999996 1 1 0.31952662721893493 0.658753709198813
62 0.004214700000000016 1 1 0.3254437869822485 0.6617210682492581
63 0.00436700000000001 1 1 0.33136094674556216 0.6646884272997032
64 0.004474100000000036 1 1 0.33727810650887574 0.6676557863501483
65 0.004571400000000003 1 1 0.3431952662721893 0.6706231454005934
66 0.004538099999999989 1 1 0.34911242603550297 0.6735905044510386
67 0.004388999999999976 1 1 0.35502958579881655 0.6765578635014837
68 0.004889700000000108 1 1 0.3609467455621302 0.6795252225519288
69 0.004294599999999926 1 1 0.3668639053254438 0.6824925816023739
70 0.004355100000000056 1 1 0.3727810650887574 0.685459940652819
71 0.0045888000000000595 1 1 0.378698224852071 0.6884272997032641
72 0.004718600000000017 1 1 0.38461538461538464 0.6913946587537092
73 0.004439299999999924 1 1 0.3905325443786982 0.6943620178041543
74 0.0044135999999999065 1 1 0.39644970414201186 0.6973293768545994
75 0.0045448000000000155 1 1 0.40236686390532544 0.7002967359050445
76 0.004982599999999948 1 1 0.40828402366863903 0.7032640949554896
77 0.004431399999999974 1 1 0.41420118343195267 0.7062314540059347
78 0.004541000000000017 1 1 0.42011834319526625 0.7091988130563798
79 0.004717700000000047 1 1 0.4260355029585799 0.712166172106825
80 0.004571899999999962 1 1 0.4319526627218935 0.7151335311572701
81 0.004648100000000044 1 1 0.4378698224852071 0.7181008902077152
82 0.004772899999999969 1 1 0.4437869822485207 0.7210682492581603
83 0.004549899999999996 1 1 0.44970414201183434 0.7240356083086054
84 0.004467600000000016 1 1 0.4556213017751479 0.7270029673590505
85 0.004641699999999971 1 1 0.46153846153846156 0.7299703264094956
86 0.004917100000000008 1 1 0.46745562130177515 0.7329376854599406
87 0.004597200000000079 1 1 0.47337278106508873 0.7359050445103857
88 0.004749399999999904 1 1 0.47928994082840237 0.7388724035608308
89 0.00483979999999995 0 0 0.47928994082840237 0.7388724035608308
90 0.004674799999999979 1 1 0.48520710059171596 0.7418397626112759
91 0.004625400000000002 1 1 0.4911242603550296 0.744807121661721
92 0.00471239999999995 1 1 0.4970414201183432 0.7477744807121661
93 0.005015600000000009 1 1 0.5029585798816568 0.7507418397626113
94 0.005471000000000004 1 1 0.5088757396449705 0.7537091988130564
95 0.0047480000000000855 1 1 0.514792899408284 0.7566765578635015
96 0.005183999999999966 1 1 0.5207100591715976 0.7596439169139466
97 0.005137200000000064 1 1 0.5266272189349113 0.7626112759643917
98 0.005194000000000032 1 1 0.5325443786982249 0.7655786350148368
99 0.004776500000000072 1 1 0.5384615384615384 0.7685459940652819
100 0.004802799999999996 1 1 0.5443786982248521 0.771513353115727
101 0.004834899999999975 0 0 0.5443786982248521 0.771513353115727
102 0.004848100000000022 1 1 0.5502958579881657 0.7744807121661721
103 0.0054290999999999645 1 1 0.5562130177514792 0.7774480712166172
104 0.004826100000000055 1 1 0.5621301775147929 0.7804154302670623
105 0.004858299999999982 1 1 0.5680473372781065 0.7833827893175074
106 0.005094199999999938 1 1 0.5739644970414202 0.7863501483679525
107 0.004918100000000036 1 1 0.5798816568047337 0.7893175074183977
108 0.0049183999999999894 1 1 0.5857988165680473 0.7922848664688428
109 0.005410200000000032 1 1 0.591715976331361 0.7952522255192879
110 0.005669299999999988 1 1 0.5976331360946746 0.798219584569733
111 0.005134199999999978 1 1 0.6035502958579881 0.8011869436201781
112 0.00499739999999993 1 1 0.6094674556213018 0.8041543026706232
113 0.00494299999999992 1 1 0.6153846153846154 0.8071216617210683
114 0.0056619000000001085 0 0 0.6153846153846154 0.8071216617210683
115 0.00515729999999992 1 1 0.621301775147929 0.8100890207715133
116 0.005005000000000037 1 1 0.6272189349112426 0.8130563798219584
117 0.007495099999999977 1 1 0.6331360946745562 0.8160237388724035
118 0.00740940000000001 1 1 0.6390532544378699 0.8189910979228486
119 0.007486400000000004 1 1 0.6449704142011834 0.8219584569732937
120 0.007562699999999922 1 1 0.650887573964497 0.8249258160237388
121 0.007487600000000039 1 1 0.6568047337278107 0.827893175074184
122 0.005307900000000032 0 0 0.6568047337278107 0.827893175074184
123 0.0053426999999999225 1 1 0.6627218934911243 0.8308605341246291
124 0.005272500000000013 1 1 0.6686390532544378 0.8338278931750742
125 0.005265599999999981 1 1 0.6745562130177515 0.8367952522255193
126 0.005140799999999945 1 1 0.6804733727810651 0.8397626112759644
127 0.005166899999999974 1 1 0.6863905325443787 0.8427299703264095
128 0.005105700000000102 1 1 0.6923076923076923 0.8456973293768546
129 0.005389199999999983 1 1 0.6982248520710059 0.8486646884272997
130 0.005294300000000085 0 0 0.6982248520710059 0.8486646884272997
131 0.005283999999999844 1 1 0.7041420118343196 0.8516320474777448
132 0.005952699999999922 1 1 0.7100591715976331 0.8545994065281899
133 0.005958599999999814 1 1 0.7159763313609467 0.857566765578635
134 0.0052843000000000195 1 1 0.7218934911242604 0.8605341246290801
135 0.005404100000000023 1 1 0.727810650887574 0.8635014836795252
136 0.005391300000000099 1 1 0.7337278106508875 0.8664688427299704
137 0.009106700000000023 1 1 0.7396449704142012 0.8694362017804155
138 0.005454599999999976 1 1 0.7455621301775148 0.8724035608308606
139 0.005542399999999947 0 0 0.7455621301775148 0.8724035608308606
140 0.0056538999999999895 1 1 0.7514792899408284 0.8753709198813057
141 0.005782900000000035 1 1 0.757396449704142 0.8783382789317508
142 0.006016500000000091 1 1 0.7633136094674556 0.8813056379821959
143 0.0059149999999998926 1 1 0.7692307692307693 0.884272997032641
144 0.005502299999999849 1 1 0.7751479289940828 0.887240356083086
145 0.0054058999999999635 1 1 0.7810650887573964 0.8902077151335311
146 0.005526399999999931 1 1 0.7869822485207101 0.8931750741839762
147 0.0057490999999998404 0 0 0.7869822485207101 0.8931750741839762
148 0.005453300000000105 1 1 0.7928994082840237 0.8961424332344213
149 0.005748800000000109 1 1 0.7988165680473372 0.8991097922848664
150 0.005721599999999993 1 1 0.8047337278106509 0.9020771513353115
151 0.005836399999999964 1 1 0.8106508875739645 0.9050445103857567
152 0.005840500000000137 1 1 0.8165680473372781 0.9080118694362018
153 0.005839599999999834 1 1 0.8224852071005917 0.9109792284866469
154 0.005860099999999813 1 1 0.8284023668639053 0.913946587537092
155 0.0057171000000000305 1 1 0.834319526627219 0.9169139465875371
156 0.005840900000000149 1 1 0.8402366863905325 0.9198813056379822
157 0.006094800000000067 1 1 0.8461538461538461 0.9228486646884273
158 0.0057898999999999035 1 1 0.8520710059171598 0.9258160237388724
159 0.006347899999999962 1 1 0.8579881656804734 0.9287833827893175
160 0.005622999999999934 1 1 0.863905325443787 0.9317507418397626
161 0.006564000000000014 1 1 0.8698224852071006 0.9347181008902077
162 0.005799700000000074 1 1 0.8757396449704142 0.9376854599406528
163 0.006248400000000043 0 0 0.8757396449704142 0.9376854599406528
164 0.00594629999999996 1 1 0.8816568047337278 0.9406528189910979
165 0.005899700000000063 1 1 0.8875739644970414 0.9436201780415431
166 0.005680699999999872 0 0 0.8875739644970414 0.9436201780415431
167 0.006033600000000083 1 1 0.893491124260355 0.9465875370919882
168 0.006476299999999879 1 1 0.8994082840236687 0.9495548961424333
169 0.006039900000000209 1 1 0.9053254437869822 0.9525222551928784
170 0.005978499999999887 1 1 0.9112426035502958 0.9554896142433235
171 0.006145899999999926 0 0 0.9112426035502958 0.9554896142433235
172 0.006397299999999939 1 1 0.9171597633136095 0.9584569732937686
173 0.006081499999999851 1 1 0.9230769230769231 0.9614243323442137
174 0.006405800000000017 1 1 0.9289940828402367 0.9643916913946587
175 0.006066399999999916 1 1 0.9349112426035503 0.9673590504451038
176 0.005875800000000098 1 1 0.9408284023668639 0.9703264094955489
177 0.006008500000000083 1 1 0.9467455621301775 0.973293768545994
178 0.0059195000000000775 1 1 0.9526627218934911 0.9762611275964391
179 0.006145000000000067 1 1 0.9585798816568047 0.9792284866468842
180 0.005922100000000041 0 0 0.9585798816568047 0.9792284866468842
181 0.006404499999999924 1 1 0.9644970414201184 0.9821958456973294
182 0.006048999999999971 1 1 0.9704142011834319 0.9851632047477745
183 0.006075300000000006 1 1 0.9763313609467456 0.9881305637982196
184 0.006034300000000048 1 1 0.9822485207100592 0.9910979228486647
185 0.006198900000000007 1 1 0.9881656804733728 0.9940652818991098
186 0.006613099999999816 1 1 0.9940828402366864 0.9970326409495549
187 0.006691099999999839 1 1 1.0 1.0
