100 0.4 0.8
1 0.002073500000000006 1 0 0.010101010101010102 0.5025380710659898
2 0.0018970000000000098 0 0 0.010101010101010102 0.5025380710659898
3 0.0019126000000000143 1 1 0.020202020202020204 0.5076142131979695
4 0.001918000000000003 0 0 0.020202020202020204 0.5076142131979695
5 0.001988600000000007 1 0 0.030303030303030304 0.5076142131979695
6 0.0019692000000000043 1 1 0.04040404040404041 0.5126903553299492
7 0.0020555999999999908 0 0 0.04040404040404041 0.5126903553299492
8 0.0022404000000000035 0 0 0.04040404040404041 0.5126903553299492
9 0.0020468999999999904 1 1 0.050505050505050504 0.5177664974619289
10 0.0019985999999999893 0 1 0.050505050505050504 0.5228426395939086
11 0.0019540999999999864 0 0 0.050505050505050504 0.5228426395939086
12 0.0019990000000000008 0 0 0.050505050505050504 0.5228426395939086
13 0.0020625999999999978 0 0 0.050505050505050504 0.5228426395939086
14 0.001987700000000009 0 0 0.050505050505050504 0.5228426395939086
15 0.001957399999999998 0 0 0.050505050505050504 0.5228426395939086
16 0.0021195999999999993 1 0 0.06060606060606061 0.5228426395939086
17 0.0019934999999999814 0 0 0.06060606060606061 0.5228426395939086
18 0.0019622999999999724 0 0 0.06060606060606061 0.5228426395939086
19 0.0020628999999999786 1 2 0.0707070707070707 0.5329949238578681
20 0.0019854999999999734 0 0 0.0707070707070707 0.5329949238578681
21 0.0021101000000000036 0 0 0.0707070707070707 0.5329949238578681
22 0.0021477999999999775 1 1 0.08080808080808081 0.5380710659898477
23 0.0022083999999999993 0 0 0.08080808080808081 0.5380710659898477
24 0.0024372999999999756 1 1 0.09090909090909091 0.5431472081218274
25 0.0020285999999999915 0 0 0.09090909090909091 0.5431472081218274
26 0.0021961999999999815 1 1 0.10101010101010101 0.5482233502538071
27 0.0020809999999999995 1 0 0.1111111111111111 0.5482233502538071
28 0.0022069000000000116 1 1 0.12121212121212122 0.5532994923857868
29 0.0022135999999999822 1 2 0.13131313131313133 0.5634517766497462
30 0.0020203999999999778 0 0 0.13131313131313133 0.5634517766497462
31 0.002232999999999985 1 0 0.1414141414141414 0.5634517766497462
32 0.0019504000000000188 0 1 0.1414141414141414 0.5685279187817259
33 0.0021295000000000064 0 0 0.1414141414141414 0.5685279187817259
34 0.002113099999999979 1 1 0.15151515151515152 0.5736040609137056
35 0.0020358999999999794 0 0 0.15151515151515152 0.5736040609137056
36 0.002055399999999985 0 0 0.15151515151515152 0.5736040609137056
37 0.0023170000000000135 1 1 0.16161616161616163 0.5786802030456852
38 0.002228099999999955 0 0 0.16161616161616163 0.5786802030456852
39 0.0020825000000000427 0 0 0.16161616161616163 0.5786802030456852
40 0.002157299999999973 1 1 0.1717171717171717 0.583756345177665
41 0.002159000000000022 0 0 0.1717171717171717 0.583756345177665
42 0.0022678999999999894 0 0 0.1717171717171717 0.583756345177665
43 0.0022284000000000193 0 0 0.1717171717171717 0.583756345177665
44 0.0027396000000000087 1 1 0.18181818181818182 0.5888324873096447
45 0.0023676000000000252 1 1 0.1919191919191919 0.5939086294416244
46 0.00224580000000002 1 1 0.20202020202020202 0.5989847715736041
47 0.0027057999999999804 1 1 0.21212121212121213 0.6040609137055838
48 0.0021301000000000236 1 0 0.2222222222222222 0.6040609137055838
49 0.0023639999999999772 0 1 0.2222222222222222 0.6091370558375635
50 0.00230090000000005 0 0 0.2222222222222222 0.6091370558375635
51 0.002274100000000001 0 0 0.2222222222222222 0.6091370558375635
52 0.002688999999999997 0 0 0.2222222222222222 0.6091370558375635
53 0.0023152000000000172 0 0 0.2222222222222222 0.6091370558375635
54 0.002231700000000003 1 1 0.23232323232323232 0.6142131979695431
55 0.002639300000000011 1 1 0.24242424242424243 0.6192893401015228
56 0.0021858000000000155 0 0 0.24242424242424243 0.6192893401015228
57 0.0023652000000000117 1 1 0.25252525252525254 0.6243654822335025
58 0.00221579999999999 0 0 0.25252525252525254 0.6243654822335025
59 0.002247100000000002 0 0 0.25252525252525254 0.6243654822335025
60 0.0022189000000000236 0 0 0.25252525252525254 0.6243654822335025
61 0.0023032000000000052 0 0 0.25252525252525254 0.6243654822335025
62 0.002209400000000028 0 0 0.25252525252525254 0.6243654822335025
63 0.002317300000000022 0 0 0.25252525252525254 0.6243654822335025
64 0.0022008000000000028 1 0 0.26262626262626265 0.6243654822335025
65 0.0024310000000000165 1 1 0.2727272727272727 0.6294416243654822
66 0.0023815999999999837 1 1 0.2828282828282828 0.6345177664974619
67 0.0023009999999999975 0 1 0.2828282828282828 0.6395939086294417
68 0.0022652000000000228 0 0 0.2828282828282828 0.6395939086294417
69 0.0023372999999999866 1 1 0.29292929292929293 0.6446700507614214
70 0.002419899999999975 1 1 0.30303030303030304 0.649746192893401
71 0.002276599999999962 0 0 0.30303030303030304 0.649746192893401
72 0.002574799999999988 0 0 0.30303030303030304 0.649746192893401
73 0.002434999999999965 0 0 0.30303030303030304 0.649746192893401
74 0.002504100000000009 1 0 0.31313131313131315 0.649746192893401
75 0.0024197000000000246 0 0 0.31313131313131315 0.649746192893401
76 0.002268300000000001 0 0 0.31313131313131315 0.649746192893401
77 0.0021955999999999642 1 1 0.32323232323232326 0.6548223350253807
78 0.0031815000000000038 0 0 0.32323232323232326 0.6548223350253807
79 0.0029478000000000004 1 0 0.3333333333333333 0.6548223350253807
80 0.0033921999999999564 1 0 0.3434343434343434 0.6548223350253807
81 0.003537200000000018 0 0 0.3434343434343434 0.6548223350253807
82 0.003090499999999996 1 2 0.35353535353535354 0.6649746192893401
83 0.0024351999999999707 1 1 0.36363636363636365 0.6700507614213198
84 0.002578299999999978 0 0 0.36363636363636365 0.6700507614213198
85 0.0024722000000000355 1 1 0.37373737373737376 0.6751269035532995
86 0.0023975999999999997 1 1 0.3838383838383838 0.6802030456852792
87 0.002280300000000013 1 2 0.3939393939393939 0.6903553299492385
88 0.002328600000000014 1 1 0.40404040404040403 0.6954314720812182
89 0.0024006000000000305 0 0 0.40404040404040403 0.6954314720812182
90 0.0024259000000000364 1 1 0.41414141414141414 0.700507614213198
91 0.002393100000000037 0 0 0.41414141414141414 0.700507614213198
92 0.0024721000000000326 0 0 0.41414141414141414 0.700507614213198
93 0.0024615999999999527 0 0 0.41414141414141414 0.700507614213198
94 0.0024975000000000414 1 2 0.42424242424242425 0.7106598984771574
95 0.0024679999999999702 0 0 0.42424242424242425 0.7106598984771574
96 0.002368900000000007 0 0 0.42424242424242425 0.7106598984771574
97 0.0024758999999999753 1 1 0.43434343434343436 0.7157360406091371
98 0.0023675999999999697 0 0 0.43434343434343436 0.7157360406091371
99 0.0024281999999999915 1 1 0.4444444444444444 0.7208121827411168
100 0.0024370000000000225 1 1 0.45454545454545453 0.7258883248730964
101 0.00252239999999998 1 0 0.46464646464646464 0.7258883248730964
102 0.002884700000000018 0 0 0.46464646464646464 0.7258883248730964
103 0.003729099999999985 0 1 0.46464646464646464 0.7309644670050761
104 0.0035605999999999693 0 0 0.46464646464646464 0.7309644670050761
105 0.002653400000000028 1 1 0.47474747474747475 0.7360406091370558
106 0.002647300000000019 0 0 0.47474747474747475 0.7360406091370558
107 0.0029307000000000083 0 0 0.47474747474747475 0.7360406091370558
108 0.002628699999999984 1 1 0.48484848484848486 0.7411167512690355
109 0.0026218000000000075 1 1 0.494949494949495 0.7461928934010152
110 0.003202999999999956 0 0 0.494949494949495 0.7461928934010152
111 0.0026057999999999915 0 0 0.494949494949495 0.7461928934010152
112 0.002897700000000003 0 0 0.494949494949495 0.7461928934010152
113 0.002651300000000023 0 0 0.494949494949495 0.7461928934010152
114 0.002980399999999994 0 0 0.494949494949495 0.7461928934010152
115 0.002535300000000018 0 0 0.494949494949495 0.7461928934010152
116 0.0025942999999999383 0 0 0.494949494949495 0.7461928934010152
117 0.0025311999999999557 1 1 0.5050505050505051 0.751269035532995
118 0.0025716999999999546 0 0 0.5050505050505051 0.751269035532995
119 0.00254589999999999 0 0 0.5050505050505051 0.751269035532995
120 0.0023767000000000094 0 0 0.5050505050505051 0.751269035532995
121 0.00262119999999999 1 1 0.5151515151515151 0.7563451776649747
122 0.0025452999999999726 0 0 0.5151515151515151 0.7563451776649747
123 0.0025325000000000486 1 1 0.5252525252525253 0.7614213197969543
124 0.0029588999999999865 0 0 0.5252525252525253 0.7614213197969543
125 0.0025386000000000575 1 0 0.5353535353535354 0.7614213197969543
126 0.0032106000000000634 0 0 0.5353535353535354 0.7614213197969543
127 0.0025338000000000305 0 0 0.5353535353535354 0.7614213197969543
128 0.0026106000000000185 0 0 0.5353535353535354 0.7614213197969543
129 0.0035718999999999612 0 1 0.5353535353535354 0.766497461928934
130 0.0025761999999999174 0 0 0.5353535353535354 0.766497461928934
131 0.0025143999999999167 1 1 0.5454545454545454 0.7715736040609137
132 0.00244830000000007 1 1 0.5555555555555556 0.7766497461928934
133 0.002539500000000028 0 0 0.5555555555555556 0.7766497461928934
134 0.003480600000000056 0 0 0.5555555555555556 0.7766497461928934
135 0.003866499999999995 0 0 0.5555555555555556 0.7766497461928934
136 0.0034176000000000206 1 1 0.5656565656565656 0.7817258883248731
137 0.0033639000000000863 1 1 0.5757575757575758 0.7868020304568528
138 0.0033758999999999872 1 1 0.5858585858585859 0.7918781725888325
139 0.003493999999999997 0 0 0.5858585858585859 0.7918781725888325
140 0.0026262999999999703 1 1 0.5959595959595959 0.7969543147208121
141 0.0026324000000000902 0 0 0.5959595959595959 0.7969543147208121
142 0.0036455000000000792 1 0 0.6060606060606061 0.7969543147208121
143 0.003637200000000007 1 1 0.6161616161616161 0.8020304568527918
144 0.003655799999999987 1 1 0.6262626262626263 0.8071065989847716
145 0.0031662999999999553 0 0 0.6262626262626263 0.8071065989847716
146 0.003914799999999996 0 0 0.6262626262626263 0.8071065989847716
147 0.003613399999999989 0 1 0.6262626262626263 0.8121827411167513
148 0.0037509000000000015 1 1 0.6363636363636364 0.817258883248731
149 0.0036404999999999355 0 0 0.6363636363636364 0.817258883248731
150 0.0034735999999999656 1 0 0.6464646464646465 0.817258883248731
151 0.003708900000000015 0 1 0.6464646464646465 0.8223350253807107
152 0.002766700000000011 1 0 0.6565656565656566 0.8223350253807107
153 0.0029200000000000337 0 1 0.6565656565656566 0.8274111675126904
154 0.0030936000000000297 1 1 0.6666666666666666 0.8324873096446701
155 0.002696900000000002 0 0 0.6666666666666666 0.8324873096446701
156 0.0031772999999999385 1 1 0.6767676767676768 0.8375634517766497
157 0.002640899999999946 0 0 0.6767676767676768 0.8375634517766497
158 0.0033449999999999314 1 1 0.6868686868686869 0.8426395939086294
159 0.0030479999999999396 1 1 0.696969696969697 0.8477157360406091
160 0.00290109999999999 0 0 0.696969696969697 0.8477157360406091
161 0.0027511000000000063 0 0 0.696969696969697 0.8477157360406091
162 0.0025804000000000382 1 1 0.7070707070707071 0.8527918781725888
163 0.0028329999999999744 1 0 0.7171717171717171 0.8527918781725888
164 0.003813200000000072 0 0 0.7171717171717171 0.8527918781725888
165 0.0027079999999999327 1 1 0.7272727272727273 0.8578680203045685
166 0.0028434000000000514 0 1 0.7272727272727273 0.8629441624365483
167 0.0028180999999999345 0 0 0.7272727272727273 0.8629441624365483
168 0.002812599999999943 1 0 0.7373737373737373 0.8629441624365483
169 0.0029588999999999865 0 0 0.7373737373737373 0.8629441624365483
170 0.002977899999999978 0 0 0.7373737373737373 0.8629441624365483
171 0.0030607000000000273 1 1 0.7474747474747475 0.868020304568528
172 0.0029183000000000403 0 0 0.7474747474747475 0.868020304568528
173 0.0029036999999999535 0 1 0.7474747474747475 0.8730964467005076
174 0.0032791000000000903 0 0 0.7474747474747475 0.8730964467005076
175 0.0030039000000000593 1 1 0.7575757575757576 0.8781725888324873
176 0.002972100000000033 0 0 0.7575757575757576 0.8781725888324873
177 0.0030037000000000535 0 0 0.7575757575757576 0.8781725888324873
178 0.0028600000000000847 0 0 0.7575757575757576 0.8781725888324873
179 0.0028951999999999867 1 1 0.7676767676767676 0.883248730964467
180 0.0028022999999999243 0 0 0.7676767676767676 0.883248730964467
181 0.0029624000000000317 0 0 0.7676767676767676 0.883248730964467
182 0.0028295999999999877 0 0 0.7676767676767676 0.883248730964467
183 0.0029668999999999945 0 0 0.7676767676767676 0.883248730964467
184 0.0029543999999999127 1 1 0.7777777777777778 0.8883248730964467
185 0.002940600000000071 0 0 0.7777777777777778 0.8883248730964467
186 0.0027904000000000817 1 1 0.7878787878787878 0.8934010152284264
187 0.0029622999999999733 1 1 0.797979797979798 0.8984771573604061
188 0.002761099999999961 0 0 0.797979797979798 0.8984771573604061
189 0.0029919999999999947 1 1 0.8080808080808081 0.9035532994923858
190 0.0030485000000000095 0 0 0.8080808080808081 0.9035532994923858
191 0.003031799999999918 0 0 0.8080808080808081 0.9035532994923858
192 0.0030641999999999614 0 0 0.8080808080808081 0.9035532994923858
193 0.0029957000000000455 0 0 0.8080808080808081 0.9035532994923858
194 0.003053399999999984 1 1 0.8181818181818182 0.9086294416243654
195 0.0030057 1 1 0.8282828282828283 0.9137055837563451
196 0.002822699999999956 1 1 0.8383838383838383 0.9187817258883249
197 0.0029671999999999477 0 0 0.8383838383838383 0.9187817258883249
198 0.003153700000000037 0 0 0.8383838383838383 0.9187817258883249
199 0.0029346000000000094 0 0 0.8383838383838383 0.9187817258883249
200 0.0028626000000000484 0 0 0.8383838383838383 0.9187817258883249
201 0.002729700000000057 1 0 0.8484848484848485 0.9187817258883249
202 0.003032900000000005 0 0 0.8484848484848485 0.9187817258883249
203 0.0030136000000000607 0 0 0.8484848484848485 0.9187817258883249
204 0.0029471999999999277 1 1 0.8585858585858586 0.9238578680203046
205 0.0028172999999999115 0 1 0.8585858585858586 0.9289340101522843
206 0.003004899999999977 0 0 0.8585858585858586 0.9289340101522843
207 0.002752599999999994 1 1 0.8686868686868687 0.934010152284264
208 0.003015600000000007 0 0 0.8686868686868687 0.934010152284264
209 0.0030002000000000084 0 0 0.8686868686868687 0.934010152284264
210 0.0029829000000000105 1 1 0.8787878787878788 0.9390862944162437
211 0.003045400000000087 0 0 0.8787878787878788 0.9390862944162437
212 0.0029860999999999915 1 1 0.8888888888888888 0.9441624365482234
213 0.0029797000000000295 1 0 0.898989898989899 0.9441624365482234
214 0.0030417999999999834 1 1 0.9090909090909091 0.949238578680203
215 0.0029972999999999805 1 1 0.9191919191919192 0.9543147208121827
216 0.0028865999999999614 0 0 0.9191919191919192 0.9543147208121827
217 0.0029770000000000074 0 1 0.9191919191919192 0.9593908629441624
218 0.0033160000000000966 1 1 0.9292929292929293 0.9644670050761421
219 0.0031276999999999555 1 1 0.9393939393939394 0.9695431472081218
220 0.003214500000000009 1 1 0.9494949494949495 0.9746192893401016
221 0.0032370999999999928 1 1 0.9595959595959596 0.9796954314720813
222 0.0031338000000000754 0 0 0.9595959595959596 0.9796954314720813
223 0.00429540000000006 0 0 0.9595959595959596 0.9796954314720813
224 0.0044376000000000415 1 0 0.9696969696969697 0.9796954314720813
225 0.0030434000000000294 0 1 0.9696969696969697 0.9847715736040609
226 0.0033564999999999845 1 1 0.9797979797979798 0.9898477157360406
227 0.003275600000000045 0 0 0.9797979797979798 0.9898477157360406
228 0.0035495999999999306 1 1 0.98989898989899 0.9949238578680203
229 0.002907299999999946 1 1 1.0 1.0
