30 0.1 0.1
1 0.0007739999999999969 0 0 0.0 0.5087719298245614
2 0.0006327000000000138 0 0 0.0 0.5087719298245614
3 0.0007492000000000054 0 0 0.0 0.5087719298245614
4 0.0007947000000000093 0 0 0.0 0.5087719298245614
5 0.000666099999999975 0 0 0.0 0.5087719298245614
6 0.0008036000000000154 1 0 0.034482758620689655 0.5087719298245614
7 0.0009821000000000135 0 0 0.034482758620689655 0.5087719298245614
8 0.0010448999999999875 0 0 0.034482758620689655 0.5087719298245614
9 0.0006347000000000158 0 0 0.034482758620689655 0.5087719298245614
10 0.0006044000000000049 0 0 0.034482758620689655 0.5087719298245614
11 0.0005941999999999892 0 0 0.034482758620689655 0.5087719298245614
12 0.0005943999999999949 0 0 0.034482758620689655 0.5087719298245614
13 0.0005950000000000122 0 0 0.034482758620689655 0.5087719298245614
14 0.0005996000000000057 0 0 0.034482758620689655 0.5087719298245614
15 0.0005950999999999873 0 0 0.034482758620689655 0.5087719298245614
16 0.0005431000000000186 0 0 0.034482758620689655 0.5087719298245614
17 0.0006207999999999769 0 0 0.034482758620689655 0.5087719298245614
18 0.0012583000000000177 0 0 0.034482758620689655 0.5087719298245614
19 0.001026100000000002 0 0 0.034482758620689655 0.5087719298245614
20 0.0005737000000000103 0 0 0.034482758620689655 0.5087719298245614
21 0.0006059999999999954 0 0 0.034482758620689655 0.5087719298245614
22 0.0005817999999999934 0 0 0.034482758620689655 0.5087719298245614
23 0.0005596999999999963 0 0 0.034482758620689655 0.5087719298245614
24 0.0007382999999999973 1 0 0.06896551724137931 0.5087719298245614
25 0.0008032000000000039 0 0 0.06896551724137931 0.5087719298245614
26 0.0011697999999999986 0 0 0.06896551724137931 0.5087719298245614
27 0.0007867000000000013 0 1 0.06896551724137931 0.5263157894736842
28 0.0007672999999999985 1 0 0.10344827586206896 0.5263157894736842
29 0.0006385999999999892 0 0 0.10344827586206896 0.5263157894736842
30 0.0006152000000000102 0 0 0.10344827586206896 0.5263157894736842
31 0.0010043999999999886 0 0 0.10344827586206896 0.5263157894736842
32 0.000985700000000006 0 0 0.10344827586206896 0.5263157894736842
33 0.001308500000000018 1 0 0.13793103448275862 0.5263157894736842
34 0.0009156999999999915 0 0 0.13793103448275862 0.5263157894736842
35 0.0006556000000000062 0 0 0.13793103448275862 0.5263157894736842
36 0.0006520999999999888 0 0 0.13793103448275862 0.5263157894736842
37 0.0006168999999999758 0 0 0.13793103448275862 0.5263157894736842
38 0.0006383000000000083 0 0 0.13793103448275862 0.5263157894736842
39 0.0006334000000000062 0 0 0.13793103448275862 0.5263157894736842
40 0.0006281999999999954 0 0 0.13793103448275862 0.5263157894736842
41 0.0006894000000000067 0 0 0.13793103448275862 0.5263157894736842
42 0.0007085000000000008 0 0 0.13793103448275862 0.5263157894736842
43 0.0006588000000000149 0 0 0.13793103448275862 0.5263157894736842
44 0.0006083000000000061 0 0 0.13793103448275862 0.5263157894736842
45 0.0006837000000000093 0 0 0.13793103448275862 0.5263157894736842
46 0.0009815999999999991 0 0 0.13793103448275862 0.5263157894736842
47 0.0006179000000000046 0 0 0.13793103448275862 0.5263157894736842
48 0.0006113999999999842 0 0 0.13793103448275862 0.5263157894736842
49 0.0007573000000000163 0 0 0.13793103448275862 0.5263157894736842
50 0.0005677999999999794 0 0 0.13793103448275862 0.5263157894736842
51 0.0006116000000000177 0 0 0.13793103448275862 0.5263157894736842
52 0.0005533999999999817 0 0 0.13793103448275862 0.5263157894736842
53 0.0009146000000000154 1 0 0.1724137931034483 0.5263157894736842
54 0.0007192999999999783 0 0 0.1724137931034483 0.5263157894736842
55 0.0010478999999999905 0 0 0.1724137931034483 0.5263157894736842
56 0.0006431000000000076 0 0 0.1724137931034483 0.5263157894736842
57 0.0006354000000000082 1 0 0.20689655172413793 0.5263157894736842
58 0.0006318999999999908 0 0 0.20689655172413793 0.5263157894736842
59 0.0006501999999999897 0 0 0.20689655172413793 0.5263157894736842
60 0.0006059999999999954 0 0 0.20689655172413793 0.5263157894736842
61 0.0007480999999999738 0 0 0.20689655172413793 0.5263157894736842
62 0.0006004000000000009 1 0 0.2413793103448276 0.5263157894736842
63 0.0009298999999999835 1 0 0.27586206896551724 0.5263157894736842
64 0.0006432000000000104 0 0 0.27586206896551724 0.5263157894736842
65 0.0007752000000000314 0 0 0.27586206896551724 0.5263157894736842
66 0.000662700000000016 0 0 0.27586206896551724 0.5263157894736842
67 0.0006021999999999972 0 0 0.27586206896551724 0.5263157894736842
68 0.0006371000000000016 0 0 0.27586206896551724 0.5263157894736842
69 0.0007066000000000017 1 0 0.3103448275862069 0.5263157894736842
70 0.0007255999999999929 0 0 0.3103448275862069 0.5263157894736842
71 0.00137149999999997 0 0 0.3103448275862069 0.5263157894736842
72 0.0007272999999999863 0 0 0.3103448275862069 0.5263157894736842
73 0.0005736000000000074 0 0 0.3103448275862069 0.5263157894736842
74 0.0010155000000000025 0 0 0.3103448275862069 0.5263157894736842
75 0.0010273000000000088 0 0 0.3103448275862069 0.5263157894736842
76 0.0009129999999999971 0 0 0.3103448275862069 0.5263157894736842
77 0.0012313999999999936 0 1 0.3103448275862069 0.543859649122807
78 0.0006577999999999862 0 0 0.3103448275862069 0.543859649122807
79 0.0007132999999999723 0 0 0.3103448275862069 0.543859649122807
80 0.000836300000000012 1 0 0.3448275862068966 0.543859649122807
81 0.0007272000000000389 0 0 0.3448275862068966 0.543859649122807
82 0.0006166000000000227 0 0 0.3448275862068966 0.543859649122807
83 0.0012821999999999556 0 0 0.3448275862068966 0.543859649122807
84 0.0010577999999999976 0 0 0.3448275862068966 0.543859649122807
85 0.0006631000000000276 0 0 0.3448275862068966 0.543859649122807
86 0.0006309999999999927 0 0 0.3448275862068966 0.543859649122807
87 0.0006260000000000154 0 0 0.3448275862068966 0.543859649122807
88 0.0006604000000000054 0 0 0.3448275862068966 0.543859649122807
89 0.0008715999999999724 1 0 0.3793103448275862 0.543859649122807
90 0.000809499999999963 0 0 0.3793103448275862 0.543859649122807
91 0.0012058000000000346 0 0 0.3793103448275862 0.543859649122807
92 0.000881899999999991 1 0 0.41379310344827586 0.543859649122807
93 0.0007746999999999615 0 0 0.41379310344827586 0.543859649122807
94 0.0007797999999999972 1 0 0.4482758620689655 0.543859649122807
95 0.0006683000000000106 0 0 0.4482758620689655 0.543859649122807
96 0.0006989000000000023 1 0 0.4827586206896552 0.543859649122807
97 0.0006794999999999995 1 0 0.5172413793103449 0.543859649122807
98 0.0006476000000000259 0 0 0.5172413793103449 0.543859649122807
99 0.0006760000000000099 0 1 0.5172413793103449 0.5614035087719298
100 0.0006281000000000203 0 1 0.5172413793103449 0.5789473684210527
101 0.0008849999999999691 0 0 0.5172413793103449 0.5789473684210527
102 0.0006546999999999525 0 0 0.5172413793103449 0.5789473684210527
103 0.0006879999999999664 0 0 0.5172413793103449 0.5789473684210527
104 0.0006900000000000239 0 1 0.5172413793103449 0.5964912280701754
105 0.0019378999999999924 1 0 0.5517241379310345 0.5964912280701754
106 0.0006644000000000094 0 1 0.5517241379310345 0.6140350877192983
107 0.0006555999999999784 0 0 0.5517241379310345 0.6140350877192983
108 0.0007448000000000454 0 1 0.5517241379310345 0.631578947368421
109 0.0006535999999999764 0 1 0.5517241379310345 0.6491228070175439
110 0.0006137999999999977 0 0 0.5517241379310345 0.6491228070175439
111 0.0007343999999999684 0 0 0.5517241379310345 0.6491228070175439
112 0.000876300000000052 0 0 0.5517241379310345 0.6491228070175439
113 0.0007865999999999707 0 0 0.5517241379310345 0.6491228070175439
114 0.0009172000000000069 0 0 0.5517241379310345 0.6491228070175439
115 0.0006942000000000337 0 0 0.5517241379310345 0.6491228070175439
116 0.0007060999999999873 0 0 0.5517241379310345 0.6491228070175439
117 0.0006808000000000369 0 0 0.5517241379310345 0.6491228070175439
118 0.0007367999999999819 0 0 0.5517241379310345 0.6491228070175439
119 0.0008275999999999839 1 0 0.5862068965517241 0.6491228070175439
120 0.0010924999999999963 0 0 0.5862068965517241 0.6491228070175439
121 0.000708299999999995 0 0 0.5862068965517241 0.6491228070175439
122 0.0007301000000000113 0 1 0.5862068965517241 0.6666666666666666
123 0.0006723000000000146 0 0 0.5862068965517241 0.6666666666666666
124 0.0006794999999999995 0 0 0.5862068965517241 0.6666666666666666
125 0.0007064999999999988 0 0 0.5862068965517241 0.6666666666666666
126 0.0012578000000000311 0 0 0.5862068965517241 0.6666666666666666
127 0.0008459000000000105 0 0 0.5862068965517241 0.6666666666666666
128 0.0008968999999999783 0 0 0.5862068965517241 0.6666666666666666
129 0.0007032000000000149 0 0 0.5862068965517241 0.6666666666666666
130 0.000702299999999989 0 0 0.5862068965517241 0.6666666666666666
131 0.0009826000000000001 0 0 0.5862068965517241 0.6666666666666666
132 0.0006685000000000163 1 0 0.6206896551724138 0.6666666666666666
133 0.0007218999999999975 0 0 0.6206896551724138 0.6666666666666666
134 0.0006497999999999782 0 0 0.6206896551724138 0.6666666666666666
135 0.0006800000000000139 0 0 0.6206896551724138 0.6666666666666666
136 0.0006718000000000002 0 0 0.6206896551724138 0.6666666666666666
137 0.000737500000000002 0 1 0.6206896551724138 0.6842105263157895
138 0.0011300999999999672 0 0 0.6206896551724138 0.6842105263157895
139 0.0011782000000000181 0 0 0.6206896551724138 0.6842105263157895
140 0.0013403000000000165 1 0 0.6551724137931034 0.6842105263157895
141 0.0007468999999999948 0 0 0.6551724137931034 0.6842105263157895
142 0.0007201000000000013 0 0 0.6551724137931034 0.6842105263157895
143 0.0007137000000000393 0 0 0.6551724137931034 0.6842105263157895
144 0.0007350000000000412 0 1 0.6551724137931034 0.7017543859649122
145 0.0007308999999999788 0 0 0.6551724137931034 0.7017543859649122
146 0.0007424000000000319 0 0 0.6551724137931034 0.7017543859649122
147 0.000772700000000015 0 0 0.6551724137931034 0.7017543859649122
148 0.0008422000000000152 0 0 0.6551724137931034 0.7017543859649122
149 0.0007829999999999782 0 0 0.6551724137931034 0.7017543859649122
150 0.0007599999999999829 0 0 0.6551724137931034 0.7017543859649122
151 0.0008096999999999688 0 0 0.6551724137931034 0.7017543859649122
152 0.0006989000000000023 0 0 0.6551724137931034 0.7017543859649122
153 0.0014352999999999727 0 0 0.6551724137931034 0.7017543859649122
154 0.00136149999999996 0 0 0.6551724137931034 0.7017543859649122
155 0.0007015999999999689 0 0 0.6551724137931034 0.7017543859649122
156 0.0006965999999999917 0 0 0.6551724137931034 0.7017543859649122
157 0.0007414000000000032 0 0 0.6551724137931034 0.7017543859649122
158 0.0007390000000000452 0 0 0.6551724137931034 0.7017543859649122
159 0.00065670000000001 0 0 0.6551724137931034 0.7017543859649122
160 0.0007871999999999879 0 0 0.6551724137931034 0.7017543859649122
161 0.0007329000000000363 0 1 0.6551724137931034 0.7192982456140351
162 0.0008335000000000425 0 0 0.6551724137931034 0.7192982456140351
163 0.0008603999999999834 0 0 0.6551724137931034 0.7192982456140351
164 0.0007507999999999959 0 0 0.6551724137931034 0.7192982456140351
165 0.0008726000000000012 0 1 0.6551724137931034 0.7368421052631579
166 0.0014081999999999706 0 0 0.6551724137931034 0.7368421052631579
167 0.0010749999999999926 0 0 0.6551724137931034 0.7368421052631579
168 0.0007058999999999815 0 0 0.6551724137931034 0.7368421052631579
169 0.0007516000000000189 0 0 0.6551724137931034 0.7368421052631579
170 0.0007330999999999865 0 0 0.6551724137931034 0.7368421052631579
171 0.0007367999999999819 0 0 0.6551724137931034 0.7368421052631579
172 0.0007365000000000288 0 0 0.6551724137931034 0.7368421052631579
173 0.0012473000000000067 1 0 0.6896551724137931 0.7368421052631579
174 0.0007995000000000085 1 0 0.7241379310344828 0.7368421052631579
175 0.0008278000000000452 0 0 0.7241379310344828 0.7368421052631579
176 0.0009292999999999663 1 0 0.7586206896551724 0.7368421052631579
177 0.0008399000000000045 1 0 0.7931034482758621 0.7368421052631579
178 0.0007180999999999993 0 0 0.7931034482758621 0.7368421052631579
179 0.0007921999999999652 0 0 0.7931034482758621 0.7368421052631579
180 0.0007233000000000378 0 0 0.7931034482758621 0.7368421052631579
181 0.0006894000000000067 0 0 0.7931034482758621 0.7368421052631579
182 0.0007723000000000035 0 1 0.7931034482758621 0.7543859649122807
183 0.0007747999999999644 1 1 0.8275862068965517 0.7719298245614035
184 0.0007572000000000134 0 0 0.8275862068965517 0.7719298245614035
185 0.0007267999999999719 0 0 0.8275862068965517 0.7719298245614035
186 0.000782700000000025 1 1 0.8620689655172413 0.7894736842105263
187 0.0014545000000000252 0 0 0.8620689655172413 0.7894736842105263
188 0.0014219999999999788 0 0 0.8620689655172413 0.7894736842105263
189 0.0008003999999999789 0 0 0.8620689655172413 0.7894736842105263
190 0.0007378000000000107 0 0 0.8620689655172413 0.7894736842105263
191 0.000772700000000015 1 0 0.896551724137931 0.7894736842105263
192 0.0007826000000000222 1 1 0.9310344827586207 0.8070175438596491
193 0.000789099999999987 0 0 0.9310344827586207 0.8070175438596491
194 0.0008095999999999659 0 0 0.9310344827586207 0.8070175438596491
195 0.0008178999999999825 0 0 0.9310344827586207 0.8070175438596491
196 0.0008951999999999849 0 0 0.9310344827586207 0.8070175438596491
197 0.0008547999999999889 0 0 0.9310344827586207 0.8070175438596491
198 0.0006917000000000173 1 0 0.9655172413793104 0.8070175438596491
199 0.0007781000000000038 0 0 0.9655172413793104 0.8070175438596491
200 0.0011649000000000242 0 0 0.9655172413793104 0.8070175438596491
201 0.0012373999999999996 0 1 0.9655172413793104 0.8245614035087719
202 0.000960300000000025 0 0 0.9655172413793104 0.8245614035087719
203 0.0009477999999999986 0 0 0.9655172413793104 0.8245614035087719
204 0.000979899999999978 0 0 0.9655172413793104 0.8245614035087719
205 0.001074300000000028 0 0 0.9655172413793104 0.8245614035087719
206 0.0011263000000000245 0 0 0.9655172413793104 0.8245614035087719
207 0.0008234000000000297 0 0 0.9655172413793104 0.8245614035087719
208 0.0009672000000000014 0 0 0.9655172413793104 0.8245614035087719
209 0.0008463999999999694 0 0 0.9655172413793104 0.8245614035087719
210 0.0008396000000000514 0 0 0.9655172413793104 0.8245614035087719
211 0.0007690000000000197 0 0 0.9655172413793104 0.8245614035087719
212 0.0007336000000000009 1 0 1.0 0.8245614035087719
213 0.0007797999999999972 0 0 1.0 0.8245614035087719
214 0.0007403999999999744 0 1 1.0 0.8421052631578947
215 0.0007463999999999804 0 0 1.0 0.8421052631578947
216 0.0007834000000000452 0 0 1.0 0.8421052631578947
217 0.000805100000000003 0 1 1.0 0.8596491228070176
218 0.0009164999999999868 0 0 1.0 0.8596491228070176
219 0.0012424000000000324 0 0 1.0 0.8596491228070176
220 0.0012858000000000036 0 0 1.0 0.8596491228070176
221 0.0007602999999999915 0 0 1.0 0.8596491228070176
222 0.0007309999999999817 0 0 1.0 0.8596491228070176
223 0.0007776000000000449 0 0 1.0 0.8596491228070176
224 0.0007792999999999828 0 1 1.0 0.8771929824561403
225 0.0008078999999999725 0 0 1.0 0.8771929824561403
226 0.0009164999999999868 0 0 1.0 0.8771929824561403
227 0.0010555999999999899 0 0 1.0 0.8771929824561403
228 0.0008605999999999892 0 0 1.0 0.8771929824561403
229 0.0008996000000000004 0 0 1.0 0.8771929824561403
230 0.0008350000000000302 0 0 1.0 0.8771929824561403
231 0.000822299999999998 0 0 1.0 0.8771929824561403
232 0.0008712000000000164 0 0 1.0 0.8771929824561403
233 0.0016244999999999732 0 0 1.0 0.8771929824561403
234 0.0007797999999999972 0 0 1.0 0.8771929824561403
235 0.0009265999999999996 0 0 1.0 0.8771929824561403
236 0.0008123000000000435 0 1 1.0 0.8947368421052632
237 0.0010662000000000171 0 0 1.0 0.8947368421052632
238 0.0012872999999999912 0 1 1.0 0.9122807017543859
239 0.0009725999999999901 0 0 1.0 0.9122807017543859
240 0.0010532999999999793 0 0 1.0 0.9122807017543859
241 0.0009170000000000011 0 0 1.0 0.9122807017543859
242 0.0011300000000000199 0 0 1.0 0.9122807017543859
243 0.0011632999999999782 0 0 1.0 0.9122807017543859
244 0.0008679000000000325 0 0 1.0 0.9122807017543859
245 0.000849100000000047 0 0 1.0 0.9122807017543859
246 0.000875899999999985 0 0 1.0 0.9122807017543859
247 0.0008388999999999758 0 1 1.0 0.9298245614035088
248 0.0008065999999999907 0 0 1.0 0.9298245614035088
249 0.0012234000000000411 0 0 1.0 0.9298245614035088
250 0.0011616999999999877 0 0 1.0 0.9298245614035088
251 0.0009541000000000133 0 0 1.0 0.9298245614035088
252 0.0009201999999999821 0 0 1.0 0.9298245614035088
253 0.0012088000000000099 0 0 1.0 0.9298245614035088
254 0.0007731000000000265 0 0 1.0 0.9298245614035088
255 0.0014379999999999948 0 0 1.0 0.9298245614035088
256 0.0008250000000000202 0 0 1.0 0.9298245614035088
257 0.0008229999999999627 0 0 1.0 0.9298245614035088
258 0.0008516000000000079 0 0 1.0 0.9298245614035088
259 0.0008449999999999847 0 0 1.0 0.9298245614035088
260 0.0008407000000000275 0 1 1.0 0.9473684210526315
261 0.0008956999999999993 0 0 1.0 0.9473684210526315
262 0.0016629000000000227 0 0 1.0 0.9473684210526315
263 0.000962699999999983 0 0 1.0 0.9473684210526315
264 0.0012950999999999935 0 0 1.0 0.9473684210526315
265 0.0014423000000000075 0 0 1.0 0.9473684210526315
266 0.0009580000000000144 0 0 1.0 0.9473684210526315
267 0.0009510000000000352 0 0 1.0 0.9473684210526315
268 0.0010486000000000106 0 0 1.0 0.9473684210526315
269 0.0009637000000000118 0 0 1.0 0.9473684210526315
270 0.000791099999999989 0 0 1.0 0.9473684210526315
271 0.0008859999999999979 0 0 1.0 0.9473684210526315
272 0.001862699999999995 0 0 1.0 0.9473684210526315
273 0.0009705999999999881 0 0 1.0 0.9473684210526315
274 0.0008297999999999917 0 0 1.0 0.9473684210526315
275 0.0008141999999999872 0 0 1.0 0.9473684210526315
276 0.0011660000000000004 0 0 1.0 0.9473684210526315
277 0.0008576000000000139 0 0 1.0 0.9473684210526315
278 0.0015040999999999527 0 0 1.0 0.9473684210526315
279 0.0009954999999999825 0 0 1.0 0.9473684210526315
280 0.0008563999999999794 0 0 1.0 0.9473684210526315
281 0.000750300000000037 0 0 1.0 0.9473684210526315
282 0.0007783000000000095 0 0 1.0 0.9473684210526315
283 0.0008136000000000254 0 0 1.0 0.9473684210526315
284 0.0008989000000000358 0 0 1.0 0.9473684210526315
285 0.000826300000000002 0 0 1.0 0.9473684210526315
286 0.0008367999999999709 0 0 1.0 0.9473684210526315
287 0.0008390999999999815 0 0 1.0 0.9473684210526315
288 0.0008293999999999802 0 0 1.0 0.9473684210526315
289 0.0008550000000000502 0 0 1.0 0.9473684210526315
290 0.0011147999999999714 0 0 1.0 0.9473684210526315
291 0.001476199999999983 0 0 1.0 0.9473684210526315
292 0.0008599000000000245 0 0 1.0 0.9473684210526315
293 0.0008471999999999924 0 0 1.0 0.9473684210526315
294 0.000737099999999935 0 0 1.0 0.9473684210526315
295 0.0007628999999998998 0 0 1.0 0.9473684210526315
296 0.0008671999999999569 0 0 1.0 0.9473684210526315
297 0.0007699999999999374 0 0 1.0 0.9473684210526315
298 0.0008525000000000338 0 0 1.0 0.9473684210526315
299 0.0010177000000000103 0 0 1.0 0.9473684210526315
300 0.0013759999999999328 0 0 1.0 0.9473684210526315
301 0.0008257000000000403 0 0 1.0 0.9473684210526315
302 0.0015507999999999633 0 0 1.0 0.9473684210526315
303 0.001167499999999988 0 0 1.0 0.9473684210526315
304 0.000841100000000039 0 0 1.0 0.9473684210526315
305 0.0007760999999999463 0 0 1.0 0.9473684210526315
306 0.0008276999999999868 0 0 1.0 0.9473684210526315
307 0.0008758000000000932 0 0 1.0 0.9473684210526315
308 0.0007962000000000247 0 0 1.0 0.9473684210526315
309 0.0010038999999999465 0 0 1.0 0.9473684210526315
310 0.0010288999999999993 0 0 1.0 0.9473684210526315
311 0.0009000000000000119 0 0 1.0 0.9473684210526315
312 0.0008527000000000395 0 0 1.0 0.9473684210526315
313 0.000825900000000046 0 0 1.0 0.9473684210526315
314 0.0007798999999999445 0 0 1.0 0.9473684210526315
315 0.0014578000000000646 0 0 1.0 0.9473684210526315
316 0.0008922000000000097 0 0 1.0 0.9473684210526315
317 0.0010879000000000305 0 0 1.0 0.9473684210526315
318 0.0011366999999999905 0 0 1.0 0.9473684210526315
319 0.0011252000000000484 0 1 1.0 0.9649122807017544
320 0.0012756000000000434 0 0 1.0 0.9649122807017544
321 0.0014398999999999385 0 0 1.0 0.9649122807017544
322 0.0012067999999999524 0 0 1.0 0.9649122807017544
323 0.0011349999999999971 0 0 1.0 0.9649122807017544
324 0.0011349999999999971 0 0 1.0 0.9649122807017544
325 0.0009120999999999713 0 0 1.0 0.9649122807017544
326 0.0008916999999999398 0 0 1.0 0.9649122807017544
327 0.0008089999999999486 0 0 1.0 0.9649122807017544
328 0.0008473999999999426 0 0 1.0 0.9649122807017544
329 0.0008196000000000314 0 0 1.0 0.9649122807017544
330 0.0007848000000000299 0 0 1.0 0.9649122807017544
331 0.0008715999999999724 0 0 1.0 0.9649122807017544
332 0.00139659999999997 0 0 1.0 0.9649122807017544
333 0.000980300000000045 0 0 1.0 0.9649122807017544
334 0.0008759000000000405 0 0 1.0 0.9649122807017544
335 0.0008486999999999245 0 0 1.0 0.9649122807017544
336 0.0009015999999999469 0 0 1.0 0.9649122807017544
337 0.0008456999999999493 0 0 1.0 0.9649122807017544
338 0.0008845000000000658 0 0 1.0 0.9649122807017544
339 0.0011106000000000726 0 0 1.0 0.9649122807017544
340 0.0009512999999999883 0 0 1.0 0.9649122807017544
341 0.0008699999999999264 0 0 1.0 0.9649122807017544
342 0.0009067999999999854 0 0 1.0 0.9649122807017544
343 0.0012035999999999714 0 0 1.0 0.9649122807017544
344 0.0020844999999999336 0 0 1.0 0.9649122807017544
345 0.0008409000000000333 0 0 1.0 0.9649122807017544
346 0.0008647000000000515 0 0 1.0 0.9649122807017544
347 0.0008053000000000088 0 0 1.0 0.9649122807017544
348 0.000823500000000088 0 0 1.0 0.9649122807017544
349 0.0009854000000000251 0 0 1.0 0.9649122807017544
350 0.001019500000000062 0 0 1.0 0.9649122807017544
351 0.001024800000000048 0 0 1.0 0.9649122807017544
352 0.0009280999999999873 0 0 1.0 0.9649122807017544
353 0.0008548999999999918 0 0 1.0 0.9649122807017544
354 0.000861899999999971 0 0 1.0 0.9649122807017544
355 0.0008887000000000755 0 0 1.0 0.9649122807017544
356 0.0008051999999999504 0 0 1.0 0.9649122807017544
357 0.0007928999999999853 0 0 1.0 0.9649122807017544
358 0.0007955999999998964 0 0 1.0 0.9649122807017544
359 0.0008509999999999351 0 0 1.0 0.9649122807017544
360 0.0008275999999999284 0 0 1.0 0.9649122807017544
361 0.0011246000000000311 0 2 1.0 1.0
