100 0.2 0.7
1 0.0027553999999999634 0 0 0.0 0.5025380710659898
2 0.002682999999999991 1 0 0.010101010101010102 0.5025380710659898
3 0.0026197000000000026 0 0 0.010101010101010102 0.5025380710659898
4 0.0026045000000000096 0 0 0.010101010101010102 0.5025380710659898
5 0.0026860000000000217 0 0 0.010101010101010102 0.5025380710659898
6 0.002578899999999995 0 0 0.010101010101010102 0.5025380710659898
7 0.002644300000000044 0 0 0.010101010101010102 0.5025380710659898
8 0.002364900000000003 1 0 0.020202020202020204 0.5025380710659898
9 0.0021236000000000033 0 0 0.020202020202020204 0.5025380710659898
10 0.0020940999999999876 1 0 0.030303030303030304 0.5025380710659898
11 0.0019947999999999633 0 0 0.030303030303030304 0.5025380710659898
12 0.0019974999999999854 1 1 0.04040404040404041 0.5076142131979695
13 0.0019578000000000095 0 0 0.04040404040404041 0.5076142131979695
14 0.0019140999999999742 0 0 0.04040404040404041 0.5076142131979695
15 0.0019203999999999888 0 1 0.04040404040404041 0.5126903553299492
16 0.0019937000000000427 0 0 0.04040404040404041 0.5126903553299492
17 0.0019038999999999584 1 1 0.050505050505050504 0.5177664974619289
18 0.002047100000000024 0 0 0.050505050505050504 0.5177664974619289
19 0.0020264999999999866 0 1 0.050505050505050504 0.5228426395939086
20 0.002071500000000004 0 0 0.050505050505050504 0.5228426395939086
21 0.0019509999999999805 0 0 0.050505050505050504 0.5228426395939086
22 0.0020969000000000126 0 0 0.050505050505050504 0.5228426395939086
23 0.002122500000000027 0 0 0.050505050505050504 0.5228426395939086
24 0.0022675000000000334 1 1 0.06060606060606061 0.5279187817258884
25 0.002118999999999982 1 1 0.0707070707070707 0.5329949238578681
26 0.002021800000000018 0 0 0.0707070707070707 0.5329949238578681
27 0.002179500000000001 0 0 0.0707070707070707 0.5329949238578681
28 0.001995300000000033 0 0 0.0707070707070707 0.5329949238578681
29 0.0020200000000000218 0 0 0.0707070707070707 0.5329949238578681
30 0.0021839999999999637 1 0 0.08080808080808081 0.5329949238578681
31 0.002080599999999988 0 1 0.08080808080808081 0.5380710659898477
32 0.0019105999999999845 0 0 0.08080808080808081 0.5380710659898477
33 0.0021319999999999673 0 0 0.08080808080808081 0.5380710659898477
34 0.002092499999999997 0 0 0.08080808080808081 0.5380710659898477
35 0.0019963999999999538 1 0 0.09090909090909091 0.5380710659898477
36 0.002070100000000019 0 0 0.09090909090909091 0.5380710659898477
37 0.001979099999999956 0 1 0.09090909090909091 0.5431472081218274
38 0.0021353000000000066 0 0 0.09090909090909091 0.5431472081218274
39 0.0020962999999999954 0 0 0.09090909090909091 0.5431472081218274
40 0.002063399999999993 0 0 0.09090909090909091 0.5431472081218274
41 0.0020850000000000035 1 0 0.10101010101010101 0.5431472081218274
42 0.0026528000000000107 0 0 0.10101010101010101 0.5431472081218274
43 0.0027941000000000216 0 0 0.10101010101010101 0.5431472081218274
44 0.0027497000000000216 0 0 0.10101010101010101 0.5431472081218274
45 0.0027853999999999934 1 1 0.1111111111111111 0.5482233502538071
46 0.002851400000000004 0 0 0.1111111111111111 0.5482233502538071
47 0.002083899999999972 0 0 0.1111111111111111 0.5482233502538071
48 0.001975799999999972 0 0 0.1111111111111111 0.5482233502538071
49 0.0020616999999999996 1 1 0.12121212121212122 0.5532994923857868
50 0.0022596000000000283 0 0 0.12121212121212122 0.5532994923857868
51 0.002086599999999994 1 0 0.13131313131313133 0.5532994923857868
52 0.0020823999999999843 0 0 0.13131313131313133 0.5532994923857868
53 0.0020146999999999804 0 0 0.13131313131313133 0.5532994923857868
54 0.001948200000000011 0 0 0.13131313131313133 0.5532994923857868
55 0.0020373000000000197 1 1 0.1414141414141414 0.5583756345177665
56 0.0020751999999999993 0 0 0.1414141414141414 0.5583756345177665
57 0.0020401000000000447 0 1 0.1414141414141414 0.5634517766497462
58 0.0019738000000000255 0 0 0.1414141414141414 0.5634517766497462
59 0.0021981999999999835 0 0 0.1414141414141414 0.5634517766497462
60 0.0020182000000000255 0 1 0.1414141414141414 0.5685279187817259
61 0.0024222999999999884 0 0 0.1414141414141414 0.5685279187817259
62 0.0020981999999999945 0 0 0.1414141414141414 0.5685279187817259
63 0.0020574000000000425 0 0 0.1414141414141414 0.5685279187817259
64 0.0023443999999999687 0 0 0.1414141414141414 0.5685279187817259
65 0.002010899999999982 0 0 0.1414141414141414 0.5685279187817259
66 0.0020124000000000253 0 0 0.1414141414141414 0.5685279187817259
67 0.002040199999999992 0 0 0.1414141414141414 0.5685279187817259
68 0.0020132999999999956 1 1 0.15151515151515152 0.5736040609137056
69 0.002828200000000003 0 0 0.15151515151515152 0.5736040609137056
70 0.0020140000000000158 1 1 0.16161616161616163 0.5786802030456852
71 0.0022293999999999925 0 0 0.16161616161616163 0.5786802030456852
72 0.002038299999999993 0 0 0.16161616161616163 0.5786802030456852
73 0.002115300000000042 0 0 0.16161616161616163 0.5786802030456852
74 0.002182200000000023 0 0 0.16161616161616163 0.5786802030456852
75 0.002026500000000042 0 0 0.16161616161616163 0.5786802030456852
76 0.0021747999999999768 0 0 0.16161616161616163 0.5786802030456852
77 0.0020576999999999956 0 0 0.16161616161616163 0.5786802030456852
78 0.0021488000000000063 0 0 0.16161616161616163 0.5786802030456852
79 0.0022019999999999817 0 0 0.16161616161616163 0.5786802030456852
80 0.002105899999999994 0 0 0.16161616161616163 0.5786802030456852
81 0.002152299999999996 0 0 0.16161616161616163 0.5786802030456852
82 0.0020979999999999888 0 0 0.16161616161616163 0.5786802030456852
83 0.0021153999999999895 0 0 0.16161616161616163 0.5786802030456852
84 0.0021272999999999986 0 0 0.16161616161616163 0.5786802030456852
85 0.0022223000000000104 0 0 0.16161616161616163 0.5786802030456852
86 0.0022052999999999656 0 0 0.16161616161616163 0.5786802030456852
87 0.0021286999999999834 0 0 0.16161616161616163 0.5786802030456852
88 0.0021872000000000003 0 0 0.16161616161616163 0.5786802030456852
89 0.002099699999999982 0 0 0.16161616161616163 0.5786802030456852
90 0.0021568000000000143 0 0 0.16161616161616163 0.5786802030456852
91 0.002071500000000004 1 1 0.1717171717171717 0.583756345177665
92 0.0020664000000000238 0 0 0.1717171717171717 0.583756345177665
93 0.0022493000000000096 0 0 0.1717171717171717 0.583756345177665
94 0.002142900000000003 0 0 0.1717171717171717 0.583756345177665
95 0.002142199999999983 0 0 0.1717171717171717 0.583756345177665
96 0.002191799999999966 0 0 0.1717171717171717 0.583756345177665
97 0.002210600000000007 0 0 0.1717171717171717 0.583756345177665
98 0.0021432000000000118 0 0 0.1717171717171717 0.583756345177665
99 0.002170200000000011 0 0 0.1717171717171717 0.583756345177665
100 0.002158499999999952 0 0 0.1717171717171717 0.583756345177665
101 0.0020843999999999863 0 0 0.1717171717171717 0.583756345177665
102 0.002244600000000041 0 0 0.1717171717171717 0.583756345177665
103 0.0021442000000000405 0 0 0.1717171717171717 0.583756345177665
104 0.0021864000000000328 0 0 0.1717171717171717 0.583756345177665
105 0.0021415000000000184 0 0 0.1717171717171717 0.583756345177665
106 0.0020933000000000757 0 0 0.1717171717171717 0.583756345177665
107 0.0023612000000000632 0 0 0.1717171717171717 0.583756345177665
108 0.0020985999999999505 1 1 0.18181818181818182 0.5888324873096447
109 0.002149100000000015 0 0 0.18181818181818182 0.5888324873096447
110 0.0021754000000000495 0 0 0.18181818181818182 0.5888324873096447
111 0.0021708999999999756 0 0 0.18181818181818182 0.5888324873096447
112 0.0019983000000000084 0 0 0.18181818181818182 0.5888324873096447
113 0.0021870999999999974 0 0 0.18181818181818182 0.5888324873096447
114 0.0021478999999999804 0 0 0.18181818181818182 0.5888324873096447
115 0.0020348999999999506 0 0 0.18181818181818182 0.5888324873096447
116 0.002026199999999978 0 0 0.18181818181818182 0.5888324873096447
117 0.002146200000000098 0 0 0.18181818181818182 0.5888324873096447
118 0.002035499999999968 0 0 0.18181818181818182 0.5888324873096447
119 0.0020420999999999356 0 0 0.18181818181818182 0.5888324873096447
120 0.0020900000000000363 0 0 0.18181818181818182 0.5888324873096447
121 0.0020492000000000843 0 0 0.18181818181818182 0.5888324873096447
122 0.0023068000000000533 0 0 0.18181818181818182 0.5888324873096447
123 0.002200300000000044 1 1 0.1919191919191919 0.5939086294416244
124 0.0021784000000000248 0 0 0.1919191919191919 0.5939086294416244
125 0.0021512000000000198 0 0 0.1919191919191919 0.5939086294416244
126 0.0021109000000000266 0 0 0.1919191919191919 0.5939086294416244
127 0.002014699999999925 0 0 0.1919191919191919 0.5939086294416244
128 0.0021368000000000498 1 1 0.20202020202020202 0.5989847715736041
129 0.002302699999999991 1 0 0.21212121212121213 0.5989847715736041
130 0.0020939999999999293 0 1 0.21212121212121213 0.6040609137055838
131 0.0021187999999999763 0 0 0.21212121212121213 0.6040609137055838
132 0.0020541000000000587 0 0 0.21212121212121213 0.6040609137055838
133 0.002528300000000039 0 0 0.21212121212121213 0.6040609137055838
134 0.0021271999999999958 0 0 0.21212121212121213 0.6040609137055838
135 0.0020647999999999778 0 0 0.21212121212121213 0.6040609137055838
136 0.002130700000000041 1 1 0.2222222222222222 0.6091370558375635
137 0.0022567000000000004 1 1 0.23232323232323232 0.6142131979695431
138 0.0021562000000000525 1 1 0.24242424242424243 0.6192893401015228
139 0.0022065 0 0 0.24242424242424243 0.6192893401015228
140 0.0023510999999999393 0 0 0.24242424242424243 0.6192893401015228
141 0.0021993999999999625 0 0 0.24242424242424243 0.6192893401015228
142 0.0021115999999999913 0 0 0.24242424242424243 0.6192893401015228
143 0.002193900000000082 0 0 0.24242424242424243 0.6192893401015228
144 0.0023916999999999966 0 0 0.24242424242424243 0.6192893401015228
145 0.002256299999999989 0 0 0.24242424242424243 0.6192893401015228
146 0.0021147999999999723 0 0 0.24242424242424243 0.6192893401015228
147 0.0023687000000000014 0 0 0.24242424242424243 0.6192893401015228
148 0.0021892000000000023 0 0 0.24242424242424243 0.6192893401015228
149 0.0022512000000000087 0 0 0.24242424242424243 0.6192893401015228
150 0.0021243999999999152 1 0 0.25252525252525254 0.6192893401015228
151 0.002257100000000012 0 1 0.25252525252525254 0.6243654822335025
152 0.0022162000000000015 1 0 0.26262626262626265 0.6243654822335025
153 0.0021837000000000106 1 1 0.2727272727272727 0.6294416243654822
154 0.0032932999999999435 0 0 0.2727272727272727 0.6294416243654822
155 0.0022741000000000566 1 0 0.2828282828282828 0.6294416243654822
156 0.0023205000000000586 0 0 0.2828282828282828 0.6294416243654822
157 0.002169700000000052 0 0 0.2828282828282828 0.6294416243654822
158 0.0022157000000000426 0 1 0.2828282828282828 0.6345177664974619
159 0.0024756999999999696 0 1 0.2828282828282828 0.6395939086294417
160 0.00455479999999997 0 0 0.2828282828282828 0.6395939086294417
161 0.0026887999999999357 0 0 0.2828282828282828 0.6395939086294417
162 0.0023801999999999435 0 0 0.2828282828282828 0.6395939086294417
163 0.0022754000000000385 1 0 0.29292929292929293 0.6395939086294417
164 0.0022343999999999697 0 0 0.29292929292929293 0.6395939086294417
165 0.0023855000000000404 1 1 0.30303030303030304 0.6446700507614214
166 0.002372900000000011 1 1 0.31313131313131315 0.649746192893401
167 0.00227949999999999 0 0 0.31313131313131315 0.649746192893401
168 0.0023100999999999816 0 0 0.31313131313131315 0.649746192893401
169 0.0022421000000000246 0 0 0.31313131313131315 0.649746192893401
170 0.00221210000000005 0 0 0.31313131313131315 0.649746192893401
171 0.0023613000000000106 0 0 0.31313131313131315 0.649746192893401
172 0.0023238999999999344 0 0 0.31313131313131315 0.649746192893401
173 0.0024615000000000054 1 0 0.32323232323232326 0.649746192893401
174 0.002361100000000005 1 1 0.3333333333333333 0.6548223350253807
175 0.0023423999999999667 0 1 0.3333333333333333 0.6598984771573604
176 0.002333400000000041 0 1 0.3333333333333333 0.6649746192893401
177 0.0021881999999999735 0 0 0.3333333333333333 0.6649746192893401
178 0.002273900000000051 0 0 0.3333333333333333 0.6649746192893401
179 0.0022183000000000064 0 0 0.3333333333333333 0.6649746192893401
180 0.002260600000000057 0 0 0.3333333333333333 0.6649746192893401
181 0.0023887000000000214 0 0 0.3333333333333333 0.6649746192893401
182 0.002348899999999987 0 0 0.3333333333333333 0.6649746192893401
183 0.0023062999999999834 0 0 0.3333333333333333 0.6649746192893401
184 0.002306200000000036 0 0 0.3333333333333333 0.6649746192893401
185 0.002407300000000001 0 0 0.3333333333333333 0.6649746192893401
186 0.0023527999999999327 1 1 0.3434343434343434 0.6700507614213198
187 0.002315499999999915 0 0 0.3434343434343434 0.6700507614213198
188 0.0024502999999999053 0 0 0.3434343434343434 0.6700507614213198
189 0.0025133000000000516 0 0 0.3434343434343434 0.6700507614213198
190 0.0023927999999999727 0 0 0.3434343434343434 0.6700507614213198
191 0.0023072000000000648 0 0 0.3434343434343434 0.6700507614213198
192 0.0023310999999999193 0 0 0.3434343434343434 0.6700507614213198
193 0.002181899999999959 0 0 0.3434343434343434 0.6700507614213198
194 0.0023132000000000152 0 0 0.3434343434343434 0.6700507614213198
195 0.002328600000000014 0 0 0.3434343434343434 0.6700507614213198
196 0.0022351000000000454 1 0 0.35353535353535354 0.6700507614213198
197 0.0023672000000000137 0 0 0.35353535353535354 0.6700507614213198
198 0.0023879999999999457 0 0 0.35353535353535354 0.6700507614213198
199 0.0023767999999999567 0 0 0.35353535353535354 0.6700507614213198
200 0.002188599999999985 0 0 0.35353535353535354 0.6700507614213198
201 0.002205899999999983 0 0 0.35353535353535354 0.6700507614213198
202 0.0022223000000000104 1 0 0.36363636363636365 0.6700507614213198
203 0.002235500000000057 0 0 0.36363636363636365 0.6700507614213198
204 0.0021963999999999873 0 0 0.36363636363636365 0.6700507614213198
205 0.0025191999999999437 1 2 0.37373737373737376 0.6802030456852792
206 0.0023881999999999515 0 0 0.37373737373737376 0.6802030456852792
207 0.0023556000000000132 0 0 0.37373737373737376 0.6802030456852792
208 0.0022775000000000434 0 0 0.37373737373737376 0.6802030456852792
209 0.0024623000000000284 0 0 0.37373737373737376 0.6802030456852792
210 0.0021392000000000078 0 0 0.37373737373737376 0.6802030456852792
211 0.0023218000000000405 0 0 0.37373737373737376 0.6802030456852792
212 0.0023286999999999614 1 0 0.3838383838383838 0.6802030456852792
213 0.0022920000000000718 1 1 0.3939393939393939 0.6852791878172588
214 0.0024789000000000616 0 1 0.3939393939393939 0.6903553299492385
215 0.002406200000000025 0 0 0.3939393939393939 0.6903553299492385
216 0.002291000000000043 1 1 0.40404040404040403 0.6954314720812182
217 0.0023277000000000436 0 1 0.40404040404040403 0.700507614213198
218 0.0023353999999999875 1 1 0.41414141414141414 0.7055837563451777
219 0.0023052000000000072 0 0 0.41414141414141414 0.7055837563451777
220 0.002469900000000025 0 0 0.41414141414141414 0.7055837563451777
221 0.0023639999999999217 0 0 0.41414141414141414 0.7055837563451777
222 0.002644399999999991 1 1 0.42424242424242425 0.7106598984771574
223 0.0023931999999999842 1 0 0.43434343434343436 0.7106598984771574
224 0.002312299999999934 0 0 0.43434343434343436 0.7106598984771574
225 0.002403800000000067 1 1 0.4444444444444444 0.7157360406091371
226 0.0024508999999999226 0 1 0.4444444444444444 0.7208121827411168
227 0.0024953999999999255 1 0 0.45454545454545453 0.7208121827411168
228 0.0023676999999999726 0 0 0.45454545454545453 0.7208121827411168
229 0.002269900000000047 0 0 0.45454545454545453 0.7208121827411168
230 0.00239849999999997 0 1 0.45454545454545453 0.7258883248730964
231 0.0025998999999999883 0 0 0.45454545454545453 0.7258883248730964
232 0.0027152000000000287 0 0 0.45454545454545453 0.7258883248730964
233 0.0024071999999999427 0 0 0.45454545454545453 0.7258883248730964
234 0.002766500000000005 1 1 0.46464646464646464 0.7309644670050761
235 0.0024112000000000577 0 0 0.46464646464646464 0.7309644670050761
236 0.0025087999999999777 0 0 0.46464646464646464 0.7309644670050761
237 0.0023881999999999515 0 0 0.46464646464646464 0.7309644670050761
238 0.002302699999999991 0 0 0.46464646464646464 0.7309644670050761
239 0.0023178000000000365 0 0 0.46464646464646464 0.7309644670050761
240 0.0024191000000000074 0 0 0.46464646464646464 0.7309644670050761
241 0.0023247999999999047 0 0 0.46464646464646464 0.7309644670050761
242 0.0024517000000000566 0 0 0.46464646464646464 0.7309644670050761
243 0.0023819999999999952 0 0 0.46464646464646464 0.7309644670050761
244 0.0023760000000000447 0 0 0.46464646464646464 0.7309644670050761
245 0.002348300000000081 1 1 0.47474747474747475 0.7360406091370558
246 0.002425899999999981 0 0 0.47474747474747475 0.7360406091370558
247 0.0022683999999999482 0 0 0.47474747474747475 0.7360406091370558
248 0.0024866000000000055 0 0 0.47474747474747475 0.7360406091370558
249 0.0022839000000000054 0 0 0.47474747474747475 0.7360406091370558
250 0.0023577999999999655 0 0 0.47474747474747475 0.7360406091370558
251 0.0024055999999998967 0 0 0.47474747474747475 0.7360406091370558
252 0.002261100000000016 0 0 0.47474747474747475 0.7360406091370558
253 0.002343500000000054 0 0 0.47474747474747475 0.7360406091370558
254 0.0026625999999999594 0 0 0.47474747474747475 0.7360406091370558
255 0.0024775999999999687 0 0 0.47474747474747475 0.7360406091370558
256 0.0025128000000000927 0 0 0.47474747474747475 0.7360406091370558
257 0.0023415999999999437 0 0 0.47474747474747475 0.7360406091370558
258 0.0022529999999999495 1 1 0.48484848484848486 0.7411167512690355
259 0.002569399999999944 0 0 0.48484848484848486 0.7411167512690355
260 0.0024275999999999742 1 1 0.494949494949495 0.7461928934010152
261 0.0024813000000000196 0 0 0.494949494949495 0.7461928934010152
262 0.0025266000000000455 0 0 0.494949494949495 0.7461928934010152
263 0.002440099999999945 0 0 0.494949494949495 0.7461928934010152
264 0.002396100000000012 0 0 0.494949494949495 0.7461928934010152
265 0.0024373000000000866 1 1 0.5050505050505051 0.751269035532995
266 0.002448100000000064 0 0 0.5050505050505051 0.751269035532995
267 0.002340600000000026 0 0 0.5050505050505051 0.751269035532995
268 0.0023916999999999966 0 0 0.5050505050505051 0.751269035532995
269 0.0025754000000000055 0 0 0.5050505050505051 0.751269035532995
270 0.0024327000000000654 0 0 0.5050505050505051 0.751269035532995
271 0.0024399000000000504 1 1 0.5151515151515151 0.7563451776649747
272 0.002552600000000016 0 0 0.5151515151515151 0.7563451776649747
273 0.0033309000000000255 0 0 0.5151515151515151 0.7563451776649747
274 0.0034290000000000154 0 0 0.5151515151515151 0.7563451776649747
275 0.002831800000000051 0 0 0.5151515151515151 0.7563451776649747
276 0.002414499999999986 0 0 0.5151515151515151 0.7563451776649747
277 0.002386200000000005 0 0 0.5151515151515151 0.7563451776649747
278 0.0024148999999999976 0 0 0.5151515151515151 0.7563451776649747
279 0.0026570000000000205 0 0 0.5151515151515151 0.7563451776649747
280 0.0025304000000000437 0 0 0.5151515151515151 0.7563451776649747
281 0.0028743999999999437 0 0 0.5151515151515151 0.7563451776649747
282 0.0024548000000000902 0 0 0.5151515151515151 0.7563451776649747
283 0.002366200000000096 0 0 0.5151515151515151 0.7563451776649747
284 0.0024303999999999437 0 0 0.5151515151515151 0.7563451776649747
285 0.0025800000000000267 1 1 0.5252525252525253 0.7614213197969543
286 0.0025930000000000675 1 1 0.5353535353535354 0.766497461928934
287 0.0023997000000000046 0 0 0.5353535353535354 0.766497461928934
288 0.002781399999999934 1 1 0.5454545454545454 0.7715736040609137
289 0.002705399999999969 1 1 0.5555555555555556 0.7766497461928934
290 0.0026471000000000133 0 0 0.5555555555555556 0.7766497461928934
291 0.0025039000000000033 1 0 0.5656565656565656 0.7766497461928934
292 0.0025564999999999616 0 0 0.5656565656565656 0.7766497461928934
293 0.002771800000000102 0 0 0.5656565656565656 0.7766497461928934
294 0.00226140000000008 0 0 0.5656565656565656 0.7766497461928934
295 0.0023073999999998485 0 0 0.5656565656565656 0.7766497461928934
296 0.002646700000000113 0 0 0.5656565656565656 0.7766497461928934
297 0.002585400000000071 0 0 0.5656565656565656 0.7766497461928934
298 0.0024063999999999197 0 1 0.5656565656565656 0.7817258883248731
299 0.0026239999999999597 0 0 0.5656565656565656 0.7817258883248731
300 0.0023585999999999885 0 0 0.5656565656565656 0.7817258883248731
301 0.0025652999999998816 0 0 0.5656565656565656 0.7817258883248731
302 0.0023693000000000186 0 0 0.5656565656565656 0.7817258883248731
303 0.002762799999999954 1 1 0.5757575757575758 0.7868020304568528
304 0.0027190999999999743 1 1 0.5858585858585859 0.7918781725888325
305 0.0025773000000000046 0 0 0.5858585858585859 0.7918781725888325
306 0.0025311999999999557 0 0 0.5858585858585859 0.7918781725888325
307 0.0025522000000000045 1 1 0.5959595959595959 0.7969543147208121
308 0.00301130000000005 0 0 0.5959595959595959 0.7969543147208121
309 0.002401700000000062 0 0 0.5959595959595959 0.7969543147208121
310 0.0026253000000000526 1 1 0.6060606060606061 0.8020304568527918
311 0.002633099999999944 1 1 0.6161616161616161 0.8071065989847716
312 0.002272300000000005 0 0 0.6161616161616161 0.8071065989847716
313 0.002509899999999954 0 0 0.6161616161616161 0.8071065989847716
314 0.0026289999999999925 0 0 0.6161616161616161 0.8071065989847716
315 0.0025358999999998133 0 0 0.6161616161616161 0.8071065989847716
316 0.002496600000000182 0 0 0.6161616161616161 0.8071065989847716
317 0.0027249999999998664 0 0 0.6161616161616161 0.8071065989847716
318 0.002477399999999852 0 0 0.6161616161616161 0.8071065989847716
319 0.002647300000000019 0 0 0.6161616161616161 0.8071065989847716
320 0.002608600000000072 0 0 0.6161616161616161 0.8071065989847716
321 0.0024770000000000625 0 0 0.6161616161616161 0.8071065989847716
322 0.0026599999999998847 1 0 0.6262626262626263 0.8071065989847716
323 0.0029194000000001274 0 1 0.6262626262626263 0.8121827411167513
324 0.002539000000000069 0 0 0.6262626262626263 0.8121827411167513
325 0.002501400000000098 1 1 0.6363636363636364 0.817258883248731
326 0.0027127999999998487 0 0 0.6363636363636364 0.817258883248731
327 0.0026975000000000193 1 1 0.6464646464646465 0.8223350253807107
328 0.002736899999999931 0 0 0.6464646464646465 0.8223350253807107
329 0.00296379999999985 1 1 0.6565656565656566 0.8274111675126904
330 0.0024665999999999855 0 0 0.6565656565656566 0.8274111675126904
331 0.0024630999999999403 1 0 0.6666666666666666 0.8274111675126904
332 0.0027384000000001407 0 0 0.6666666666666666 0.8274111675126904
333 0.002626699999999982 0 0 0.6666666666666666 0.8274111675126904
334 0.0026074000000000375 1 1 0.6767676767676768 0.8324873096446701
335 0.002566999999999986 0 0 0.6767676767676768 0.8324873096446701
336 0.0032830999999999833 0 0 0.6767676767676768 0.8324873096446701
337 0.00252119999999989 0 0 0.6767676767676768 0.8324873096446701
338 0.002511000000000152 0 1 0.6767676767676768 0.8375634517766497
339 0.0024793999999999095 0 0 0.6767676767676768 0.8375634517766497
340 0.0026181000000000676 0 0 0.6767676767676768 0.8375634517766497
341 0.002665399999999929 0 0 0.6767676767676768 0.8375634517766497
342 0.0026166999999999163 1 1 0.6868686868686869 0.8426395939086294
343 0.002570999999999879 0 0 0.6868686868686869 0.8426395939086294
344 0.002901699999999785 0 0 0.6868686868686869 0.8426395939086294
345 0.002590199999999987 0 0 0.6868686868686869 0.8426395939086294
346 0.002597100000000019 0 0 0.6868686868686869 0.8426395939086294
347 0.002893699999999999 0 0 0.6868686868686869 0.8426395939086294
348 0.00260539999999998 0 0 0.6868686868686869 0.8426395939086294
349 0.0025615000000001054 0 0 0.6868686868686869 0.8426395939086294
350 0.002754999999999841 1 0 0.696969696969697 0.8426395939086294
351 0.0027298000000000044 1 1 0.7070707070707071 0.8477157360406091
352 0.0026076000000001542 0 0 0.7070707070707071 0.8477157360406091
353 0.0027428999999998815 0 0 0.7070707070707071 0.8477157360406091
354 0.002627599999999841 1 1 0.7171717171717171 0.8527918781725888
355 0.0029071000000000513 0 0 0.7171717171717171 0.8527918781725888
356 0.0026994000000000185 0 0 0.7171717171717171 0.8527918781725888
357 0.002754999999999841 0 0 0.7171717171717171 0.8527918781725888
358 0.0029375000000000373 0 0 0.7171717171717171 0.8527918781725888
359 0.002628399999999864 0 0 0.7171717171717171 0.8527918781725888
360 0.0027457999999997984 1 1 0.7272727272727273 0.8578680203045685
361 0.002670799999999973 0 1 0.7272727272727273 0.8629441624365483
362 0.0026700999999997865 0 0 0.7272727272727273 0.8629441624365483
363 0.0027351999999998267 0 0 0.7272727272727273 0.8629441624365483
364 0.0028369999999999784 1 1 0.7373737373737373 0.868020304568528
365 0.002626499999999865 0 0 0.7373737373737373 0.868020304568528
366 0.002564900000000092 0 0 0.7373737373737373 0.868020304568528
367 0.0028234999999998678 1 1 0.7474747474747475 0.8730964467005076
368 0.002584599999999826 1 1 0.7575757575757576 0.8781725888324873
369 0.0026305999999998164 0 0 0.7575757575757576 0.8781725888324873
370 0.0026397000000000226 0 0 0.7575757575757576 0.8781725888324873
371 0.002622700000000089 0 0 0.7575757575757576 0.8781725888324873
372 0.002824099999999996 0 0 0.7575757575757576 0.8781725888324873
373 0.002761900000000095 0 0 0.7575757575757576 0.8781725888324873
374 0.0025362000000002105 0 0 0.7575757575757576 0.8781725888324873
375 0.0027418000000001275 1 1 0.7676767676767676 0.883248730964467
376 0.002642499999999881 0 0 0.7676767676767676 0.883248730964467
377 0.0025805000000000966 0 0 0.7676767676767676 0.883248730964467
378 0.0027306000000000274 1 0 0.7777777777777778 0.883248730964467
379 0.0026433999999999624 0 0 0.7777777777777778 0.883248730964467
380 0.002721900000000055 0 0 0.7777777777777778 0.883248730964467
381 0.002998700000000021 0 1 0.7777777777777778 0.8883248730964467
382 0.002677099999999877 1 1 0.7878787878787878 0.8934010152284264
383 0.0027703999999999507 0 0 0.7878787878787878 0.8934010152284264
384 0.002880899999999853 0 0 0.7878787878787878 0.8934010152284264
385 0.002685899999999908 1 0 0.797979797979798 0.8934010152284264
386 0.0026082000000000605 1 2 0.8080808080808081 0.9035532994923858
387 0.0027544000000001567 1 0 0.8181818181818182 0.9035532994923858
388 0.002634500000000095 0 0 0.8181818181818182 0.9035532994923858
389 0.002657899999999991 0 0 0.8181818181818182 0.9035532994923858
390 0.0027113999999999194 0 0 0.8181818181818182 0.9035532994923858
391 0.0025844000000001532 0 0 0.8181818181818182 0.9035532994923858
392 0.002791300000000163 0 0 0.8181818181818182 0.9035532994923858
393 0.00266999999999995 0 0 0.8181818181818182 0.9035532994923858
394 0.0028551000000001103 0 0 0.8181818181818182 0.9035532994923858
395 0.002800299999999867 0 0 0.8181818181818182 0.9035532994923858
396 0.0026087000000001304 0 0 0.8181818181818182 0.9035532994923858
397 0.0026532999999999696 0 0 0.8181818181818182 0.9035532994923858
398 0.002796099999999857 1 1 0.8282828282828283 0.9086294416243654
399 0.002942499999999848 0 1 0.8282828282828283 0.9137055837563451
400 0.0027756999999999366 1 0 0.8383838383838383 0.9137055837563451
401 0.002600099999999994 1 0 0.8484848484848485 0.9137055837563451
402 0.0025847999999999427 0 1 0.8484848484848485 0.9187817258883249
403 0.002691800000000022 0 0 0.8484848484848485 0.9187817258883249
404 0.002907800000000016 0 0 0.8484848484848485 0.9187817258883249
405 0.002834800000000026 0 0 0.8484848484848485 0.9187817258883249
406 0.0028157000000001986 1 0 0.8585858585858586 0.9187817258883249
407 0.002745200000000114 1 1 0.8686868686868687 0.9238578680203046
408 0.0026298000000000155 1 1 0.8787878787878788 0.9289340101522843
409 0.002848900000000043 0 1 0.8787878787878788 0.934010152284264
410 0.002962000000000131 0 0 0.8787878787878788 0.934010152284264
411 0.002768899999999963 0 0 0.8787878787878788 0.934010152284264
412 0.0027364999999999196 0 0 0.8787878787878788 0.934010152284264
413 0.0027401999999998594 1 1 0.8888888888888888 0.9390862944162437
414 0.0026285000000001446 0 0 0.8888888888888888 0.9390862944162437
415 0.003208600000000006 1 1 0.898989898989899 0.9441624365482234
416 0.0027991000000000543 0 0 0.898989898989899 0.9441624365482234
417 0.002958199999999911 0 1 0.898989898989899 0.949238578680203
418 0.0027756000000001 0 0 0.898989898989899 0.949238578680203
419 0.0028007999999999367 0 0 0.898989898989899 0.949238578680203
420 0.0029740999999998685 0 0 0.898989898989899 0.949238578680203
421 0.0026846999999998733 0 0 0.898989898989899 0.949238578680203
422 0.0026842000000000255 1 1 0.9090909090909091 0.9543147208121827
423 0.00291370000000013 0 0 0.9090909090909091 0.9543147208121827
424 0.0031775000000000553 0 0 0.9090909090909091 0.9543147208121827
425 0.0029250999999999028 0 0 0.9090909090909091 0.9543147208121827
426 0.0030285000000001006 0 0 0.9090909090909091 0.9543147208121827
427 0.0029438999999999993 0 0 0.9090909090909091 0.9543147208121827
428 0.0027732999999998675 0 0 0.9090909090909091 0.9543147208121827
429 0.002889900000000001 0 0 0.9090909090909091 0.9543147208121827
430 0.0031322000000000294 0 0 0.9090909090909091 0.9543147208121827
431 0.0029679000000000233 0 0 0.9090909090909091 0.9543147208121827
432 0.0027677000000001506 0 0 0.9090909090909091 0.9543147208121827
433 0.0031229000000001506 1 1 0.9191919191919192 0.9593908629441624
434 0.003225399999999823 0 0 0.9191919191919192 0.9593908629441624
435 0.0030319999999999236 0 0 0.9191919191919192 0.9593908629441624
436 0.003095799999999871 1 0 0.9292929292929293 0.9593908629441624
437 0.003061699999999945 1 1 0.9393939393939394 0.9644670050761421
438 0.002997200000000033 0 0 0.9393939393939394 0.9644670050761421
439 0.002900300000000078 0 0 0.9393939393939394 0.9644670050761421
440 0.0028916999999999415 0 0 0.9393939393939394 0.9644670050761421
441 0.002734699999999979 0 0 0.9393939393939394 0.9644670050761421
442 0.0030440000000000467 1 1 0.9494949494949495 0.9695431472081218
443 0.003066000000000013 0 0 0.9494949494949495 0.9695431472081218
444 0.003018500000000035 0 0 0.9494949494949495 0.9695431472081218
445 0.0030741000000000795 0 0 0.9494949494949495 0.9695431472081218
446 0.0029882000000001074 0 0 0.9494949494949495 0.9695431472081218
447 0.002896099999999846 0 0 0.9494949494949495 0.9695431472081218
448 0.002907299999999946 0 0 0.9494949494949495 0.9695431472081218
449 0.0027262999999999593 0 0 0.9494949494949495 0.9695431472081218
450 0.0027644 1 0 0.9595959595959596 0.9695431472081218
451 0.0029829000000001216 0 0 0.9595959595959596 0.9695431472081218
452 0.002915599999999907 0 0 0.9595959595959596 0.9695431472081218
453 0.0028850000000000264 0 0 0.9595959595959596 0.9695431472081218
454 0.0029046999999999823 0 0 0.9595959595959596 0.9695431472081218
455 0.0028783000000001113 0 0 0.9595959595959596 0.9695431472081218
456 0.00273879999999993 0 0 0.9595959595959596 0.9695431472081218
457 0.0029770000000000074 0 0 0.9595959595959596 0.9695431472081218
458 0.0030016000000001597 0 0 0.9595959595959596 0.9695431472081218
459 0.002909900000000132 0 0 0.9595959595959596 0.9695431472081218
460 0.0032939000000000718 1 1 0.9696969696969697 0.9746192893401016
461 0.0028615999999999087 0 0 0.9696969696969697 0.9746192893401016
462 0.0028543000000000873 0 0 0.9696969696969697 0.9746192893401016
463 0.002702200000000099 0 0 0.9696969696969697 0.9746192893401016
464 0.002939599999999931 0 0 0.9696969696969697 0.9746192893401016
465 0.002630799999999933 0 0 0.9696969696969697 0.9746192893401016
466 0.00294939999999988 0 1 0.9696969696969697 0.9796954314720813
467 0.0028738000000001485 1 1 0.9797979797979798 0.9847715736040609
468 0.0032252999999999865 0 0 0.9797979797979798 0.9847715736040609
469 0.0029949000000000225 0 0 0.9797979797979798 0.9847715736040609
470 0.002949700000000055 0 0 0.9797979797979798 0.9847715736040609
471 0.0028046999999999933 0 0 0.9797979797979798 0.9847715736040609
472 0.0031239999999999046 0 1 0.9797979797979798 0.9898477157360406
473 0.003041999999999989 0 0 0.9797979797979798 0.9898477157360406
474 0.002762500000000001 1 1 0.98989898989899 0.9949238578680203
475 0.003018000000000187 0 0 0.98989898989899 0.9949238578680203
476 0.004067700000000007 0 0 0.98989898989899 0.9949238578680203
477 0.0030599999999998406 0 0 0.98989898989899 0.9949238578680203
478 0.0027964999999998685 0 0 0.98989898989899 0.9949238578680203
479 0.0032383999999998636 0 0 0.98989898989899 0.9949238578680203
480 0.00310520000000003 0 0 0.98989898989899 0.9949238578680203
481 0.0028327999999999687 0 0 0.98989898989899 0.9949238578680203
482 0.002875799999999984 0 0 0.98989898989899 0.9949238578680203
483 0.002735500000000002 0 0 0.98989898989899 0.9949238578680203
484 0.003077900000000078 0 0 0.98989898989899 0.9949238578680203
485 0.00302939999999996 0 0 0.98989898989899 0.9949238578680203
486 0.003038799999999897 1 1 1.0 1.0
