140 0.2 0.5
1 0.0028235999999999817 1 0 0.007194244604316547 0.5018050541516246
2 0.002811100000000011 1 1 0.014388489208633094 0.5054151624548736
3 0.0027132000000000267 0 0 0.014388489208633094 0.5054151624548736
4 0.002897700000000003 0 0 0.014388489208633094 0.5054151624548736
5 0.0026591000000000253 0 0 0.014388489208633094 0.5054151624548736
6 0.0027770000000000294 0 0 0.014388489208633094 0.5054151624548736
7 0.002834200000000009 0 0 0.014388489208633094 0.5054151624548736
8 0.0027840000000000087 0 0 0.014388489208633094 0.5054151624548736
9 0.002965400000000007 0 0 0.014388489208633094 0.5054151624548736
10 0.0028842000000000034 0 0 0.014388489208633094 0.5054151624548736
11 0.0028671000000000113 0 0 0.014388489208633094 0.5054151624548736
12 0.0028063999999999867 0 0 0.014388489208633094 0.5054151624548736
13 0.0029282000000000474 0 0 0.014388489208633094 0.5054151624548736
14 0.0029113000000000056 1 1 0.02158273381294964 0.5090252707581228
15 0.002917000000000003 0 0 0.02158273381294964 0.5090252707581228
16 0.0028617000000000226 0 0 0.02158273381294964 0.5090252707581228
17 0.00280790000000003 0 0 0.02158273381294964 0.5090252707581228
18 0.0028014000000000094 0 0 0.02158273381294964 0.5090252707581228
19 0.0026533999999999724 0 0 0.02158273381294964 0.5090252707581228
20 0.002641899999999975 0 0 0.02158273381294964 0.5090252707581228
21 0.0027428999999999926 0 0 0.02158273381294964 0.5090252707581228
22 0.002974599999999994 0 0 0.02158273381294964 0.5090252707581228
23 0.0028533999999999504 1 0 0.02877697841726619 0.5090252707581228
24 0.0029330999999999663 0 0 0.02877697841726619 0.5090252707581228
25 0.0030535999999999897 0 0 0.02877697841726619 0.5090252707581228
26 0.002635200000000004 0 0 0.02877697841726619 0.5090252707581228
27 0.0026379999999999737 0 0 0.02877697841726619 0.5090252707581228
28 0.002659200000000028 1 1 0.03597122302158273 0.5126353790613718
29 0.002644499999999994 1 1 0.04316546762589928 0.516245487364621
30 0.002698099999999981 0 0 0.04316546762589928 0.516245487364621
31 0.002653899999999987 0 0 0.04316546762589928 0.516245487364621
32 0.0027585000000000526 0 0 0.04316546762589928 0.516245487364621
33 0.002699600000000024 0 0 0.04316546762589928 0.516245487364621
34 0.0029597000000000095 1 0 0.050359712230215826 0.516245487364621
35 0.002662700000000018 0 0 0.050359712230215826 0.516245487364621
36 0.0026863999999999777 0 0 0.050359712230215826 0.516245487364621
37 0.0026806999999999803 1 1 0.05755395683453238 0.51985559566787
38 0.0026608000000000187 0 1 0.05755395683453238 0.5234657039711191
39 0.0028866999999999643 1 0 0.06474820143884892 0.5234657039711191
40 0.002698099999999981 0 0 0.06474820143884892 0.5234657039711191
41 0.002844000000000013 1 0 0.07194244604316546 0.5234657039711191
42 0.003043100000000021 0 1 0.07194244604316546 0.5270758122743683
43 0.002952699999999975 1 1 0.07913669064748201 0.5306859205776173
44 0.0029422999999999533 0 0 0.07913669064748201 0.5306859205776173
45 0.0029267999999999517 0 0 0.07913669064748201 0.5306859205776173
46 0.0027167000000000163 0 0 0.07913669064748201 0.5306859205776173
47 0.0028012000000000037 1 0 0.08633093525179857 0.5306859205776173
48 0.002779699999999996 1 1 0.09352517985611511 0.5342960288808665
49 0.0027502999999999833 0 0 0.09352517985611511 0.5342960288808665
50 0.0030664000000000247 1 0 0.10071942446043165 0.5342960288808665
51 0.0027054000000000245 0 0 0.10071942446043165 0.5342960288808665
52 0.002890400000000015 1 1 0.1079136690647482 0.5379061371841155
53 0.002722200000000008 0 0 0.1079136690647482 0.5379061371841155
54 0.002815999999999985 0 0 0.1079136690647482 0.5379061371841155
55 0.0027668000000000137 0 0 0.1079136690647482 0.5379061371841155
56 0.0027771999999999797 0 0 0.1079136690647482 0.5379061371841155
57 0.00274000000000002 0 0 0.1079136690647482 0.5379061371841155
58 0.0030069000000000345 0 2 0.1079136690647482 0.5451263537906137
59 0.0027873999999999954 0 0 0.1079136690647482 0.5451263537906137
60 0.00295620000000002 0 0 0.1079136690647482 0.5451263537906137
61 0.0031391000000000058 0 0 0.1079136690647482 0.5451263537906137
62 0.0031628999999999685 1 1 0.11510791366906475 0.5487364620938628
63 0.0031734999999999958 0 0 0.11510791366906475 0.5487364620938628
64 0.0031122000000000094 0 0 0.11510791366906475 0.5487364620938628
65 0.002943499999999988 0 0 0.11510791366906475 0.5487364620938628
66 0.00313380000000002 0 0 0.11510791366906475 0.5487364620938628
67 0.002834200000000009 0 0 0.11510791366906475 0.5487364620938628
68 0.002744899999999939 0 0 0.11510791366906475 0.5487364620938628
69 0.0027940999999999105 0 1 0.11510791366906475 0.5523465703971119
70 0.002762700000000007 1 1 0.1223021582733813 0.555956678700361
71 0.002819600000000033 0 0 0.1223021582733813 0.555956678700361
72 0.0027644 0 0 0.1223021582733813 0.555956678700361
73 0.002743799999999963 0 0 0.1223021582733813 0.555956678700361
74 0.0030986000000000624 1 2 0.12949640287769784 0.5631768953068592
75 0.0027985999999999844 0 0 0.12949640287769784 0.5631768953068592
76 0.002844599999999975 0 0 0.12949640287769784 0.5631768953068592
77 0.002740399999999976 0 0 0.12949640287769784 0.5631768953068592
78 0.003016399999999919 0 0 0.12949640287769784 0.5631768953068592
79 0.0027841999999999034 1 0 0.1366906474820144 0.5631768953068592
80 0.0030767000000000433 0 1 0.1366906474820144 0.5667870036101083
81 0.0028280000000000527 0 0 0.1366906474820144 0.5667870036101083
82 0.0030759000000000203 0 0 0.1366906474820144 0.5667870036101083
83 0.0028072000000000097 1 0 0.14388489208633093 0.5667870036101083
84 0.002986800000000067 0 1 0.14388489208633093 0.5703971119133574
85 0.003158999999999912 0 0 0.14388489208633093 0.5703971119133574
86 0.002864599999999995 0 0 0.14388489208633093 0.5703971119133574
87 0.002829899999999941 0 0 0.14388489208633093 0.5703971119133574
88 0.0028837000000000446 0 0 0.14388489208633093 0.5703971119133574
89 0.0029664000000000357 0 0 0.14388489208633093 0.5703971119133574
90 0.0028164999999999996 0 0 0.14388489208633093 0.5703971119133574
91 0.0030009999999999204 0 0 0.14388489208633093 0.5703971119133574
92 0.003054500000000071 0 0 0.14388489208633093 0.5703971119133574
93 0.0030146999999999258 1 1 0.1510791366906475 0.5740072202166066
94 0.002791000000000099 1 0 0.15827338129496402 0.5740072202166066
95 0.0029330000000000744 1 0 0.16546762589928057 0.5740072202166066
96 0.0028418000000000054 1 0 0.17266187050359713 0.5740072202166066
97 0.002882700000000016 0 0 0.17266187050359713 0.5740072202166066
98 0.0029738000000000264 0 0 0.17266187050359713 0.5740072202166066
99 0.00287740000000003 0 2 0.17266187050359713 0.5812274368231047
100 0.0031186999999999188 0 0 0.17266187050359713 0.5812274368231047
101 0.0031636999999999915 0 1 0.17266187050359713 0.5848375451263538
102 0.0030562000000000644 0 0 0.17266187050359713 0.5848375451263538
103 0.0031303000000000303 0 0 0.17266187050359713 0.5848375451263538
104 0.0031546999999999548 0 0 0.17266187050359713 0.5848375451263538
105 0.003031000000000006 0 0 0.17266187050359713 0.5848375451263538
106 0.0031607000000000163 0 0 0.17266187050359713 0.5848375451263538
107 0.0031434999999999658 0 0 0.17266187050359713 0.5848375451263538
108 0.0031641999999999504 0 0 0.17266187050359713 0.5848375451263538
109 0.003083599999999964 0 0 0.17266187050359713 0.5848375451263538
110 0.00312940000000006 0 0 0.17266187050359713 0.5848375451263538
111 0.0029671000000000003 0 0 0.17266187050359713 0.5848375451263538
112 0.002966499999999983 0 0 0.17266187050359713 0.5848375451263538
113 0.0031819000000000708 0 0 0.17266187050359713 0.5848375451263538
114 0.0031693000000000415 1 1 0.17985611510791366 0.5884476534296029
115 0.0031417999999999724 0 0 0.17985611510791366 0.5884476534296029
116 0.003011299999999939 1 1 0.18705035971223022 0.592057761732852
117 0.0031002999999999448 0 0 0.18705035971223022 0.592057761732852
118 0.0031472000000000167 0 0 0.18705035971223022 0.592057761732852
119 0.00314329999999996 1 0 0.19424460431654678 0.592057761732852
120 0.002986000000000044 0 0 0.19424460431654678 0.592057761732852
121 0.0029831000000000163 0 0 0.19424460431654678 0.592057761732852
122 0.0031954999999999067 0 0 0.19424460431654678 0.592057761732852
123 0.00299079999999996 0 0 0.19424460431654678 0.592057761732852
124 0.0029934999999999823 1 2 0.2014388489208633 0.5992779783393501
125 0.002906999999999993 0 0 0.2014388489208633 0.5992779783393501
126 0.0029431000000000873 0 0 0.2014388489208633 0.5992779783393501
127 0.0032863999999999116 1 1 0.20863309352517986 0.6028880866425993
128 0.0029510999999999843 0 0 0.20863309352517986 0.6028880866425993
129 0.0031609999999999694 0 0 0.20863309352517986 0.6028880866425993
130 0.002928900000000012 0 0 0.20863309352517986 0.6028880866425993
131 0.0030194999999999528 0 0 0.20863309352517986 0.6028880866425993
132 0.002889099999999978 0 0 0.20863309352517986 0.6028880866425993
133 0.002905700000000011 0 0 0.20863309352517986 0.6028880866425993
134 0.0029375000000000373 0 0 0.20863309352517986 0.6028880866425993
135 0.0029749000000000025 0 0 0.20863309352517986 0.6028880866425993
136 0.0030350999999999573 1 0 0.2158273381294964 0.6028880866425993
137 0.0030860999999999805 0 0 0.2158273381294964 0.6028880866425993
138 0.0028985999999999734 0 0 0.2158273381294964 0.6028880866425993
139 0.0030634000000000494 0 0 0.2158273381294964 0.6028880866425993
140 0.0031143999999999616 0 0 0.2158273381294964 0.6028880866425993
141 0.002932900000000016 1 1 0.22302158273381295 0.6064981949458483
142 0.002851300000000001 0 0 0.22302158273381295 0.6064981949458483
143 0.003013099999999991 0 1 0.22302158273381295 0.6101083032490975
144 0.0032638999999999863 0 0 0.22302158273381295 0.6101083032490975
145 0.0031800000000000717 1 1 0.2302158273381295 0.6137184115523465
146 0.003020399999999923 1 0 0.23741007194244604 0.6137184115523465
147 0.005698099999999928 0 0 0.23741007194244604 0.6137184115523465
148 0.0036907000000000467 0 0 0.23741007194244604 0.6137184115523465
149 0.0032954000000000594 1 1 0.2446043165467626 0.6173285198555957
150 0.00339529999999999 1 0 0.2517985611510791 0.6173285198555957
151 0.003231800000000007 0 0 0.2517985611510791 0.6173285198555957
152 0.004275499999999988 0 0 0.2517985611510791 0.6173285198555957
153 0.005793700000000013 0 0 0.2517985611510791 0.6173285198555957
154 0.005886199999999953 0 0 0.2517985611510791 0.6173285198555957
155 0.003146700000000058 0 0 0.2517985611510791 0.6173285198555957
156 0.003250799999999998 0 0 0.2517985611510791 0.6173285198555957
157 0.0032168000000000196 0 0 0.2517985611510791 0.6173285198555957
158 0.003139300000000067 0 0 0.2517985611510791 0.6173285198555957
159 0.0031375000000000153 0 0 0.2517985611510791 0.6173285198555957
160 0.0035168000000000976 0 0 0.2517985611510791 0.6173285198555957
161 0.0030639999999999556 0 0 0.2517985611510791 0.6173285198555957
162 0.00342409999999993 0 0 0.2517985611510791 0.6173285198555957
163 0.003236100000000075 0 0 0.2517985611510791 0.6173285198555957
164 0.0032520000000000326 0 0 0.2517985611510791 0.6173285198555957
165 0.003132099999999971 0 1 0.2517985611510791 0.6209386281588448
166 0.0031499000000000388 0 0 0.2517985611510791 0.6209386281588448
167 0.002928900000000012 0 0 0.2517985611510791 0.6209386281588448
168 0.002930800000000011 0 0 0.2517985611510791 0.6209386281588448
169 0.0029919000000000473 1 0 0.2589928057553957 0.6209386281588448
170 0.003151800000000038 0 0 0.2589928057553957 0.6209386281588448
171 0.0033379000000000048 1 1 0.26618705035971224 0.6245487364620939
172 0.0030708999999999875 0 0 0.26618705035971224 0.6245487364620939
173 0.003062800000000032 0 0 0.26618705035971224 0.6245487364620939
174 0.003136399999999928 1 0 0.2733812949640288 0.6245487364620939
175 0.0028932999999999875 0 1 0.2733812949640288 0.628158844765343
176 0.0029871000000000203 0 0 0.2733812949640288 0.628158844765343
177 0.0033109000000000055 0 0 0.2733812949640288 0.628158844765343
178 0.0032919999999999616 1 3 0.2805755395683453 0.6389891696750902
179 0.0029634000000000604 0 0 0.2805755395683453 0.6389891696750902
180 0.0032535999999999676 0 0 0.2805755395683453 0.6389891696750902
181 0.002979300000000018 0 0 0.2805755395683453 0.6389891696750902
182 0.0033495000000000053 0 0 0.2805755395683453 0.6389891696750902
183 0.003276400000000068 0 0 0.2805755395683453 0.6389891696750902
184 0.0032004999999999395 0 0 0.2805755395683453 0.6389891696750902
185 0.003131300000000059 0 0 0.2805755395683453 0.6389891696750902
186 0.0031327999999999356 0 0 0.2805755395683453 0.6389891696750902
187 0.0029441999999999524 0 0 0.2805755395683453 0.6389891696750902
188 0.0030586000000000224 0 0 0.2805755395683453 0.6389891696750902
189 0.0033642000000000394 0 0 0.2805755395683453 0.6389891696750902
190 0.003217400000000037 0 0 0.2805755395683453 0.6389891696750902
191 0.0029301000000000466 0 0 0.2805755395683453 0.6389891696750902
192 0.0030727000000000393 0 0 0.2805755395683453 0.6389891696750902
193 0.003326199999999946 0 0 0.2805755395683453 0.6389891696750902
194 0.003054000000000001 0 0 0.2805755395683453 0.6389891696750902
195 0.002978200000000042 0 0 0.2805755395683453 0.6389891696750902
196 0.0030736000000000097 0 0 0.2805755395683453 0.6389891696750902
197 0.002967500000000012 0 0 0.2805755395683453 0.6389891696750902
198 0.0029765000000000486 0 0 0.2805755395683453 0.6389891696750902
199 0.0032706999999999598 0 0 0.2805755395683453 0.6389891696750902
200 0.0031324999999999825 1 0 0.28776978417266186 0.6389891696750902
201 0.003269999999999995 0 0 0.28776978417266186 0.6389891696750902
202 0.003209999999999935 1 1 0.2949640287769784 0.6425992779783394
203 0.003363600000000022 0 0 0.2949640287769784 0.6425992779783394
204 0.003092100000000042 0 0 0.2949640287769784 0.6425992779783394
205 0.003006199999999959 1 1 0.302158273381295 0.6462093862815884
206 0.003227599999999997 0 0 0.302158273381295 0.6462093862815884
207 0.00311819999999996 1 0 0.30935251798561153 0.6462093862815884
208 0.00304570000000004 0 0 0.30935251798561153 0.6462093862815884
209 0.0029957000000000455 0 0 0.30935251798561153 0.6462093862815884
210 0.003029400000000071 0 1 0.30935251798561153 0.6498194945848376
211 0.002954699999999977 0 0 0.30935251798561153 0.6498194945848376
212 0.0030082999999999638 0 0 0.30935251798561153 0.6498194945848376
213 0.0030141000000001306 0 0 0.30935251798561153 0.6498194945848376
214 0.0030375000000000263 0 0 0.30935251798561153 0.6498194945848376
215 0.003032099999999982 0 0 0.30935251798561153 0.6498194945848376
216 0.0030725000000000335 0 1 0.30935251798561153 0.6534296028880866
217 0.0030162000000000244 0 0 0.30935251798561153 0.6534296028880866
218 0.003168599999999966 0 0 0.30935251798561153 0.6534296028880866
219 0.0030505999999999034 0 0 0.30935251798561153 0.6534296028880866
220 0.0031898000000001314 1 1 0.31654676258992803 0.6570397111913358
221 0.0030946000000000584 0 0 0.31654676258992803 0.6570397111913358
222 0.0033644999999999925 1 1 0.3237410071942446 0.6606498194945848
223 0.0030297999999999714 0 0 0.3237410071942446 0.6606498194945848
224 0.0032974999999999532 0 0 0.3237410071942446 0.6606498194945848
225 0.0031065999999999594 0 0 0.3237410071942446 0.6606498194945848
226 0.003059600000000051 0 0 0.3237410071942446 0.6606498194945848
227 0.0031830999999999943 1 1 0.33093525179856115 0.6642599277978339
228 0.00321019999999983 0 0 0.33093525179856115 0.6642599277978339
229 0.0031004999999999505 0 0 0.33093525179856115 0.6642599277978339
230 0.003067600000000059 0 0 0.33093525179856115 0.6642599277978339
231 0.00320699999999996 0 0 0.33093525179856115 0.6642599277978339
232 0.00320380000000009 0 0 0.33093525179856115 0.6642599277978339
233 0.0031655999999999906 1 1 0.3381294964028777 0.6678700361010831
234 0.003317699999999979 0 0 0.3381294964028777 0.6678700361010831
235 0.0032151000000000263 0 0 0.3381294964028777 0.6678700361010831
236 0.0031860999999999695 0 0 0.3381294964028777 0.6678700361010831
237 0.0030434999999999768 0 0 0.3381294964028777 0.6678700361010831
238 0.003127600000000008 0 0 0.3381294964028777 0.6678700361010831
239 0.003173100000000151 0 0 0.3381294964028777 0.6678700361010831
240 0.003061900000000062 0 0 0.3381294964028777 0.6678700361010831
241 0.0031394000000000144 0 0 0.3381294964028777 0.6678700361010831
242 0.003164399999999956 0 0 0.3381294964028777 0.6678700361010831
243 0.0033548999999999385 1 1 0.34532374100719426 0.6714801444043321
244 0.003075000000000161 0 0 0.34532374100719426 0.6714801444043321
245 0.0030073999999999934 0 0 0.34532374100719426 0.6714801444043321
246 0.0031506999999999508 0 0 0.34532374100719426 0.6714801444043321
247 0.0030559000000001113 1 1 0.35251798561151076 0.6750902527075813
248 0.0031126999999999683 0 0 0.35251798561151076 0.6750902527075813
249 0.004527900000000029 0 0 0.35251798561151076 0.6750902527075813
250 0.004314299999999882 0 0 0.35251798561151076 0.6750902527075813
251 0.004490300000000058 0 0 0.35251798561151076 0.6750902527075813
252 0.00345020000000007 0 0 0.35251798561151076 0.6750902527075813
253 0.00319259999999999 1 0 0.3597122302158273 0.6750902527075813
254 0.003064399999999967 0 0 0.3597122302158273 0.6750902527075813
255 0.0030904000000000487 0 1 0.3597122302158273 0.6787003610108303
256 0.0030031000000001473 0 0 0.3597122302158273 0.6787003610108303
257 0.003113200000000038 0 0 0.3597122302158273 0.6787003610108303
258 0.0031455999999998596 0 0 0.3597122302158273 0.6787003610108303
259 0.003118800000000199 0 0 0.3597122302158273 0.6787003610108303
260 0.003206000000000042 0 0 0.3597122302158273 0.6787003610108303
261 0.003282000000000007 1 1 0.3669064748201439 0.6823104693140795
262 0.0030919000000000363 0 0 0.3669064748201439 0.6823104693140795
263 0.003394000000000119 0 0 0.3669064748201439 0.6823104693140795
264 0.003367600000000026 1 0 0.37410071942446044 0.6823104693140795
265 0.0032258000000000564 0 0 0.37410071942446044 0.6823104693140795
266 0.003307799999999972 0 0 0.37410071942446044 0.6823104693140795
267 0.003144100000000094 0 0 0.37410071942446044 0.6823104693140795
268 0.0030597000000001096 0 0 0.37410071942446044 0.6823104693140795
269 0.003084599999999993 0 1 0.37410071942446044 0.6859205776173285
270 0.0030232000000001147 0 0 0.37410071942446044 0.6859205776173285
271 0.003094800000000175 0 0 0.37410071942446044 0.6859205776173285
272 0.0030559999999999476 0 0 0.37410071942446044 0.6859205776173285
273 0.00309550000000014 0 0 0.37410071942446044 0.6859205776173285
274 0.0034003000000000227 0 0 0.37410071942446044 0.6859205776173285
275 0.003130199999999972 0 0 0.37410071942446044 0.6859205776173285
276 0.00331159999999997 0 0 0.37410071942446044 0.6859205776173285
277 0.0032183999999999546 0 0 0.37410071942446044 0.6859205776173285
278 0.0033084000000001 1 1 0.381294964028777 0.6895306859205776
279 0.0031474000000000224 0 0 0.381294964028777 0.6895306859205776
280 0.0031950999999998952 0 0 0.381294964028777 0.6895306859205776
281 0.003186700000000098 0 0 0.381294964028777 0.6895306859205776
282 0.0034321999999999964 0 0 0.381294964028777 0.6895306859205776
283 0.0032136000000000386 1 1 0.38848920863309355 0.6931407942238267
284 0.0034845000000001125 0 0 0.38848920863309355 0.6931407942238267
285 0.0034095999999999016 0 0 0.38848920863309355 0.6931407942238267
286 0.0034138000000001334 1 1 0.39568345323741005 0.6967509025270758
287 0.0034473999999999894 0 0 0.39568345323741005 0.6967509025270758
288 0.003317699999999979 0 0 0.39568345323741005 0.6967509025270758
289 0.0034426999999999097 0 0 0.39568345323741005 0.6967509025270758
290 0.0033163000000000498 0 0 0.39568345323741005 0.6967509025270758
291 0.003422500000000106 0 0 0.39568345323741005 0.6967509025270758
292 0.0034189000000000025 0 0 0.39568345323741005 0.6967509025270758
293 0.003440100000000168 0 0 0.39568345323741005 0.6967509025270758
294 0.0032292999999998795 0 0 0.39568345323741005 0.6967509025270758
295 0.0034807000000001143 0 0 0.39568345323741005 0.6967509025270758
296 0.0032798999999998912 1 1 0.4028776978417266 0.7003610108303249
297 0.003207599999999866 0 0 0.4028776978417266 0.7003610108303249
298 0.0032725000000000115 0 0 0.4028776978417266 0.7003610108303249
299 0.0034320000000001016 0 0 0.4028776978417266 0.7003610108303249
300 0.003206000000000042 0 0 0.4028776978417266 0.7003610108303249
301 0.003538799999999842 0 0 0.4028776978417266 0.7003610108303249
302 0.0033631999999998996 0 0 0.4028776978417266 0.7003610108303249
303 0.003065200000000212 0 0 0.4028776978417266 0.7003610108303249
304 0.003385399999999983 0 0 0.4028776978417266 0.7003610108303249
305 0.0030842999999998177 1 1 0.41007194244604317 0.703971119133574
306 0.0031038999999999373 1 1 0.4172661870503597 0.7075812274368231
307 0.003153700000000148 1 0 0.4244604316546763 0.7075812274368231
308 0.0031894999999999563 0 0 0.4244604316546763 0.7075812274368231
309 0.0031197000000000585 1 1 0.4316546762589928 0.7111913357400722
310 0.003184899999999935 0 0 0.4316546762589928 0.7111913357400722
311 0.003111599999999992 0 0 0.4316546762589928 0.7111913357400722
312 0.0031972999999998475 1 0 0.43884892086330934 0.7111913357400722
313 0.003223799999999999 0 0 0.43884892086330934 0.7111913357400722
314 0.0032191999999999776 0 0 0.43884892086330934 0.7111913357400722
315 0.00316279999999991 0 0 0.43884892086330934 0.7111913357400722
316 0.0033226000000001754 0 1 0.43884892086330934 0.7148014440433214
317 0.003381700000000043 0 0 0.43884892086330934 0.7148014440433214
318 0.0034875000000000878 0 0 0.43884892086330934 0.7148014440433214
319 0.003423000000000176 0 1 0.43884892086330934 0.7184115523465704
320 0.0035741000000000245 0 0 0.43884892086330934 0.7184115523465704
321 0.003313399999999911 0 0 0.43884892086330934 0.7184115523465704
322 0.003481199999999962 0 0 0.43884892086330934 0.7184115523465704
323 0.0033919999999998396 0 0 0.43884892086330934 0.7184115523465704
324 0.0033459000000000128 1 0 0.4460431654676259 0.7184115523465704
325 0.003394499999999967 0 0 0.4460431654676259 0.7184115523465704
326 0.003182199999999913 1 1 0.45323741007194246 0.7220216606498195
327 0.003325700000000209 0 0 0.45323741007194246 0.7220216606498195
328 0.0035351000000001243 1 1 0.460431654676259 0.7256317689530686
329 0.003330799999999856 1 1 0.4676258992805755 0.7292418772563177
330 0.0033482000000000234 0 0 0.4676258992805755 0.7292418772563177
331 0.003286800000000145 1 1 0.4748201438848921 0.7328519855595668
332 0.0031529999999999614 0 0 0.4748201438848921 0.7328519855595668
333 0.003322500000000117 1 1 0.48201438848920863 0.7364620938628159
334 0.0032714000000000354 1 1 0.4892086330935252 0.740072202166065
335 0.003250700000000162 0 0 0.4892086330935252 0.740072202166065
336 0.003619000000000039 0 0 0.4892086330935252 0.740072202166065
337 0.0033879999999999466 0 0 0.4892086330935252 0.740072202166065
338 0.003370299999999826 0 0 0.4892086330935252 0.740072202166065
339 0.003620600000000085 0 0 0.4892086330935252 0.740072202166065
340 0.0035680000000000156 0 0 0.4892086330935252 0.740072202166065
341 0.0032489999999998354 0 0 0.4892086330935252 0.740072202166065
342 0.0036042000000000574 0 0 0.4892086330935252 0.740072202166065
343 0.0031778000000000084 0 0 0.4892086330935252 0.740072202166065
344 0.0032304000000000777 0 0 0.4892086330935252 0.740072202166065
345 0.0034970999999999197 0 0 0.4892086330935252 0.740072202166065
346 0.0034058999999999617 0 0 0.4892086330935252 0.740072202166065
347 0.0035445000000000615 0 0 0.4892086330935252 0.740072202166065
348 0.0039991999999999805 0 0 0.4892086330935252 0.740072202166065
349 0.003644100000000039 1 1 0.49640287769784175 0.7436823104693141
350 0.003240099999999968 0 0 0.49640287769784175 0.7436823104693141
351 0.0033066999999999958 0 0 0.49640287769784175 0.7436823104693141
352 0.0032591000000001813 0 0 0.49640287769784175 0.7436823104693141
353 0.0032658000000000964 0 0 0.49640287769784175 0.7436823104693141
354 0.003257399999999855 1 1 0.5035971223021583 0.7472924187725631
355 0.0033842000000001704 0 0 0.5035971223021583 0.7472924187725631
356 0.0032228999999999175 0 0 0.5035971223021583 0.7472924187725631
357 0.0033756999999998705 0 0 0.5035971223021583 0.7472924187725631
358 0.0034402000000000044 0 0 0.5035971223021583 0.7472924187725631
359 0.0033072000000000656 0 0 0.5035971223021583 0.7472924187725631
360 0.003201400000000021 1 1 0.5107913669064749 0.7509025270758123
361 0.0033019000000000798 0 0 0.5107913669064749 0.7509025270758123
362 0.0032296000000000546 0 0 0.5107913669064749 0.7509025270758123
363 0.0033128000000000046 0 0 0.5107913669064749 0.7509025270758123
364 0.003192900000000165 0 0 0.5107913669064749 0.7509025270758123
365 0.003197200000000011 0 0 0.5107913669064749 0.7509025270758123
366 0.0032297999999999494 1 0 0.5179856115107914 0.7509025270758123
367 0.003295300000000001 0 0 0.5179856115107914 0.7509025270758123
368 0.0033399000000000623 1 1 0.5251798561151079 0.7545126353790613
369 0.003470199999999979 0 0 0.5251798561151079 0.7545126353790613
370 0.003381999999999996 0 0 0.5251798561151079 0.7545126353790613
371 0.0034117000000000175 1 1 0.5323741007194245 0.7581227436823105
372 0.0034178000000000264 0 0 0.5323741007194245 0.7581227436823105
373 0.003237199999999829 1 0 0.539568345323741 0.7581227436823105
374 0.003347299999999942 0 0 0.539568345323741 0.7581227436823105
375 0.0036235000000000017 0 0 0.539568345323741 0.7581227436823105
376 0.0033199999999999896 0 0 0.539568345323741 0.7581227436823105
377 0.0032986999999999878 0 0 0.539568345323741 0.7581227436823105
378 0.0033554999999998447 0 0 0.539568345323741 0.7581227436823105
379 0.003628900000000046 0 0 0.539568345323741 0.7581227436823105
380 0.003391299999999875 1 1 0.5467625899280576 0.7617328519855595
381 0.0032991999999998356 0 0 0.5467625899280576 0.7617328519855595
382 0.0034528000000000336 0 0 0.5467625899280576 0.7617328519855595
383 0.003360400000000041 0 0 0.5467625899280576 0.7617328519855595
384 0.0035911000000001803 0 0 0.5467625899280576 0.7617328519855595
385 0.003558200000000067 0 0 0.5467625899280576 0.7617328519855595
386 0.003307799999999972 0 0 0.5467625899280576 0.7617328519855595
387 0.003558299999999903 1 2 0.5539568345323741 0.7689530685920578
388 0.0033530999999999977 0 1 0.5539568345323741 0.7725631768953068
389 0.0034456000000000486 0 0 0.5539568345323741 0.7725631768953068
390 0.0033149000000001205 0 0 0.5539568345323741 0.7725631768953068
391 0.0034218999999999777 1 0 0.5611510791366906 0.7725631768953068
392 0.003710000000000102 0 0 0.5611510791366906 0.7725631768953068
393 0.0032650000000000734 0 0 0.5611510791366906 0.7725631768953068
394 0.0032805000000000195 0 0 0.5611510791366906 0.7725631768953068
395 0.00330459999999988 0 0 0.5611510791366906 0.7725631768953068
396 0.0033239000000000463 0 0 0.5611510791366906 0.7725631768953068
397 0.0034269000000000105 0 0 0.5611510791366906 0.7725631768953068
398 0.0034974999999999312 0 1 0.5611510791366906 0.776173285198556
399 0.0033338000000000534 0 0 0.5611510791366906 0.776173285198556
400 0.0036568000000001266 0 0 0.5611510791366906 0.776173285198556
401 0.0033551999999998916 0 0 0.5611510791366906 0.776173285198556
402 0.003500599999999965 0 0 0.5611510791366906 0.776173285198556
403 0.0036481999999999903 0 0 0.5611510791366906 0.776173285198556
404 0.003673199999999932 0 0 0.5611510791366906 0.776173285198556
405 0.0033779000000000448 0 0 0.5611510791366906 0.776173285198556
406 0.0033199999999999896 1 0 0.5683453237410072 0.776173285198556
407 0.0036658999999998887 0 0 0.5683453237410072 0.776173285198556
408 0.003419799999999862 0 1 0.5683453237410072 0.779783393501805
409 0.0034594999999999487 0 0 0.5683453237410072 0.779783393501805
410 0.0036727999999999206 0 0 0.5683453237410072 0.779783393501805
411 0.003452400000000022 0 0 0.5683453237410072 0.779783393501805
412 0.0036431000000001212 1 0 0.5755395683453237 0.779783393501805
413 0.0033339000000001118 0 0 0.5755395683453237 0.779783393501805
414 0.003600599999999954 0 0 0.5755395683453237 0.779783393501805
415 0.0033852999999999245 0 1 0.5755395683453237 0.7833935018050542
416 0.003519300000000003 1 1 0.5827338129496403 0.7870036101083032
417 0.0034235000000000237 0 0 0.5827338129496403 0.7870036101083032
418 0.003723600000000049 0 0 0.5827338129496403 0.7870036101083032
419 0.0038735999999999216 0 0 0.5827338129496403 0.7870036101083032
420 0.003527600000000186 0 0 0.5827338129496403 0.7870036101083032
421 0.0037191999999999226 0 0 0.5827338129496403 0.7870036101083032
422 0.005111899999999947 0 0 0.5827338129496403 0.7870036101083032
423 0.00368489999999988 1 1 0.5899280575539568 0.7906137184115524
424 0.003752900000000059 0 0 0.5899280575539568 0.7906137184115524
425 0.003492699999999793 0 0 0.5899280575539568 0.7906137184115524
426 0.0034050999999999387 0 0 0.5899280575539568 0.7906137184115524
427 0.003808600000000162 0 0 0.5899280575539568 0.7906137184115524
428 0.0037001999999999313 0 0 0.5899280575539568 0.7906137184115524
429 0.0037655999999999246 0 1 0.5899280575539568 0.7942238267148014
430 0.0035370999999999597 1 1 0.5971223021582733 0.7978339350180506
431 0.003759899999999927 0 0 0.5971223021582733 0.7978339350180506
432 0.003544900000000073 0 0 0.5971223021582733 0.7978339350180506
433 0.003590800000000005 0 0 0.5971223021582733 0.7978339350180506
434 0.0034818000000000904 0 0 0.5971223021582733 0.7978339350180506
435 0.0037099000000000437 0 0 0.5971223021582733 0.7978339350180506
436 0.0035506999999999067 0 0 0.5971223021582733 0.7978339350180506
437 0.003822500000000062 0 0 0.5971223021582733 0.7978339350180506
438 0.0037499000000000837 0 0 0.5971223021582733 0.7978339350180506
439 0.0035458999999999907 0 0 0.5971223021582733 0.7978339350180506
440 0.003799899999999967 0 0 0.5971223021582733 0.7978339350180506
441 0.003583800000000137 0 0 0.5971223021582733 0.7978339350180506
442 0.003497400000000095 0 0 0.5971223021582733 0.7978339350180506
443 0.0037483000000000377 0 0 0.5971223021582733 0.7978339350180506
444 0.0037053000000000225 0 0 0.5971223021582733 0.7978339350180506
445 0.0034404999999999575 0 0 0.5971223021582733 0.7978339350180506
446 0.003609699999999938 0 0 0.5971223021582733 0.7978339350180506
447 0.003740400000000088 0 0 0.5971223021582733 0.7978339350180506
448 0.00373190000000001 1 1 0.60431654676259 0.8014440433212996
449 0.0035139000000001808 0 0 0.60431654676259 0.8014440433212996
450 0.0035825999999998803 0 0 0.60431654676259 0.8014440433212996
451 0.003644699999999945 0 0 0.60431654676259 0.8014440433212996
452 0.0037799999999998946 0 0 0.60431654676259 0.8014440433212996
453 0.0034992000000000356 0 0 0.60431654676259 0.8014440433212996
454 0.003751300000000013 0 0 0.60431654676259 0.8014440433212996
455 0.0035296000000000216 0 0 0.60431654676259 0.8014440433212996
456 0.0037570999999998467 0 0 0.60431654676259 0.8014440433212996
457 0.003641999999999923 0 0 0.60431654676259 0.8014440433212996
458 0.0037899000000001237 0 0 0.60431654676259 0.8014440433212996
459 0.003483000000000125 1 1 0.6115107913669064 0.8050541516245487
460 0.0036761999999999073 0 0 0.6115107913669064 0.8050541516245487
461 0.0037233999999999323 0 0 0.6115107913669064 0.8050541516245487
462 0.0033071000000000073 0 0 0.6115107913669064 0.8050541516245487
463 0.0037503999999999316 0 0 0.6115107913669064 0.8050541516245487
464 0.0035788999999999405 0 0 0.6115107913669064 0.8050541516245487
465 0.0035671999999999926 1 0 0.6187050359712231 0.8050541516245487
466 0.0036890999999998897 0 0 0.6187050359712231 0.8050541516245487
467 0.0035534999999999872 1 1 0.6258992805755396 0.8086642599277978
468 0.003628900000000046 0 0 0.6258992805755396 0.8086642599277978
469 0.0035122000000000764 0 0 0.6258992805755396 0.8086642599277978
470 0.003581499999999904 0 0 0.6258992805755396 0.8086642599277978
471 0.0035884999999999945 0 0 0.6258992805755396 0.8086642599277978
472 0.003747599999999851 0 0 0.6258992805755396 0.8086642599277978
473 0.0037666999999999007 0 0 0.6258992805755396 0.8086642599277978
474 0.0036713999999999913 0 0 0.6258992805755396 0.8086642599277978
475 0.003824700000000014 0 0 0.6258992805755396 0.8086642599277978
476 0.0035450999999999677 0 0 0.6258992805755396 0.8086642599277978
477 0.0034589000000000425 1 0 0.6330935251798561 0.8086642599277978
478 0.003618799999999922 0 0 0.6330935251798561 0.8086642599277978
479 0.003382499999999844 0 0 0.6330935251798561 0.8086642599277978
480 0.0036191000000000972 0 1 0.6330935251798561 0.8122743682310469
481 0.003803099999999837 0 0 0.6330935251798561 0.8122743682310469
482 0.0033449999999999314 0 0 0.6330935251798561 0.8122743682310469
483 0.003351899999999741 0 0 0.6330935251798561 0.8122743682310469
484 0.0034182999999998742 0 0 0.6330935251798561 0.8122743682310469
485 0.003358799999999995 0 0 0.6330935251798561 0.8122743682310469
486 0.0034848000000002877 0 0 0.6330935251798561 0.8122743682310469
487 0.0033463000000000243 0 0 0.6330935251798561 0.8122743682310469
488 0.0034362999999997257 0 0 0.6330935251798561 0.8122743682310469
489 0.0035538999999999987 0 0 0.6330935251798561 0.8122743682310469
490 0.003315800000000202 0 0 0.6330935251798561 0.8122743682310469
491 0.004758100000000098 0 0 0.6330935251798561 0.8122743682310469
492 0.004961200000000332 0 0 0.6330935251798561 0.8122743682310469
493 0.0037824999999998 0 0 0.6330935251798561 0.8122743682310469
494 0.0034303000000002193 0 0 0.6330935251798561 0.8122743682310469
495 0.003526499999999988 0 0 0.6330935251798561 0.8122743682310469
496 0.0034515000000001628 0 0 0.6330935251798561 0.8122743682310469
497 0.0035818999999999157 1 1 0.6402877697841727 0.8158844765342961
498 0.0035058999999999507 0 0 0.6402877697841727 0.8158844765342961
499 0.004645700000000197 0 0 0.6402877697841727 0.8158844765342961
500 0.0048314999999998776 0 0 0.6402877697841727 0.8158844765342961
501 0.0050026999999999155 0 1 0.6402877697841727 0.8194945848375451
502 0.0047695999999999295 0 0 0.6402877697841727 0.8194945848375451
503 0.004803000000000335 1 0 0.6474820143884892 0.8194945848375451
504 0.0034100999999999715 0 0 0.6474820143884892 0.8194945848375451
505 0.00338459999999996 0 0 0.6474820143884892 0.8194945848375451
506 0.0034393999999999814 0 0 0.6474820143884892 0.8194945848375451
507 0.003396599999999861 1 1 0.6546762589928058 0.8231046931407943
508 0.003517199999999665 0 0 0.6546762589928058 0.8231046931407943
509 0.003795799999999794 1 0 0.6618705035971223 0.8231046931407943
510 0.003514000000000017 1 2 0.6690647482014388 0.8303249097472925
511 0.0038355000000001027 1 1 0.6762589928057554 0.8339350180505415
512 0.003491000000000355 0 0 0.6762589928057554 0.8339350180505415
513 0.0037463999999998165 0 0 0.6762589928057554 0.8339350180505415
514 0.0038890999999998677 0 0 0.6762589928057554 0.8339350180505415
515 0.003488599999999842 0 0 0.6762589928057554 0.8339350180505415
516 0.0034347000000001238 1 0 0.6834532374100719 0.8339350180505415
517 0.003650299999999884 1 1 0.6906474820143885 0.8375451263537906
518 0.0035343999999999376 0 0 0.6906474820143885 0.8375451263537906
519 0.0034822999999999382 0 0 0.6906474820143885 0.8375451263537906
520 0.003431899999999821 0 1 0.6906474820143885 0.8411552346570397
521 0.004913399999999957 0 0 0.6906474820143885 0.8411552346570397
522 0.004710599999999676 0 0 0.6906474820143885 0.8411552346570397
523 0.0037444999999998174 0 0 0.6906474820143885 0.8411552346570397
524 0.0036890000000000533 0 0 0.6906474820143885 0.8411552346570397
525 0.0036947000000000507 0 0 0.6906474820143885 0.8411552346570397
526 0.003621199999999991 1 0 0.697841726618705 0.8411552346570397
527 0.0037111999999996925 0 1 0.697841726618705 0.8447653429602888
528 0.0035666000000000864 0 0 0.697841726618705 0.8447653429602888
529 0.003711899999999879 1 1 0.7050359712230215 0.8483754512635379
530 0.0034152000000000626 0 0 0.7050359712230215 0.8483754512635379
531 0.0034599000000001823 0 0 0.7050359712230215 0.8483754512635379
532 0.0034659000000001328 0 0 0.7050359712230215 0.8483754512635379
533 0.0036106000000000193 1 0 0.7122302158273381 0.8483754512635379
534 0.0035434000000003074 0 0 0.7122302158273381 0.8483754512635379
535 0.0035258000000002454 0 1 0.7122302158273381 0.851985559566787
536 0.003483600000000031 0 0 0.7122302158273381 0.851985559566787
537 0.0034103999999999246 0 0 0.7122302158273381 0.851985559566787
538 0.0036583000000001142 0 0 0.7122302158273381 0.851985559566787
539 0.003439300000000145 0 1 0.7122302158273381 0.855595667870036
540 0.0036287000000001512 0 0 0.7122302158273381 0.855595667870036
541 0.003506499999999857 0 0 0.7122302158273381 0.855595667870036
542 0.005311999999999983 0 0 0.7122302158273381 0.855595667870036
543 0.005129800000000184 0 0 0.7122302158273381 0.855595667870036
544 0.005042099999999827 0 0 0.7122302158273381 0.855595667870036
545 0.005258999999999681 0 0 0.7122302158273381 0.855595667870036
546 0.0036805000000001975 0 0 0.7122302158273381 0.855595667870036
547 0.0036122999999999017 0 0 0.7122302158273381 0.855595667870036
548 0.003816900000000345 0 0 0.7122302158273381 0.855595667870036
549 0.003825500000000037 1 1 0.7194244604316546 0.8592057761732852
550 0.0035023000000000692 0 0 0.7194244604316546 0.8592057761732852
551 0.003462999999999994 0 0 0.7194244604316546 0.8592057761732852
552 0.0035440000000002136 0 0 0.7194244604316546 0.8592057761732852
553 0.003460900000000322 0 0 0.7194244604316546 0.8592057761732852
554 0.003556099999999951 0 0 0.7194244604316546 0.8592057761732852
555 0.003925800000000201 1 1 0.7266187050359713 0.8628158844765343
556 0.0035596999999998324 0 0 0.7266187050359713 0.8628158844765343
557 0.0034968000000001886 0 0 0.7266187050359713 0.8628158844765343
558 0.003922300000000156 0 0 0.7266187050359713 0.8628158844765343
559 0.003484099999999657 0 0 0.7266187050359713 0.8628158844765343
560 0.0035074000000001604 0 0 0.7266187050359713 0.8628158844765343
561 0.0036994000000003524 0 0 0.7266187050359713 0.8628158844765343
562 0.003851099999999885 0 0 0.7266187050359713 0.8628158844765343
563 0.0036645000000001815 0 0 0.7266187050359713 0.8628158844765343
564 0.003902300000000025 0 0 0.7266187050359713 0.8628158844765343
565 0.0035305999999999393 0 0 0.7266187050359713 0.8628158844765343
566 0.0036799000000002913 0 0 0.7266187050359713 0.8628158844765343
567 0.0034678999999999682 0 0 0.7266187050359713 0.8628158844765343
568 0.0037400000000000766 0 0 0.7266187050359713 0.8628158844765343
569 0.003503799999999835 1 0 0.7338129496402878 0.8628158844765343
570 0.0036480000000000956 0 0 0.7338129496402878 0.8628158844765343
571 0.003904100000000188 0 1 0.7338129496402878 0.8664259927797834
572 0.003954300000000188 0 0 0.7338129496402878 0.8664259927797834
573 0.003997399999999818 0 0 0.7338129496402878 0.8664259927797834
574 0.004047800000000379 1 1 0.7410071942446043 0.8700361010830325
575 0.004062999999999928 0 0 0.7410071942446043 0.8700361010830325
576 0.003720699999999688 0 0 0.7410071942446043 0.8700361010830325
577 0.003908200000000139 0 0 0.7410071942446043 0.8700361010830325
578 0.0037116999999997624 0 0 0.7410071942446043 0.8700361010830325
579 0.003523799999999966 0 0 0.7410071942446043 0.8700361010830325
580 0.00361020000000023 0 0 0.7410071942446043 0.8700361010830325
581 0.003932199999999941 0 0 0.7410071942446043 0.8700361010830325
582 0.003646799999999839 0 0 0.7410071942446043 0.8700361010830325
583 0.0038320000000000576 0 0 0.7410071942446043 0.8700361010830325
584 0.003490799999999794 0 0 0.7410071942446043 0.8700361010830325
585 0.0036413000000004025 0 0 0.7410071942446043 0.8700361010830325
586 0.003531300000000126 0 0 0.7410071942446043 0.8700361010830325
587 0.0034971000000001418 0 0 0.7410071942446043 0.8700361010830325
588 0.003810000000000091 1 1 0.7482014388489209 0.8736462093862816
589 0.0039341000000003845 0 0 0.7482014388489209 0.8736462093862816
590 0.003734299999999635 0 0 0.7482014388489209 0.8736462093862816
591 0.0038301000000000585 0 0 0.7482014388489209 0.8736462093862816
592 0.0039044999999999774 0 0 0.7482014388489209 0.8736462093862816
593 0.003643300000000238 0 0 0.7482014388489209 0.8736462093862816
594 0.00390680000000021 0 0 0.7482014388489209 0.8736462093862816
595 0.00372539999999999 0 0 0.7482014388489209 0.8736462093862816
596 0.003996499999999958 0 0 0.7482014388489209 0.8736462093862816
597 0.003913999999999973 1 0 0.7553956834532374 0.8736462093862816
598 0.004075400000000062 0 0 0.7553956834532374 0.8736462093862816
599 0.003998999999999864 0 0 0.7553956834532374 0.8736462093862816
600 0.0037788999999999184 0 0 0.7553956834532374 0.8736462093862816
601 0.0035538999999999987 0 0 0.7553956834532374 0.8736462093862816
602 0.0036277000000000115 0 0 0.7553956834532374 0.8736462093862816
603 0.0036090999999998097 1 0 0.762589928057554 0.8736462093862816
604 0.003577399999999731 0 0 0.762589928057554 0.8736462093862816
605 0.00374040000000031 1 1 0.7697841726618705 0.8772563176895307
606 0.003515000000000157 0 0 0.7697841726618705 0.8772563176895307
607 0.003574200000000083 0 0 0.7697841726618705 0.8772563176895307
608 0.0035068999999996464 0 0 0.7697841726618705 0.8772563176895307
609 0.003648099999999932 0 0 0.7697841726618705 0.8772563176895307
610 0.003564400000000134 1 1 0.7769784172661871 0.8808664259927798
611 0.0035546000000001854 0 0 0.7769784172661871 0.8808664259927798
612 0.0036818000000002904 0 0 0.7769784172661871 0.8808664259927798
613 0.0035332999999999615 0 0 0.7769784172661871 0.8808664259927798
614 0.0037164999999999004 0 0 0.7769784172661871 0.8808664259927798
615 0.003587099999999843 0 0 0.7769784172661871 0.8808664259927798
616 0.003635800000000078 0 0 0.7769784172661871 0.8808664259927798
617 0.003486800000000123 0 0 0.7769784172661871 0.8808664259927798
618 0.0036171000000000397 0 0 0.7769784172661871 0.8808664259927798
619 0.0038626999999999967 0 0 0.7769784172661871 0.8808664259927798
620 0.003527300000000011 0 1 0.7769784172661871 0.8844765342960289
621 0.0037706000000001794 0 0 0.7769784172661871 0.8844765342960289
622 0.003611800000000276 0 0 0.7769784172661871 0.8844765342960289
623 0.0037388999999996564 0 1 0.7769784172661871 0.8880866425992779
624 0.003693499999999794 0 0 0.7769784172661871 0.8880866425992779
625 0.0040320000000000356 0 0 0.7769784172661871 0.8880866425992779
626 0.0035522000000001164 0 0 0.7769784172661871 0.8880866425992779
627 0.003589199999999959 0 0 0.7769784172661871 0.8880866425992779
628 0.003561200000000042 0 0 0.7769784172661871 0.8880866425992779
629 0.0035280000000001976 1 0 0.7841726618705036 0.8880866425992779
630 0.003745400000000121 1 1 0.7913669064748201 0.8916967509025271
631 0.003715599999999597 0 0 0.7913669064748201 0.8916967509025271
632 0.0036627000000000187 0 0 0.7913669064748201 0.8916967509025271
633 0.003828900000000246 0 0 0.7913669064748201 0.8916967509025271
634 0.0036410999999998417 1 0 0.7985611510791367 0.8916967509025271
635 0.0036051000000001387 1 1 0.8057553956834532 0.8953068592057761
636 0.003518299999999641 0 0 0.8057553956834532 0.8953068592057761
637 0.0036225999999999203 0 0 0.8057553956834532 0.8953068592057761
638 0.0035631000000000412 0 0 0.8057553956834532 0.8953068592057761
639 0.003588399999999936 0 0 0.8057553956834532 0.8953068592057761
640 0.003687799999999797 0 0 0.8057553956834532 0.8953068592057761
641 0.00349239999999984 1 0 0.8129496402877698 0.8953068592057761
642 0.0036453000000000735 0 0 0.8129496402877698 0.8953068592057761
643 0.0035804999999999865 0 1 0.8129496402877698 0.8989169675090253
644 0.0036348999999997744 1 1 0.8201438848920863 0.9025270758122743
645 0.0035941000000003775 0 0 0.8201438848920863 0.9025270758122743
646 0.003614999999999924 0 1 0.8201438848920863 0.9061371841155235
647 0.0035642000000000174 0 0 0.8201438848920863 0.9061371841155235
648 0.003583299999999845 0 0 0.8201438848920863 0.9061371841155235
649 0.0037376000000000076 1 2 0.8273381294964028 0.9133574007220217
650 0.003634499999999985 0 0 0.8273381294964028 0.9133574007220217
651 0.0037530000000001174 0 0 0.8273381294964028 0.9133574007220217
652 0.0037745999999998503 1 1 0.8345323741007195 0.9169675090252708
653 0.0037055999999999756 0 0 0.8345323741007195 0.9169675090252708
654 0.003788399999999914 1 0 0.841726618705036 0.9169675090252708
655 0.003667099999999923 0 0 0.841726618705036 0.9169675090252708
656 0.0037490999999998387 0 0 0.841726618705036 0.9169675090252708
657 0.0037959999999999106 0 1 0.841726618705036 0.9205776173285198
658 0.003677999999999848 0 0 0.841726618705036 0.9205776173285198
659 0.0037058000000000924 0 0 0.841726618705036 0.9205776173285198
660 0.0036130999999999247 0 0 0.841726618705036 0.9205776173285198
661 0.0037907000000001467 0 0 0.841726618705036 0.9205776173285198
662 0.0037619000000002067 0 0 0.841726618705036 0.9205776173285198
663 0.0036277000000000115 1 0 0.8489208633093526 0.9205776173285198
664 0.003927600000000364 0 0 0.8489208633093526 0.9205776173285198
665 0.004113800000000278 0 0 0.8489208633093526 0.9205776173285198
666 0.003849400000000003 0 0 0.8489208633093526 0.9205776173285198
667 0.0036578999999998807 0 0 0.8489208633093526 0.9205776173285198
668 0.0038192000000001336 0 0 0.8489208633093526 0.9205776173285198
669 0.004317900000000208 0 1 0.8489208633093526 0.924187725631769
670 0.004244700000000101 0 0 0.8489208633093526 0.924187725631769
671 0.003974700000000109 0 0 0.8489208633093526 0.924187725631769
672 0.0039359999999999395 0 0 0.8489208633093526 0.924187725631769
673 0.003987400000000196 0 0 0.8489208633093526 0.924187725631769
674 0.004109100000000421 0 0 0.8489208633093526 0.924187725631769
675 0.003961199999999998 1 0 0.8561151079136691 0.924187725631769
676 0.004020000000000135 0 0 0.8561151079136691 0.924187725631769
677 0.003735000000000266 0 0 0.8561151079136691 0.924187725631769
678 0.003616399999999853 0 1 0.8561151079136691 0.927797833935018
679 0.003791099999999936 0 0 0.8561151079136691 0.927797833935018
680 0.0036703000000000152 0 0 0.8561151079136691 0.927797833935018
681 0.00370410000000021 1 0 0.8633093525179856 0.927797833935018
682 0.003771899999999828 0 0 0.8633093525179856 0.927797833935018
683 0.00406519999999988 1 0 0.8705035971223022 0.927797833935018
684 0.003709199999999857 0 0 0.8705035971223022 0.927797833935018
685 0.0036191999999997115 0 1 0.8705035971223022 0.9314079422382672
686 0.003742299999999865 1 0 0.8776978417266187 0.9314079422382672
687 0.0036322000000001964 0 0 0.8776978417266187 0.9314079422382672
688 0.003672599999999804 0 0 0.8776978417266187 0.9314079422382672
689 0.003743800000000075 0 0 0.8776978417266187 0.9314079422382672
690 0.00408059999999999 0 0 0.8776978417266187 0.9314079422382672
691 0.004133700000000129 0 0 0.8776978417266187 0.9314079422382672
692 0.0038996999999998394 1 1 0.8848920863309353 0.9350180505415162
693 0.003834499999999963 1 1 0.8920863309352518 0.9386281588447654
694 0.00412229999999969 0 0 0.8920863309352518 0.9386281588447654
695 0.003730299999999964 0 0 0.8920863309352518 0.9386281588447654
696 0.003882200000000058 0 0 0.8920863309352518 0.9386281588447654
697 0.003699000000000119 0 1 0.8920863309352518 0.9422382671480144
698 0.00367419999999985 0 0 0.8920863309352518 0.9422382671480144
699 0.0036927000000002153 0 0 0.8920863309352518 0.9422382671480144
700 0.0038301000000000585 0 0 0.8920863309352518 0.9422382671480144
701 0.0037605999999996698 0 0 0.8920863309352518 0.9422382671480144
702 0.0040143999999999735 0 0 0.8920863309352518 0.9422382671480144
703 0.003830799999999801 0 0 0.8920863309352518 0.9422382671480144
704 0.0038322000000001744 0 1 0.8920863309352518 0.9458483754512635
705 0.004051000000000027 1 1 0.8992805755395683 0.9494584837545126
706 0.003815899999999761 0 0 0.8992805755395683 0.9494584837545126
707 0.003907799999999906 0 0 0.8992805755395683 0.9494584837545126
708 0.003703299999999743 0 0 0.8992805755395683 0.9494584837545126
709 0.003679299999999941 0 0 0.8992805755395683 0.9494584837545126
710 0.0036970000000002834 0 0 0.8992805755395683 0.9494584837545126
711 0.003677999999999848 0 0 0.8992805755395683 0.9494584837545126
712 0.003985499999999753 0 0 0.8992805755395683 0.9494584837545126
713 0.0037373000000000545 0 0 0.8992805755395683 0.9494584837545126
714 0.003744100000000028 0 0 0.8992805755395683 0.9494584837545126
715 0.004245099999999891 0 0 0.8992805755395683 0.9494584837545126
716 0.0037586000000002784 0 0 0.8992805755395683 0.9494584837545126
717 0.003676400000000246 0 0 0.8992805755395683 0.9494584837545126
718 0.0036809999999998233 0 0 0.8992805755395683 0.9494584837545126
719 0.0037488000000003296 1 1 0.9064748201438849 0.9530685920577617
720 0.0037207999999999686 1 1 0.9136690647482014 0.9566787003610109
721 0.0038525000000002585 0 0 0.9136690647482014 0.9566787003610109
722 0.0037322999999997997 0 0 0.9136690647482014 0.9566787003610109
723 0.0037635000000002528 0 0 0.9136690647482014 0.9566787003610109
724 0.0041088000000000235 0 0 0.9136690647482014 0.9566787003610109
725 0.004195699999999913 0 0 0.9136690647482014 0.9566787003610109
726 0.0041269000000001554 0 0 0.9136690647482014 0.9566787003610109
727 0.00408810000000015 0 0 0.9136690647482014 0.9566787003610109
728 0.0043335999999998265 0 0 0.9136690647482014 0.9566787003610109
729 0.003805199999999953 0 0 0.9136690647482014 0.9566787003610109
730 0.004062600000000138 1 1 0.920863309352518 0.9602888086642599
731 0.0042536000000001906 0 0 0.920863309352518 0.9602888086642599
732 0.003878999999999966 0 0 0.920863309352518 0.9602888086642599
733 0.004085799999999917 0 0 0.920863309352518 0.9602888086642599
734 0.003788399999999914 0 0 0.920863309352518 0.9602888086642599
735 0.0038735999999999216 0 0 0.920863309352518 0.9602888086642599
736 0.003834499999999963 1 0 0.9280575539568345 0.9602888086642599
737 0.0037536000000000236 0 0 0.9280575539568345 0.9602888086642599
738 0.004230499999999804 0 1 0.9280575539568345 0.9638989169675091
739 0.0037802000000000113 0 0 0.9280575539568345 0.9638989169675091
740 0.004261700000000257 0 0 0.9280575539568345 0.9638989169675091
741 0.004236999999999824 0 0 0.9280575539568345 0.9638989169675091
742 0.00389829999999991 0 0 0.9280575539568345 0.9638989169675091
743 0.003755799999999976 0 0 0.9280575539568345 0.9638989169675091
744 0.003948199999999957 0 0 0.9280575539568345 0.9638989169675091
745 0.0038378000000003354 0 0 0.9280575539568345 0.9638989169675091
746 0.004134799999999661 0 0 0.9280575539568345 0.9638989169675091
747 0.0037901999999996328 0 0 0.9280575539568345 0.9638989169675091
748 0.004034199999999988 0 0 0.9280575539568345 0.9638989169675091
749 0.004222299999999901 0 0 0.9280575539568345 0.9638989169675091
750 0.003862199999999927 0 0 0.9280575539568345 0.9638989169675091
751 0.004150199999999771 1 0 0.935251798561151 0.9638989169675091
752 0.004183599999999732 0 0 0.935251798561151 0.9638989169675091
753 0.003918899999999947 1 1 0.9424460431654677 0.9675090252707581
754 0.004171499999999995 1 0 0.9496402877697842 0.9675090252707581
755 0.003918500000000158 0 0 0.9496402877697842 0.9675090252707581
756 0.004104600000000236 1 2 0.9568345323741008 0.9747292418772563
757 0.003919600000000134 0 0 0.9568345323741008 0.9747292418772563
758 0.004049499999999817 0 0 0.9568345323741008 0.9747292418772563
759 0.004229899999999898 0 0 0.9568345323741008 0.9747292418772563
760 0.004198700000000333 1 1 0.9640287769784173 0.9783393501805054
761 0.004192999999999891 1 0 0.9712230215827338 0.9783393501805054
762 0.004159500000000094 0 0 0.9712230215827338 0.9783393501805054
763 0.004275600000000157 0 0 0.9712230215827338 0.9783393501805054
764 0.004054199999999675 0 0 0.9712230215827338 0.9783393501805054
765 0.00434190000000001 0 1 0.9712230215827338 0.9819494584837545
766 0.0038578999999998587 0 0 0.9712230215827338 0.9819494584837545
767 0.003876099999999827 0 0 0.9712230215827338 0.9819494584837545
768 0.004107799999999884 0 0 0.9712230215827338 0.9819494584837545
769 0.00396339999999995 1 1 0.9784172661870504 0.9855595667870036
770 0.004284499999999802 0 0 0.9784172661870504 0.9855595667870036
771 0.0040053000000002115 0 0 0.9784172661870504 0.9855595667870036
772 0.004008400000000023 0 0 0.9784172661870504 0.9855595667870036
773 0.0043055999999999095 1 0 0.9856115107913669 0.9855595667870036
774 0.0038599999999999746 0 0 0.9856115107913669 0.9855595667870036
775 0.004080400000000317 0 0 0.9856115107913669 0.9855595667870036
776 0.004263899999999765 0 0 0.9856115107913669 0.9855595667870036
777 0.004208600000000118 0 0 0.9856115107913669 0.9855595667870036
778 0.00380540000000007 0 0 0.9856115107913669 0.9855595667870036
779 0.00425349999999991 1 1 0.9928057553956835 0.9891696750902527
780 0.0040776000000000145 1 0 1.0 0.9891696750902527
781 0.004190499999999986 0 1 1.0 0.9927797833935018
782 0.003933500000000034 0 1 1.0 0.9963898916967509
783 0.0038253000000003645 0 0 1.0 0.9963898916967509
784 0.004015900000000183 0 1 1.0 1.0
