80 0.8 0.9
1 0.0016040999999999972 1 0 0.012658227848101266 0.5031847133757962
2 0.0015818999999999972 1 1 0.02531645569620253 0.5095541401273885
3 0.001663899999999996 1 1 0.0379746835443038 0.5159235668789809
4 0.0016922000000000048 1 1 0.05063291139240506 0.5222929936305732
5 0.001583299999999982 0 0 0.05063291139240506 0.5222929936305732
6 0.0017077000000000064 1 1 0.06329113924050633 0.5286624203821656
7 0.001752699999999996 1 1 0.0759493670886076 0.535031847133758
8 0.0017632999999999954 1 1 0.08860759493670886 0.5414012738853503
9 0.0017072000000000198 0 0 0.08860759493670886 0.5414012738853503
10 0.0017309999999999826 1 1 0.10126582278481013 0.5477707006369427
11 0.001656799999999986 1 1 0.11392405063291139 0.554140127388535
12 0.001773700000000017 0 0 0.11392405063291139 0.554140127388535
13 0.0017066999999999777 1 0 0.12658227848101267 0.554140127388535
14 0.0018012000000000028 1 2 0.13924050632911392 0.5668789808917197
15 0.0017931999999999948 1 0 0.1518987341772152 0.5668789808917197
16 0.0018237000000000114 1 1 0.16455696202531644 0.5732484076433121
17 0.001756599999999997 1 1 0.17721518987341772 0.5796178343949044
18 0.0018608999999999987 0 1 0.17721518987341772 0.5859872611464968
19 0.0019365999999999828 1 1 0.189873417721519 0.5923566878980892
20 0.0018529000000000184 1 1 0.20253164556962025 0.5987261146496815
21 0.0018961000000000117 1 1 0.21518987341772153 0.6050955414012739
22 0.0019566000000000028 1 1 0.22784810126582278 0.6114649681528662
23 0.0019557000000000047 1 1 0.24050632911392406 0.6178343949044586
24 0.0018449000000000104 1 1 0.25316455696202533 0.6242038216560509
25 0.002024899999999996 0 0 0.25316455696202533 0.6242038216560509
26 0.0019942000000000015 1 1 0.26582278481012656 0.6305732484076433
27 0.002131899999999992 1 0 0.27848101265822783 0.6305732484076433
28 0.0019187999999999983 0 0 0.27848101265822783 0.6305732484076433
29 0.002128099999999994 1 2 0.2911392405063291 0.643312101910828
30 0.0020286999999999944 0 0 0.2911392405063291 0.643312101910828
31 0.0020232000000000028 1 1 0.3037974683544304 0.6496815286624203
32 0.0019750000000000045 1 1 0.31645569620253167 0.6560509554140127
33 0.002042299999999997 0 0 0.31645569620253167 0.6560509554140127
34 0.0020962999999999954 1 1 0.3291139240506329 0.6624203821656051
35 0.002021099999999998 1 1 0.34177215189873417 0.6687898089171974
36 0.002129800000000015 1 1 0.35443037974683544 0.6751592356687898
37 0.0020040000000000058 1 1 0.3670886075949367 0.6815286624203821
38 0.0020023000000000124 1 1 0.379746835443038 0.6878980891719745
39 0.002148900000000009 1 1 0.3924050632911392 0.6942675159235668
40 0.002023900000000023 0 0 0.3924050632911392 0.6942675159235668
41 0.0021697999999999995 1 1 0.4050632911392405 0.7006369426751592
42 0.0022444000000000353 1 1 0.4177215189873418 0.7070063694267515
43 0.0022473000000000076 1 1 0.43037974683544306 0.7133757961783439
44 0.002154099999999992 1 1 0.4430379746835443 0.7197452229299363
45 0.002080499999999985 1 1 0.45569620253164556 0.7261146496815286
46 0.0022710999999999704 1 1 0.46835443037974683 0.732484076433121
47 0.00217210000000001 1 1 0.4810126582278481 0.7388535031847133
48 0.00209189999999998 0 0 0.4810126582278481 0.7388535031847133
49 0.0023503999999999747 1 1 0.4936708860759494 0.7452229299363057
50 0.00221579999999999 1 1 0.5063291139240507 0.7515923566878981
51 0.0023231999999999697 1 1 0.5189873417721519 0.7579617834394905
52 0.002335099999999979 1 1 0.5316455696202531 0.7643312101910829
53 0.002294699999999983 1 1 0.5443037974683544 0.7707006369426752
54 0.002402200000000021 1 1 0.5569620253164557 0.7770700636942676
55 0.002411300000000005 1 1 0.569620253164557 0.7834394904458599
56 0.0021998000000000295 0 0 0.569620253164557 0.7834394904458599
57 0.0023132999999999626 1 1 0.5822784810126582 0.7898089171974523
58 0.0022364000000000273 1 0 0.5949367088607594 0.7898089171974523
59 0.0025015999999999927 1 1 0.6075949367088608 0.7961783439490446
60 0.002412100000000028 0 1 0.6075949367088608 0.802547770700637
61 0.00239830000000002 1 1 0.620253164556962 0.8089171974522293
62 0.002521599999999957 0 0 0.620253164556962 0.8089171974522293
63 0.002489399999999975 1 1 0.6329113924050633 0.8152866242038217
64 0.002459800000000012 1 1 0.6455696202531646 0.821656050955414
65 0.0025109999999999855 1 1 0.6582278481012658 0.8280254777070064
66 0.00271910000000003 1 1 0.6708860759493671 0.8343949044585988
67 0.0025424 1 1 0.6835443037974683 0.8407643312101911
68 0.0025571000000000343 1 1 0.6962025316455697 0.8471337579617835
69 0.002447699999999997 1 1 0.7088607594936709 0.8535031847133758
70 0.002566299999999966 0 0 0.7088607594936709 0.8535031847133758
71 0.0026511000000000173 1 1 0.7215189873417721 0.8598726114649682
72 0.002728800000000031 0 0 0.7215189873417721 0.8598726114649682
73 0.0025122999999999673 1 1 0.7341772151898734 0.8662420382165605
74 0.0025806999999999913 1 0 0.7468354430379747 0.8662420382165605
75 0.002940200000000004 1 2 0.759493670886076 0.8789808917197452
76 0.003501199999999982 1 1 0.7721518987341772 0.8853503184713376
77 0.002594800000000008 1 1 0.7848101265822784 0.89171974522293
78 0.0028062000000000364 1 1 0.7974683544303798 0.8980891719745223
79 0.002618499999999968 1 1 0.810126582278481 0.9044585987261147
80 0.0025695000000000023 1 0 0.8227848101265823 0.9044585987261147
81 0.0029455999999999927 1 2 0.8354430379746836 0.9171974522292994
82 0.0027436000000000127 1 0 0.8481012658227848 0.9171974522292994
83 0.0026900000000000257 0 0 0.8481012658227848 0.9171974522292994
84 0.0027568000000000037 1 2 0.8607594936708861 0.9299363057324841
85 0.002730200000000016 1 1 0.8734177215189873 0.9363057324840764
86 0.002850599999999981 1 1 0.8860759493670886 0.9426751592356688
87 0.0028943000000000163 1 1 0.8987341772151899 0.9490445859872612
88 0.0027801000000000076 1 1 0.9113924050632911 0.9554140127388535
89 0.0030001000000000055 1 1 0.9240506329113924 0.9617834394904459
90 0.0028869000000000256 1 1 0.9367088607594937 0.9681528662420382
91 0.002720100000000003 0 0 0.9367088607594937 0.9681528662420382
92 0.0030063000000000173 1 1 0.9493670886075949 0.9745222929936306
93 0.0027457000000000176 1 1 0.9620253164556962 0.9808917197452229
94 0.0027135999999999827 0 0 0.9620253164556962 0.9808917197452229
95 0.0028035999999999617 1 1 0.9746835443037974 0.9872611464968153
96 0.0027420999999999696 1 0 0.9873417721518988 0.9872611464968153
97 0.0028207000000000093 1 1 1.0 0.9936305732484076
98 0.00277440000000001 0 1 1.0 1.0
