80 0.6 0.2
1 0.001555899999999999 0 0 0.0 0.5031847133757962
2 0.0016048999999999924 1 0 0.012658227848101266 0.5031847133757962
3 0.0016276000000000068 1 0 0.02531645569620253 0.5031847133757962
4 0.0016603000000000034 1 2 0.0379746835443038 0.5159235668789809
5 0.0015653999999999946 0 0 0.0379746835443038 0.5159235668789809
6 0.0016448000000000018 1 0 0.05063291139240506 0.5159235668789809
7 0.0016496999999999762 0 0 0.05063291139240506 0.5159235668789809
8 0.001648700000000003 1 1 0.06329113924050633 0.5222929936305732
9 0.001633400000000007 0 0 0.06329113924050633 0.5222929936305732
10 0.0021807000000000076 1 1 0.0759493670886076 0.5286624203821656
11 0.0018127999999999755 1 0 0.08860759493670886 0.5286624203821656
12 0.001730499999999996 1 1 0.10126582278481013 0.535031847133758
13 0.0017696999999999852 0 0 0.10126582278481013 0.535031847133758
14 0.0016511999999999916 1 1 0.11392405063291139 0.5414012738853503
15 0.0017551999999999846 1 0 0.12658227848101267 0.5414012738853503
16 0.0017382999999999982 1 0 0.13924050632911392 0.5414012738853503
17 0.001680999999999988 0 1 0.13924050632911392 0.5477707006369427
18 0.0017643999999999993 1 1 0.1518987341772152 0.554140127388535
19 0.001629699999999984 1 0 0.16455696202531644 0.554140127388535
20 0.0017012000000000138 0 0 0.16455696202531644 0.554140127388535
21 0.0017834999999999934 1 0 0.17721518987341772 0.554140127388535
22 0.0018066999999999944 0 1 0.17721518987341772 0.5605095541401274
23 0.0016806000000000043 0 0 0.17721518987341772 0.5605095541401274
24 0.0017527999999999988 0 0 0.17721518987341772 0.5605095541401274
25 0.0017527999999999988 1 1 0.189873417721519 0.5668789808917197
26 0.0016440999999999817 1 0 0.20253164556962025 0.5668789808917197
27 0.001719499999999985 1 0 0.21518987341772153 0.5668789808917197
28 0.001967300000000005 1 2 0.22784810126582278 0.5796178343949044
29 0.0018464999999999732 1 2 0.24050632911392406 0.5923566878980892
30 0.0024157000000000206 0 1 0.24050632911392406 0.5987261146496815
31 0.002524699999999991 1 0 0.25316455696202533 0.5987261146496815
32 0.0018630000000000035 1 1 0.26582278481012656 0.6050955414012739
33 0.0018360000000000043 0 0 0.26582278481012656 0.6050955414012739
34 0.0018021000000000287 0 1 0.26582278481012656 0.6114649681528662
35 0.0019156000000000173 0 0 0.26582278481012656 0.6114649681528662
36 0.002131099999999997 0 0 0.26582278481012656 0.6114649681528662
37 0.0019374000000000335 1 0 0.27848101265822783 0.6114649681528662
38 0.0019052999999999987 1 1 0.2911392405063291 0.6178343949044586
39 0.001731499999999997 1 0 0.3037974683544304 0.6178343949044586
40 0.0026614999999999833 1 1 0.31645569620253167 0.6242038216560509
41 0.0026540999999999926 0 1 0.31645569620253167 0.6305732484076433
42 0.002580099999999974 1 0 0.3291139240506329 0.6305732484076433
43 0.0026633999999999824 0 1 0.3291139240506329 0.6369426751592356
44 0.0023130000000000095 1 1 0.34177215189873417 0.643312101910828
45 0.002541099999999963 1 1 0.35443037974683544 0.6496815286624203
46 0.002501199999999981 1 0 0.3670886075949367 0.6496815286624203
47 0.0025400999999999896 1 0 0.379746835443038 0.6496815286624203
48 0.0027399000000000173 1 0 0.3924050632911392 0.6496815286624203
49 0.002649200000000018 1 2 0.4050632911392405 0.6624203821656051
50 0.002467499999999956 1 2 0.4177215189873418 0.6751592356687898
51 0.0020043000000000144 1 1 0.43037974683544306 0.6815286624203821
52 0.0020869000000000026 1 0 0.4430379746835443 0.6815286624203821
53 0.0019874999999999754 1 1 0.45569620253164556 0.6878980891719745
54 0.0020581999999999545 1 0 0.46835443037974683 0.6878980891719745
55 0.0019380000000000508 0 1 0.46835443037974683 0.6942675159235668
56 0.0021143000000000134 1 1 0.4810126582278481 0.7006369426751592
57 0.0020641999999999605 1 0 0.4936708860759494 0.7006369426751592
58 0.0023163999999999962 1 2 0.5063291139240507 0.7133757961783439
59 0.0023737999999999815 1 1 0.5189873417721519 0.7197452229299363
60 0.0023112000000000132 1 1 0.5316455696202531 0.7261146496815286
61 0.002064100000000013 1 0 0.5443037974683544 0.7261146496815286
62 0.002044900000000016 1 1 0.5569620253164557 0.732484076433121
63 0.002036199999999988 1 1 0.569620253164557 0.7388535031847133
64 0.0022000999999999826 0 0 0.569620253164557 0.7388535031847133
65 0.0022830999999999824 0 0 0.569620253164557 0.7388535031847133
66 0.0020709999999999895 1 2 0.5822784810126582 0.7515923566878981
67 0.002170100000000008 0 0 0.5822784810126582 0.7515923566878981
68 0.0022313999999999945 1 1 0.5949367088607594 0.7579617834394905
69 0.0022220000000000018 1 1 0.6075949367088608 0.7643312101910829
70 0.0022355000000000014 1 0 0.620253164556962 0.7643312101910829
71 0.0022573000000000176 0 0 0.620253164556962 0.7643312101910829
72 0.0022083999999999993 0 1 0.620253164556962 0.7707006369426752
73 0.0021840000000000193 0 1 0.620253164556962 0.7770700636942676
74 0.0022032000000000163 0 0 0.620253164556962 0.7770700636942676
75 0.0020344999999999946 1 0 0.6329113924050633 0.7770700636942676
76 0.00260680000000002 0 1 0.6329113924050633 0.7834394904458599
77 0.002129900000000018 0 1 0.6329113924050633 0.7898089171974523
78 0.0022062999999999944 1 2 0.6455696202531646 0.802547770700637
79 0.002164300000000008 0 0 0.6455696202531646 0.802547770700637
80 0.0021280000000000188 0 0 0.6455696202531646 0.802547770700637
81 0.002209500000000031 1 1 0.6582278481012658 0.8089171974522293
82 0.002497199999999977 0 0 0.6582278481012658 0.8089171974522293
83 0.0020836000000000188 0 0 0.6582278481012658 0.8089171974522293
84 0.002192499999999986 0 0 0.6582278481012658 0.8089171974522293
85 0.0020348000000000033 1 0 0.6708860759493671 0.8089171974522293
86 0.0021607999999999628 1 0 0.6835443037974683 0.8089171974522293
87 0.0022762999999999534 1 1 0.6962025316455697 0.8152866242038217
88 0.0020544000000000118 1 1 0.7088607594936709 0.821656050955414
89 0.002955399999999997 0 0 0.7088607594936709 0.821656050955414
90 0.0034087999999999896 1 0 0.7215189873417721 0.821656050955414
91 0.0021782999999999664 1 0 0.7341772151898734 0.821656050955414
92 0.002236899999999986 1 0 0.7468354430379747 0.821656050955414
93 0.002282900000000032 0 2 0.7468354430379747 0.8343949044585988
94 0.0023436000000000012 1 1 0.759493670886076 0.8407643312101911
95 0.0020532000000000328 0 0 0.759493670886076 0.8407643312101911
96 0.002621299999999993 1 2 0.7721518987341772 0.8535031847133758
97 0.0021918000000000215 1 2 0.7848101265822784 0.8662420382165605
98 0.0022843999999999642 0 0 0.7848101265822784 0.8662420382165605
99 0.0022436000000000123 1 0 0.7974683544303798 0.8662420382165605
100 0.0023516000000000092 1 1 0.810126582278481 0.8726114649681529
101 0.002307099999999951 0 0 0.810126582278481 0.8726114649681529
102 0.0022145999999999555 1 1 0.8227848101265823 0.8789808917197452
103 0.0024603999999999737 1 0 0.8354430379746836 0.8789808917197452
104 0.0022519999999999762 0 1 0.8354430379746836 0.8853503184713376
105 0.0022750999999999744 1 0 0.8481012658227848 0.8853503184713376
106 0.0023813000000000306 1 2 0.8607594936708861 0.8980891719745223
107 0.002297300000000002 1 1 0.8734177215189873 0.9044585987261147
108 0.0023678999999999784 1 2 0.8860759493670886 0.9171974522292994
109 0.002323799999999987 1 1 0.8987341772151899 0.9235668789808917
110 0.0023547999999999902 0 0 0.8987341772151899 0.9235668789808917
111 0.0023648000000000002 1 1 0.9113924050632911 0.9299363057324841
112 0.002258900000000008 1 1 0.9240506329113924 0.9363057324840764
113 0.0024162999999999824 1 2 0.9367088607594937 0.9490445859872612
114 0.0024006000000000305 0 1 0.9367088607594937 0.9554140127388535
115 0.0023648000000000002 1 1 0.9493670886075949 0.9617834394904459
116 0.002527799999999969 1 1 0.9620253164556962 0.9681528662420382
117 0.0026149999999999785 1 0 0.9746835443037974 0.9681528662420382
118 0.0022707999999999617 0 0 0.9746835443037974 0.9681528662420382
119 0.002548600000000012 0 0 0.9746835443037974 0.9681528662420382
120 0.0023779999999999912 1 0 0.9873417721518988 0.9681528662420382
121 0.0025136000000000047 0 0 0.9873417721518988 0.9681528662420382
122 0.0025247999999999937 1 2 1.0 0.9808917197452229
123 0.0026130999999999793 0 0 1.0 0.9808917197452229
124 0.0025623000000000173 0 1 1.0 0.9872611464968153
125 0.002427699999999977 0 0 1.0 0.9872611464968153
126 0.0026053000000000326 0 1 1.0 0.9936305732484076
127 0.002528699999999995 0 0 1.0 0.9936305732484076
128 0.0023980000000000112 0 0 1.0 0.9936305732484076
129 0.0023351000000000344 0 0 1.0 0.9936305732484076
130 0.0026032000000000277 0 1 1.0 1.0
