100 0.5 1.0
1 0.0021144000000000163 1 0 0.010101010101010102 0.5025380710659898
2 0.001982699999999976 0 0 0.010101010101010102 0.5025380710659898
3 0.0019252000000000158 1 1 0.020202020202020204 0.5076142131979695
4 0.002663699999999991 0 0 0.020202020202020204 0.5076142131979695
5 0.0024162999999999824 1 1 0.030303030303030304 0.5126903553299492
6 0.002670699999999998 0 0 0.030303030303030304 0.5126903553299492
7 0.002715499999999982 0 0 0.030303030303030304 0.5126903553299492
8 0.002763500000000002 1 1 0.04040404040404041 0.5177664974619289
9 0.002800700000000017 0 0 0.04040404040404041 0.5177664974619289
10 0.002784299999999962 1 1 0.050505050505050504 0.5228426395939086
11 0.002832200000000007 0 0 0.050505050505050504 0.5228426395939086
12 0.0020354000000000205 0 0 0.050505050505050504 0.5228426395939086
13 0.002168100000000006 0 0 0.050505050505050504 0.5228426395939086
14 0.0019657000000000147 0 0 0.050505050505050504 0.5228426395939086
15 0.0021235000000000004 1 1 0.06060606060606061 0.5279187817258884
16 0.0020739000000000174 1 1 0.0707070707070707 0.5329949238578681
17 0.0020365999999999995 0 0 0.0707070707070707 0.5329949238578681
18 0.0020666000000000295 1 1 0.08080808080808081 0.5380710659898477
19 0.0023616999999999666 1 1 0.09090909090909091 0.5431472081218274
20 0.0023111000000000104 0 0 0.09090909090909091 0.5431472081218274
21 0.003945399999999988 0 0 0.09090909090909091 0.5431472081218274
22 0.002097799999999983 1 1 0.10101010101010101 0.5482233502538071
23 0.002178499999999972 1 1 0.1111111111111111 0.5532994923857868
24 0.0020938000000000345 0 0 0.1111111111111111 0.5532994923857868
25 0.002208999999999961 0 0 0.1111111111111111 0.5532994923857868
26 0.0022392999999999996 1 1 0.12121212121212122 0.5583756345177665
27 0.0021755999999999998 1 1 0.13131313131313133 0.5634517766497462
28 0.002401000000000042 1 1 0.1414141414141414 0.5685279187817259
29 0.0022100999999999926 1 1 0.15151515151515152 0.5736040609137056
30 0.0022667000000000104 0 0 0.15151515151515152 0.5736040609137056
31 0.002170200000000011 0 0 0.15151515151515152 0.5736040609137056
32 0.0023272000000000292 0 0 0.15151515151515152 0.5736040609137056
33 0.0021093999999999835 0 0 0.15151515151515152 0.5736040609137056
34 0.0022001999999999855 0 0 0.15151515151515152 0.5736040609137056
35 0.0021697999999999995 0 0 0.15151515151515152 0.5736040609137056
36 0.0021880000000000233 1 1 0.16161616161616163 0.5786802030456852
37 0.002772500000000011 0 0 0.16161616161616163 0.5786802030456852
38 0.0032738999999999963 0 0 0.16161616161616163 0.5786802030456852
39 0.002563300000000046 0 0 0.16161616161616163 0.5786802030456852
40 0.0023540000000000227 0 0 0.16161616161616163 0.5786802030456852
41 0.002247499999999958 0 0 0.16161616161616163 0.5786802030456852
42 0.0022123000000000004 1 1 0.1717171717171717 0.583756345177665
43 0.002408200000000027 1 1 0.18181818181818182 0.5888324873096447
44 0.002220500000000014 1 1 0.1919191919191919 0.5939086294416244
45 0.0023327999999999682 1 1 0.20202020202020202 0.5989847715736041
46 0.0025559 1 1 0.21212121212121213 0.6040609137055838
47 0.0022780000000000022 0 0 0.21212121212121213 0.6040609137055838
48 0.002294200000000024 1 1 0.2222222222222222 0.6091370558375635
49 0.0024448000000000247 0 0 0.2222222222222222 0.6091370558375635
50 0.002241700000000013 1 1 0.23232323232323232 0.6142131979695431
51 0.0023852000000000317 0 0 0.23232323232323232 0.6142131979695431
52 0.002334199999999953 1 1 0.24242424242424243 0.6192893401015228
53 0.0022229000000000276 1 1 0.25252525252525254 0.6243654822335025
54 0.0030969000000000135 1 1 0.26262626262626265 0.6294416243654822
55 0.002511399999999997 0 0 0.26262626262626265 0.6294416243654822
56 0.002568299999999968 1 1 0.2727272727272727 0.6345177664974619
57 0.0024918999999999913 0 0 0.2727272727272727 0.6345177664974619
58 0.0023957000000000006 1 1 0.2828282828282828 0.6395939086294417
59 0.002452600000000027 0 0 0.2828282828282828 0.6395939086294417
60 0.0026576000000000377 1 1 0.29292929292929293 0.6446700507614214
61 0.0023007000000000444 0 0 0.29292929292929293 0.6446700507614214
62 0.002474099999999979 1 1 0.30303030303030304 0.649746192893401
63 0.0024372000000000282 0 0 0.30303030303030304 0.649746192893401
64 0.002735199999999993 0 0 0.30303030303030304 0.649746192893401
65 0.0024784999999999946 1 1 0.31313131313131315 0.6548223350253807
66 0.0025553999999999855 1 1 0.32323232323232326 0.6598984771573604
67 0.0027202999999999533 0 0 0.32323232323232326 0.6598984771573604
68 0.0025493999999999795 0 0 0.32323232323232326 0.6598984771573604
69 0.002428700000000006 1 1 0.3333333333333333 0.6649746192893401
70 0.002601999999999993 0 0 0.3333333333333333 0.6649746192893401
71 0.002543300000000026 0 0 0.3333333333333333 0.6649746192893401
72 0.002599100000000021 1 1 0.3434343434343434 0.6700507614213198
73 0.0026238000000000095 1 1 0.35353535353535354 0.6751269035532995
74 0.0024756999999999696 1 1 0.36363636363636365 0.6802030456852792
75 0.0026500999999999886 1 1 0.37373737373737376 0.6852791878172588
76 0.0025020000000000042 1 1 0.3838383838383838 0.6903553299492385
77 0.0025046000000000235 1 1 0.3939393939393939 0.6954314720812182
78 0.0025147999999999837 0 0 0.3939393939393939 0.6954314720812182
79 0.0025216000000000127 0 0 0.3939393939393939 0.6954314720812182
80 0.0024848000000000092 0 0 0.3939393939393939 0.6954314720812182
81 0.002338099999999954 0 0 0.3939393939393939 0.6954314720812182
82 0.002590900000000007 0 0 0.3939393939393939 0.6954314720812182
83 0.002597199999999966 1 1 0.40404040404040403 0.700507614213198
84 0.0026743000000000183 1 1 0.41414141414141414 0.7055837563451777
85 0.0025393999999999695 0 0 0.41414141414141414 0.7055837563451777
86 0.0026978999999999753 1 1 0.42424242424242425 0.7106598984771574
87 0.0026494999999999713 1 1 0.43434343434343436 0.7157360406091371
88 0.002696099999999979 1 1 0.4444444444444444 0.7208121827411168
89 0.0030968000000000107 0 0 0.4444444444444444 0.7208121827411168
90 0.002582799999999996 0 0 0.4444444444444444 0.7208121827411168
91 0.0031654999999999878 1 1 0.45454545454545453 0.7258883248730964
92 0.0025371000000000143 0 0 0.45454545454545453 0.7258883248730964
93 0.002779099999999979 1 1 0.46464646464646464 0.7309644670050761
94 0.002578899999999995 0 0 0.46464646464646464 0.7309644670050761
95 0.002804299999999982 0 0 0.46464646464646464 0.7309644670050761
96 0.002546400000000004 0 0 0.46464646464646464 0.7309644670050761
97 0.004699899999999979 1 1 0.47474747474747475 0.7360406091370558
98 0.0029707999999999957 1 1 0.48484848484848486 0.7411167512690355
99 0.003608200000000006 0 0 0.48484848484848486 0.7411167512690355
100 0.0038975999999999456 1 1 0.494949494949495 0.7461928934010152
101 0.003526500000000099 1 1 0.5050505050505051 0.751269035532995
102 0.0028573000000000626 1 1 0.5151515151515151 0.7563451776649747
103 0.002657699999999985 1 1 0.5252525252525253 0.7614213197969543
104 0.0027068999999999566 1 1 0.5353535353535354 0.766497461928934
105 0.002966699999999989 1 1 0.5454545454545454 0.7715736040609137
106 0.002740600000000093 0 0 0.5454545454545454 0.7715736040609137
107 0.002907800000000016 0 0 0.5454545454545454 0.7715736040609137
108 0.002809899999999921 1 1 0.5555555555555556 0.7766497461928934
109 0.002893699999999999 1 1 0.5656565656565656 0.7817258883248731
110 0.0032282000000000144 0 0 0.5656565656565656 0.7817258883248731
111 0.002900400000000025 0 0 0.5656565656565656 0.7817258883248731
112 0.003398799999999924 0 0 0.5656565656565656 0.7817258883248731
113 0.0029066000000000924 0 0 0.5656565656565656 0.7817258883248731
114 0.002962499999999979 1 1 0.5757575757575758 0.7868020304568528
115 0.002989200000000025 1 1 0.5858585858585859 0.7918781725888325
116 0.0026735000000001063 0 0 0.5858585858585859 0.7918781725888325
117 0.00292110000000001 0 0 0.5858585858585859 0.7918781725888325
118 0.002820399999999945 0 0 0.5858585858585859 0.7918781725888325
119 0.0030354000000000214 1 1 0.5959595959595959 0.7969543147208121
120 0.0027447999999999917 1 1 0.6060606060606061 0.8020304568527918
121 0.0026806999999999803 0 0 0.6060606060606061 0.8020304568527918
122 0.00296059999999998 1 1 0.6161616161616161 0.8071065989847716
123 0.003328099999999945 1 1 0.6262626262626263 0.8121827411167513
124 0.002954700000000088 0 0 0.6262626262626263 0.8121827411167513
125 0.0030194000000000054 0 0 0.6262626262626263 0.8121827411167513
126 0.003132899999999994 1 1 0.6363636363636364 0.817258883248731
127 0.0027700999999999976 1 1 0.6464646464646465 0.8223350253807107
128 0.003875000000000073 0 0 0.6464646464646465 0.8223350253807107
129 0.0038323000000000107 0 0 0.6464646464646465 0.8223350253807107
130 0.0035792000000000046 0 0 0.6464646464646465 0.8223350253807107
131 0.004059900000000005 1 1 0.6565656565656566 0.8274111675126904
132 0.0027852999999999906 0 0 0.6565656565656566 0.8274111675126904
133 0.0032495000000000163 0 0 0.6565656565656566 0.8274111675126904
134 0.0030258000000000784 0 0 0.6565656565656566 0.8274111675126904
135 0.002852100000000024 0 0 0.6565656565656566 0.8274111675126904
136 0.002962699999999985 1 1 0.6666666666666666 0.8324873096446701
137 0.004526799999999942 0 0 0.6666666666666666 0.8324873096446701
138 0.0032085000000000585 0 0 0.6666666666666666 0.8324873096446701
139 0.0027589000000000086 1 1 0.6767676767676768 0.8375634517766497
140 0.0030399999999999316 0 0 0.6767676767676768 0.8375634517766497
141 0.0029231000000000673 1 1 0.6868686868686869 0.8426395939086294
142 0.0039871999999999685 0 0 0.6868686868686869 0.8426395939086294
143 0.004363299999999959 0 0 0.6868686868686869 0.8426395939086294
144 0.004036200000000045 0 0 0.6868686868686869 0.8426395939086294
145 0.004098700000000011 1 1 0.696969696969697 0.8477157360406091
146 0.003841700000000059 0 0 0.696969696969697 0.8477157360406091
147 0.0029415000000000413 0 0 0.696969696969697 0.8477157360406091
148 0.002992600000000012 0 0 0.696969696969697 0.8477157360406091
149 0.0029719999999999747 0 0 0.696969696969697 0.8477157360406091
150 0.0029281000000001 0 0 0.696969696969697 0.8477157360406091
151 0.002886500000000014 1 1 0.7070707070707071 0.8527918781725888
152 0.003026799999999996 1 1 0.7171717171717171 0.8578680203045685
153 0.0028745999999999494 1 1 0.7272727272727273 0.8629441624365483
154 0.0030569999999999764 0 0 0.7272727272727273 0.8629441624365483
155 0.0032010999999999568 1 1 0.7373737373737373 0.868020304568528
156 0.0030162000000000244 1 1 0.7474747474747475 0.8730964467005076
157 0.002960900000000044 0 0 0.7474747474747475 0.8730964467005076
158 0.004412599999999989 0 0 0.7474747474747475 0.8730964467005076
159 0.004255600000000026 1 1 0.7575757575757576 0.8781725888324873
160 0.004303500000000016 1 1 0.7676767676767676 0.883248730964467
161 0.004133799999999965 0 0 0.7676767676767676 0.883248730964467
162 0.0037437000000000165 1 1 0.7777777777777778 0.8883248730964467
163 0.003574500000000036 0 0 0.7777777777777778 0.8883248730964467
164 0.002980399999999994 1 1 0.7878787878787878 0.8934010152284264
165 0.0031265999999999794 0 0 0.7878787878787878 0.8934010152284264
166 0.003267800000000043 1 1 0.797979797979798 0.8984771573604061
167 0.0030428999999999595 0 0 0.797979797979798 0.8984771573604061
168 0.0029409999999999714 0 0 0.797979797979798 0.8984771573604061
169 0.003263000000000016 1 1 0.8080808080808081 0.9035532994923858
170 0.0030177999999999594 0 0 0.8080808080808081 0.9035532994923858
171 0.003656900000000074 1 1 0.8181818181818182 0.9086294416243654
172 0.003220400000000012 1 1 0.8282828282828283 0.9137055837563451
173 0.003098500000000004 1 1 0.8383838383838383 0.9187817258883249
174 0.0033053000000000665 1 1 0.8484848484848485 0.9238578680203046
175 0.0031015000000000903 0 0 0.8484848484848485 0.9238578680203046
176 0.0032463000000000353 0 0 0.8484848484848485 0.9238578680203046
177 0.0032144000000000617 0 0 0.8484848484848485 0.9238578680203046
178 0.0033644999999999925 1 1 0.8585858585858586 0.9289340101522843
179 0.00427909999999998 0 0 0.8585858585858586 0.9289340101522843
180 0.003149200000000074 0 0 0.8585858585858586 0.9289340101522843
181 0.0033355000000000468 0 0 0.8585858585858586 0.9289340101522843
182 0.004165299999999927 0 0 0.8585858585858586 0.9289340101522843
183 0.004334500000000019 0 0 0.8585858585858586 0.9289340101522843
184 0.004838700000000085 0 0 0.8585858585858586 0.9289340101522843
185 0.0033256000000000396 0 0 0.8585858585858586 0.9289340101522843
186 0.003197700000000081 0 0 0.8585858585858586 0.9289340101522843
187 0.0034845000000000015 1 1 0.8686868686868687 0.934010152284264
188 0.003212899999999963 1 1 0.8787878787878788 0.9390862944162437
189 0.003151800000000038 0 0 0.8787878787878788 0.9390862944162437
190 0.0031831999999999416 1 1 0.8888888888888888 0.9441624365482234
191 0.00314380000000003 1 1 0.898989898989899 0.949238578680203
192 0.0031071000000000293 0 0 0.898989898989899 0.949238578680203
193 0.0030369999999999564 0 0 0.898989898989899 0.949238578680203
194 0.003372900000000012 0 0 0.898989898989899 0.949238578680203
195 0.0036810999999999927 1 1 0.9090909090909091 0.9543147208121827
196 0.0035142999999999702 0 0 0.9090909090909091 0.9543147208121827
197 0.003893200000000041 1 1 0.9191919191919192 0.9593908629441624
198 0.0034003000000000227 1 1 0.9292929292929293 0.9644670050761421
199 0.0032428999999999375 0 0 0.9292929292929293 0.9644670050761421
200 0.0030377999999999794 0 0 0.9292929292929293 0.9644670050761421
201 0.0032936000000000076 1 1 0.9393939393939394 0.9695431472081218
202 0.0033635000000000748 1 1 0.9494949494949495 0.9746192893401016
203 0.0032259000000000038 0 0 0.9494949494949495 0.9746192893401016
204 0.003660400000000008 1 1 0.9595959595959596 0.9796954314720813
205 0.003299799999999964 1 1 0.9696969696969697 0.9847715736040609
206 0.0044912000000000285 0 0 0.9696969696969697 0.9847715736040609
207 0.004592299999999994 1 1 0.9797979797979798 0.9898477157360406
208 0.004772100000000057 1 1 0.98989898989899 0.9949238578680203
209 0.0046292 0 0 0.98989898989899 0.9949238578680203
210 0.004387799999999942 0 0 0.98989898989899 0.9949238578680203
211 0.004473799999999972 0 0 0.98989898989899 0.9949238578680203
212 0.004389700000000052 0 0 0.98989898989899 0.9949238578680203
213 0.004583800000000027 0 0 0.98989898989899 0.9949238578680203
214 0.0034062999999999732 0 0 0.98989898989899 0.9949238578680203
215 0.0033632000000000106 1 1 1.0 1.0
