125 0.2 0.9
1 0.0037668000000000146 0 0 0.0 0.5020242914979757
2 0.002845399999999998 0 0 0.0 0.5020242914979757
3 0.002725299999999986 0 0 0.0 0.5020242914979757
4 0.0030801999999999774 1 0 0.008064516129032258 0.5020242914979757
5 0.00273490000000004 0 0 0.008064516129032258 0.5020242914979757
6 0.002451800000000004 0 0 0.008064516129032258 0.5020242914979757
7 0.003078800000000048 1 1 0.016129032258064516 0.5060728744939271
8 0.0027852999999999906 0 0 0.016129032258064516 0.5060728744939271
9 0.0027401999999999704 0 0 0.016129032258064516 0.5060728744939271
10 0.0025531999999999777 0 0 0.016129032258064516 0.5060728744939271
11 0.0029283999999999977 0 0 0.016129032258064516 0.5060728744939271
12 0.0025374999999999703 0 0 0.016129032258064516 0.5060728744939271
13 0.0026552999999999716 0 0 0.016129032258064516 0.5060728744939271
14 0.0037204000000000126 0 0 0.016129032258064516 0.5060728744939271
15 0.0029405000000000125 0 0 0.016129032258064516 0.5060728744939271
16 0.002492300000000003 0 0 0.016129032258064516 0.5060728744939271
17 0.0026186000000000265 0 0 0.016129032258064516 0.5060728744939271
18 0.002912899999999996 0 0 0.016129032258064516 0.5060728744939271
19 0.002588900000000005 0 0 0.016129032258064516 0.5060728744939271
20 0.0024566999999999783 0 0 0.016129032258064516 0.5060728744939271
21 0.0023719999999999852 0 0 0.016129032258064516 0.5060728744939271
22 0.0029627000000000403 1 1 0.024193548387096774 0.5101214574898786
23 0.002419799999999972 0 0 0.024193548387096774 0.5101214574898786
24 0.002534700000000001 1 1 0.03225806451612903 0.5141700404858299
25 0.003033700000000028 0 0 0.03225806451612903 0.5141700404858299
26 0.0026046000000000125 0 0 0.03225806451612903 0.5141700404858299
27 0.002930299999999997 0 0 0.03225806451612903 0.5141700404858299
28 0.0024199000000000304 0 0 0.03225806451612903 0.5141700404858299
29 0.002720800000000023 0 0 0.03225806451612903 0.5141700404858299
30 0.002928199999999992 0 0 0.03225806451612903 0.5141700404858299
31 0.0032426999999999873 0 0 0.03225806451612903 0.5141700404858299
32 0.00268980000000002 0 0 0.03225806451612903 0.5141700404858299
33 0.002673700000000001 1 1 0.04032258064516129 0.5182186234817814
34 0.00302990000000003 0 0 0.04032258064516129 0.5182186234817814
35 0.002882999999999969 1 1 0.04838709677419355 0.5222672064777328
36 0.0024755000000000194 0 0 0.04838709677419355 0.5222672064777328
37 0.0025577000000000516 0 0 0.04838709677419355 0.5222672064777328
38 0.002765099999999965 0 0 0.04838709677419355 0.5222672064777328
39 0.002458700000000036 0 0 0.04838709677419355 0.5222672064777328
40 0.0025717999999999575 0 0 0.04838709677419355 0.5222672064777328
41 0.002981200000000017 0 0 0.04838709677419355 0.5222672064777328
42 0.0031481000000000425 0 0 0.04838709677419355 0.5222672064777328
43 0.002568799999999982 1 0 0.056451612903225805 0.5222672064777328
44 0.002404300000000026 1 1 0.06451612903225806 0.5263157894736842
45 0.0030290999999999513 0 0 0.06451612903225806 0.5263157894736842
46 0.002659400000000034 0 1 0.06451612903225806 0.5303643724696356
47 0.002778999999999976 1 1 0.07258064516129033 0.5344129554655871
48 0.002409300000000003 0 0 0.07258064516129033 0.5344129554655871
49 0.0027580999999999856 0 0 0.07258064516129033 0.5344129554655871
50 0.0025777999999999635 0 0 0.07258064516129033 0.5344129554655871
51 0.002666500000000016 1 1 0.08064516129032258 0.5384615384615384
52 0.0032430999999999988 0 0 0.08064516129032258 0.5384615384615384
53 0.003299300000000005 0 0 0.08064516129032258 0.5384615384615384
54 0.0025754000000000055 0 0 0.08064516129032258 0.5384615384615384
55 0.002638699999999994 1 0 0.08870967741935484 0.5384615384615384
56 0.0029914999999999803 1 2 0.0967741935483871 0.5465587044534413
57 0.003651200000000021 0 0 0.0967741935483871 0.5465587044534413
58 0.003935699999999986 1 1 0.10483870967741936 0.5506072874493927
59 0.00268560000000001 0 0 0.10483870967741936 0.5506072874493927
60 0.003136799999999995 0 0 0.10483870967741936 0.5506072874493927
61 0.002893699999999999 1 1 0.11290322580645161 0.5546558704453441
62 0.002852400000000088 0 0 0.11290322580645161 0.5546558704453441
63 0.002708300000000108 1 1 0.12096774193548387 0.5587044534412956
64 0.0030453000000000285 0 0 0.12096774193548387 0.5587044534412956
65 0.0028383000000000713 0 0 0.12096774193548387 0.5587044534412956
66 0.0027969999999999384 0 0 0.12096774193548387 0.5587044534412956
67 0.002930999999999906 0 0 0.12096774193548387 0.5587044534412956
68 0.0030433999999999184 0 0 0.12096774193548387 0.5587044534412956
69 0.0025942999999999383 0 0 0.12096774193548387 0.5587044534412956
70 0.002776899999999971 0 0 0.12096774193548387 0.5587044534412956
71 0.0031093000000000925 0 0 0.12096774193548387 0.5587044534412956
72 0.002916599999999936 0 0 0.12096774193548387 0.5587044534412956
73 0.0028806999999999583 0 0 0.12096774193548387 0.5587044534412956
74 0.0028167999999999527 0 0 0.12096774193548387 0.5587044534412956
75 0.002901100000000101 1 1 0.12903225806451613 0.562753036437247
76 0.0028202000000000504 0 0 0.12903225806451613 0.562753036437247
77 0.002816100000000099 0 0 0.12903225806451613 0.562753036437247
78 0.0032626999999999517 0 0 0.12903225806451613 0.562753036437247
79 0.0032235000000000458 0 0 0.12903225806451613 0.562753036437247
80 0.0028737999999999264 0 0 0.12903225806451613 0.562753036437247
81 0.002808599999999939 0 0 0.12903225806451613 0.562753036437247
82 0.00302570000000002 1 1 0.13709677419354838 0.5668016194331984
83 0.003806499999999935 0 0 0.13709677419354838 0.5668016194331984
84 0.002866000000000035 0 0 0.13709677419354838 0.5668016194331984
85 0.0027945999999999804 1 1 0.14516129032258066 0.5708502024291497
86 0.0031882999999999218 0 0 0.14516129032258066 0.5708502024291497
87 0.0028135000000000243 0 0 0.14516129032258066 0.5708502024291497
88 0.002712399999999948 0 0 0.14516129032258066 0.5708502024291497
89 0.002561399999999936 0 0 0.14516129032258066 0.5708502024291497
90 0.002726499999999965 0 0 0.14516129032258066 0.5708502024291497
91 0.002567500000000056 0 0 0.14516129032258066 0.5708502024291497
92 0.0028863000000000083 0 0 0.14516129032258066 0.5708502024291497
93 0.003167000000000031 0 0 0.14516129032258066 0.5708502024291497
94 0.003609700000000049 0 0 0.14516129032258066 0.5708502024291497
95 0.002761200000000019 0 0 0.14516129032258066 0.5708502024291497
96 0.0028154000000000234 0 0 0.14516129032258066 0.5708502024291497
97 0.003106199999999948 0 0 0.14516129032258066 0.5708502024291497
98 0.002909200000000056 1 1 0.1532258064516129 0.5748987854251012
99 0.0027863000000000193 0 0 0.1532258064516129 0.5748987854251012
100 0.003294799999999931 1 0 0.16129032258064516 0.5748987854251012
101 0.0027282000000000695 0 0 0.16129032258064516 0.5748987854251012
102 0.002804399999999929 0 0 0.16129032258064516 0.5748987854251012
103 0.003275299999999981 0 1 0.16129032258064516 0.5789473684210527
104 0.0030158999999999603 0 0 0.16129032258064516 0.5789473684210527
105 0.0028432000000000457 0 0 0.16129032258064516 0.5789473684210527
106 0.002625199999999994 1 1 0.1693548387096774 0.582995951417004
107 0.0032351000000000463 0 0 0.1693548387096774 0.582995951417004
108 0.00313819999999998 0 0 0.1693548387096774 0.582995951417004
109 0.002728299999999906 0 0 0.1693548387096774 0.582995951417004
110 0.0026071999999999207 1 1 0.1774193548387097 0.5870445344129555
111 0.002915600000000018 1 1 0.18548387096774194 0.5910931174089069
112 0.0032427000000000428 1 1 0.1935483870967742 0.5951417004048583
113 0.002889099999999978 0 0 0.1935483870967742 0.5951417004048583
114 0.0026824000000000847 0 0 0.1935483870967742 0.5951417004048583
115 0.0030608000000000857 0 0 0.1935483870967742 0.5951417004048583
116 0.0026374999999999593 0 0 0.1935483870967742 0.5951417004048583
117 0.002692299999999981 0 0 0.1935483870967742 0.5951417004048583
118 0.0032011000000000678 0 0 0.1935483870967742 0.5951417004048583
119 0.0032477000000000755 0 0 0.1935483870967742 0.5951417004048583
120 0.002936899999999909 0 0 0.1935483870967742 0.5951417004048583
121 0.002998000000000056 0 0 0.1935483870967742 0.5951417004048583
122 0.003124899999999986 0 0 0.1935483870967742 0.5951417004048583
123 0.002844399999999969 0 0 0.1935483870967742 0.5951417004048583
124 0.002577099999999999 0 0 0.1935483870967742 0.5951417004048583
125 0.002563599999999999 1 1 0.20161290322580644 0.5991902834008097
126 0.004113699999999998 0 0 0.20161290322580644 0.5991902834008097
127 0.0034638999999999642 0 0 0.20161290322580644 0.5991902834008097
128 0.0032191000000000303 1 1 0.20967741935483872 0.6032388663967612
129 0.0033479000000000703 1 1 0.21774193548387097 0.6072874493927125
130 0.0026823999999999737 0 0 0.21774193548387097 0.6072874493927125
131 0.0029373000000000316 0 0 0.21774193548387097 0.6072874493927125
132 0.0032615999999999756 0 0 0.21774193548387097 0.6072874493927125
133 0.0030111000000000443 0 0 0.21774193548387097 0.6072874493927125
134 0.0029230999999999563 0 0 0.21774193548387097 0.6072874493927125
135 0.002714999999999912 0 0 0.21774193548387097 0.6072874493927125
136 0.003220600000000018 0 0 0.21774193548387097 0.6072874493927125
137 0.0029740999999999795 0 0 0.21774193548387097 0.6072874493927125
138 0.00292760000000003 0 0 0.21774193548387097 0.6072874493927125
139 0.0028711999999999627 0 0 0.21774193548387097 0.6072874493927125
140 0.003073699999999957 0 0 0.21774193548387097 0.6072874493927125
141 0.0026652999999999816 1 1 0.22580645161290322 0.611336032388664
142 0.002943800000000052 0 0 0.22580645161290322 0.611336032388664
143 0.0031476999999999755 0 0 0.22580645161290322 0.611336032388664
144 0.003943299999999983 0 0 0.22580645161290322 0.611336032388664
145 0.002717999999999998 0 0 0.22580645161290322 0.611336032388664
146 0.0030639000000000083 0 0 0.22580645161290322 0.611336032388664
147 0.0030160000000000187 0 0 0.22580645161290322 0.611336032388664
148 0.00283179999999994 0 0 0.22580645161290322 0.611336032388664
149 0.0027973000000000026 1 1 0.23387096774193547 0.6153846153846154
150 0.0028688000000000047 0 0 0.23387096774193547 0.6153846153846154
151 0.002842800000000034 0 0 0.23387096774193547 0.6153846153846154
152 0.0028333000000000386 1 1 0.24193548387096775 0.6194331983805668
153 0.0034174999999999622 0 0 0.24193548387096775 0.6194331983805668
154 0.003684399999999921 0 0 0.24193548387096775 0.6194331983805668
155 0.0029538000000000064 0 0 0.24193548387096775 0.6194331983805668
156 0.0028278999999999943 0 0 0.24193548387096775 0.6194331983805668
157 0.003264600000000062 1 1 0.25 0.6234817813765182
158 0.004070299999999971 0 0 0.25 0.6234817813765182
159 0.0028578000000000214 0 0 0.25 0.6234817813765182
160 0.0027247000000000243 0 0 0.25 0.6234817813765182
161 0.003335300000000041 0 0 0.25 0.6234817813765182
162 0.0032251000000000918 1 1 0.25806451612903225 0.6275303643724697
163 0.0031484999999999985 1 1 0.2661290322580645 0.631578947368421
164 0.0030078999999999523 0 0 0.2661290322580645 0.631578947368421
165 0.0028991999999999907 0 0 0.2661290322580645 0.631578947368421
166 0.002820099999999992 0 0 0.2661290322580645 0.631578947368421
167 0.0044775999999999705 0 0 0.2661290322580645 0.631578947368421
168 0.003521699999999961 1 1 0.27419354838709675 0.6356275303643725
169 0.00283319999999998 0 0 0.27419354838709675 0.6356275303643725
170 0.002857899999999969 0 0 0.27419354838709675 0.6356275303643725
171 0.0033619000000000288 1 0 0.28225806451612906 0.6356275303643725
172 0.003107300000000035 0 0 0.28225806451612906 0.6356275303643725
173 0.0027743000000000073 0 0 0.28225806451612906 0.6356275303643725
174 0.003278200000000009 0 1 0.28225806451612906 0.6396761133603239
175 0.002836100000000008 1 0 0.2903225806451613 0.6396761133603239
176 0.0031402000000000374 0 0 0.2903225806451613 0.6396761133603239
177 0.003308899999999948 0 0 0.2903225806451613 0.6396761133603239
178 0.0035183000000000852 0 0 0.2903225806451613 0.6396761133603239
179 0.0028133000000000186 0 1 0.2903225806451613 0.6437246963562753
180 0.003033699999999917 0 0 0.2903225806451613 0.6437246963562753
181 0.0032866999999999758 0 0 0.2903225806451613 0.6437246963562753
182 0.0037695999999999286 1 1 0.29838709677419356 0.6477732793522267
183 0.004440300000000064 0 0 0.29838709677419356 0.6477732793522267
184 0.0034087000000000423 0 0 0.29838709677419356 0.6477732793522267
185 0.00332140000000003 1 0 0.3064516129032258 0.6477732793522267
186 0.002814800000000006 0 0 0.3064516129032258 0.6477732793522267
187 0.002775599999999989 0 0 0.3064516129032258 0.6477732793522267
188 0.0029448000000000807 0 0 0.3064516129032258 0.6477732793522267
189 0.00277369999999999 1 0 0.31451612903225806 0.6477732793522267
190 0.0032394999999999508 0 0 0.31451612903225806 0.6477732793522267
191 0.0031572999999999185 0 0 0.31451612903225806 0.6477732793522267
192 0.0031592000000000287 0 1 0.31451612903225806 0.6518218623481782
193 0.0028650000000000064 0 0 0.31451612903225806 0.6518218623481782
194 0.0033775000000000333 0 0 0.31451612903225806 0.6518218623481782
195 0.003132600000000041 0 1 0.31451612903225806 0.6558704453441295
196 0.002946800000000027 0 0 0.31451612903225806 0.6558704453441295
197 0.0027393999999999474 1 1 0.3225806451612903 0.659919028340081
198 0.0033538000000000734 0 0 0.3225806451612903 0.659919028340081
199 0.002884400000000009 0 0 0.3225806451612903 0.659919028340081
200 0.0033113999999999644 0 0 0.3225806451612903 0.659919028340081
201 0.0030088000000000337 0 0 0.3225806451612903 0.659919028340081
202 0.0033999000000000112 0 0 0.3225806451612903 0.659919028340081
203 0.0029658000000000184 0 0 0.3225806451612903 0.659919028340081
204 0.0033457999999999544 0 0 0.3225806451612903 0.659919028340081
205 0.0035941000000000445 0 0 0.3225806451612903 0.659919028340081
206 0.003068100000000018 0 0 0.3225806451612903 0.659919028340081
207 0.002831000000000028 0 0 0.3225806451612903 0.659919028340081
208 0.0035199000000000202 0 0 0.3225806451612903 0.659919028340081
209 0.0032432000000000016 0 0 0.3225806451612903 0.659919028340081
210 0.002856399999999981 1 1 0.33064516129032256 0.6639676113360324
211 0.0029078999999998523 1 1 0.3387096774193548 0.6680161943319838
212 0.003490500000000063 0 0 0.3387096774193548 0.6680161943319838
213 0.002772300000000172 0 0 0.3387096774193548 0.6680161943319838
214 0.0035857999999999723 0 0 0.3387096774193548 0.6680161943319838
215 0.004171000000000147 0 0 0.3387096774193548 0.6680161943319838
216 0.002865399999999907 0 0 0.3387096774193548 0.6680161943319838
217 0.003124399999999916 0 0 0.3387096774193548 0.6680161943319838
218 0.0034003000000000227 1 0 0.3467741935483871 0.6680161943319838
219 0.0034858999999998197 0 0 0.3467741935483871 0.6680161943319838
220 0.0029148999999999425 0 0 0.3467741935483871 0.6680161943319838
221 0.0037973000000000035 0 0 0.3467741935483871 0.6680161943319838
222 0.003266800000000014 0 0 0.3467741935483871 0.6680161943319838
223 0.004364599999999941 0 0 0.3467741935483871 0.6680161943319838
224 0.004286200000000129 0 0 0.3467741935483871 0.6680161943319838
225 0.0033282999999999507 1 2 0.3548387096774194 0.6761133603238867
226 0.003582999999999892 0 0 0.3548387096774194 0.6761133603238867
227 0.004771700000000045 0 0 0.3548387096774194 0.6761133603238867
228 0.0033526999999999862 0 0 0.3548387096774194 0.6761133603238867
229 0.0036205000000000265 1 1 0.3629032258064516 0.680161943319838
230 0.0034028999999999865 0 0 0.3629032258064516 0.680161943319838
231 0.0033019000000000798 1 1 0.3709677419354839 0.6842105263157895
232 0.005147100000000071 0 0 0.3709677419354839 0.6842105263157895
233 0.0031242000000000214 0 0 0.3709677419354839 0.6842105263157895
234 0.004184900000000047 0 0 0.3709677419354839 0.6842105263157895
235 0.0033751000000001863 0 0 0.3709677419354839 0.6842105263157895
236 0.006241500000000011 0 0 0.3709677419354839 0.6842105263157895
237 0.004460400000000142 0 0 0.3709677419354839 0.6842105263157895
238 0.0038146999999999487 0 0 0.3709677419354839 0.6842105263157895
239 0.0031457999999999764 0 0 0.3709677419354839 0.6842105263157895
240 0.003861200000000009 0 0 0.3709677419354839 0.6842105263157895
241 0.0033194999999999197 0 0 0.3709677419354839 0.6842105263157895
242 0.003741199999999889 0 0 0.3709677419354839 0.6842105263157895
243 0.0035544000000000686 1 1 0.3790322580645161 0.6882591093117408
244 0.0041279999999999095 1 1 0.3870967741935484 0.6923076923076923
245 0.0035287999999999986 0 0 0.3870967741935484 0.6923076923076923
246 0.003422500000000106 0 0 0.3870967741935484 0.6923076923076923
247 0.004160000000000164 0 0 0.3870967741935484 0.6923076923076923
248 0.003290800000000038 0 0 0.3870967741935484 0.6923076923076923
249 0.003420100000000037 1 1 0.3951612903225806 0.6963562753036437
250 0.003296600000000094 0 0 0.3951612903225806 0.6963562753036437
251 0.0033018000000000214 1 1 0.4032258064516129 0.7004048582995951
252 0.0032729999999998594 0 0 0.4032258064516129 0.7004048582995951
253 0.0030888000000000027 0 0 0.4032258064516129 0.7004048582995951
254 0.003039299999999967 0 0 0.4032258064516129 0.7004048582995951
255 0.003432900000000183 0 0 0.4032258064516129 0.7004048582995951
256 0.0035384000000000526 0 0 0.4032258064516129 0.7004048582995951
257 0.003537400000000135 0 0 0.4032258064516129 0.7004048582995951
258 0.003124899999999986 0 0 0.4032258064516129 0.7004048582995951
259 0.0037207999999999686 0 0 0.4032258064516129 0.7004048582995951
260 0.003329200000000032 0 0 0.4032258064516129 0.7004048582995951
261 0.002966999999999942 0 0 0.4032258064516129 0.7004048582995951
262 0.0031783999999999146 0 0 0.4032258064516129 0.7004048582995951
263 0.004160500000000011 0 0 0.4032258064516129 0.7004048582995951
264 0.003314000000000039 0 0 0.4032258064516129 0.7004048582995951
265 0.0033687000000000022 0 0 0.4032258064516129 0.7004048582995951
266 0.0034214999999999662 0 0 0.4032258064516129 0.7004048582995951
267 0.003061700000000167 0 0 0.4032258064516129 0.7004048582995951
268 0.0036528000000000116 0 0 0.4032258064516129 0.7004048582995951
269 0.003540100000000157 0 0 0.4032258064516129 0.7004048582995951
270 0.0033311000000000313 1 1 0.4112903225806452 0.7044534412955465
271 0.0030794000000000654 1 1 0.41935483870967744 0.708502024291498
272 0.003578199999999976 0 0 0.41935483870967744 0.708502024291498
273 0.003480599999999834 0 0 0.41935483870967744 0.708502024291498
274 0.0032583000000001583 0 0 0.41935483870967744 0.708502024291498
275 0.003359000000000112 0 0 0.41935483870967744 0.708502024291498
276 0.0033506999999999287 0 0 0.41935483870967744 0.708502024291498
277 0.0036258000000000123 0 0 0.41935483870967744 0.708502024291498
278 0.003378199999999998 0 0 0.41935483870967744 0.708502024291498
279 0.0038693000000000755 0 0 0.41935483870967744 0.708502024291498
280 0.003317199999999909 0 0 0.41935483870967744 0.708502024291498
281 0.0034708999999999435 0 0 0.41935483870967744 0.708502024291498
282 0.003397699999999837 1 1 0.4274193548387097 0.7125506072874493
283 0.00313450000000004 0 0 0.4274193548387097 0.7125506072874493
284 0.0032699000000000478 1 1 0.43548387096774194 0.7165991902834008
285 0.0032991999999998356 1 1 0.4435483870967742 0.7206477732793523
286 0.0034046999999999272 0 0 0.4435483870967742 0.7206477732793523
287 0.0033119999999999816 0 0 0.4435483870967742 0.7206477732793523
288 0.005545599999999817 0 0 0.4435483870967742 0.7206477732793523
289 0.003543300000000027 0 0 0.4435483870967742 0.7206477732793523
290 0.0033691000000000138 0 0 0.4435483870967742 0.7206477732793523
291 0.004212300000000058 0 0 0.4435483870967742 0.7206477732793523
292 0.0030677000000001176 0 0 0.4435483870967742 0.7206477732793523
293 0.003644900000000062 0 0 0.4435483870967742 0.7206477732793523
294 0.003427000000000069 0 0 0.4435483870967742 0.7206477732793523
295 0.0032223000000000113 0 0 0.4435483870967742 0.7206477732793523
296 0.00384859999999998 0 0 0.4435483870967742 0.7206477732793523
297 0.0030807999999999947 0 0 0.4435483870967742 0.7206477732793523
298 0.003712900000000019 1 1 0.45161290322580644 0.7246963562753036
299 0.003833500000000045 0 0 0.45161290322580644 0.7246963562753036
300 0.004511799999999955 0 0 0.45161290322580644 0.7246963562753036
301 0.0034927000000000152 0 0 0.45161290322580644 0.7246963562753036
302 0.003910099999999916 0 0 0.45161290322580644 0.7246963562753036
303 0.0035876999999999715 0 0 0.45161290322580644 0.7246963562753036
304 0.0032955000000001178 0 0 0.45161290322580644 0.7246963562753036
305 0.0038948999999999234 0 0 0.45161290322580644 0.7246963562753036
306 0.0036159000000000052 0 0 0.45161290322580644 0.7246963562753036
307 0.003983499999999918 0 0 0.45161290322580644 0.7246963562753036
308 0.004786900000000038 0 0 0.45161290322580644 0.7246963562753036
309 0.003504900000000033 0 0 0.45161290322580644 0.7246963562753036
310 0.004106000000000165 0 0 0.45161290322580644 0.7246963562753036
311 0.004842800000000036 0 0 0.45161290322580644 0.7246963562753036
312 0.0032152000000000847 0 0 0.45161290322580644 0.7246963562753036
313 0.004707699999999981 0 0 0.45161290322580644 0.7246963562753036
314 0.003724700000000025 0 0 0.45161290322580644 0.7246963562753036
315 0.003163599999999933 0 0 0.45161290322580644 0.7246963562753036
316 0.0039776000000000256 0 0 0.45161290322580644 0.7246963562753036
317 0.0032432000000000016 0 0 0.45161290322580644 0.7246963562753036
318 0.0038922000000001233 0 0 0.45161290322580644 0.7246963562753036
319 0.007875399999999866 1 1 0.4596774193548387 0.728744939271255
320 0.007186899999999996 0 0 0.4596774193548387 0.728744939271255
321 0.006147099999999961 0 0 0.4596774193548387 0.728744939271255
322 0.005393500000000051 0 0 0.4596774193548387 0.728744939271255
323 0.009002200000000071 0 0 0.4596774193548387 0.728744939271255
324 0.006727700000000114 1 1 0.46774193548387094 0.7327935222672065
325 0.009519800000000078 0 0 0.46774193548387094 0.7327935222672065
326 0.004925499999999916 0 0 0.46774193548387094 0.7327935222672065
327 0.0063686000000000575 0 0 0.46774193548387094 0.7327935222672065
328 0.00817089999999987 0 0 0.46774193548387094 0.7327935222672065
329 0.007834499999999966 1 1 0.47580645161290325 0.7368421052631579
330 0.005163800000000052 1 1 0.4838709677419355 0.7408906882591093
331 0.009270699999999854 1 1 0.49193548387096775 0.7449392712550608
332 0.010029100000000124 0 0 0.49193548387096775 0.7449392712550608
333 0.004654000000000158 0 0 0.49193548387096775 0.7449392712550608
334 0.006592500000000001 1 1 0.5 0.7489878542510121
335 0.005373800000000095 1 1 0.5080645161290323 0.7530364372469636
336 0.005454100000000128 0 0 0.5080645161290323 0.7530364372469636
337 0.005591899999999983 0 0 0.5080645161290323 0.7530364372469636
338 0.006397999999999904 1 1 0.5161290322580645 0.757085020242915
339 0.0076865000000001515 0 0 0.5161290322580645 0.757085020242915
340 0.005534099999999986 0 0 0.5161290322580645 0.757085020242915
341 0.008045299999999811 0 0 0.5161290322580645 0.757085020242915
342 0.006848100000000024 0 0 0.5161290322580645 0.757085020242915
343 0.008509300000000053 0 0 0.5161290322580645 0.757085020242915
344 0.008122900000000044 1 1 0.5241935483870968 0.7611336032388664
345 0.00782320000000003 0 0 0.5241935483870968 0.7611336032388664
346 0.005214399999999841 1 1 0.532258064516129 0.7651821862348178
347 0.007885700000000107 0 0 0.532258064516129 0.7651821862348178
348 0.0072022000000000475 0 0 0.532258064516129 0.7651821862348178
349 0.004180700000000037 0 0 0.532258064516129 0.7651821862348178
350 0.006713299999999922 0 0 0.532258064516129 0.7651821862348178
351 0.0068134000000001915 0 0 0.532258064516129 0.7651821862348178
352 0.010686699999999938 1 1 0.5403225806451613 0.7692307692307693
353 0.005891100000000149 1 1 0.5483870967741935 0.7732793522267206
354 0.004021099999999889 0 0 0.5483870967741935 0.7732793522267206
355 0.005483699999999869 0 0 0.5483870967741935 0.7732793522267206
356 0.0049744000000000455 0 0 0.5483870967741935 0.7732793522267206
357 0.004682799999999876 0 0 0.5483870967741935 0.7732793522267206
358 0.005487100000000078 0 0 0.5483870967741935 0.7732793522267206
359 0.0036256000000001176 0 0 0.5483870967741935 0.7732793522267206
360 0.004147899999999982 0 0 0.5483870967741935 0.7732793522267206
361 0.0033247000000000693 0 0 0.5483870967741935 0.7732793522267206
362 0.003902199999999967 0 0 0.5483870967741935 0.7732793522267206
363 0.0035928000000000626 0 0 0.5483870967741935 0.7732793522267206
364 0.004110599999999964 1 1 0.5564516129032258 0.7773279352226721
365 0.003828399999999954 0 0 0.5564516129032258 0.7773279352226721
366 0.0036791000000000462 0 0 0.5564516129032258 0.7773279352226721
367 0.003705400000000081 0 0 0.5564516129032258 0.7773279352226721
368 0.0035821000000000325 1 0 0.5645161290322581 0.7773279352226721
369 0.005341299999999993 0 0 0.5645161290322581 0.7773279352226721
370 0.0039245000000001085 1 0 0.5725806451612904 0.7773279352226721
371 0.006405899999999853 1 1 0.5806451612903226 0.7813765182186235
372 0.009014399999999867 0 0 0.5806451612903226 0.7813765182186235
373 0.006669499999999884 1 1 0.5887096774193549 0.7854251012145749
374 0.007000499999999965 0 0 0.5887096774193549 0.7854251012145749
375 0.006693599999999966 1 0 0.5967741935483871 0.7854251012145749
376 0.007432499999999953 0 2 0.5967741935483871 0.7935222672064778
377 0.0040320000000000356 0 0 0.5967741935483871 0.7935222672064778
378 0.003973299999999957 1 1 0.6048387096774194 0.7975708502024291
379 0.0035846999999999962 1 1 0.6129032258064516 0.8016194331983806
380 0.004030600000000106 0 1 0.6129032258064516 0.805668016194332
381 0.003542299999999887 0 0 0.6129032258064516 0.805668016194332
382 0.0033564999999999845 0 0 0.6129032258064516 0.805668016194332
383 0.004491599999999929 0 0 0.6129032258064516 0.805668016194332
384 0.0035637000000001695 0 0 0.6129032258064516 0.805668016194332
385 0.003827800000000048 1 1 0.6209677419354839 0.8097165991902834
386 0.004413700000000187 0 0 0.6209677419354839 0.8097165991902834
387 0.0036924999999998764 0 0 0.6209677419354839 0.8097165991902834
388 0.0035346000000000544 0 0 0.6209677419354839 0.8097165991902834
389 0.0040191999999998895 0 0 0.6209677419354839 0.8097165991902834
390 0.004449799999999948 0 0 0.6209677419354839 0.8097165991902834
391 0.004184200000000082 0 0 0.6209677419354839 0.8097165991902834
392 0.004440900000000081 0 0 0.6209677419354839 0.8097165991902834
393 0.004093499999999972 0 0 0.6209677419354839 0.8097165991902834
394 0.0048554999999999016 0 0 0.6209677419354839 0.8097165991902834
395 0.0034658000000000744 0 0 0.6209677419354839 0.8097165991902834
396 0.004063099999999986 0 0 0.6209677419354839 0.8097165991902834
397 0.0042735999999998775 0 0 0.6209677419354839 0.8097165991902834
398 0.0036704000000000736 0 0 0.6209677419354839 0.8097165991902834
399 0.005092600000000003 1 1 0.6290322580645161 0.8137651821862348
400 0.0037530999999999537 0 0 0.6290322580645161 0.8137651821862348
401 0.0032958999999999072 0 0 0.6290322580645161 0.8137651821862348
402 0.004672900000000091 0 0 0.6290322580645161 0.8137651821862348
403 0.0037999999999998035 0 0 0.6290322580645161 0.8137651821862348
404 0.004299300000000006 0 0 0.6290322580645161 0.8137651821862348
405 0.006893799999999839 0 0 0.6290322580645161 0.8137651821862348
406 0.004868600000000001 0 0 0.6290322580645161 0.8137651821862348
407 0.0047664000000000595 0 0 0.6290322580645161 0.8137651821862348
408 0.004549899999999996 0 0 0.6290322580645161 0.8137651821862348
409 0.004502500000000076 0 0 0.6290322580645161 0.8137651821862348
410 0.003759000000000068 0 0 0.6290322580645161 0.8137651821862348
411 0.003818499999999947 0 0 0.6290322580645161 0.8137651821862348
412 0.004111299999999929 0 0 0.6290322580645161 0.8137651821862348
413 0.007872199999999996 0 0 0.6290322580645161 0.8137651821862348
414 0.004551300000000147 0 0 0.6290322580645161 0.8137651821862348
415 0.00575329999999985 0 0 0.6290322580645161 0.8137651821862348
416 0.007030699999999612 0 0 0.6290322580645161 0.8137651821862348
417 0.006431599999999982 0 0 0.6290322580645161 0.8137651821862348
418 0.003676400000000246 1 1 0.6370967741935484 0.8178137651821862
419 0.006618599999999919 0 0 0.6370967741935484 0.8178137651821862
420 0.004974799999999835 0 0 0.6370967741935484 0.8178137651821862
421 0.008880599999999905 0 0 0.6370967741935484 0.8178137651821862
422 0.00894180000000011 0 0 0.6370967741935484 0.8178137651821862
423 0.008776999999999813 0 0 0.6370967741935484 0.8178137651821862
424 0.003971099999999783 0 0 0.6370967741935484 0.8178137651821862
425 0.006045700000000043 0 0 0.6370967741935484 0.8178137651821862
426 0.005539399999999972 0 0 0.6370967741935484 0.8178137651821862
427 0.005860399999999988 1 1 0.6451612903225806 0.8218623481781376
428 0.005394900000000202 0 0 0.6451612903225806 0.8218623481781376
429 0.004243400000000008 0 0 0.6451612903225806 0.8218623481781376
430 0.004294699999999985 0 0 0.6451612903225806 0.8218623481781376
431 0.006177899999999958 0 0 0.6451612903225806 0.8218623481781376
432 0.0053114999999999135 0 0 0.6451612903225806 0.8218623481781376
433 0.004911499999999958 0 0 0.6451612903225806 0.8218623481781376
434 0.0035161999999999694 0 0 0.6451612903225806 0.8218623481781376
435 0.004922999999999789 0 0 0.6451612903225806 0.8218623481781376
436 0.005395299999999992 0 0 0.6451612903225806 0.8218623481781376
437 0.0037578000000002554 0 0 0.6451612903225806 0.8218623481781376
438 0.004534199999999711 1 1 0.6532258064516129 0.8259109311740891
439 0.004472499999999879 0 0 0.6532258064516129 0.8259109311740891
440 0.005149000000000292 0 0 0.6532258064516129 0.8259109311740891
441 0.0035663000000001333 0 0 0.6532258064516129 0.8259109311740891
442 0.004449099999999984 0 0 0.6532258064516129 0.8259109311740891
443 0.0045815999999998525 1 1 0.6612903225806451 0.8299595141700404
444 0.0034995000000002108 0 0 0.6612903225806451 0.8299595141700404
445 0.004502599999999912 0 0 0.6612903225806451 0.8299595141700404
446 0.005114900000000144 0 0 0.6612903225806451 0.8299595141700404
447 0.0033183000000001073 0 0 0.6612903225806451 0.8299595141700404
448 0.004089299999999962 1 1 0.6693548387096774 0.8340080971659919
449 0.003687600000000124 0 0 0.6693548387096774 0.8340080971659919
450 0.003775800000000107 0 0 0.6693548387096774 0.8340080971659919
451 0.00427489999999997 0 0 0.6693548387096774 0.8340080971659919
452 0.0035696000000000616 0 0 0.6693548387096774 0.8340080971659919
453 0.0036818999999996826 0 0 0.6693548387096774 0.8340080971659919
454 0.003823899999999991 0 0 0.6693548387096774 0.8340080971659919
455 0.004059499999999883 0 0 0.6693548387096774 0.8340080971659919
456 0.0034866000000000064 1 1 0.6774193548387096 0.8380566801619433
457 0.0039421000000001705 1 0 0.6854838709677419 0.8380566801619433
458 0.0038108999999999504 0 0 0.6854838709677419 0.8380566801619433
459 0.003387800000000052 1 2 0.6935483870967742 0.8461538461538461
460 0.004239799999999683 0 0 0.6935483870967742 0.8461538461538461
461 0.0035571000000000907 0 0 0.6935483870967742 0.8461538461538461
462 0.004262800000000233 1 1 0.7016129032258065 0.8502024291497976
463 0.006092100000000045 1 1 0.7096774193548387 0.854251012145749
464 0.004592699999999894 0 0 0.7096774193548387 0.854251012145749
465 0.004839100000000318 0 0 0.7096774193548387 0.854251012145749
466 0.003436900000000076 0 0 0.7096774193548387 0.854251012145749
467 0.004733199999999993 0 0 0.7096774193548387 0.854251012145749
468 0.004025500000000015 1 1 0.717741935483871 0.8582995951417004
469 0.003774000000000388 1 1 0.7258064516129032 0.8623481781376519
470 0.004515099999999883 0 0 0.7258064516129032 0.8623481781376519
471 0.003531300000000126 0 0 0.7258064516129032 0.8623481781376519
472 0.004617999999999789 0 0 0.7258064516129032 0.8623481781376519
473 0.004827000000000137 0 0 0.7258064516129032 0.8623481781376519
474 0.0034247999999998946 0 0 0.7258064516129032 0.8623481781376519
475 0.004266100000000161 0 0 0.7258064516129032 0.8623481781376519
476 0.0038721999999999923 0 0 0.7258064516129032 0.8623481781376519
477 0.00338309999999975 0 0 0.7258064516129032 0.8623481781376519
478 0.004289500000000057 1 1 0.7338709677419355 0.8663967611336032
479 0.004262900000000069 0 0 0.7338709677419355 0.8663967611336032
480 0.004099300000000028 1 1 0.7419354838709677 0.8704453441295547
481 0.00515209999999966 0 0 0.7419354838709677 0.8704453441295547
482 0.003741700000000403 0 0 0.7419354838709677 0.8704453441295547
483 0.004439900000000385 0 0 0.7419354838709677 0.8704453441295547
484 0.0044808000000000625 0 0 0.7419354838709677 0.8704453441295547
485 0.0041872000000000575 0 0 0.7419354838709677 0.8704453441295547
486 0.00394300000000003 0 0 0.7419354838709677 0.8704453441295547
487 0.004272299999999785 0 0 0.7419354838709677 0.8704453441295547
488 0.003428599999999893 0 0 0.7419354838709677 0.8704453441295547
489 0.004539399999999638 0 0 0.7419354838709677 0.8704453441295547
490 0.004246800000000217 0 0 0.7419354838709677 0.8704453441295547
491 0.004542900000000127 0 0 0.7419354838709677 0.8704453441295547
492 0.0037223000000001782 0 0 0.7419354838709677 0.8704453441295547
493 0.004330300000000342 0 0 0.7419354838709677 0.8704453441295547
494 0.0039631999999998335 0 0 0.7419354838709677 0.8704453441295547
495 0.003550799999999743 0 0 0.7419354838709677 0.8704453441295547
496 0.004589799999999755 0 0 0.7419354838709677 0.8704453441295547
497 0.0036799000000002913 0 0 0.7419354838709677 0.8704453441295547
498 0.004761299999999746 0 0 0.7419354838709677 0.8704453441295547
499 0.0053771000000000235 0 0 0.7419354838709677 0.8704453441295547
500 0.0037394000000001704 1 1 0.75 0.8744939271255061
501 0.0046192000000000455 0 0 0.75 0.8744939271255061
502 0.004709899999999934 0 0 0.75 0.8744939271255061
503 0.0037020999999999304 0 0 0.75 0.8744939271255061
504 0.004024199999999922 0 0 0.75 0.8744939271255061
505 0.005205000000000126 0 0 0.75 0.8744939271255061
506 0.004073399999999783 0 0 0.75 0.8744939271255061
507 0.004296900000000381 0 0 0.75 0.8744939271255061
508 0.0042159999999999975 0 0 0.75 0.8744939271255061
509 0.00515259999999973 1 0 0.7580645161290323 0.8744939271255061
510 0.003940699999999797 1 2 0.7661290322580645 0.8825910931174089
511 0.003714800000000018 0 0 0.7661290322580645 0.8825910931174089
512 0.004315500000000139 0 0 0.7661290322580645 0.8825910931174089
513 0.004570199999999858 0 0 0.7661290322580645 0.8825910931174089
514 0.004052100000000003 0 0 0.7661290322580645 0.8825910931174089
515 0.004820699999999789 0 0 0.7661290322580645 0.8825910931174089
516 0.0035818999999999157 0 0 0.7661290322580645 0.8825910931174089
517 0.004192399999999985 0 0 0.7661290322580645 0.8825910931174089
518 0.004678299999999691 1 1 0.7741935483870968 0.8866396761133604
519 0.003482199999999658 0 0 0.7741935483870968 0.8866396761133604
520 0.00412490000000032 0 0 0.7741935483870968 0.8866396761133604
521 0.003576900000000105 0 0 0.7741935483870968 0.8866396761133604
522 0.0034608000000000416 0 0 0.7741935483870968 0.8866396761133604
523 0.004186600000000151 0 0 0.7741935483870968 0.8866396761133604
524 0.00330409999999981 0 0 0.7741935483870968 0.8866396761133604
525 0.00392009999999976 0 0 0.7741935483870968 0.8866396761133604
526 0.00395050000000019 0 0 0.7741935483870968 0.8866396761133604
527 0.003419300000000014 0 0 0.7741935483870968 0.8866396761133604
528 0.0044354000000002 0 0 0.7741935483870968 0.8866396761133604
529 0.0036746000000000834 0 0 0.7741935483870968 0.8866396761133604
530 0.0034317000000001485 0 0 0.7741935483870968 0.8866396761133604
531 0.003629200000000221 0 0 0.7741935483870968 0.8866396761133604
532 0.0035039000000001153 0 0 0.7741935483870968 0.8866396761133604
533 0.004041200000000078 0 0 0.7741935483870968 0.8866396761133604
534 0.005285200000000323 1 1 0.782258064516129 0.8906882591093117
535 0.0035899000000001458 0 0 0.782258064516129 0.8906882591093117
536 0.004659600000000097 1 1 0.7903225806451613 0.8947368421052632
537 0.005221799999999721 0 0 0.7903225806451613 0.8947368421052632
538 0.003567099999999712 0 0 0.7903225806451613 0.8947368421052632
539 0.004716799999999743 0 0 0.7903225806451613 0.8947368421052632
540 0.0038274000000000363 0 0 0.7903225806451613 0.8947368421052632
541 0.0035362000000001004 0 0 0.7903225806451613 0.8947368421052632
542 0.004628299999999808 0 0 0.7903225806451613 0.8947368421052632
543 0.003466799999999992 0 0 0.7903225806451613 0.8947368421052632
544 0.005362600000000217 1 1 0.7983870967741935 0.8987854251012146
545 0.004604500000000122 0 0 0.7983870967741935 0.8987854251012146
546 0.0037207999999999686 0 0 0.7983870967741935 0.8987854251012146
547 0.004387700000000105 0 0 0.7983870967741935 0.8987854251012146
548 0.003835299999999986 0 0 0.7983870967741935 0.8987854251012146
549 0.003589199999999959 0 0 0.7983870967741935 0.8987854251012146
550 0.00498680000000018 1 1 0.8064516129032258 0.902834008097166
551 0.003882299999999894 0 0 0.8064516129032258 0.902834008097166
552 0.003916199999999925 1 1 0.8145161290322581 0.9068825910931174
553 0.005317300000000191 0 0 0.8145161290322581 0.9068825910931174
554 0.004193200000000008 0 0 0.8145161290322581 0.9068825910931174
555 0.00452869999999983 0 0 0.8145161290322581 0.9068825910931174
556 0.0039063999999999766 0 0 0.8145161290322581 0.9068825910931174
557 0.004148499999999888 0 0 0.8145161290322581 0.9068825910931174
558 0.003948800000000308 0 0 0.8145161290322581 0.9068825910931174
559 0.003788899999999984 0 0 0.8145161290322581 0.9068825910931174
560 0.0044800000000000395 1 0 0.8225806451612904 0.9068825910931174
561 0.0036458000000001434 0 0 0.8225806451612904 0.9068825910931174
562 0.005044499999999896 0 0 0.8225806451612904 0.9068825910931174
563 0.005326300000000117 0 0 0.8225806451612904 0.9068825910931174
564 0.00368069999999987 0 0 0.8225806451612904 0.9068825910931174
565 0.004813100000000237 0 0 0.8225806451612904 0.9068825910931174
566 0.004093800000000147 0 0 0.8225806451612904 0.9068825910931174
567 0.0037597999999996468 0 1 0.8225806451612904 0.9109311740890689
568 0.004027100000000061 0 0 0.8225806451612904 0.9109311740890689
569 0.004140099999999869 1 1 0.8306451612903226 0.9149797570850202
570 0.005406500000000314 1 1 0.8387096774193549 0.9190283400809717
571 0.003708599999999951 0 0 0.8387096774193549 0.9190283400809717
572 0.004728899999999925 0 0 0.8387096774193549 0.9190283400809717
573 0.0060450000000003 0 0 0.8387096774193549 0.9190283400809717
574 0.004625700000000066 0 0 0.8387096774193549 0.9190283400809717
575 0.0041807999999998735 0 0 0.8387096774193549 0.9190283400809717
576 0.004350999999999772 0 0 0.8387096774193549 0.9190283400809717
577 0.004427899999999596 0 0 0.8387096774193549 0.9190283400809717
578 0.003772399999999898 1 1 0.8467741935483871 0.9230769230769231
579 0.004194099999999867 0 0 0.8467741935483871 0.9230769230769231
580 0.004400400000000193 0 0 0.8467741935483871 0.9230769230769231
581 0.003686499999999704 0 0 0.8467741935483871 0.9230769230769231
582 0.005432700000000068 1 1 0.8548387096774194 0.9271255060728745
583 0.004684999999999828 0 0 0.8548387096774194 0.9271255060728745
584 0.0034832000000002417 1 1 0.8629032258064516 0.9311740890688259
585 0.003953699999999838 1 1 0.8709677419354839 0.9352226720647774
586 0.004192199999999868 1 1 0.8790322580645161 0.9392712550607287
587 0.004065299999999716 0 0 0.8790322580645161 0.9392712550607287
588 0.004459299999999722 1 1 0.8870967741935484 0.9433198380566802
589 0.0038043000000000937 0 0 0.8870967741935484 0.9433198380566802
590 0.004149799999999981 0 0 0.8870967741935484 0.9433198380566802
591 0.004102800000000073 0 0 0.8870967741935484 0.9433198380566802
592 0.004259600000000141 1 1 0.8951612903225806 0.9473684210526315
593 0.0043629000000002804 0 0 0.8951612903225806 0.9473684210526315
594 0.003924300000000436 0 0 0.8951612903225806 0.9473684210526315
595 0.0035677000000000625 0 0 0.8951612903225806 0.9473684210526315
596 0.004962199999999584 1 1 0.9032258064516129 0.951417004048583
597 0.003625699999999732 0 0 0.9032258064516129 0.951417004048583
598 0.0050970999999999655 0 0 0.9032258064516129 0.951417004048583
599 0.0037156999999998774 0 0 0.9032258064516129 0.951417004048583
600 0.0039053000000000004 0 0 0.9032258064516129 0.951417004048583
601 0.004087000000000174 0 0 0.9032258064516129 0.951417004048583
602 0.0036405000000003795 0 0 0.9032258064516129 0.951417004048583
603 0.003575000000000106 1 0 0.9112903225806451 0.951417004048583
604 0.0035631999999998776 0 0 0.9112903225806451 0.951417004048583
605 0.003654800000000069 0 0 0.9112903225806451 0.951417004048583
606 0.0039175999999998545 0 0 0.9112903225806451 0.951417004048583
607 0.004453199999999935 1 1 0.9193548387096774 0.9554655870445344
608 0.0037161999999999473 0 1 0.9193548387096774 0.9595141700404858
609 0.004213999999999718 0 0 0.9193548387096774 0.9595141700404858
610 0.004665199999999814 0 0 0.9193548387096774 0.9595141700404858
611 0.004033900000000035 0 0 0.9193548387096774 0.9595141700404858
612 0.005541599999999924 0 0 0.9193548387096774 0.9595141700404858
613 0.003537499999999749 0 0 0.9193548387096774 0.9595141700404858
614 0.003999399999999653 0 0 0.9193548387096774 0.9595141700404858
615 0.003636699999999937 0 0 0.9193548387096774 0.9595141700404858
616 0.004185699999999848 0 0 0.9193548387096774 0.9595141700404858
617 0.00394839999999963 0 0 0.9193548387096774 0.9595141700404858
618 0.003792699999999982 1 0 0.9274193548387096 0.9595141700404858
619 0.00392709999999985 0 0 0.9274193548387096 0.9595141700404858
620 0.003939400000000148 0 0 0.9274193548387096 0.9595141700404858
621 0.0037631999999998555 0 0 0.9274193548387096 0.9595141700404858
622 0.004085200000000011 0 0 0.9274193548387096 0.9595141700404858
623 0.0034197000000002475 1 1 0.9354838709677419 0.9635627530364372
624 0.004205400000000026 0 1 0.9354838709677419 0.9676113360323887
625 0.0048951999999999884 0 0 0.9354838709677419 0.9676113360323887
626 0.003799800000000353 0 0 0.9354838709677419 0.9676113360323887
627 0.003925900000000038 0 0 0.9354838709677419 0.9676113360323887
628 0.005037800000000203 0 0 0.9354838709677419 0.9676113360323887
629 0.00376170000000009 0 0 0.9354838709677419 0.9676113360323887
630 0.004100300000000168 0 0 0.9354838709677419 0.9676113360323887
631 0.004382999999999804 1 1 0.9435483870967742 0.97165991902834
632 0.003611299999999762 0 0 0.9435483870967742 0.97165991902834
633 0.004249100000000006 1 0 0.9516129032258065 0.97165991902834
634 0.005697000000000063 0 0 0.9516129032258065 0.97165991902834
635 0.0055683000000001925 0 1 0.9516129032258065 0.9757085020242915
636 0.006233899999999792 1 1 0.9596774193548387 0.979757085020243
637 0.0043239999999999945 0 0 0.9596774193548387 0.979757085020243
638 0.004032200000000152 0 0 0.9596774193548387 0.979757085020243
639 0.0036247000000000362 0 0 0.9596774193548387 0.979757085020243
640 0.004596900000000126 1 1 0.967741935483871 0.9838056680161943
641 0.004193100000000172 1 1 0.9758064516129032 0.9878542510121457
642 0.005050800000000244 1 1 0.9838709677419355 0.9919028340080972
643 0.0037892999999997734 1 1 0.9919354838709677 0.9959514170040485
644 0.0047375999999998974 0 0 0.9919354838709677 0.9959514170040485
645 0.004621500000000278 0 0 0.9919354838709677 0.9959514170040485
646 0.0036858000000004054 0 0 0.9919354838709677 0.9959514170040485
647 0.0048770999999998565 0 0 0.9919354838709677 0.9959514170040485
648 0.004339900000000174 1 1 1.0 1.0
