170 0.3 0.9
1 0.004685800000000018 0 0 0.0 0.5014836795252225
2 0.0048235999999999835 0 0 0.0 0.5014836795252225
3 0.00481750000000003 0 0 0.0 0.5014836795252225
4 0.004817300000000024 0 0 0.0 0.5014836795252225
5 0.004916900000000002 1 0 0.005917159763313609 0.5014836795252225
6 0.00481330000000002 0 0 0.005917159763313609 0.5014836795252225
7 0.004618899999999981 1 1 0.011834319526627219 0.5044510385756676
8 0.008427699999999982 0 0 0.011834319526627219 0.5044510385756676
9 0.0036217000000000055 1 1 0.01775147928994083 0.5074183976261127
10 0.00373190000000001 0 0 0.01775147928994083 0.5074183976261127
11 0.0037487999999999966 1 1 0.023668639053254437 0.5103857566765578
12 0.0037224000000000146 0 0 0.023668639053254437 0.5103857566765578
13 0.0034139000000000252 0 0 0.023668639053254437 0.5103857566765578
14 0.003747599999999962 0 0 0.023668639053254437 0.5103857566765578
15 0.0037115999999999816 0 0 0.023668639053254437 0.5103857566765578
16 0.003428399999999998 1 1 0.029585798816568046 0.5133531157270029
17 0.003547599999999984 0 0 0.029585798816568046 0.5133531157270029
18 0.0035176000000000096 0 0 0.029585798816568046 0.5133531157270029
19 0.003471000000000002 1 1 0.03550295857988166 0.516320474777448
20 0.0035306999999999977 0 0 0.03550295857988166 0.516320474777448
21 0.003797500000000009 0 0 0.03550295857988166 0.516320474777448
22 0.0037570000000000103 0 0 0.03550295857988166 0.516320474777448
23 0.0033318999999999432 0 0 0.03550295857988166 0.516320474777448
24 0.003390800000000027 1 1 0.04142011834319527 0.5192878338278932
25 0.003383599999999931 0 0 0.04142011834319527 0.5192878338278932
26 0.003288399999999969 0 0 0.04142011834319527 0.5192878338278932
27 0.003372600000000059 1 1 0.047337278106508875 0.5222551928783383
28 0.0033922000000000674 0 0 0.047337278106508875 0.5222551928783383
29 0.0034721999999999253 1 1 0.05325443786982249 0.5252225519287834
30 0.003500599999999965 1 1 0.05917159763313609 0.5281899109792285
31 0.0035263999999999296 0 0 0.05917159763313609 0.5281899109792285
32 0.0034319999999999906 0 0 0.05917159763313609 0.5281899109792285
33 0.003552400000000011 0 0 0.05917159763313609 0.5281899109792285
34 0.0033677000000000845 0 0 0.05917159763313609 0.5281899109792285
35 0.003398499999999971 0 0 0.05917159763313609 0.5281899109792285
36 0.003925200000000073 1 1 0.0650887573964497 0.5311572700296736
37 0.0035153999999999463 0 0 0.0650887573964497 0.5311572700296736
38 0.0034289999999999043 0 0 0.0650887573964497 0.5311572700296736
39 0.0034096000000000126 0 0 0.0650887573964497 0.5311572700296736
40 0.003450199999999959 0 0 0.0650887573964497 0.5311572700296736
41 0.003821500000000033 0 0 0.0650887573964497 0.5311572700296736
42 0.0034148999999999985 0 0 0.0650887573964497 0.5311572700296736
43 0.0034956999999999905 0 0 0.0650887573964497 0.5311572700296736
44 0.0038563000000000347 0 0 0.0650887573964497 0.5311572700296736
45 0.0034290999999999627 0 0 0.0650887573964497 0.5311572700296736
46 0.0034671000000000562 1 1 0.07100591715976332 0.5341246290801187
47 0.0038890999999999787 0 0 0.07100591715976332 0.5341246290801187
48 0.003480399999999939 0 0 0.07100591715976332 0.5341246290801187
49 0.00376999999999994 0 0 0.07100591715976332 0.5341246290801187
50 0.0034507000000000287 1 1 0.07692307692307693 0.5370919881305638
51 0.003910999999999998 1 1 0.08284023668639054 0.5400593471810089
52 0.0039042999999999717 0 0 0.08284023668639054 0.5400593471810089
53 0.0034896000000000926 0 0 0.08284023668639054 0.5400593471810089
54 0.0036568000000000156 0 0 0.08284023668639054 0.5400593471810089
55 0.0035779000000000227 0 0 0.08284023668639054 0.5400593471810089
56 0.0034629000000000465 0 0 0.08284023668639054 0.5400593471810089
57 0.0039471999999999285 0 0 0.08284023668639054 0.5400593471810089
58 0.0034807000000000032 1 1 0.08875739644970414 0.543026706231454
59 0.003796099999999969 1 1 0.09467455621301775 0.5459940652818991
60 0.0034469000000000305 0 0 0.09467455621301775 0.5459940652818991
61 0.015645299999999973 0 0 0.09467455621301775 0.5459940652818991
62 0.008009500000000003 0 0 0.09467455621301775 0.5459940652818991
63 0.005774100000000004 0 0 0.09467455621301775 0.5459940652818991
64 0.0050064000000000775 0 0 0.09467455621301775 0.5459940652818991
65 0.004305899999999974 0 0 0.09467455621301775 0.5459940652818991
66 0.004261900000000041 0 0 0.09467455621301775 0.5459940652818991
67 0.003589999999999982 0 0 0.09467455621301775 0.5459940652818991
68 0.003539600000000087 1 1 0.10059171597633136 0.5489614243323442
69 0.003658500000000009 0 0 0.10059171597633136 0.5489614243323442
70 0.003891599999999995 1 0 0.10650887573964497 0.5489614243323442
71 0.0035039000000000042 0 0 0.10650887573964497 0.5489614243323442
72 0.003618999999999928 1 1 0.11242603550295859 0.5519287833827893
73 0.003516900000000045 0 0 0.11242603550295859 0.5519287833827893
74 0.003579299999999952 0 1 0.11242603550295859 0.5548961424332344
75 0.00357850000000004 0 0 0.11242603550295859 0.5548961424332344
76 0.0051210999999999895 0 0 0.11242603550295859 0.5548961424332344
77 0.005143899999999979 1 1 0.11834319526627218 0.5578635014836796
78 0.004974600000000051 0 0 0.11834319526627218 0.5578635014836796
79 0.005149999999999988 0 0 0.11834319526627218 0.5578635014836796
80 0.005212499999999953 1 1 0.1242603550295858 0.5608308605341247
81 0.0036448000000000036 0 0 0.1242603550295858 0.5608308605341247
82 0.003593399999999969 0 0 0.1242603550295858 0.5608308605341247
83 0.0035442999999999447 1 1 0.1301775147928994 0.5637982195845698
84 0.003523800000000077 0 0 0.1301775147928994 0.5637982195845698
85 0.0035583000000000142 0 0 0.1301775147928994 0.5637982195845698
86 0.0035482000000000014 0 0 0.1301775147928994 0.5637982195845698
87 0.0035970000000000724 0 0 0.1301775147928994 0.5637982195845698
88 0.0036340999999999735 1 1 0.13609467455621302 0.5667655786350149
89 0.0036013000000000295 0 0 0.13609467455621302 0.5667655786350149
90 0.0035711000000000492 0 0 0.13609467455621302 0.5667655786350149
91 0.003600900000000018 1 1 0.14201183431952663 0.56973293768546
92 0.003488400000000058 0 0 0.14201183431952663 0.56973293768546
93 0.003528599999999882 0 0 0.14201183431952663 0.56973293768546
94 0.0051688000000000844 1 1 0.14792899408284024 0.5727002967359051
95 0.005246500000000154 1 1 0.15384615384615385 0.5756676557863502
96 0.003791099999999936 1 1 0.15976331360946747 0.5786350148367952
97 0.004137900000000139 0 0 0.15976331360946747 0.5786350148367952
98 0.0036010999999998017 1 1 0.16568047337278108 0.5816023738872403
99 0.0036627000000000187 0 0 0.16568047337278108 0.5816023738872403
100 0.003630800000000045 0 0 0.16568047337278108 0.5816023738872403
101 0.003712400000000171 0 0 0.16568047337278108 0.5816023738872403
102 0.0036549000000001275 0 0 0.16568047337278108 0.5816023738872403
103 0.0037882000000000193 1 1 0.17159763313609466 0.5845697329376854
104 0.003929400000000083 1 1 0.17751479289940827 0.5875370919881305
105 0.003618200000000016 0 0 0.17751479289940827 0.5875370919881305
106 0.0036716999999999445 0 0 0.17751479289940827 0.5875370919881305
107 0.0036597000000000435 0 0 0.17751479289940827 0.5875370919881305
108 0.005278399999999905 0 0 0.17751479289940827 0.5875370919881305
109 0.005371400000000026 0 0 0.17751479289940827 0.5875370919881305
110 0.005367099999999958 0 0 0.17751479289940827 0.5875370919881305
111 0.005257000000000067 0 0 0.17751479289940827 0.5875370919881305
112 0.005394599999999805 0 0 0.17751479289940827 0.5875370919881305
113 0.005297499999999955 1 0 0.1834319526627219 0.5875370919881305
114 0.005294200000000027 0 0 0.1834319526627219 0.5875370919881305
115 0.005265999999999993 0 0 0.1834319526627219 0.5875370919881305
116 0.005293199999999887 0 0 0.1834319526627219 0.5875370919881305
117 0.0037865999999999733 0 1 0.1834319526627219 0.5905044510385756
118 0.0052259000000001166 0 0 0.1834319526627219 0.5905044510385756
119 0.005316399999999888 1 0 0.1893491124260355 0.5905044510385756
120 0.005194499999999991 1 2 0.1952662721893491 0.5964391691394659
121 0.00543910000000003 0 0 0.1952662721893491 0.5964391691394659
122 0.005226799999999976 0 0 0.1952662721893491 0.5964391691394659
123 0.005080600000000102 0 0 0.1952662721893491 0.5964391691394659
124 0.0049207 1 1 0.20118343195266272 0.599406528189911
125 0.003973200000000121 0 0 0.20118343195266272 0.599406528189911
126 0.0041431999999999025 1 1 0.20710059171597633 0.6023738872403561
127 0.00393560000000015 0 0 0.20710059171597633 0.6023738872403561
128 0.0041503999999998875 0 0 0.20710059171597633 0.6023738872403561
129 0.00397829999999999 0 0 0.20710059171597633 0.6023738872403561
130 0.003919299999999959 0 0 0.20710059171597633 0.6023738872403561
131 0.0036879000000000772 0 0 0.20710059171597633 0.6023738872403561
132 0.003692099999999865 0 0 0.20710059171597633 0.6023738872403561
133 0.0036831999999999976 0 0 0.20710059171597633 0.6023738872403561
134 0.0037042999999998827 1 1 0.21301775147928995 0.6053412462908012
135 0.003891899999999948 1 1 0.21893491124260356 0.6083086053412463
136 0.0038001999999999203 0 0 0.21893491124260356 0.6083086053412463
137 0.00380170000000013 0 0 0.21893491124260356 0.6083086053412463
138 0.0037267000000000827 0 0 0.21893491124260356 0.6083086053412463
139 0.003745200000000004 1 1 0.22485207100591717 0.6112759643916914
140 0.004029700000000025 0 0 0.22485207100591717 0.6112759643916914
141 0.003739099999999995 0 0 0.22485207100591717 0.6112759643916914
142 0.003859099999999893 1 1 0.23076923076923078 0.6142433234421365
143 0.0037316999999998934 1 1 0.23668639053254437 0.6172106824925816
144 0.00763910000000001 1 1 0.24260355029585798 0.6201780415430267
145 0.004076899999999828 1 1 0.2485207100591716 0.6231454005934718
146 0.004173699999999947 0 0 0.2485207100591716 0.6231454005934718
147 0.004273399999999983 1 0 0.25443786982248523 0.6231454005934718
148 0.0037978999999999097 1 1 0.2603550295857988 0.6261127596439169
149 0.0038536000000000126 0 1 0.2603550295857988 0.629080118694362
150 0.005515399999999948 0 0 0.2603550295857988 0.629080118694362
151 0.005395999999999956 0 0 0.2603550295857988 0.629080118694362
152 0.005579100000000059 0 0 0.2603550295857988 0.629080118694362
153 0.005612599999999857 0 0 0.2603550295857988 0.629080118694362
154 0.0039285000000000014 0 0 0.2603550295857988 0.629080118694362
155 0.003821700000000039 1 1 0.26627218934911245 0.6320474777448071
156 0.0039389000000000784 0 0 0.26627218934911245 0.6320474777448071
157 0.0038146999999999487 0 0 0.26627218934911245 0.6320474777448071
158 0.004350700000000041 0 0 0.26627218934911245 0.6320474777448071
159 0.003871300000000133 0 0 0.26627218934911245 0.6320474777448071
160 0.004167900000000113 0 0 0.26627218934911245 0.6320474777448071
161 0.0038058000000000813 1 1 0.27218934911242604 0.6350148367952523
162 0.003823899999999991 0 0 0.27218934911242604 0.6350148367952523
163 0.0037617999999999263 0 0 0.27218934911242604 0.6350148367952523
164 0.004329499999999875 0 0 0.27218934911242604 0.6350148367952523
165 0.0037997000000000725 0 0 0.27218934911242604 0.6350148367952523
166 0.003731600000000057 0 0 0.27218934911242604 0.6350148367952523
167 0.003923099999999957 0 0 0.27218934911242604 0.6350148367952523
168 0.00377929999999993 0 0 0.27218934911242604 0.6350148367952523
169 0.003799099999999944 1 1 0.2781065088757396 0.6379821958456974
170 0.004147500000000193 1 1 0.28402366863905326 0.6409495548961425
171 0.0040127999999999275 0 0 0.28402366863905326 0.6409495548961425
172 0.003868399999999994 1 1 0.28994082840236685 0.6439169139465876
173 0.0038602999999999277 0 0 0.28994082840236685 0.6439169139465876
174 0.004293399999999892 0 0 0.28994082840236685 0.6439169139465876
175 0.004081700000000188 1 1 0.2958579881656805 0.6468842729970327
176 0.004057399999999989 0 0 0.2958579881656805 0.6468842729970327
177 0.003893399999999936 0 0 0.2958579881656805 0.6468842729970327
178 0.003828699999999907 0 0 0.2958579881656805 0.6468842729970327
179 0.004253400000000074 1 0 0.30177514792899407 0.6468842729970327
180 0.003932900000000128 1 1 0.3076923076923077 0.6498516320474778
181 0.004107499999999931 1 1 0.3136094674556213 0.6528189910979229
182 0.003893999999999842 0 1 0.3136094674556213 0.655786350148368
183 0.0039373000000000324 0 0 0.3136094674556213 0.655786350148368
184 0.004317000000000126 0 0 0.3136094674556213 0.655786350148368
185 0.004187800000000186 1 1 0.31952662721893493 0.658753709198813
186 0.003951800000000061 0 0 0.31952662721893493 0.658753709198813
187 0.004364599999999941 0 0 0.31952662721893493 0.658753709198813
188 0.0038697999999999233 1 1 0.3254437869822485 0.6617210682492581
189 0.005468200000000145 0 0 0.3254437869822485 0.6617210682492581
190 0.005599999999999827 0 0 0.3254437869822485 0.6617210682492581
191 0.005680599999999814 0 0 0.3254437869822485 0.6617210682492581
192 0.005688000000000137 0 0 0.3254437869822485 0.6617210682492581
193 0.0055979000000001555 1 1 0.33136094674556216 0.6646884272997032
194 0.005489700000000042 0 0 0.33136094674556216 0.6646884272997032
195 0.005733600000000116 0 0 0.33136094674556216 0.6646884272997032
196 0.004110999999999976 0 0 0.33136094674556216 0.6646884272997032
197 0.004076599999999875 0 0 0.33136094674556216 0.6646884272997032
198 0.0038639999999998675 0 0 0.33136094674556216 0.6646884272997032
199 0.004013499999999892 1 1 0.33727810650887574 0.6676557863501483
200 0.004053800000000107 1 1 0.3431952662721893 0.6706231454005934
201 0.004100299999999946 1 1 0.34911242603550297 0.6735905044510386
202 0.004088199999999986 0 0 0.34911242603550297 0.6735905044510386
203 0.003996200000000005 0 0 0.34911242603550297 0.6735905044510386
204 0.003983300000000023 0 0 0.34911242603550297 0.6735905044510386
205 0.003911599999999904 1 1 0.35502958579881655 0.6765578635014837
206 0.003879899999999825 0 0 0.35502958579881655 0.6765578635014837
207 0.004029400000000072 1 1 0.3609467455621302 0.6795252225519288
208 0.003982099999999988 1 1 0.3668639053254438 0.6824925816023739
209 0.003991200000000195 0 0 0.3668639053254438 0.6824925816023739
210 0.003963799999999962 0 0 0.3668639053254438 0.6824925816023739
211 0.003938199999999892 0 0 0.3668639053254438 0.6824925816023739
212 0.003967200000000171 0 0 0.3668639053254438 0.6824925816023739
213 0.0039743999999999335 0 0 0.3668639053254438 0.6824925816023739
214 0.004199400000000075 1 1 0.3727810650887574 0.685459940652819
215 0.004295500000000008 0 0 0.3727810650887574 0.685459940652819
216 0.00399320000000003 1 1 0.378698224852071 0.6884272997032641
217 0.004056300000000013 0 0 0.378698224852071 0.6884272997032641
218 0.004172199999999959 1 1 0.38461538461538464 0.6913946587537092
219 0.0040047999999999195 0 0 0.38461538461538464 0.6913946587537092
220 0.004011600000000115 1 0 0.3905325443786982 0.6913946587537092
221 0.0040871999999998465 1 2 0.39644970414201186 0.6973293768545994
222 0.004007000000000094 0 0 0.39644970414201186 0.6973293768545994
223 0.004101899999999992 0 0 0.39644970414201186 0.6973293768545994
224 0.003977699999999862 0 0 0.39644970414201186 0.6973293768545994
225 0.004147799999999924 0 0 0.39644970414201186 0.6973293768545994
226 0.00425870000000006 1 1 0.40236686390532544 0.7002967359050445
227 0.004016199999999914 1 1 0.40828402366863903 0.7032640949554896
228 0.004316100000000045 0 0 0.40828402366863903 0.7032640949554896
229 0.004049399999999981 1 1 0.41420118343195267 0.7062314540059347
230 0.00406519999999988 0 0 0.41420118343195267 0.7062314540059347
231 0.004169700000000054 0 0 0.41420118343195267 0.7062314540059347
232 0.004027699999999967 1 0 0.42011834319526625 0.7062314540059347
233 0.003969099999999948 0 0 0.42011834319526625 0.7062314540059347
234 0.0040877000000001384 1 2 0.4260355029585799 0.712166172106825
235 0.004047399999999923 1 1 0.4319526627218935 0.7151335311572701
236 0.004055299999999873 0 0 0.4319526627218935 0.7151335311572701
237 0.004206300000000107 1 1 0.4378698224852071 0.7181008902077152
238 0.004180100000000131 1 1 0.4437869822485207 0.7210682492581603
239 0.004134300000000035 1 0 0.44970414201183434 0.7210682492581603
240 0.004128499999999979 0 0 0.44970414201183434 0.7210682492581603
241 0.004181699999999955 0 0 0.44970414201183434 0.7210682492581603
242 0.00405410000000006 0 0 0.44970414201183434 0.7210682492581603
243 0.004031499999999966 0 0 0.44970414201183434 0.7210682492581603
244 0.00426890000000002 0 1 0.44970414201183434 0.7240356083086054
245 0.004539499999999919 0 0 0.44970414201183434 0.7240356083086054
246 0.004215499999999928 1 1 0.4556213017751479 0.7270029673590505
247 0.0043447999999999265 1 1 0.46153846153846156 0.7299703264094956
248 0.00409780000000004 0 0 0.46153846153846156 0.7299703264094956
249 0.004335100000000036 0 0 0.46153846153846156 0.7299703264094956
250 0.004107300000000036 0 0 0.46153846153846156 0.7299703264094956
251 0.004128299999999863 0 0 0.46153846153846156 0.7299703264094956
252 0.004126300000000027 0 0 0.46153846153846156 0.7299703264094956
253 0.004174300000000075 0 0 0.46153846153846156 0.7299703264094956
254 0.004515900000000128 0 0 0.46153846153846156 0.7299703264094956
255 0.0043272000000000865 0 0 0.46153846153846156 0.7299703264094956
256 0.004287600000000058 1 1 0.46745562130177515 0.7329376854599406
257 0.00412060000000003 0 0 0.46745562130177515 0.7329376854599406
258 0.0040952000000000766 1 0 0.47337278106508873 0.7329376854599406
259 0.004112600000000022 1 1 0.47928994082840237 0.7359050445103857
260 0.004174899999999981 0 0 0.47928994082840237 0.7359050445103857
261 0.004176399999999969 0 0 0.47928994082840237 0.7359050445103857
262 0.0041200000000001236 1 1 0.48520710059171596 0.7388724035608308
263 0.0042215000000001 0 1 0.48520710059171596 0.7418397626112759
264 0.004215699999999822 0 0 0.48520710059171596 0.7418397626112759
265 0.004255099999999956 0 0 0.48520710059171596 0.7418397626112759
266 0.004187299999999894 0 0 0.48520710059171596 0.7418397626112759
267 0.004414799999999941 0 0 0.48520710059171596 0.7418397626112759
268 0.004713900000000049 1 1 0.4911242603550296 0.744807121661721
269 0.004171900000000006 0 0 0.4911242603550296 0.744807121661721
270 0.00414570000000003 0 0 0.4911242603550296 0.744807121661721
271 0.004659799999999992 0 0 0.4911242603550296 0.744807121661721
272 0.0048154999999998616 1 1 0.4970414201183432 0.7477744807121661
273 0.00468589999999991 1 1 0.5029585798816568 0.7507418397626113
274 0.004727599999999832 1 1 0.5088757396449705 0.7537091988130564
275 0.004575800000000019 0 0 0.5088757396449705 0.7537091988130564
276 0.004484300000000108 1 1 0.514792899408284 0.7566765578635015
277 0.00810389999999983 0 0 0.514792899408284 0.7566765578635015
278 0.004456200000000132 1 0 0.5207100591715976 0.7566765578635015
279 0.004433200000000026 0 1 0.5207100591715976 0.7596439169139466
280 0.00444650000000002 1 1 0.5266272189349113 0.7626112759643917
281 0.004597500000000032 0 0 0.5266272189349113 0.7626112759643917
282 0.00448650000000006 1 1 0.5325443786982249 0.7655786350148368
283 0.004130700000000154 0 0 0.5325443786982249 0.7655786350148368
284 0.004391799999999835 0 0 0.5325443786982249 0.7655786350148368
285 0.004318499999999892 0 0 0.5325443786982249 0.7655786350148368
286 0.0045479999999999965 1 1 0.5384615384615384 0.7685459940652819
287 0.004614899999999977 0 0 0.5384615384615384 0.7685459940652819
288 0.004523499999999903 1 1 0.5443786982248521 0.771513353115727
289 0.004200200000000098 0 0 0.5443786982248521 0.771513353115727
290 0.004771499999999929 0 0 0.5443786982248521 0.771513353115727
291 0.004438200000000059 0 0 0.5443786982248521 0.771513353115727
292 0.0044135999999999065 1 0 0.5502958579881657 0.771513353115727
293 0.004788599999999921 0 0 0.5502958579881657 0.771513353115727
294 0.004375299999999971 0 0 0.5502958579881657 0.771513353115727
295 0.0044775999999999705 0 1 0.5502958579881657 0.7744807121661721
296 0.004490699999999848 1 1 0.5562130177514792 0.7774480712166172
297 0.004277399999999876 0 0 0.5562130177514792 0.7774480712166172
298 0.004451299999999936 0 0 0.5562130177514792 0.7774480712166172
299 0.004178099999999851 0 0 0.5562130177514792 0.7774480712166172
300 0.004398300000000077 0 0 0.5562130177514792 0.7774480712166172
301 0.004333399999999932 0 0 0.5562130177514792 0.7774480712166172
302 0.004839099999999874 1 1 0.5621301775147929 0.7804154302670623
303 0.004349200000000053 1 1 0.5680473372781065 0.7833827893175074
304 0.00452700000000017 0 0 0.5680473372781065 0.7833827893175074
305 0.0042927999999999855 0 0 0.5680473372781065 0.7833827893175074
306 0.004960200000000192 0 0 0.5680473372781065 0.7833827893175074
307 0.0044512000000000995 1 1 0.5739644970414202 0.7863501483679525
308 0.004272000000000276 0 0 0.5739644970414202 0.7863501483679525
309 0.004429000000000016 0 0 0.5739644970414202 0.7863501483679525
310 0.0047616000000001435 1 1 0.5798816568047337 0.7893175074183977
311 0.004378500000000063 1 1 0.5857988165680473 0.7922848664688428
312 0.004491099999999637 0 0 0.5857988165680473 0.7922848664688428
313 0.004489799999999988 0 0 0.5857988165680473 0.7922848664688428
314 0.004465900000000023 0 0 0.5857988165680473 0.7922848664688428
315 0.004769800000000046 0 0 0.5857988165680473 0.7922848664688428
316 0.004982399999999831 1 1 0.591715976331361 0.7952522255192879
317 0.0042952000000000545 0 0 0.591715976331361 0.7952522255192879
318 0.004675299999999716 1 1 0.5976331360946746 0.798219584569733
319 0.004862000000000144 1 1 0.6035502958579881 0.8011869436201781
320 0.00471950000000021 1 1 0.6094674556213018 0.8041543026706232
321 0.00451490000000021 1 1 0.6153846153846154 0.8071216617210683
322 0.0050912000000002955 0 0 0.6153846153846154 0.8071216617210683
323 0.004919999999999813 1 1 0.621301775147929 0.8100890207715133
324 0.004413200000000117 0 0 0.621301775147929 0.8100890207715133
325 0.004683399999999782 0 0 0.621301775147929 0.8100890207715133
326 0.004511400000000165 0 0 0.621301775147929 0.8100890207715133
327 0.005089799999999922 1 1 0.6272189349112426 0.8130563798219584
328 0.004713199999999862 0 0 0.6272189349112426 0.8130563798219584
329 0.004980600000000113 0 0 0.6272189349112426 0.8130563798219584
330 0.004662299999999675 1 1 0.6331360946745562 0.8160237388724035
331 0.005077399999999788 0 0 0.6331360946745562 0.8160237388724035
332 0.004558200000000401 0 0 0.6331360946745562 0.8160237388724035
333 0.00476069999999984 0 0 0.6331360946745562 0.8160237388724035
334 0.005111199999999982 0 0 0.6331360946745562 0.8160237388724035
335 0.005161799999999772 1 1 0.6390532544378699 0.8189910979228486
336 0.00590780000000013 0 0 0.6390532544378699 0.8189910979228486
337 0.004667399999999766 0 0 0.6390532544378699 0.8189910979228486
338 0.0047482999999997055 0 0 0.6390532544378699 0.8189910979228486
339 0.005101799999999823 0 0 0.6390532544378699 0.8189910979228486
340 0.004437299999999755 0 0 0.6390532544378699 0.8189910979228486
341 0.004699899999999868 1 0 0.6449704142011834 0.8189910979228486
342 0.00493660000000018 1 2 0.650887573964497 0.8249258160237388
343 0.005090299999999992 0 0 0.650887573964497 0.8249258160237388
344 0.004558199999999957 0 0 0.650887573964497 0.8249258160237388
345 0.0048594999999997945 0 0 0.650887573964497 0.8249258160237388
346 0.0050454000000002 0 0 0.650887573964497 0.8249258160237388
347 0.005077800000000021 0 0 0.650887573964497 0.8249258160237388
348 0.004598800000000125 0 0 0.650887573964497 0.8249258160237388
349 0.004840100000000014 1 1 0.6568047337278107 0.827893175074184
350 0.005076899999999718 0 0 0.6568047337278107 0.827893175074184
351 0.004821000000000186 0 0 0.6568047337278107 0.827893175074184
352 0.004568200000000022 0 0 0.6568047337278107 0.827893175074184
353 0.004991500000000038 0 0 0.6568047337278107 0.827893175074184
354 0.005098100000000105 1 1 0.6627218934911243 0.8308605341246291
355 0.004620900000000372 0 0 0.6627218934911243 0.8308605341246291
356 0.005153699999999706 1 1 0.6686390532544378 0.8338278931750742
357 0.004786300000000132 0 0 0.6686390532544378 0.8338278931750742
358 0.004857400000000123 0 0 0.6686390532544378 0.8338278931750742
359 0.005032099999999762 0 0 0.6686390532544378 0.8338278931750742
360 0.004851400000000172 0 0 0.6686390532544378 0.8338278931750742
361 0.00491470000000005 1 0 0.6745562130177515 0.8338278931750742
362 0.004581799999999969 1 1 0.6804733727810651 0.8367952522255193
363 0.005046999999999802 0 0 0.6804733727810651 0.8367952522255193
364 0.0045944000000002205 1 1 0.6863905325443787 0.8397626112759644
365 0.004534499999999664 0 1 0.6863905325443787 0.8427299703264095
366 0.0045205000000003714 0 0 0.6863905325443787 0.8427299703264095
367 0.004477899999999924 0 0 0.6863905325443787 0.8427299703264095
368 0.004717799999999883 1 1 0.6923076923076923 0.8456973293768546
369 0.004546700000000126 0 0 0.6923076923076923 0.8456973293768546
370 0.004555000000000309 1 1 0.6982248520710059 0.8486646884272997
371 0.0045799999999998064 0 0 0.6982248520710059 0.8486646884272997
372 0.004503499999999772 0 0 0.6982248520710059 0.8486646884272997
373 0.0044850999999996866 0 0 0.6982248520710059 0.8486646884272997
374 0.004629099999999831 0 0 0.6982248520710059 0.8486646884272997
375 0.004610000000000003 0 0 0.6982248520710059 0.8486646884272997
376 0.004491200000000362 0 0 0.6982248520710059 0.8486646884272997
377 0.004454799999999981 0 0 0.6982248520710059 0.8486646884272997
378 0.004742300000000199 1 1 0.7041420118343196 0.8516320474777448
379 0.004590299999999825 0 0 0.7041420118343196 0.8516320474777448
380 0.004574999999999996 1 1 0.7100591715976331 0.8545994065281899
381 0.004605300000000145 1 1 0.7159763313609467 0.857566765578635
382 0.004873299999999858 0 0 0.7159763313609467 0.857566765578635
383 0.004571400000000114 1 1 0.7218934911242604 0.8605341246290801
384 0.00461720000000021 0 0 0.7218934911242604 0.8605341246290801
385 0.0047224000000003485 0 0 0.7218934911242604 0.8605341246290801
386 0.004919500000000188 0 0 0.7218934911242604 0.8605341246290801
387 0.00478899999999971 0 0 0.7218934911242604 0.8605341246290801
388 0.005257999999999985 0 0 0.7218934911242604 0.8605341246290801
389 0.004776399999999903 1 1 0.727810650887574 0.8635014836795252
390 0.004620999999999764 0 0 0.727810650887574 0.8635014836795252
391 0.004766500000000118 0 0 0.727810650887574 0.8635014836795252
392 0.004769899999999883 0 0 0.727810650887574 0.8635014836795252
393 0.004671899999999951 1 0 0.7337278106508875 0.8635014836795252
394 0.00452869999999983 0 0 0.7337278106508875 0.8635014836795252
395 0.0053347000000001366 1 2 0.7396449704142012 0.8694362017804155
396 0.005196100000000037 0 0 0.7396449704142012 0.8694362017804155
397 0.004658000000000051 0 0 0.7396449704142012 0.8694362017804155
398 0.005017300000000002 0 0 0.7396449704142012 0.8694362017804155
399 0.00497140000000007 1 1 0.7455621301775148 0.8724035608308606
400 0.005242799999999992 0 0 0.7455621301775148 0.8724035608308606
401 0.004888500000000295 0 0 0.7455621301775148 0.8724035608308606
402 0.0047328000000002035 0 0 0.7455621301775148 0.8724035608308606
403 0.00506619999999991 0 0 0.7455621301775148 0.8724035608308606
404 0.004989799999999711 0 0 0.7455621301775148 0.8724035608308606
405 0.004822900000000185 1 1 0.7514792899408284 0.8753709198813057
406 0.004871799999999649 1 0 0.757396449704142 0.8753709198813057
407 0.0052440000000002485 0 0 0.757396449704142 0.8753709198813057
408 0.004851799999999962 0 1 0.757396449704142 0.8783382789317508
409 0.00476709999999958 1 1 0.7633136094674556 0.8813056379821959
410 0.008509300000000053 1 1 0.7692307692307693 0.884272997032641
411 0.0049752000000000685 0 0 0.7692307692307693 0.884272997032641
412 0.004892599999999803 1 1 0.7751479289940828 0.887240356083086
413 0.004943299999999873 0 0 0.7751479289940828 0.887240356083086
414 0.004735399999999945 0 0 0.7751479289940828 0.887240356083086
415 0.00518149999999995 0 0 0.7751479289940828 0.887240356083086
416 0.004866199999999932 0 0 0.7751479289940828 0.887240356083086
417 0.004882200000000392 0 0 0.7751479289940828 0.887240356083086
418 0.005072399999999977 0 0 0.7751479289940828 0.887240356083086
419 0.005243300000000062 1 1 0.7810650887573964 0.8902077151335311
420 0.004941199999999757 0 0 0.7810650887573964 0.8902077151335311
421 0.005263900000000099 0 0 0.7810650887573964 0.8902077151335311
422 0.005027500000000185 0 0 0.7810650887573964 0.8902077151335311
423 0.004636399999999874 0 0 0.7810650887573964 0.8902077151335311
424 0.004765900000000212 0 0 0.7810650887573964 0.8902077151335311
425 0.004856599999999656 1 1 0.7869822485207101 0.8931750741839762
426 0.004757099999999959 0 0 0.7869822485207101 0.8931750741839762
427 0.004725700000000277 1 1 0.7928994082840237 0.8961424332344213
428 0.004673800000000394 1 1 0.7988165680473372 0.8991097922848664
429 0.004910900000000051 1 1 0.8047337278106509 0.9020771513353115
430 0.004935699999999876 0 0 0.8047337278106509 0.9020771513353115
431 0.0047946999999997075 0 0 0.8047337278106509 0.9020771513353115
432 0.004644100000000151 0 0 0.8047337278106509 0.9020771513353115
433 0.004625699999999622 0 0 0.8047337278106509 0.9020771513353115
434 0.0052738999999997205 0 0 0.8047337278106509 0.9020771513353115
435 0.0047682 1 1 0.8106508875739645 0.9050445103857567
436 0.004880600000000346 0 0 0.8106508875739645 0.9050445103857567
437 0.004690899999999942 1 1 0.8165680473372781 0.9080118694362018
438 0.004636599999999991 1 1 0.8224852071005917 0.9109792284866469
439 0.004708399999999724 0 0 0.8224852071005917 0.9109792284866469
440 0.004750100000000312 0 0 0.8224852071005917 0.9109792284866469
441 0.004678799999999761 0 0 0.8224852071005917 0.9109792284866469
442 0.004702899999999843 0 0 0.8224852071005917 0.9109792284866469
443 0.004850100000000079 0 0 0.8224852071005917 0.9109792284866469
444 0.0046824000000000865 1 1 0.8284023668639053 0.913946587537092
445 0.00484059999999964 0 0 0.8284023668639053 0.913946587537092
446 0.0049933000000002 0 0 0.8284023668639053 0.913946587537092
447 0.004946899999999754 0 0 0.8284023668639053 0.913946587537092
448 0.0047690999999998596 1 1 0.834319526627219 0.9169139465875371
449 0.004865399999999909 1 1 0.8402366863905325 0.9198813056379822
450 0.004936900000000133 1 1 0.8461538461538461 0.9228486646884273
451 0.00525249999999966 1 1 0.8520710059171598 0.9258160237388724
452 0.00534200000000018 1 0 0.8579881656804734 0.9258160237388724
453 0.004821300000000139 0 0 0.8579881656804734 0.9258160237388724
454 0.005392900000000367 0 0 0.8579881656804734 0.9258160237388724
455 0.005018199999999862 0 0 0.8579881656804734 0.9258160237388724
456 0.004814900000000399 1 1 0.863905325443787 0.9287833827893175
457 0.004923699999999975 0 0 0.863905325443787 0.9287833827893175
458 0.0051546999999998455 0 0 0.863905325443787 0.9287833827893175
459 0.004897999999999847 0 0 0.863905325443787 0.9287833827893175
460 0.004845299999999941 0 0 0.863905325443787 0.9287833827893175
461 0.004771499999999929 0 0 0.863905325443787 0.9287833827893175
462 0.004801999999999751 1 1 0.8698224852071006 0.9317507418397626
463 0.005606100000000058 0 0 0.8698224852071006 0.9317507418397626
464 0.0047920000000001295 0 0 0.8698224852071006 0.9317507418397626
465 0.004969299999999954 1 1 0.8757396449704142 0.9347181008902077
466 0.0051770999999996015 0 1 0.8757396449704142 0.9376854599406528
467 0.004901000000000266 0 0 0.8757396449704142 0.9376854599406528
468 0.0055882999999998795 0 0 0.8757396449704142 0.9376854599406528
469 0.004928199999999716 0 0 0.8757396449704142 0.9376854599406528
470 0.004766300000000001 1 1 0.8816568047337278 0.9406528189910979
471 0.0053890999999999245 0 0 0.8816568047337278 0.9406528189910979
472 0.00479010000000013 0 0 0.8816568047337278 0.9406528189910979
473 0.0050832000000000654 1 1 0.8875739644970414 0.9436201780415431
474 0.005062200000000239 0 0 0.8875739644970414 0.9436201780415431
475 0.005383600000000044 1 1 0.893491124260355 0.9465875370919882
476 0.004881200000000252 1 1 0.8994082840236687 0.9495548961424333
477 0.0056715000000000515 0 0 0.8994082840236687 0.9495548961424333
478 0.004979600000000417 0 0 0.8994082840236687 0.9495548961424333
479 0.005037800000000203 0 0 0.8994082840236687 0.9495548961424333
480 0.004916099999999979 0 0 0.8994082840236687 0.9495548961424333
481 0.005019799999999908 1 1 0.9053254437869822 0.9525222551928784
482 0.004931500000000089 0 0 0.9053254437869822 0.9525222551928784
483 0.004979599999999973 1 1 0.9112426035502958 0.9554896142433235
484 0.004927600000000254 1 1 0.9171597633136095 0.9584569732937686
485 0.005660499999999846 0 0 0.9171597633136095 0.9584569732937686
486 0.005646899999999899 0 0 0.9171597633136095 0.9584569732937686
487 0.005117799999999839 0 0 0.9171597633136095 0.9584569732937686
488 0.005073100000000164 0 0 0.9171597633136095 0.9584569732937686
489 0.005129999999999857 1 1 0.9230769230769231 0.9614243323442137
490 0.005258299999999938 0 0 0.9230769230769231 0.9614243323442137
491 0.005322899999999908 1 0 0.9289940828402367 0.9614243323442137
492 0.005562300000000242 0 0 0.9289940828402367 0.9614243323442137
493 0.005265999999999771 0 1 0.9289940828402367 0.9643916913946587
494 0.005661599999999822 1 1 0.9349112426035503 0.9673590504451038
495 0.005232400000000137 0 0 0.9349112426035503 0.9673590504451038
496 0.005455100000000268 0 0 0.9349112426035503 0.9673590504451038
497 0.005350099999999802 0 0 0.9349112426035503 0.9673590504451038
498 0.005933399999999978 1 1 0.9408284023668639 0.9703264094955489
499 0.005113699999999888 1 1 0.9467455621301775 0.973293768545994
500 0.00534800000000013 1 1 0.9526627218934911 0.9762611275964391
501 0.005445299999999875 0 0 0.9526627218934911 0.9762611275964391
502 0.005372899999999792 0 0 0.9526627218934911 0.9762611275964391
503 0.00568970000000002 0 0 0.9526627218934911 0.9762611275964391
504 0.005044200000000387 0 0 0.9526627218934911 0.9762611275964391
505 0.005098800000000292 0 0 0.9526627218934911 0.9762611275964391
506 0.005443899999999946 0 0 0.9526627218934911 0.9762611275964391
507 0.005379100000000303 0 0 0.9526627218934911 0.9762611275964391
508 0.005471000000000004 0 0 0.9526627218934911 0.9762611275964391
509 0.005672399999999911 0 0 0.9526627218934911 0.9762611275964391
510 0.005502900000000199 1 1 0.9585798816568047 0.9792284866468842
511 0.005509499999999612 0 0 0.9585798816568047 0.9792284866468842
512 0.005596999999999852 1 1 0.9644970414201184 0.9821958456973294
513 0.005526900000000001 0 0 0.9644970414201184 0.9821958456973294
514 0.005692400000000042 0 0 0.9644970414201184 0.9821958456973294
515 0.005171400000000048 0 0 0.9644970414201184 0.9821958456973294
516 0.005178599999999811 0 0 0.9644970414201184 0.9821958456973294
517 0.005686199999999975 1 1 0.9704142011834319 0.9851632047477745
518 0.004909199999999725 1 1 0.9763313609467456 0.9881305637982196
519 0.004912700000000214 0 0 0.9763313609467456 0.9881305637982196
520 0.004958499999999866 0 0 0.9763313609467456 0.9881305637982196
521 0.005332600000000021 1 1 0.9822485207100592 0.9910979228486647
522 0.005030899999999949 0 0 0.9822485207100592 0.9910979228486647
523 0.0054099000000000785 0 0 0.9822485207100592 0.9910979228486647
524 0.006079900000000027 0 0 0.9822485207100592 0.9910979228486647
525 0.005352100000000082 1 1 0.9881656804733728 0.9940652818991098
526 0.005556400000000128 0 0 0.9881656804733728 0.9940652818991098
527 0.00531859999999984 0 0 0.9881656804733728 0.9940652818991098
528 0.00525249999999966 0 0 0.9881656804733728 0.9940652818991098
529 0.005233599999999949 0 0 0.9881656804733728 0.9940652818991098
530 0.005364099999999983 0 0 0.9881656804733728 0.9940652818991098
531 0.005425499999999861 0 0 0.9881656804733728 0.9940652818991098
532 0.005414299999999983 1 1 0.9940828402366864 0.9970326409495549
533 0.0051562999999998915 1 1 1.0 1.0
