25 0.2 0.9
1 0.0006150000000000044 0 0 0.0 0.5106382978723404
2 0.0006441999999999837 1 0 0.041666666666666664 0.5106382978723404
3 0.0005343000000000153 1 1 0.08333333333333333 0.5319148936170213
4 0.0005582000000000087 0 0 0.08333333333333333 0.5319148936170213
5 0.0005341999999999847 1 0 0.125 0.5319148936170213
6 0.0004934000000000049 0 0 0.125 0.5319148936170213
7 0.00046319999999999695 0 0 0.125 0.5319148936170213
8 0.0005554000000000114 1 1 0.16666666666666666 0.5531914893617021
9 0.0005698000000000092 0 0 0.16666666666666666 0.5531914893617021
10 0.0005615999999999954 0 0 0.16666666666666666 0.5531914893617021
11 0.0006227000000000038 0 0 0.16666666666666666 0.5531914893617021
12 0.0006337999999999899 0 0 0.16666666666666666 0.5531914893617021
13 0.0005654999999999966 0 0 0.16666666666666666 0.5531914893617021
14 0.0005496999999999863 1 1 0.20833333333333334 0.574468085106383
15 0.0005700000000000149 1 1 0.25 0.5957446808510638
16 0.0007291999999999854 0 1 0.25 0.6170212765957447
17 0.0006018999999999886 0 0 0.25 0.6170212765957447
18 0.0006102000000000052 0 0 0.25 0.6170212765957447
19 0.0006106000000000167 1 1 0.2916666666666667 0.6382978723404256
20 0.0009964000000000084 0 0 0.2916666666666667 0.6382978723404256
21 0.0007532000000000094 1 1 0.3333333333333333 0.6595744680851063
22 0.0006405000000000161 0 0 0.3333333333333333 0.6595744680851063
23 0.0005217000000000138 0 0 0.3333333333333333 0.6595744680851063
24 0.0005234000000000072 1 0 0.375 0.6595744680851063
25 0.0005066999999999988 0 0 0.375 0.6595744680851063
26 0.0005536000000000152 0 1 0.375 0.6808510638297872
27 0.0005329000000000028 0 0 0.375 0.6808510638297872
28 0.0006549999999999889 0 0 0.375 0.6808510638297872
29 0.0006258999999999848 0 0 0.375 0.6808510638297872
30 0.0008593999999999824 0 0 0.375 0.6808510638297872
31 0.0008821999999999997 0 0 0.375 0.6808510638297872
32 0.0007937000000000083 0 0 0.375 0.6808510638297872
33 0.0006076000000000137 0 0 0.375 0.6808510638297872
34 0.0005514999999999826 0 0 0.375 0.6808510638297872
35 0.0006432000000000104 0 0 0.375 0.6808510638297872
36 0.0005571000000000048 0 0 0.375 0.6808510638297872
37 0.0007288000000000017 0 0 0.375 0.6808510638297872
38 0.0006115000000000148 1 1 0.4166666666666667 0.7021276595744681
39 0.0006605000000000083 0 0 0.4166666666666667 0.7021276595744681
40 0.0005535000000000123 0 0 0.4166666666666667 0.7021276595744681
41 0.0006213999999999942 0 0 0.4166666666666667 0.7021276595744681
42 0.0005914999999999948 0 0 0.4166666666666667 0.7021276595744681
43 0.0008010000000000239 0 0 0.4166666666666667 0.7021276595744681
44 0.0006101000000000023 1 0 0.4583333333333333 0.7021276595744681
45 0.0005790999999999991 1 1 0.5 0.723404255319149
46 0.0005803000000000058 0 0 0.5 0.723404255319149
47 0.0005957000000000046 0 0 0.5 0.723404255319149
48 0.0005339000000000038 0 0 0.5 0.723404255319149
49 0.0005568000000000239 0 0 0.5 0.723404255319149
50 0.000692100000000001 1 1 0.5416666666666666 0.7446808510638298
51 0.0006634999999999835 0 0 0.5416666666666666 0.7446808510638298
52 0.0006600999999999968 0 0 0.5416666666666666 0.7446808510638298
53 0.0006729999999999792 0 0 0.5416666666666666 0.7446808510638298
54 0.0006715000000000193 0 0 0.5416666666666666 0.7446808510638298
55 0.0007405999999999802 1 1 0.5833333333333334 0.7659574468085106
56 0.0007225000000000148 0 0 0.5833333333333334 0.7659574468085106
57 0.0006645999999999874 0 0 0.5833333333333334 0.7659574468085106
58 0.0006304000000000032 0 1 0.5833333333333334 0.7872340425531915
59 0.0006332000000000004 1 1 0.625 0.8085106382978723
60 0.0006944999999999868 0 0 0.625 0.8085106382978723
61 0.0009846000000000021 0 0 0.625 0.8085106382978723
62 0.0005680000000000129 0 0 0.625 0.8085106382978723
63 0.0006494999999999973 0 0 0.625 0.8085106382978723
64 0.0006427999999999989 0 0 0.625 0.8085106382978723
65 0.0006549999999999889 1 1 0.6666666666666666 0.8297872340425532
66 0.0006128999999999996 0 0 0.6666666666666666 0.8297872340425532
67 0.0006045000000000078 0 0 0.6666666666666666 0.8297872340425532
68 0.0006478000000000039 0 0 0.6666666666666666 0.8297872340425532
69 0.0006927999999999934 0 0 0.6666666666666666 0.8297872340425532
70 0.0006771000000000138 0 0 0.6666666666666666 0.8297872340425532
71 0.0007236999999999938 1 0 0.7083333333333334 0.8297872340425532
72 0.0007421999999999984 0 0 0.7083333333333334 0.8297872340425532
73 0.0008062000000000069 1 2 0.75 0.8723404255319149
74 0.0007066000000000017 0 0 0.75 0.8723404255319149
75 0.0006831999999999949 0 0 0.75 0.8723404255319149
76 0.0006969000000000003 0 0 0.75 0.8723404255319149
77 0.0007706999999999853 0 0 0.75 0.8723404255319149
78 0.0008642000000000094 0 0 0.75 0.8723404255319149
79 0.0006859999999999922 0 0 0.75 0.8723404255319149
80 0.0007308999999999788 0 0 0.75 0.8723404255319149
81 0.0006358000000000197 0 0 0.75 0.8723404255319149
82 0.0006182999999999883 0 0 0.75 0.8723404255319149
83 0.0006565000000000043 0 0 0.75 0.8723404255319149
84 0.0006512999999999936 0 0 0.75 0.8723404255319149
85 0.001319899999999985 0 0 0.75 0.8723404255319149
86 0.0008865000000000123 0 0 0.75 0.8723404255319149
87 0.0009303999999999979 0 0 0.75 0.8723404255319149
88 0.0007553000000000143 0 0 0.75 0.8723404255319149
89 0.0006439999999999779 1 1 0.7916666666666666 0.8936170212765957
90 0.0006109000000000253 0 0 0.7916666666666666 0.8936170212765957
91 0.0007391999999999954 0 0 0.7916666666666666 0.8936170212765957
92 0.0011249999999999871 1 1 0.8333333333333334 0.9148936170212766
93 0.0007507999999999959 0 0 0.8333333333333334 0.9148936170212766
94 0.0009038000000000102 0 0 0.8333333333333334 0.9148936170212766
95 0.0007924000000000264 0 0 0.8333333333333334 0.9148936170212766
96 0.0006404999999999883 0 0 0.8333333333333334 0.9148936170212766
97 0.0006432000000000104 0 0 0.8333333333333334 0.9148936170212766
98 0.0007757999999999932 0 0 0.8333333333333334 0.9148936170212766
99 0.0008997000000000033 1 0 0.875 0.9148936170212766
100 0.0008940000000000059 0 0 0.875 0.9148936170212766
101 0.0006725000000000203 0 0 0.875 0.9148936170212766
102 0.0006769999999999832 0 0 0.875 0.9148936170212766
103 0.0007858000000000032 0 0 0.875 0.9148936170212766
104 0.0007951999999999959 1 1 0.9166666666666666 0.9361702127659575
105 0.000727499999999992 0 0 0.9166666666666666 0.9361702127659575
106 0.0009260999999999853 0 0 0.9166666666666666 0.9361702127659575
107 0.0008137999999999757 0 0 0.9166666666666666 0.9361702127659575
108 0.0008915999999999924 0 0 0.9166666666666666 0.9361702127659575
109 0.0007668000000000119 0 0 0.9166666666666666 0.9361702127659575
110 0.0008537000000000128 0 0 0.9166666666666666 0.9361702127659575
111 0.0007060999999999873 0 0 0.9166666666666666 0.9361702127659575
112 0.0006644000000000094 0 0 0.9166666666666666 0.9361702127659575
113 0.000774700000000017 0 0 0.9166666666666666 0.9361702127659575
114 0.0008861000000000008 0 0 0.9166666666666666 0.9361702127659575
115 0.0008903000000000105 0 1 0.9166666666666666 0.9574468085106383
116 0.0009117000000000153 0 0 0.9166666666666666 0.9574468085106383
117 0.0006369999999999987 0 0 0.9166666666666666 0.9574468085106383
118 0.0007428999999999908 0 0 0.9166666666666666 0.9574468085106383
119 0.00070110000000001 0 0 0.9166666666666666 0.9574468085106383
120 0.0007677000000000378 0 0 0.9166666666666666 0.9574468085106383
121 0.0007915000000000005 0 0 0.9166666666666666 0.9574468085106383
122 0.0007878000000000052 1 1 0.9583333333333334 0.9787234042553191
123 0.000781099999999979 0 0 0.9583333333333334 0.9787234042553191
124 0.0006380999999999748 0 0 0.9583333333333334 0.9787234042553191
125 0.0007550000000000057 0 0 0.9583333333333334 0.9787234042553191
126 0.0007153000000000298 0 0 0.9583333333333334 0.9787234042553191
127 0.000922299999999987 0 0 0.9583333333333334 0.9787234042553191
128 0.0007092000000000209 1 1 1.0 1.0
