90 0.2 0.7
1 0.0018400000000000083 0 0 0.0 0.5028248587570622
2 0.001738500000000004 0 0 0.0 0.5028248587570622
3 0.001716200000000001 0 0 0.0 0.5028248587570622
4 0.0019845 0 0 0.0 0.5028248587570622
5 0.0017941000000000207 0 0 0.0 0.5028248587570622
6 0.0017825999999999953 0 0 0.0 0.5028248587570622
7 0.0023808999999999914 0 0 0.0 0.5028248587570622
8 0.0020729999999999915 0 0 0.0 0.5028248587570622
9 0.0019344000000000028 1 0 0.011235955056179775 0.5028248587570622
10 0.0021779000000000104 0 0 0.011235955056179775 0.5028248587570622
11 0.0017886999999999764 0 0 0.011235955056179775 0.5028248587570622
12 0.0017461000000000004 0 0 0.011235955056179775 0.5028248587570622
13 0.0019711000000000034 1 1 0.02247191011235955 0.5084745762711864
14 0.0019084000000000045 0 0 0.02247191011235955 0.5084745762711864
15 0.0018094000000000166 0 0 0.02247191011235955 0.5084745762711864
16 0.0018407000000000007 0 0 0.02247191011235955 0.5084745762711864
17 0.0017680000000000196 0 0 0.02247191011235955 0.5084745762711864
18 0.0017096000000000056 0 0 0.02247191011235955 0.5084745762711864
19 0.0017199999999999993 0 0 0.02247191011235955 0.5084745762711864
20 0.0017464999999999842 0 0 0.02247191011235955 0.5084745762711864
21 0.0016449000000000047 0 0 0.02247191011235955 0.5084745762711864
22 0.0018008000000000468 0 0 0.02247191011235955 0.5084745762711864
23 0.0018026999999999904 0 0 0.02247191011235955 0.5084745762711864
24 0.001773899999999995 0 0 0.02247191011235955 0.5084745762711864
25 0.001853899999999964 0 0 0.02247191011235955 0.5084745762711864
26 0.0017868000000000328 0 0 0.02247191011235955 0.5084745762711864
27 0.0023748999999999576 1 1 0.033707865168539325 0.5141242937853108
28 0.0018344000000000138 0 0 0.033707865168539325 0.5141242937853108
29 0.0021747999999999768 0 0 0.033707865168539325 0.5141242937853108
30 0.002079500000000012 0 0 0.033707865168539325 0.5141242937853108
31 0.0017903000000000224 1 0 0.0449438202247191 0.5141242937853108
32 0.0017435999999999563 1 1 0.056179775280898875 0.519774011299435
33 0.0018443999999999683 0 0 0.056179775280898875 0.519774011299435
34 0.001773799999999992 0 0 0.056179775280898875 0.519774011299435
35 0.0018210999999999644 0 0 0.056179775280898875 0.519774011299435
36 0.0019389000000000212 0 0 0.056179775280898875 0.519774011299435
37 0.0018108000000000013 0 1 0.056179775280898875 0.5254237288135594
38 0.0017332999999999932 0 0 0.056179775280898875 0.5254237288135594
39 0.0018048999999999982 1 1 0.06741573033707865 0.5310734463276836
40 0.0018598000000000225 0 0 0.06741573033707865 0.5310734463276836
41 0.0017649000000000137 0 0 0.06741573033707865 0.5310734463276836
42 0.0018651000000000084 0 0 0.06741573033707865 0.5310734463276836
43 0.00176230000000005 0 0 0.06741573033707865 0.5310734463276836
44 0.0018429999999999835 0 0 0.06741573033707865 0.5310734463276836
45 0.0020737000000000116 0 0 0.06741573033707865 0.5310734463276836
46 0.0018219999999999903 0 0 0.06741573033707865 0.5310734463276836
47 0.0017560000000000353 0 0 0.06741573033707865 0.5310734463276836
48 0.001859500000000014 0 0 0.06741573033707865 0.5310734463276836
49 0.0019580000000000153 0 0 0.06741573033707865 0.5310734463276836
50 0.0017835999999999963 1 1 0.07865168539325842 0.536723163841808
51 0.0017091999999999663 0 0 0.07865168539325842 0.536723163841808
52 0.0017892999999999937 0 0 0.07865168539325842 0.536723163841808
53 0.00186550000000002 0 0 0.07865168539325842 0.536723163841808
54 0.0017263999999999613 0 0 0.07865168539325842 0.536723163841808
55 0.0018883999999999568 1 1 0.0898876404494382 0.5423728813559322
56 0.0017332000000000458 0 0 0.0898876404494382 0.5423728813559322
57 0.0019828000000000068 0 0 0.0898876404494382 0.5423728813559322
58 0.0018443999999999683 0 0 0.0898876404494382 0.5423728813559322
59 0.0018370999999999804 0 0 0.0898876404494382 0.5423728813559322
60 0.0018827999999999623 1 1 0.10112359550561797 0.5480225988700564
61 0.0018538000000000165 0 0 0.10112359550561797 0.5480225988700564
62 0.0017754999999999854 1 1 0.11235955056179775 0.5536723163841808
63 0.001831499999999986 1 1 0.12359550561797752 0.559322033898305
64 0.0019469000000000292 0 0 0.12359550561797752 0.559322033898305
65 0.001885099999999973 0 0 0.12359550561797752 0.559322033898305
66 0.0018359000000000014 1 1 0.1348314606741573 0.5649717514124294
67 0.0018759000000000414 0 0 0.1348314606741573 0.5649717514124294
68 0.001820199999999994 0 0 0.1348314606741573 0.5649717514124294
69 0.0018392999999999882 1 1 0.14606741573033707 0.5706214689265536
70 0.0018166000000000015 1 1 0.15730337078651685 0.576271186440678
71 0.0018187000000000064 0 0 0.15730337078651685 0.576271186440678
72 0.001929100000000017 0 0 0.15730337078651685 0.576271186440678
73 0.001867400000000019 1 0 0.16853932584269662 0.576271186440678
74 0.0019830000000000125 1 1 0.1797752808988764 0.5819209039548022
75 0.001891500000000046 1 1 0.19101123595505617 0.5875706214689266
76 0.001863400000000015 1 1 0.20224719101123595 0.5932203389830508
77 0.0032895000000000008 0 0 0.20224719101123595 0.5932203389830508
78 0.002017800000000014 1 1 0.21348314606741572 0.5988700564971752
79 0.002205500000000027 0 0 0.21348314606741572 0.5988700564971752
80 0.002066599999999974 0 1 0.21348314606741572 0.6045197740112994
81 0.002069799999999955 0 0 0.21348314606741572 0.6045197740112994
82 0.002138099999999976 0 0 0.21348314606741572 0.6045197740112994
83 0.0019678000000000195 0 0 0.21348314606741572 0.6045197740112994
84 0.0020362000000000435 0 0 0.21348314606741572 0.6045197740112994
85 0.0019234000000000195 0 0 0.21348314606741572 0.6045197740112994
86 0.001897800000000005 1 1 0.2247191011235955 0.6101694915254238
87 0.0020568000000000253 0 0 0.2247191011235955 0.6101694915254238
88 0.0019200000000000328 0 0 0.2247191011235955 0.6101694915254238
89 0.001966599999999985 1 1 0.23595505617977527 0.615819209039548
90 0.0019810000000000105 0 0 0.23595505617977527 0.615819209039548
91 0.0020165999999999795 0 0 0.23595505617977527 0.615819209039548
92 0.0019328000000000123 0 0 0.23595505617977527 0.615819209039548
93 0.001900299999999966 0 0 0.23595505617977527 0.615819209039548
94 0.0019386000000000125 1 1 0.24719101123595505 0.6214689265536724
95 0.0020403999999999978 0 0 0.24719101123595505 0.6214689265536724
96 0.002160099999999998 0 0 0.24719101123595505 0.6214689265536724
97 0.002817100000000017 0 0 0.24719101123595505 0.6214689265536724
98 0.002974599999999994 0 0 0.24719101123595505 0.6214689265536724
99 0.0027821000000000096 0 0 0.24719101123595505 0.6214689265536724
100 0.0030700999999999645 0 0 0.24719101123595505 0.6214689265536724
101 0.002183000000000046 0 0 0.24719101123595505 0.6214689265536724
102 0.002264299999999997 0 0 0.24719101123595505 0.6214689265536724
103 0.0020816000000000168 0 0 0.24719101123595505 0.6214689265536724
104 0.0019427000000000194 0 0 0.24719101123595505 0.6214689265536724
105 0.0021201000000000136 0 0 0.24719101123595505 0.6214689265536724
106 0.002107899999999996 0 0 0.24719101123595505 0.6214689265536724
107 0.002134999999999998 1 1 0.25842696629213485 0.6271186440677966
108 0.002070499999999975 1 1 0.2696629213483146 0.632768361581921
109 0.0026938999999999713 1 1 0.2808988764044944 0.6384180790960452
110 0.00259100000000001 1 1 0.29213483146067415 0.6440677966101694
111 0.002626300000000026 0 0 0.29213483146067415 0.6440677966101694
112 0.0025240000000000262 0 0 0.29213483146067415 0.6440677966101694
113 0.0029344000000000037 1 1 0.30337078651685395 0.6497175141242938
114 0.0023514000000000035 0 0 0.30337078651685395 0.6497175141242938
115 0.002098700000000009 0 0 0.30337078651685395 0.6497175141242938
116 0.0021134999999999904 1 0 0.3146067415730337 0.6497175141242938
117 0.0020215999999999568 0 0 0.3146067415730337 0.6497175141242938
118 0.002028299999999983 0 0 0.3146067415730337 0.6497175141242938
119 0.0021344999999999836 1 2 0.3258426966292135 0.6610169491525424
120 0.0020776000000000128 0 0 0.3258426966292135 0.6610169491525424
121 0.002928099999999989 0 0 0.3258426966292135 0.6610169491525424
122 0.003005800000000003 0 0 0.3258426966292135 0.6610169491525424
123 0.0028357999999999994 0 0 0.3258426966292135 0.6610169491525424
124 0.002187500000000009 0 0 0.3258426966292135 0.6610169491525424
125 0.0020091999999999888 0 0 0.3258426966292135 0.6610169491525424
126 0.00199940000000004 0 0 0.3258426966292135 0.6610169491525424
127 0.0022434000000000065 1 1 0.33707865168539325 0.6666666666666666
128 0.0020581999999999545 1 1 0.34831460674157305 0.672316384180791
129 0.0023199999999999887 1 1 0.3595505617977528 0.6779661016949152
130 0.0020667999999999798 0 0 0.3595505617977528 0.6779661016949152
131 0.0020451999999999693 0 0 0.3595505617977528 0.6779661016949152
132 0.0024508999999999226 1 1 0.3707865168539326 0.6836158192090396
133 0.002509199999999989 0 0 0.3707865168539326 0.6836158192090396
134 0.0020943999999999408 0 0 0.3707865168539326 0.6836158192090396
135 0.002148900000000009 0 0 0.3707865168539326 0.6836158192090396
136 0.0022581000000000406 0 0 0.3707865168539326 0.6836158192090396
137 0.0021817999999999005 0 0 0.3707865168539326 0.6836158192090396
138 0.0021673999999999305 0 0 0.3707865168539326 0.6836158192090396
139 0.0023113999999999635 0 0 0.3707865168539326 0.6836158192090396
140 0.0020293000000000117 0 0 0.3707865168539326 0.6836158192090396
141 0.0021339999999999693 0 0 0.3707865168539326 0.6836158192090396
142 0.002076100000000025 0 0 0.3707865168539326 0.6836158192090396
143 0.002135800000000021 0 0 0.3707865168539326 0.6836158192090396
144 0.0021367999999999387 0 0 0.3707865168539326 0.6836158192090396
145 0.0021187999999999763 1 0 0.38202247191011235 0.6836158192090396
146 0.002114500000000019 0 0 0.38202247191011235 0.6836158192090396
147 0.0022282000000000135 0 0 0.38202247191011235 0.6836158192090396
148 0.002180599999999977 0 0 0.38202247191011235 0.6836158192090396
149 0.0021917000000000186 0 0 0.38202247191011235 0.6836158192090396
150 0.0022153999999999785 0 0 0.38202247191011235 0.6836158192090396
151 0.002246700000000046 0 0 0.38202247191011235 0.6836158192090396
152 0.002707800000000038 0 1 0.38202247191011235 0.6892655367231638
153 0.0021452999999999056 0 0 0.38202247191011235 0.6892655367231638
154 0.002178699999999978 0 0 0.38202247191011235 0.6892655367231638
155 0.002141100000000007 1 1 0.39325842696629215 0.6949152542372882
156 0.0021430999999999534 0 0 0.39325842696629215 0.6949152542372882
157 0.0021074000000000925 0 0 0.39325842696629215 0.6949152542372882
158 0.0029535000000000533 1 0 0.4044943820224719 0.6949152542372882
159 0.0028335999999999917 0 1 0.4044943820224719 0.7005649717514124
160 0.0022236999999999396 0 0 0.4044943820224719 0.7005649717514124
161 0.0020957000000000336 0 0 0.4044943820224719 0.7005649717514124
162 0.002343000000000095 0 0 0.4044943820224719 0.7005649717514124
163 0.0022476999999999636 0 0 0.4044943820224719 0.7005649717514124
164 0.0022277000000000546 0 0 0.4044943820224719 0.7005649717514124
165 0.0021970000000000045 0 0 0.4044943820224719 0.7005649717514124
166 0.0021008000000000138 0 0 0.4044943820224719 0.7005649717514124
167 0.0020977999999999275 1 1 0.4157303370786517 0.7062146892655368
168 0.002091500000000024 0 0 0.4157303370786517 0.7062146892655368
169 0.0021972999999999576 0 0 0.4157303370786517 0.7062146892655368
170 0.002196899999999946 0 0 0.4157303370786517 0.7062146892655368
171 0.002345700000000006 0 0 0.4157303370786517 0.7062146892655368
172 0.0023380000000000623 1 1 0.42696629213483145 0.711864406779661
173 0.002133399999999952 0 0 0.42696629213483145 0.711864406779661
174 0.002265700000000037 0 0 0.42696629213483145 0.711864406779661
175 0.002273399999999981 1 1 0.43820224719101125 0.7175141242937854
176 0.0029569999999999874 0 0 0.43820224719101125 0.7175141242937854
177 0.0028508999999999896 0 0 0.43820224719101125 0.7175141242937854
178 0.0028348999999999736 0 0 0.43820224719101125 0.7175141242937854
179 0.002128899999999989 0 0 0.43820224719101125 0.7175141242937854
180 0.002094499999999999 0 0 0.43820224719101125 0.7175141242937854
181 0.0021632000000000318 0 0 0.43820224719101125 0.7175141242937854
182 0.0020923999999999943 0 0 0.43820224719101125 0.7175141242937854
183 0.0020685000000000286 0 0 0.43820224719101125 0.7175141242937854
184 0.0021468999999999516 0 0 0.43820224719101125 0.7175141242937854
185 0.002179799999999954 0 0 0.43820224719101125 0.7175141242937854
186 0.0022348999999999286 1 1 0.449438202247191 0.7231638418079096
187 0.0022168000000000188 0 0 0.449438202247191 0.7231638418079096
188 0.002024299999999979 0 0 0.449438202247191 0.7231638418079096
189 0.0020700999999999636 0 0 0.449438202247191 0.7231638418079096
190 0.002195500000000017 0 0 0.449438202247191 0.7231638418079096
191 0.0021900999999999726 0 0 0.449438202247191 0.7231638418079096
192 0.0021917000000000186 1 1 0.4606741573033708 0.7288135593220338
193 0.002027299999999954 0 0 0.4606741573033708 0.7288135593220338
194 0.0021995999999999682 1 1 0.47191011235955055 0.7344632768361582
195 0.002134499999999928 0 0 0.47191011235955055 0.7344632768361582
196 0.0020883999999999903 1 1 0.48314606741573035 0.7401129943502824
197 0.0020655000000000534 0 0 0.48314606741573035 0.7401129943502824
198 0.0022060000000000413 0 0 0.48314606741573035 0.7401129943502824
199 0.002205700000000088 0 0 0.48314606741573035 0.7401129943502824
200 0.0022056000000000298 0 0 0.48314606741573035 0.7401129943502824
201 0.0021631999999999207 0 0 0.48314606741573035 0.7401129943502824
202 0.0021769999999999845 0 0 0.48314606741573035 0.7401129943502824
203 0.0020350999999999564 0 0 0.48314606741573035 0.7401129943502824
204 0.0021054999999999824 0 0 0.48314606741573035 0.7401129943502824
205 0.0020529999999999715 0 0 0.48314606741573035 0.7401129943502824
206 0.00214139999999996 0 0 0.48314606741573035 0.7401129943502824
207 0.0021622999999999504 0 0 0.48314606741573035 0.7401129943502824
208 0.0021472000000000158 0 0 0.48314606741573035 0.7401129943502824
209 0.0022613000000000216 0 0 0.48314606741573035 0.7401129943502824
210 0.002179500000000001 0 0 0.48314606741573035 0.7401129943502824
211 0.002207799999999982 0 0 0.48314606741573035 0.7401129943502824
212 0.0023348999999999176 0 0 0.48314606741573035 0.7401129943502824
213 0.002100600000000008 0 0 0.48314606741573035 0.7401129943502824
214 0.0020519999999999428 0 0 0.48314606741573035 0.7401129943502824
215 0.002068099999999906 1 0 0.4943820224719101 0.7401129943502824
216 0.0022263999999999617 0 0 0.4943820224719101 0.7401129943502824
217 0.002078699999999989 0 0 0.4943820224719101 0.7401129943502824
218 0.002227800000000002 1 0 0.5056179775280899 0.7401129943502824
219 0.002387299999999981 0 0 0.5056179775280899 0.7401129943502824
220 0.0022220000000000573 1 1 0.5168539325842697 0.7457627118644068
221 0.0022694999999999244 0 1 0.5168539325842697 0.751412429378531
222 0.002780899999999975 0 0 0.5168539325842697 0.751412429378531
223 0.0023065999999999365 0 0 0.5168539325842697 0.751412429378531
224 0.0022727000000000164 0 0 0.5168539325842697 0.751412429378531
225 0.0021248000000000378 1 1 0.5280898876404494 0.7570621468926554
226 0.0022172999999999776 0 0 0.5280898876404494 0.7570621468926554
227 0.0022480000000000278 0 0 0.5280898876404494 0.7570621468926554
228 0.0023505999999999805 1 1 0.5393258426966292 0.7627118644067796
229 0.0021368000000000498 0 0 0.5393258426966292 0.7627118644067796
230 0.0023057999999999135 0 0 0.5393258426966292 0.7627118644067796
231 0.0022043999999999953 0 1 0.5393258426966292 0.768361581920904
232 0.0020820000000000283 0 0 0.5393258426966292 0.768361581920904
233 0.0023236000000000923 0 0 0.5393258426966292 0.768361581920904
234 0.0022319000000000644 0 0 0.5393258426966292 0.768361581920904
235 0.0022979999999999112 0 0 0.5393258426966292 0.768361581920904
236 0.0023229000000000166 0 0 0.5393258426966292 0.768361581920904
237 0.002201699999999973 0 0 0.5393258426966292 0.768361581920904
238 0.002331799999999995 0 0 0.5393258426966292 0.768361581920904
239 0.0023980999999999586 1 1 0.550561797752809 0.7740112994350282
240 0.00225019999999998 1 1 0.5617977528089888 0.7796610169491526
241 0.0021261000000000196 1 0 0.5730337078651685 0.7796610169491526
242 0.002272099999999999 0 0 0.5730337078651685 0.7796610169491526
243 0.0023857999999999935 0 0 0.5730337078651685 0.7796610169491526
244 0.00231389999999998 0 0 0.5730337078651685 0.7796610169491526
245 0.0022868000000000333 1 0 0.5842696629213483 0.7796610169491526
246 0.0023216000000000347 1 2 0.5955056179775281 0.7909604519774012
247 0.002305399999999902 1 1 0.6067415730337079 0.7966101694915254
248 0.0022446999999999884 0 0 0.6067415730337079 0.7966101694915254
249 0.0022860999999999576 0 0 0.6067415730337079 0.7966101694915254
250 0.002224899999999974 0 0 0.6067415730337079 0.7966101694915254
251 0.002217899999999995 0 0 0.6067415730337079 0.7966101694915254
252 0.002249399999999957 0 0 0.6067415730337079 0.7966101694915254
253 0.0022863000000000744 1 0 0.6179775280898876 0.7966101694915254
254 0.0022356000000000043 0 0 0.6179775280898876 0.7966101694915254
255 0.002334999999999976 0 1 0.6179775280898876 0.8022598870056498
256 0.002174699999999974 1 1 0.6292134831460674 0.807909604519774
257 0.002257900000000035 0 0 0.6292134831460674 0.807909604519774
258 0.002379499999999979 1 0 0.6404494382022472 0.807909604519774
259 0.002237700000000009 0 0 0.6404494382022472 0.807909604519774
260 0.002419500000000019 0 0 0.6404494382022472 0.807909604519774
261 0.0023511999999999977 0 0 0.6404494382022472 0.807909604519774
262 0.002247300000000063 1 1 0.651685393258427 0.8135593220338984
263 0.0023829000000000766 1 0 0.6629213483146067 0.8135593220338984
264 0.0026665999999999634 0 0 0.6629213483146067 0.8135593220338984
265 0.0023943000000000714 0 2 0.6629213483146067 0.8248587570621468
266 0.002248299999999981 1 2 0.6741573033707865 0.8361581920903954
267 0.0023325000000000706 0 0 0.6741573033707865 0.8361581920903954
268 0.002291799999999955 0 0 0.6741573033707865 0.8361581920903954
269 0.002965899999999966 0 0 0.6741573033707865 0.8361581920903954
270 0.002446999999999977 0 0 0.6741573033707865 0.8361581920903954
271 0.0024839000000000944 0 0 0.6741573033707865 0.8361581920903954
272 0.0022783999999999027 0 0 0.6741573033707865 0.8361581920903954
273 0.0022471000000000574 1 1 0.6853932584269663 0.8418079096045198
274 0.0022366999999999804 0 0 0.6853932584269663 0.8418079096045198
275 0.002248299999999981 0 0 0.6853932584269663 0.8418079096045198
276 0.0023412000000000432 0 0 0.6853932584269663 0.8418079096045198
277 0.0023758999999999864 0 0 0.6853932584269663 0.8418079096045198
278 0.002273900000000051 0 0 0.6853932584269663 0.8418079096045198
279 0.0024347999999999592 1 0 0.6966292134831461 0.8418079096045198
280 0.002341700000000002 0 0 0.6966292134831461 0.8418079096045198
281 0.002271299999999976 0 0 0.6966292134831461 0.8418079096045198
282 0.002186199999999916 0 0 0.6966292134831461 0.8418079096045198
283 0.0023703999999999947 0 1 0.6966292134831461 0.847457627118644
284 0.002286499999999969 0 0 0.6966292134831461 0.847457627118644
285 0.00232969999999999 0 0 0.6966292134831461 0.847457627118644
286 0.0022693000000000296 1 0 0.7078651685393258 0.847457627118644
287 0.0023592000000000057 0 0 0.7078651685393258 0.847457627118644
288 0.002335799999999999 0 0 0.7078651685393258 0.847457627118644
289 0.0023805000000000076 0 0 0.7078651685393258 0.847457627118644
290 0.0022702999999999474 0 0 0.7078651685393258 0.847457627118644
291 0.0024421000000000026 1 1 0.7191011235955056 0.8531073446327684
292 0.003046800000000016 0 0 0.7191011235955056 0.8531073446327684
293 0.0031156999999999435 0 1 0.7191011235955056 0.8587570621468926
294 0.002884099999999945 0 0 0.7191011235955056 0.8587570621468926
295 0.003237200000000051 1 1 0.7303370786516854 0.864406779661017
296 0.003185400000000005 0 0 0.7303370786516854 0.864406779661017
297 0.0032410999999999968 1 1 0.7415730337078652 0.8700564971751412
298 0.0029541000000000706 0 0 0.7415730337078652 0.8700564971751412
299 0.0032458000000000764 0 0 0.7415730337078652 0.8700564971751412
300 0.003129399999999949 1 0 0.7528089887640449 0.8700564971751412
301 0.003175299999999992 1 1 0.7640449438202247 0.8757062146892656
302 0.0024172000000000082 1 1 0.7752808988764045 0.8813559322033898
303 0.00297639999999999 1 1 0.7865168539325843 0.8870056497175142
304 0.00247659999999994 0 0 0.7865168539325843 0.8870056497175142
305 0.0025407000000000624 0 0 0.7865168539325843 0.8870056497175142
306 0.0025621000000000116 0 1 0.7865168539325843 0.8926553672316384
307 0.0024302999999999964 0 0 0.7865168539325843 0.8926553672316384
308 0.0025089999999999835 0 0 0.7865168539325843 0.8926553672316384
309 0.0027074000000000265 0 0 0.7865168539325843 0.8926553672316384
310 0.002459800000000012 0 0 0.7865168539325843 0.8926553672316384
311 0.0024089999999999945 0 0 0.7865168539325843 0.8926553672316384
312 0.0023247000000000684 1 1 0.797752808988764 0.8983050847457628
313 0.002503299999999986 0 0 0.797752808988764 0.8983050847457628
314 0.0025110999999999883 1 1 0.8089887640449438 0.903954802259887
315 0.00245850000000003 0 0 0.8089887640449438 0.903954802259887
316 0.0026388999999999996 0 0 0.8089887640449438 0.903954802259887
317 0.0025386000000000575 0 0 0.8089887640449438 0.903954802259887
318 0.0024060999999999666 0 0 0.8089887640449438 0.903954802259887
319 0.002517900000000073 1 1 0.8202247191011236 0.9096045197740112
320 0.0026045000000000096 1 1 0.8314606741573034 0.9152542372881356
321 0.003251600000000021 0 0 0.8314606741573034 0.9152542372881356
322 0.0032184000000000657 0 0 0.8314606741573034 0.9152542372881356
323 0.003369399999999967 1 1 0.8426966292134831 0.9209039548022598
324 0.0030358999999999803 0 0 0.8426966292134831 0.9209039548022598
325 0.0035119999999999596 0 0 0.8426966292134831 0.9209039548022598
326 0.0025343999999998257 0 0 0.8426966292134831 0.9209039548022598
327 0.00244270000000002 0 0 0.8426966292134831 0.9209039548022598
328 0.0024345999999999535 0 0 0.8426966292134831 0.9209039548022598
329 0.002657400000000143 0 0 0.8426966292134831 0.9209039548022598
330 0.0024991999999999237 0 0 0.8426966292134831 0.9209039548022598
331 0.0026116000000000472 1 1 0.8539325842696629 0.9265536723163842
332 0.0024387999999999632 0 0 0.8539325842696629 0.9265536723163842
333 0.0025548000000001903 0 0 0.8539325842696629 0.9265536723163842
334 0.002555599999999991 0 0 0.8539325842696629 0.9265536723163842
335 0.0025024000000000157 0 0 0.8539325842696629 0.9265536723163842
336 0.002795799999999904 0 0 0.8539325842696629 0.9265536723163842
337 0.0025969999999999605 0 0 0.8539325842696629 0.9265536723163842
338 0.0024452000000001473 0 0 0.8539325842696629 0.9265536723163842
339 0.0024964000000000652 0 0 0.8539325842696629 0.9265536723163842
340 0.002528599999999992 0 0 0.8539325842696629 0.9265536723163842
341 0.002501899999999946 0 0 0.8539325842696629 0.9265536723163842
342 0.0024117000000001276 0 0 0.8539325842696629 0.9265536723163842
343 0.002553199999999922 1 0 0.8651685393258427 0.9265536723163842
344 0.002442200000000172 0 0 0.8651685393258427 0.9265536723163842
345 0.002495300000000089 1 2 0.8764044943820225 0.9378531073446328
346 0.002488299999999999 0 0 0.8764044943820225 0.9378531073446328
347 0.002402700000000202 1 0 0.8876404494382022 0.9378531073446328
348 0.0023469000000000406 0 0 0.8876404494382022 0.9378531073446328
349 0.002573099999999995 0 0 0.8876404494382022 0.9378531073446328
350 0.0025725000000000886 0 0 0.8876404494382022 0.9378531073446328
351 0.002461899999999906 0 1 0.8876404494382022 0.943502824858757
352 0.002367500000000078 0 0 0.8876404494382022 0.943502824858757
353 0.0024869000000000696 1 1 0.898876404494382 0.9491525423728814
354 0.0024874000000001395 1 1 0.9101123595505618 0.9548022598870056
355 0.0024726999999999943 0 0 0.9101123595505618 0.9548022598870056
356 0.002558499999999908 1 1 0.9213483146067416 0.96045197740113
357 0.002475000000000005 0 0 0.9213483146067416 0.96045197740113
358 0.0025754000000000055 0 0 0.9213483146067416 0.96045197740113
359 0.002551799999999993 0 0 0.9213483146067416 0.96045197740113
360 0.002547799999999878 0 0 0.9213483146067416 0.96045197740113
361 0.0026903000000000343 0 0 0.9213483146067416 0.96045197740113
362 0.0024707999999999952 0 0 0.9213483146067416 0.96045197740113
363 0.0026199999999998447 0 0 0.9213483146067416 0.96045197740113
364 0.0026082000000000605 1 1 0.9325842696629213 0.9661016949152542
365 0.0023784000000000027 1 0 0.9438202247191011 0.9661016949152542
366 0.0025245000000000406 0 0 0.9438202247191011 0.9661016949152542
367 0.00249659999999996 0 1 0.9438202247191011 0.9717514124293786
368 0.002683599999999897 0 0 0.9438202247191011 0.9717514124293786
369 0.0026583999999998387 1 1 0.9550561797752809 0.9774011299435028
370 0.002666199999999952 0 0 0.9550561797752809 0.9774011299435028
371 0.0025028000000000272 0 0 0.9550561797752809 0.9774011299435028
372 0.0025535000000000974 0 0 0.9550561797752809 0.9774011299435028
373 0.002544300000000055 0 0 0.9550561797752809 0.9774011299435028
374 0.0025881999999999294 0 0 0.9550561797752809 0.9774011299435028
375 0.0028254999999999253 0 0 0.9550561797752809 0.9774011299435028
376 0.0025789000000000506 0 0 0.9550561797752809 0.9774011299435028
377 0.002646699999999891 0 0 0.9550561797752809 0.9774011299435028
378 0.0025113999999999415 0 0 0.9550561797752809 0.9774011299435028
379 0.0027786000000000755 0 0 0.9550561797752809 0.9774011299435028
380 0.0027110999999999663 0 0 0.9550561797752809 0.9774011299435028
381 0.0028813000000000866 0 0 0.9550561797752809 0.9774011299435028
382 0.0024984000000001227 0 0 0.9550561797752809 0.9774011299435028
383 0.002686199999999861 0 0 0.9550561797752809 0.9774011299435028
384 0.005049000000000081 0 0 0.9550561797752809 0.9774011299435028
385 0.0040991999999999695 0 0 0.9550561797752809 0.9774011299435028
386 0.002721399999999985 0 0 0.9550561797752809 0.9774011299435028
387 0.0026304000000001437 0 0 0.9550561797752809 0.9774011299435028
388 0.002732600000000085 0 0 0.9550561797752809 0.9774011299435028
389 0.0048045000000001 0 0 0.9550561797752809 0.9774011299435028
390 0.002608900000000025 0 0 0.9550561797752809 0.9774011299435028
391 0.0028215000000000323 0 0 0.9550561797752809 0.9774011299435028
392 0.0026185999999999154 0 0 0.9550561797752809 0.9774011299435028
393 0.0024541000000000146 1 1 0.9662921348314607 0.9830508474576272
394 0.00267100000000009 1 0 0.9775280898876404 0.9830508474576272
395 0.0026709000000000316 0 1 0.9775280898876404 0.9887005649717514
396 0.0026212000000001012 0 0 0.9775280898876404 0.9887005649717514
397 0.0030909000000001186 1 0 0.9887640449438202 0.9887005649717514
398 0.0034830999999999612 0 0 0.9887640449438202 0.9887005649717514
399 0.0038017999999999663 0 0 0.9887640449438202 0.9887005649717514
400 0.0033626999999998297 0 0 0.9887640449438202 0.9887005649717514
401 0.0034987000000001878 0 0 0.9887640449438202 0.9887005649717514
402 0.002594800000000008 1 0 1.0 0.9887005649717514
403 0.002592399999999939 0 0 1.0 0.9887005649717514
404 0.002756600000000109 0 1 1.0 0.9943502824858758
405 0.002548899999999854 0 0 1.0 0.9943502824858758
406 0.0025694999999998913 0 0 1.0 0.9943502824858758
407 0.0026911999999998937 0 0 1.0 0.9943502824858758
408 0.003147000000000011 0 0 1.0 0.9943502824858758
409 0.0026697999999998334 0 0 1.0 0.9943502824858758
410 0.0026935999999999627 0 0 1.0 0.9943502824858758
411 0.0025108000000000352 0 0 1.0 0.9943502824858758
412 0.0026338000000001305 0 1 1.0 1.0
