150 0.2 0.6
1 0.003029100000000007 0 0 0.0 0.5016835016835017
2 0.003062499999999968 0 0 0.0 0.5016835016835017
3 0.003013800000000011 0 0 0.0 0.5016835016835017
4 0.0028722999999999943 0 0 0.0 0.5016835016835017
5 0.0031462000000000434 0 0 0.0 0.5016835016835017
6 0.0031869999999999954 0 0 0.0 0.5016835016835017
7 0.003168000000000004 1 0 0.006711409395973154 0.5016835016835017
8 0.0030470999999999693 0 0 0.006711409395973154 0.5016835016835017
9 0.0031151000000000373 0 0 0.006711409395973154 0.5016835016835017
10 0.0029143000000000363 0 0 0.006711409395973154 0.5016835016835017
11 0.0029859000000000413 1 0 0.013422818791946308 0.5016835016835017
12 0.002917100000000006 1 0 0.020134228187919462 0.5016835016835017
13 0.003065299999999993 0 0 0.020134228187919462 0.5016835016835017
14 0.0032631000000000188 0 1 0.020134228187919462 0.5050505050505051
15 0.0030042000000000124 0 0 0.020134228187919462 0.5050505050505051
16 0.002952800000000033 0 0 0.020134228187919462 0.5050505050505051
17 0.0029186999999999963 0 0 0.020134228187919462 0.5050505050505051
18 0.0029730000000000034 0 1 0.020134228187919462 0.5084175084175084
19 0.002947499999999992 1 1 0.026845637583892617 0.5117845117845118
20 0.002935000000000021 0 0 0.026845637583892617 0.5117845117845118
21 0.0030956000000000317 0 0 0.026845637583892617 0.5117845117845118
22 0.0030262999999999818 1 1 0.03355704697986577 0.5151515151515151
23 0.003047000000000022 0 0 0.03355704697986577 0.5151515151515151
24 0.002959599999999951 0 0 0.03355704697986577 0.5151515151515151
25 0.002956300000000023 0 0 0.03355704697986577 0.5151515151515151
26 0.003020500000000037 1 0 0.040268456375838924 0.5151515151515151
27 0.002969300000000008 0 0 0.040268456375838924 0.5151515151515151
28 0.0030954999999999733 0 0 0.040268456375838924 0.5151515151515151
29 0.003213799999999989 0 0 0.040268456375838924 0.5151515151515151
30 0.003060900000000033 0 0 0.040268456375838924 0.5151515151515151
31 0.00295989999999996 1 1 0.04697986577181208 0.5185185185185185
32 0.0031513000000000235 1 1 0.053691275167785234 0.5218855218855218
33 0.002956699999999979 0 1 0.053691275167785234 0.5252525252525253
34 0.003010199999999963 1 0 0.06040268456375839 0.5252525252525253
35 0.002978999999999954 1 1 0.06711409395973154 0.5286195286195287
36 0.0030565000000000175 0 0 0.06711409395973154 0.5286195286195287
37 0.002967899999999968 0 0 0.06711409395973154 0.5286195286195287
38 0.0031104999999999605 0 0 0.06711409395973154 0.5286195286195287
39 0.0031314000000000064 0 0 0.06711409395973154 0.5286195286195287
40 0.003038099999999988 0 0 0.06711409395973154 0.5286195286195287
41 0.002978599999999998 0 0 0.06711409395973154 0.5286195286195287
42 0.0030333000000000165 0 1 0.06711409395973154 0.531986531986532
43 0.0029509999999999814 1 1 0.0738255033557047 0.5353535353535354
44 0.0030233000000000065 0 0 0.0738255033557047 0.5353535353535354
45 0.0030040000000000067 0 0 0.0738255033557047 0.5353535353535354
46 0.003077300000000005 0 0 0.0738255033557047 0.5353535353535354
47 0.0030364999999999975 0 0 0.0738255033557047 0.5353535353535354
48 0.003050399999999953 0 0 0.0738255033557047 0.5353535353535354
49 0.0033599000000000268 0 0 0.0738255033557047 0.5353535353535354
50 0.003234899999999985 0 0 0.0738255033557047 0.5353535353535354
51 0.0030010000000000314 1 1 0.08053691275167785 0.5387205387205387
52 0.0031417999999999724 0 0 0.08053691275167785 0.5387205387205387
53 0.002980499999999997 0 0 0.08053691275167785 0.5387205387205387
54 0.003195200000000009 0 0 0.08053691275167785 0.5387205387205387
55 0.0030465000000000075 1 1 0.087248322147651 0.5420875420875421
56 0.003106899999999968 0 0 0.087248322147651 0.5420875420875421
57 0.003027100000000005 1 0 0.09395973154362416 0.5420875420875421
58 0.0031698999999999478 1 1 0.10067114093959731 0.5454545454545454
59 0.0033282999999999507 0 0 0.10067114093959731 0.5454545454545454
60 0.003130000000000077 0 0 0.10067114093959731 0.5454545454545454
61 0.0030478999999999923 0 0 0.10067114093959731 0.5454545454545454
62 0.003276399999999957 0 0 0.10067114093959731 0.5454545454545454
63 0.0030364999999999975 0 0 0.10067114093959731 0.5454545454545454
64 0.0030575999999999937 0 0 0.10067114093959731 0.5454545454545454
65 0.003052300000000008 1 1 0.10738255033557047 0.5488215488215489
66 0.003198499999999993 0 0 0.10738255033557047 0.5488215488215489
67 0.0034229000000000065 1 1 0.11409395973154363 0.5521885521885522
68 0.0031197000000000585 0 0 0.11409395973154363 0.5521885521885522
69 0.0030327999999999466 0 0 0.11409395973154363 0.5521885521885522
70 0.003151600000000032 0 0 0.11409395973154363 0.5521885521885522
71 0.0030516999999999905 0 0 0.11409395973154363 0.5521885521885522
72 0.003154499999999949 0 1 0.11409395973154363 0.5555555555555556
73 0.003352099999999969 0 0 0.11409395973154363 0.5555555555555556
74 0.003141199999999955 1 0 0.12080536912751678 0.5555555555555556
75 0.0030695000000000583 0 1 0.12080536912751678 0.5589225589225589
76 0.0034297999999999274 0 0 0.12080536912751678 0.5589225589225589
77 0.0030324999999999935 0 0 0.12080536912751678 0.5589225589225589
78 0.0031847000000000403 0 0 0.12080536912751678 0.5589225589225589
79 0.003005100000000094 0 0 0.12080536912751678 0.5589225589225589
80 0.003101399999999921 0 0 0.12080536912751678 0.5589225589225589
81 0.003066500000000083 0 0 0.12080536912751678 0.5589225589225589
82 0.003291299999999997 1 1 0.12751677852348994 0.5622895622895623
83 0.003041100000000019 0 0 0.12751677852348994 0.5622895622895623
84 0.003276100000000004 0 0 0.12751677852348994 0.5622895622895623
85 0.0033940999999999555 0 0 0.12751677852348994 0.5622895622895623
86 0.0033334999999999892 0 0 0.12751677852348994 0.5622895622895623
87 0.00341530000000001 0 0 0.12751677852348994 0.5622895622895623
88 0.003148400000000051 1 0 0.1342281879194631 0.5622895622895623
89 0.0033927999999999736 0 0 0.1342281879194631 0.5622895622895623
90 0.003248099999999976 1 0 0.14093959731543623 0.5622895622895623
91 0.0033518999999999632 0 1 0.14093959731543623 0.5656565656565656
92 0.003425699999999976 0 0 0.14093959731543623 0.5656565656565656
93 0.003387299999999982 0 0 0.14093959731543623 0.5656565656565656
94 0.0034096000000000126 1 2 0.1476510067114094 0.5723905723905723
95 0.003256400000000048 0 0 0.1476510067114094 0.5723905723905723
96 0.0034069000000001015 0 0 0.1476510067114094 0.5723905723905723
97 0.0032391000000000503 1 1 0.15436241610738255 0.5757575757575758
98 0.0032033999999999674 0 0 0.15436241610738255 0.5757575757575758
99 0.0031561999999999424 0 0 0.15436241610738255 0.5757575757575758
100 0.0034528000000000336 0 0 0.15436241610738255 0.5757575757575758
101 0.003330799999999967 0 0 0.15436241610738255 0.5757575757575758
102 0.004703399999999913 1 1 0.1610738255033557 0.5791245791245792
103 0.003569999999999962 0 0 0.1610738255033557 0.5791245791245792
104 0.0033631000000000633 1 0 0.16778523489932887 0.5791245791245792
105 0.0035391000000000172 0 1 0.16778523489932887 0.5824915824915825
106 0.0034627000000000407 0 0 0.16778523489932887 0.5824915824915825
107 0.0033536000000000676 0 0 0.16778523489932887 0.5824915824915825
108 0.0033594999999999597 0 0 0.16778523489932887 0.5824915824915825
109 0.003427299999999911 0 0 0.16778523489932887 0.5824915824915825
110 0.0033895999999999926 0 0 0.16778523489932887 0.5824915824915825
111 0.0031676999999999955 0 0 0.16778523489932887 0.5824915824915825
112 0.003188100000000027 1 0 0.174496644295302 0.5824915824915825
113 0.003157199999999971 0 0 0.174496644295302 0.5824915824915825
114 0.0031578999999999358 0 0 0.174496644295302 0.5824915824915825
115 0.003182200000000024 1 1 0.18120805369127516 0.5858585858585859
116 0.0032388999999999335 0 0 0.18120805369127516 0.5858585858585859
117 0.003276100000000004 1 1 0.18791946308724833 0.5892255892255892
118 0.003451800000000005 1 1 0.19463087248322147 0.5925925925925926
119 0.0034748 0 0 0.19463087248322147 0.5925925925925926
120 0.0032265999999999684 1 1 0.20134228187919462 0.5959595959595959
121 0.003429400000000027 0 0 0.20134228187919462 0.5959595959595959
122 0.0031738000000000044 0 0 0.20134228187919462 0.5959595959595959
123 0.003218499999999902 1 1 0.2080536912751678 0.5993265993265994
124 0.003218499999999902 0 0 0.2080536912751678 0.5993265993265994
125 0.003183000000000047 0 0 0.2080536912751678 0.5993265993265994
126 0.003164599999999962 0 0 0.2080536912751678 0.5993265993265994
127 0.0032482999999999818 0 1 0.2080536912751678 0.6026936026936027
128 0.0031993999999999634 0 0 0.2080536912751678 0.6026936026936027
129 0.0032189000000000245 0 0 0.2080536912751678 0.6026936026936027
130 0.0035696000000000616 0 0 0.2080536912751678 0.6026936026936027
131 0.003727599999999942 0 0 0.2080536912751678 0.6026936026936027
132 0.003573399999999949 1 1 0.21476510067114093 0.6060606060606061
133 0.0034794000000000214 0 0 0.21476510067114093 0.6060606060606061
134 0.003511299999999995 0 0 0.21476510067114093 0.6060606060606061
135 0.003509399999999996 0 0 0.21476510067114093 0.6060606060606061
136 0.003488900000000017 0 0 0.21476510067114093 0.6060606060606061
137 0.0034667000000000447 0 0 0.21476510067114093 0.6060606060606061
138 0.0034779000000000337 0 0 0.21476510067114093 0.6060606060606061
139 0.0035260999999999765 0 0 0.21476510067114093 0.6060606060606061
140 0.0034602999999999717 0 0 0.21476510067114093 0.6060606060606061
141 0.003365200000000068 1 1 0.2214765100671141 0.6094276094276094
142 0.003319599999999978 0 0 0.2214765100671141 0.6094276094276094
143 0.003563000000000094 0 0 0.2214765100671141 0.6094276094276094
144 0.0032122999999999458 0 0 0.2214765100671141 0.6094276094276094
145 0.0032018999999999798 0 0 0.2214765100671141 0.6094276094276094
146 0.0035218000000000194 1 0 0.22818791946308725 0.6094276094276094
147 0.0035671999999999926 0 0 0.22818791946308725 0.6094276094276094
148 0.0032094999999999763 0 0 0.22818791946308725 0.6094276094276094
149 0.003458199999999967 0 0 0.22818791946308725 0.6094276094276094
150 0.0031923000000000368 0 0 0.22818791946308725 0.6094276094276094
151 0.0031514000000000264 0 0 0.22818791946308725 0.6094276094276094
152 0.0031834000000000584 0 0 0.22818791946308725 0.6094276094276094
153 0.0033549000000000495 0 0 0.22818791946308725 0.6094276094276094
154 0.0031607000000000163 0 0 0.22818791946308725 0.6094276094276094
155 0.0034102999999999772 0 0 0.22818791946308725 0.6094276094276094
156 0.003354799999999991 0 0 0.22818791946308725 0.6094276094276094
157 0.0033010999999999457 1 1 0.2348993288590604 0.6127946127946128
158 0.003211799999999987 0 1 0.2348993288590604 0.6161616161616161
159 0.003346799999999983 0 0 0.2348993288590604 0.6161616161616161
160 0.0033400000000000096 0 0 0.2348993288590604 0.6161616161616161
161 0.0033298000000000494 0 0 0.2348993288590604 0.6161616161616161
162 0.003428900000000068 0 0 0.2348993288590604 0.6161616161616161
163 0.0033294999999999852 0 0 0.2348993288590604 0.6161616161616161
164 0.0031716999999999995 0 0 0.2348993288590604 0.6161616161616161
165 0.0032615000000000283 0 0 0.2348993288590604 0.6161616161616161
166 0.0035410000000000164 1 0 0.24161073825503357 0.6161616161616161
167 0.003234500000000029 0 0 0.24161073825503357 0.6161616161616161
168 0.003484900000000013 1 1 0.2483221476510067 0.6195286195286195
169 0.003208100000000047 0 0 0.2483221476510067 0.6195286195286195
170 0.00354920000000003 0 0 0.2483221476510067 0.6195286195286195
171 0.0033263999999999516 0 0 0.2483221476510067 0.6195286195286195
172 0.003252100000000091 1 1 0.2550335570469799 0.622895622895623
173 0.0032587000000000588 0 0 0.2550335570469799 0.622895622895623
174 0.0033873999999999294 0 0 0.2550335570469799 0.622895622895623
175 0.0031626999999999628 0 0 0.2550335570469799 0.622895622895623
176 0.0033492999999999995 1 1 0.26174496644295303 0.6262626262626263
177 0.0036183999999999106 1 0 0.2684563758389262 0.6262626262626263
178 0.003487600000000035 0 0 0.2684563758389262 0.6262626262626263
179 0.003268399999999949 0 0 0.2684563758389262 0.6262626262626263
180 0.003394499999999967 0 2 0.2684563758389262 0.632996632996633
181 0.00325209999999998 0 0 0.2684563758389262 0.632996632996633
182 0.003318999999999961 0 0 0.2684563758389262 0.632996632996633
183 0.0033890999999999227 1 0 0.2751677852348993 0.632996632996633
184 0.003401199999999993 0 0 0.2751677852348993 0.632996632996633
185 0.0034647999999999346 0 0 0.2751677852348993 0.632996632996633
186 0.0036524 0 0 0.2751677852348993 0.632996632996633
187 0.003417400000000015 0 0 0.2751677852348993 0.632996632996633
188 0.0032547000000000548 0 0 0.2751677852348993 0.632996632996633
189 0.0033474000000000004 0 0 0.2751677852348993 0.632996632996633
190 0.003377699999999928 1 1 0.28187919463087246 0.6363636363636364
191 0.0032983000000000873 1 1 0.28859060402684567 0.6397306397306397
192 0.0033294999999999852 0 0 0.28859060402684567 0.6397306397306397
193 0.0034845000000000015 0 0 0.28859060402684567 0.6397306397306397
194 0.0032513999999999044 0 1 0.28859060402684567 0.6430976430976431
195 0.0034748 0 0 0.28859060402684567 0.6430976430976431
196 0.003569399999999945 0 0 0.28859060402684567 0.6430976430976431
197 0.0034251000000000698 1 1 0.2953020134228188 0.6464646464646465
198 0.0034050999999999387 0 0 0.2953020134228188 0.6464646464646465
199 0.0036395000000000177 0 0 0.2953020134228188 0.6464646464646465
200 0.0034935000000000382 0 0 0.2953020134228188 0.6464646464646465
201 0.0033418999999998977 0 0 0.2953020134228188 0.6464646464646465
202 0.0033754999999999757 0 0 0.2953020134228188 0.6464646464646465
203 0.0032955000000001178 0 0 0.2953020134228188 0.6464646464646465
204 0.0035986000000001184 0 0 0.2953020134228188 0.6464646464646465
205 0.0036898000000000764 0 0 0.2953020134228188 0.6464646464646465
206 0.003550800000000187 1 0 0.30201342281879195 0.6464646464646465
207 0.0034757000000000815 1 1 0.3087248322147651 0.6498316498316499
208 0.0033895999999999926 0 0 0.3087248322147651 0.6498316498316499
209 0.003495600000000154 0 0 0.3087248322147651 0.6498316498316499
210 0.0036323000000000327 0 0 0.3087248322147651 0.6498316498316499
211 0.0034170000000000034 0 1 0.3087248322147651 0.6531986531986532
212 0.003564600000000029 0 0 0.3087248322147651 0.6531986531986532
213 0.003608899999999915 0 0 0.3087248322147651 0.6531986531986532
214 0.0035832000000000086 1 0 0.31543624161073824 0.6531986531986532
215 0.0035427000000001208 1 1 0.3221476510067114 0.6565656565656566
216 0.0036055999999999866 0 0 0.3221476510067114 0.6565656565656566
217 0.0034050000000001024 0 1 0.3221476510067114 0.6599326599326599
218 0.003677999999999848 0 0 0.3221476510067114 0.6599326599326599
219 0.003743799999999853 0 0 0.3221476510067114 0.6599326599326599
220 0.0034445000000000725 0 0 0.3221476510067114 0.6599326599326599
221 0.00368069999999987 0 0 0.3221476510067114 0.6599326599326599
222 0.003423799999999977 0 0 0.3221476510067114 0.6599326599326599
223 0.003646800000000061 0 0 0.3221476510067114 0.6599326599326599
224 0.003382800000000019 0 0 0.3221476510067114 0.6599326599326599
225 0.0034096000000001236 0 0 0.3221476510067114 0.6599326599326599
226 0.0033948999999999785 0 0 0.3221476510067114 0.6599326599326599
227 0.0037256000000001066 0 0 0.3221476510067114 0.6599326599326599
228 0.003645200000000015 0 0 0.3221476510067114 0.6599326599326599
229 0.0034567000000000903 0 0 0.3221476510067114 0.6599326599326599
230 0.003298500000000093 0 0 0.3221476510067114 0.6599326599326599
231 0.0033657999999998633 0 0 0.3221476510067114 0.6599326599326599
232 0.003669200000000039 0 0 0.3221476510067114 0.6599326599326599
233 0.003515299999999888 0 0 0.3221476510067114 0.6599326599326599
234 0.003657499999999869 0 0 0.3221476510067114 0.6599326599326599
235 0.0034445000000000725 0 0 0.3221476510067114 0.6599326599326599
236 0.003467800000000132 0 0 0.3221476510067114 0.6599326599326599
237 0.003683899999999962 0 0 0.3221476510067114 0.6599326599326599
238 0.0034049999999998803 0 0 0.3221476510067114 0.6599326599326599
239 0.0033923000000000147 0 0 0.3221476510067114 0.6599326599326599
240 0.0033722000000000474 0 0 0.3221476510067114 0.6599326599326599
241 0.0036765000000000825 0 0 0.3221476510067114 0.6599326599326599
242 0.00365609999999994 0 0 0.3221476510067114 0.6599326599326599
243 0.00362629999999986 0 0 0.3221476510067114 0.6599326599326599
244 0.0035103000000000772 0 0 0.3221476510067114 0.6599326599326599
245 0.003517200000000109 0 0 0.3221476510067114 0.6599326599326599
246 0.003609699999999938 0 0 0.3221476510067114 0.6599326599326599
247 0.0034070999999999962 0 0 0.3221476510067114 0.6599326599326599
248 0.0036631999999998666 1 1 0.3288590604026846 0.6632996632996633
249 0.0035906000000001104 1 0 0.33557046979865773 0.6632996632996633
250 0.003285399999999994 0 0 0.33557046979865773 0.6632996632996633
251 0.003387600000000157 0 0 0.33557046979865773 0.6632996632996633
252 0.0032673999999999204 0 0 0.33557046979865773 0.6632996632996633
253 0.003542299999999887 0 0 0.33557046979865773 0.6632996632996633
254 0.0034111999999999476 0 0 0.33557046979865773 0.6632996632996633
255 0.003404600000000091 1 0 0.3422818791946309 0.6632996632996633
256 0.0035583999999999616 0 1 0.3422818791946309 0.6666666666666666
257 0.0032878999999998992 0 0 0.3422818791946309 0.6666666666666666
258 0.0033794999999998687 0 0 0.3422818791946309 0.6666666666666666
259 0.0033239999999998826 0 0 0.3422818791946309 0.6666666666666666
260 0.0035403000000000517 0 0 0.3422818791946309 0.6666666666666666
261 0.0032631999999999106 0 0 0.3422818791946309 0.6666666666666666
262 0.0034448000000000256 1 1 0.348993288590604 0.67003367003367
263 0.0033271000000001383 0 0 0.348993288590604 0.67003367003367
264 0.0034855999999998666 1 1 0.35570469798657717 0.6734006734006734
265 0.0035690999999999917 0 0 0.35570469798657717 0.6734006734006734
266 0.003400599999999976 1 1 0.3624161073825503 0.6767676767676768
267 0.003860100000000033 1 1 0.3691275167785235 0.6801346801346801
268 0.003541200000000133 0 1 0.3691275167785235 0.6835016835016835
269 0.0034082000000001944 0 0 0.3691275167785235 0.6835016835016835
270 0.003557699999999997 0 0 0.3691275167785235 0.6835016835016835
271 0.0035787000000000457 0 0 0.3691275167785235 0.6835016835016835
272 0.0033865999999997953 0 0 0.3691275167785235 0.6835016835016835
273 0.0035015999999998826 0 0 0.3691275167785235 0.6835016835016835
274 0.004012200000000021 0 0 0.3691275167785235 0.6835016835016835
275 0.0033894999999999342 0 0 0.3691275167785235 0.6835016835016835
276 0.0035608000000000306 0 0 0.3691275167785235 0.6835016835016835
277 0.003391299999999875 0 0 0.3691275167785235 0.6835016835016835
278 0.0034842000000001594 0 0 0.3691275167785235 0.6835016835016835
279 0.00338039999999995 0 0 0.3691275167785235 0.6835016835016835
280 0.003482800000000008 1 1 0.37583892617449666 0.6868686868686869
281 0.0033315000000000428 0 0 0.37583892617449666 0.6868686868686869
282 0.0034009999999999874 0 0 0.37583892617449666 0.6868686868686869
283 0.0033581000000000305 0 0 0.37583892617449666 0.6868686868686869
284 0.0034203000000001538 0 0 0.37583892617449666 0.6868686868686869
285 0.0033981000000000705 0 0 0.37583892617449666 0.6868686868686869
286 0.0034490999999998717 0 0 0.37583892617449666 0.6868686868686869
287 0.003441699999999992 0 0 0.37583892617449666 0.6868686868686869
288 0.003424100000000152 0 0 0.37583892617449666 0.6868686868686869
289 0.003456099999999962 0 0 0.37583892617449666 0.6868686868686869
290 0.0038123000000001017 0 0 0.37583892617449666 0.6868686868686869
291 0.0036810999999998817 0 0 0.37583892617449666 0.6868686868686869
292 0.003428899999999846 0 0 0.37583892617449666 0.6868686868686869
293 0.0035519999999999996 0 0 0.37583892617449666 0.6868686868686869
294 0.0035802000000000334 0 0 0.37583892617449666 0.6868686868686869
295 0.0033733000000000235 0 0 0.37583892617449666 0.6868686868686869
296 0.003452100000000069 0 0 0.37583892617449666 0.6868686868686869
297 0.003476400000000046 0 0 0.37583892617449666 0.6868686868686869
298 0.0036898999999999127 0 0 0.37583892617449666 0.6868686868686869
299 0.0033289999999999154 0 0 0.37583892617449666 0.6868686868686869
300 0.0034303999999998336 0 0 0.37583892617449666 0.6868686868686869
301 0.003789400000000054 0 0 0.37583892617449666 0.6868686868686869
302 0.0034594000000001124 0 0 0.37583892617449666 0.6868686868686869
303 0.003397700000000059 0 0 0.37583892617449666 0.6868686868686869
304 0.0034047999999999856 0 0 0.37583892617449666 0.6868686868686869
305 0.0035640000000001226 0 0 0.37583892617449666 0.6868686868686869
306 0.0037891000000001007 1 0 0.3825503355704698 0.6868686868686869
307 0.003676699999999977 0 0 0.3825503355704698 0.6868686868686869
308 0.0038196999999999814 0 1 0.3825503355704698 0.6902356902356902
309 0.0034224000000000476 0 0 0.3825503355704698 0.6902356902356902
310 0.0034505999999998593 1 1 0.38926174496644295 0.6936026936026936
311 0.0034415000000000973 0 0 0.38926174496644295 0.6936026936026936
312 0.003965400000000008 0 0 0.38926174496644295 0.6936026936026936
313 0.0033970999999999307 0 0 0.38926174496644295 0.6936026936026936
314 0.0037097999999999853 0 0 0.38926174496644295 0.6936026936026936
315 0.0034245000000001635 1 1 0.3959731543624161 0.696969696969697
316 0.0035695000000000032 0 0 0.3959731543624161 0.696969696969697
317 0.0038207999999999576 0 0 0.3959731543624161 0.696969696969697
318 0.003409400000000007 0 0 0.3959731543624161 0.696969696969697
319 0.0035727999999999316 0 0 0.3959731543624161 0.696969696969697
320 0.0034392000000000866 0 0 0.3959731543624161 0.696969696969697
321 0.003614199999999901 0 0 0.3959731543624161 0.696969696969697
322 0.003440400000000121 0 0 0.3959731543624161 0.696969696969697
323 0.0036514999999999187 0 0 0.3959731543624161 0.696969696969697
324 0.003512900000000041 0 0 0.3959731543624161 0.696969696969697
325 0.0034492999999999885 0 0 0.3959731543624161 0.696969696969697
326 0.003628699999999929 0 0 0.3959731543624161 0.696969696969697
327 0.0037164999999999004 0 0 0.3959731543624161 0.696969696969697
328 0.003487000000000018 0 0 0.3959731543624161 0.696969696969697
329 0.0034399000000000513 0 0 0.3959731543624161 0.696969696969697
330 0.003549499999999872 0 0 0.3959731543624161 0.696969696969697
331 0.0037738000000000493 0 0 0.3959731543624161 0.696969696969697
332 0.003542500000000004 0 0 0.3959731543624161 0.696969696969697
333 0.003698299999999932 0 0 0.3959731543624161 0.696969696969697
334 0.0038738000000000383 1 1 0.40268456375838924 0.7003367003367004
335 0.0035903000000001573 0 0 0.40268456375838924 0.7003367003367004
336 0.0036400000000000876 0 0 0.40268456375838924 0.7003367003367004
337 0.003864099999999926 0 0 0.40268456375838924 0.7003367003367004
338 0.003490500000000063 0 0 0.40268456375838924 0.7003367003367004
339 0.0037480000000000846 0 0 0.40268456375838924 0.7003367003367004
340 0.003647799999999979 1 0 0.40939597315436244 0.7003367003367004
341 0.0038948999999999234 1 0 0.4161073825503356 0.7003367003367004
342 0.0036419000000000867 0 0 0.4161073825503356 0.7003367003367004
343 0.003851000000000049 0 0 0.4161073825503356 0.7003367003367004
344 0.00368170000000001 0 0 0.4161073825503356 0.7003367003367004
345 0.003646499999999886 0 1 0.4161073825503356 0.7037037037037037
346 0.003803300000000176 1 0 0.4228187919463087 0.7037037037037037
347 0.003661200000000031 0 0 0.4228187919463087 0.7037037037037037
348 0.003732099999999905 1 1 0.42953020134228187 0.7070707070707071
349 0.0035705999999999793 0 0 0.42953020134228187 0.7070707070707071
350 0.003716599999999959 0 0 0.42953020134228187 0.7070707070707071
351 0.003639300000000123 1 1 0.436241610738255 0.7104377104377104
352 0.0035779000000000227 1 0 0.4429530201342282 0.7104377104377104
353 0.003789200000000159 0 0 0.4429530201342282 0.7104377104377104
354 0.003486799999999901 0 0 0.4429530201342282 0.7104377104377104
355 0.00380389999999986 0 1 0.4429530201342282 0.7138047138047138
356 0.003677700000000117 0 0 0.4429530201342282 0.7138047138047138
357 0.003985700000000092 1 0 0.44966442953020136 0.7138047138047138
358 0.003844600000000087 0 0 0.44966442953020136 0.7138047138047138
359 0.003793400000000169 0 0 0.44966442953020136 0.7138047138047138
360 0.004052100000000003 0 0 0.44966442953020136 0.7138047138047138
361 0.0038352000000001496 0 0 0.44966442953020136 0.7138047138047138
362 0.0039367999999999626 1 1 0.4563758389261745 0.7171717171717171
363 0.003972099999999923 1 2 0.46308724832214765 0.7239057239057239
364 0.0036499000000000947 1 1 0.4697986577181208 0.7272727272727273
365 0.0037194000000000393 0 0 0.4697986577181208 0.7272727272727273
366 0.003544099999999828 0 0 0.4697986577181208 0.7272727272727273
367 0.0064389999999998615 1 2 0.47651006711409394 0.734006734006734
368 0.0043879999999998365 0 0 0.47651006711409394 0.734006734006734
369 0.003766999999999854 0 0 0.47651006711409394 0.734006734006734
370 0.0038241999999999443 0 0 0.47651006711409394 0.734006734006734
371 0.003678999999999988 0 1 0.47651006711409394 0.7373737373737373
372 0.0038231999999998045 0 0 0.47651006711409394 0.7373737373737373
373 0.003824900000000131 0 0 0.47651006711409394 0.7373737373737373
374 0.003855900000000023 1 1 0.48322147651006714 0.7407407407407407
375 0.003972499999999934 0 0 0.48322147651006714 0.7407407407407407
376 0.004095900000000041 0 0 0.48322147651006714 0.7407407407407407
377 0.004018299999999808 0 0 0.48322147651006714 0.7407407407407407
378 0.003803599999999907 1 0 0.4899328859060403 0.7407407407407407
379 0.0037669000000000175 0 0 0.4899328859060403 0.7407407407407407
380 0.0038964999999999694 0 0 0.4899328859060403 0.7407407407407407
381 0.0039511999999999325 1 0 0.4966442953020134 0.7407407407407407
382 0.003893199999999819 0 1 0.4966442953020134 0.7441077441077442
383 0.004147300000000076 0 1 0.4966442953020134 0.7474747474747475
384 0.003810199999999986 0 0 0.4966442953020134 0.7474747474747475
385 0.003600399999999837 0 0 0.4966442953020134 0.7474747474747475
386 0.003528399999999987 0 0 0.4966442953020134 0.7474747474747475
387 0.003595299999999968 1 1 0.5033557046979866 0.7508417508417509
388 0.005454999999999988 1 0 0.5100671140939598 0.7508417508417509
389 0.004103600000000096 1 0 0.5167785234899329 0.7508417508417509
390 0.005064700000000144 0 0 0.5167785234899329 0.7508417508417509
391 0.005023699999999964 0 0 0.5167785234899329 0.7508417508417509
392 0.0035859000000000307 0 0 0.5167785234899329 0.7508417508417509
393 0.003944499999999795 0 0 0.5167785234899329 0.7508417508417509
394 0.003669499999999992 0 0 0.5167785234899329 0.7508417508417509
395 0.003747600000000073 0 0 0.5167785234899329 0.7508417508417509
396 0.0036584000000001726 1 1 0.5234899328859061 0.7542087542087542
397 0.0035785999999999873 0 0 0.5234899328859061 0.7542087542087542
398 0.0035703999999998626 1 0 0.5302013422818792 0.7542087542087542
399 0.0036122999999999017 0 0 0.5302013422818792 0.7542087542087542
400 0.003566500000000028 0 0 0.5302013422818792 0.7542087542087542
401 0.0035922999999999927 0 0 0.5302013422818792 0.7542087542087542
402 0.0036028999999999645 0 0 0.5302013422818792 0.7542087542087542
403 0.003576400000000035 0 0 0.5302013422818792 0.7542087542087542
404 0.0036940999999999224 0 1 0.5302013422818792 0.7575757575757576
405 0.0035497999999998253 1 0 0.5369127516778524 0.7575757575757576
406 0.0036691000000002028 0 1 0.5369127516778524 0.7609427609427609
407 0.0035240000000000826 0 0 0.5369127516778524 0.7609427609427609
408 0.0036218999999999557 0 0 0.5369127516778524 0.7609427609427609
409 0.0036021000000001635 0 0 0.5369127516778524 0.7609427609427609
410 0.0035719000000000722 0 0 0.5369127516778524 0.7609427609427609
411 0.0036319000000000212 0 0 0.5369127516778524 0.7609427609427609
412 0.003656400000000115 1 2 0.5436241610738255 0.7676767676767676
413 0.003610499999999961 0 0 0.5436241610738255 0.7676767676767676
414 0.0035584000000001836 0 0 0.5436241610738255 0.7676767676767676
415 0.004052900000000026 0 0 0.5436241610738255 0.7676767676767676
416 0.003662200000000171 0 1 0.5436241610738255 0.7710437710437711
417 0.003975000000000062 0 0 0.5436241610738255 0.7710437710437711
418 0.0036642000000000063 0 0 0.5436241610738255 0.7710437710437711
419 0.003971800000000192 0 0 0.5436241610738255 0.7710437710437711
420 0.004261799999999871 1 1 0.5503355704697986 0.7744107744107744
421 0.00380120000000006 0 0 0.5503355704697986 0.7744107744107744
422 0.003964300000000032 0 0 0.5503355704697986 0.7744107744107744
423 0.003944099999999784 1 0 0.5570469798657718 0.7744107744107744
424 0.004108999999999918 0 0 0.5570469798657718 0.7744107744107744
425 0.0038378999999999497 1 2 0.5637583892617449 0.7811447811447811
426 0.0038476999999998984 0 0 0.5637583892617449 0.7811447811447811
427 0.003989600000000149 0 0 0.5637583892617449 0.7811447811447811
428 0.0037266999999998607 0 0 0.5637583892617449 0.7811447811447811
429 0.0037837000000000565 1 0 0.5704697986577181 0.7811447811447811
430 0.003707299999999858 1 0 0.5771812080536913 0.7811447811447811
431 0.004016099999999856 0 1 0.5771812080536913 0.7845117845117845
432 0.00402619999999998 0 0 0.5771812080536913 0.7845117845117845
433 0.0037890999999998787 0 0 0.5771812080536913 0.7845117845117845
434 0.004189700000000185 0 0 0.5771812080536913 0.7845117845117845
435 0.004056700000000024 0 0 0.5771812080536913 0.7845117845117845
436 0.004069700000000065 0 0 0.5771812080536913 0.7845117845117845
437 0.004029199999999955 1 0 0.5838926174496645 0.7845117845117845
438 0.00369189999999997 0 0 0.5838926174496645 0.7845117845117845
439 0.0037656000000001466 0 1 0.5838926174496645 0.7878787878787878
440 0.003769700000000098 0 1 0.5838926174496645 0.7912457912457912
441 0.0037495999999999086 0 0 0.5838926174496645 0.7912457912457912
442 0.0036624000000000656 0 0 0.5838926174496645 0.7912457912457912
443 0.004097099999999854 1 1 0.5906040268456376 0.7946127946127947
444 0.003656600000000232 0 0 0.5906040268456376 0.7946127946127947
445 0.003592100000000098 0 0 0.5906040268456376 0.7946127946127947
446 0.0036868999999999374 0 0 0.5906040268456376 0.7946127946127947
447 0.0036609999999996923 0 0 0.5906040268456376 0.7946127946127947
448 0.00370999999999988 0 0 0.5906040268456376 0.7946127946127947
449 0.0036020999999997194 0 0 0.5906040268456376 0.7946127946127947
450 0.0037583000000003253 0 0 0.5906040268456376 0.7946127946127947
451 0.0037018999999998137 0 0 0.5906040268456376 0.7946127946127947
452 0.0037472000000002836 1 1 0.5973154362416108 0.797979797979798
453 0.0038602000000000913 1 0 0.6040268456375839 0.797979797979798
454 0.004045899999999936 0 0 0.6040268456375839 0.797979797979798
455 0.003705499999999695 1 0 0.610738255033557 0.797979797979798
456 0.003728900000000035 0 0 0.610738255033557 0.797979797979798
457 0.003702000000000094 1 1 0.6174496644295302 0.8013468013468014
458 0.003788099999999961 0 0 0.6174496644295302 0.8013468013468014
459 0.004037999999999986 0 0 0.6174496644295302 0.8013468013468014
460 0.003980899999999732 0 0 0.6174496644295302 0.8013468013468014
461 0.004213700000000209 0 0 0.6174496644295302 0.8013468013468014
462 0.0041117000000001624 0 0 0.6174496644295302 0.8013468013468014
463 0.004217399999999927 0 1 0.6174496644295302 0.8047138047138047
464 0.004024800000000273 0 1 0.6174496644295302 0.8080808080808081
465 0.004072499999999923 0 0 0.6174496644295302 0.8080808080808081
466 0.0038999000000004003 0 0 0.6174496644295302 0.8080808080808081
467 0.004125700000000343 1 0 0.6241610738255033 0.8080808080808081
468 0.0037580999999997644 1 1 0.6308724832214765 0.8114478114478114
469 0.0042423999999998685 0 0 0.6308724832214765 0.8114478114478114
470 0.004157900000000048 0 0 0.6308724832214765 0.8114478114478114
471 0.004073399999999783 0 0 0.6308724832214765 0.8114478114478114
472 0.00418189999999985 0 0 0.6308724832214765 0.8114478114478114
473 0.0041207999999999245 0 0 0.6308724832214765 0.8114478114478114
474 0.00413130000000006 0 0 0.6308724832214765 0.8114478114478114
475 0.00411690000000009 0 0 0.6308724832214765 0.8114478114478114
476 0.0037346000000000323 0 0 0.6308724832214765 0.8114478114478114
477 0.0036520000000002106 0 0 0.6308724832214765 0.8114478114478114
478 0.0036989999999996748 0 0 0.6308724832214765 0.8114478114478114
479 0.0038116999999999734 1 1 0.6375838926174496 0.8148148148148148
480 0.0039039999999999075 0 0 0.6375838926174496 0.8148148148148148
481 0.0038017999999997443 0 0 0.6375838926174496 0.8148148148148148
482 0.003909399999999952 0 1 0.6375838926174496 0.8181818181818182
483 0.003789199999999937 1 1 0.6442953020134228 0.8215488215488216
484 0.003876900000000294 0 0 0.6442953020134228 0.8215488215488216
485 0.0037330999999998227 0 0 0.6442953020134228 0.8215488215488216
486 0.00390630000000014 1 0 0.6510067114093959 0.8215488215488216
487 0.004047099999999748 0 0 0.6510067114093959 0.8215488215488216
488 0.003763800000000206 0 1 0.6510067114093959 0.8249158249158249
489 0.003911500000000068 0 0 0.6510067114093959 0.8249158249158249
490 0.004067899999999902 0 0 0.6510067114093959 0.8249158249158249
491 0.003930299999999942 0 0 0.6510067114093959 0.8249158249158249
492 0.003899099999999933 1 1 0.6577181208053692 0.8282828282828283
493 0.004139899999999752 0 0 0.6577181208053692 0.8282828282828283
494 0.004171499999999995 0 0 0.6577181208053692 0.8282828282828283
495 0.004053799999999885 0 0 0.6577181208053692 0.8282828282828283
496 0.0040936000000000305 0 0 0.6577181208053692 0.8282828282828283
497 0.004043100000000077 0 0 0.6577181208053692 0.8282828282828283
498 0.004140899999999892 0 0 0.6577181208053692 0.8282828282828283
499 0.003906299999999696 0 0 0.6577181208053692 0.8282828282828283
500 0.003941699999999937 0 0 0.6577181208053692 0.8282828282828283
501 0.0037887999999997035 0 0 0.6577181208053692 0.8282828282828283
502 0.003928999999999849 0 0 0.6577181208053692 0.8282828282828283
503 0.0037773999999997088 0 0 0.6577181208053692 0.8282828282828283
504 0.003866200000000042 0 0 0.6577181208053692 0.8282828282828283
505 0.003865400000000019 0 0 0.6577181208053692 0.8282828282828283
506 0.004122699999999924 0 0 0.6577181208053692 0.8282828282828283
507 0.0038056000000001866 0 0 0.6577181208053692 0.8282828282828283
508 0.004091499999999915 1 1 0.6644295302013423 0.8316498316498316
509 0.0038258999999998267 0 0 0.6644295302013423 0.8316498316498316
510 0.0038607000000001612 0 0 0.6644295302013423 0.8316498316498316
511 0.0038301000000000585 0 0 0.6644295302013423 0.8316498316498316
512 0.003706299999999718 0 0 0.6644295302013423 0.8316498316498316
513 0.0037840000000000096 1 1 0.6711409395973155 0.835016835016835
514 0.003669499999999992 0 0 0.6711409395973155 0.835016835016835
515 0.003876599999999897 0 0 0.6711409395973155 0.835016835016835
516 0.003765700000000205 0 0 0.6711409395973155 0.835016835016835
517 0.003763800000000206 0 0 0.6711409395973155 0.835016835016835
518 0.003919900000000087 0 0 0.6711409395973155 0.835016835016835
519 0.003859100000000115 0 0 0.6711409395973155 0.835016835016835
520 0.003962500000000091 0 0 0.6711409395973155 0.835016835016835
521 0.0038344000000001266 1 1 0.6778523489932886 0.8383838383838383
522 0.003900100000000073 0 0 0.6778523489932886 0.8383838383838383
523 0.0038847999999997995 0 0 0.6778523489932886 0.8383838383838383
524 0.004217399999999927 0 0 0.6778523489932886 0.8383838383838383
525 0.00383420000000001 0 0 0.6778523489932886 0.8383838383838383
526 0.004011399999999998 1 0 0.6845637583892618 0.8383838383838383
527 0.003765699999999761 1 0 0.6912751677852349 0.8383838383838383
528 0.003983400000000081 0 0 0.6912751677852349 0.8383838383838383
529 0.003819000000000017 0 1 0.6912751677852349 0.8417508417508418
530 0.004010599999999975 1 2 0.697986577181208 0.8484848484848485
531 0.003981500000000082 0 0 0.697986577181208 0.8484848484848485
532 0.003778499999999685 1 1 0.7046979865771812 0.8518518518518519
533 0.004077300000000061 0 0 0.7046979865771812 0.8518518518518519
534 0.003751300000000235 0 0 0.7046979865771812 0.8518518518518519
535 0.003929700000000036 0 0 0.7046979865771812 0.8518518518518519
536 0.003796600000000261 0 0 0.7046979865771812 0.8518518518518519
537 0.0038323000000000107 0 0 0.7046979865771812 0.8518518518518519
538 0.004040199999999938 0 0 0.7046979865771812 0.8518518518518519
539 0.0038186999999996196 0 0 0.7046979865771812 0.8518518518518519
540 0.00392759999999992 0 0 0.7046979865771812 0.8518518518518519
541 0.004148299999999772 0 0 0.7046979865771812 0.8518518518518519
542 0.003856400000000093 0 0 0.7046979865771812 0.8518518518518519
543 0.004018499999999925 0 0 0.7046979865771812 0.8518518518518519
544 0.004113799999999834 0 0 0.7046979865771812 0.8518518518518519
545 0.003923499999999969 1 1 0.7114093959731543 0.8552188552188552
546 0.003921799999999642 0 0 0.7114093959731543 0.8552188552188552
547 0.004288100000000128 0 0 0.7114093959731543 0.8552188552188552
548 0.004016399999999809 0 0 0.7114093959731543 0.8552188552188552
549 0.004076900000000272 0 0 0.7114093959731543 0.8552188552188552
550 0.004077800000000131 1 1 0.7181208053691275 0.8585858585858586
551 0.003971300000000344 0 0 0.7181208053691275 0.8585858585858586
552 0.004241299999999892 0 0 0.7181208053691275 0.8585858585858586
553 0.00426789999999988 1 1 0.7248322147651006 0.8619528619528619
554 0.0041005000000002845 0 0 0.7248322147651006 0.8619528619528619
555 0.004234799999999872 1 0 0.7315436241610739 0.8619528619528619
556 0.004321999999999715 0 0 0.7315436241610739 0.8619528619528619
557 0.00437659999999962 0 0 0.7315436241610739 0.8619528619528619
558 0.004230700000000365 0 0 0.7315436241610739 0.8619528619528619
559 0.004250499999999935 1 1 0.738255033557047 0.8653198653198653
560 0.004056400000000071 1 0 0.7449664429530202 0.8653198653198653
561 0.003916199999999925 0 0 0.7449664429530202 0.8653198653198653
562 0.003908699999999765 0 0 0.7449664429530202 0.8653198653198653
563 0.0038546999999997666 1 1 0.7516778523489933 0.8686868686868687
564 0.00384920000000033 0 0 0.7516778523489933 0.8686868686868687
565 0.004143000000000008 0 0 0.7516778523489933 0.8686868686868687
566 0.003974700000000109 0 0 0.7516778523489933 0.8686868686868687
567 0.003920900000000227 1 1 0.7583892617449665 0.8720538720538721
568 0.003995800000000216 0 0 0.7583892617449665 0.8720538720538721
569 0.004234499999999919 1 1 0.7651006711409396 0.8754208754208754
570 0.003831600000000268 1 1 0.7718120805369127 0.8787878787878788
571 0.004168500000000019 0 0 0.7718120805369127 0.8787878787878788
572 0.004344899999999985 0 0 0.7718120805369127 0.8787878787878788
573 0.004559099999999816 0 0 0.7718120805369127 0.8787878787878788
574 0.004415700000000022 0 0 0.7718120805369127 0.8787878787878788
575 0.00439270000000036 0 0 0.7718120805369127 0.8787878787878788
576 0.004542600000000174 0 0 0.7718120805369127 0.8787878787878788
577 0.004354000000000191 0 1 0.7718120805369127 0.8821548821548821
578 0.004391800000000057 1 1 0.7785234899328859 0.8855218855218855
579 0.004361800000000304 0 0 0.7785234899328859 0.8855218855218855
580 0.004446999999999868 0 0 0.7785234899328859 0.8855218855218855
581 0.0043264000000000635 0 0 0.7785234899328859 0.8855218855218855
582 0.00453659999999978 0 0 0.7785234899328859 0.8855218855218855
583 0.004155400000000142 0 0 0.7785234899328859 0.8855218855218855
584 0.003976200000000318 0 1 0.7785234899328859 0.8888888888888888
585 0.004172700000000251 1 0 0.785234899328859 0.8888888888888888
586 0.004043599999999703 0 0 0.785234899328859 0.8888888888888888
587 0.0039047999999999305 1 0 0.7919463087248322 0.8888888888888888
588 0.00394300000000003 0 0 0.7919463087248322 0.8888888888888888
589 0.004039500000000196 0 0 0.7919463087248322 0.8888888888888888
590 0.003922199999999876 0 0 0.7919463087248322 0.8888888888888888
591 0.00412490000000032 0 0 0.7919463087248322 0.8888888888888888
592 0.003942300000000287 0 0 0.7919463087248322 0.8888888888888888
593 0.004166800000000137 1 3 0.7986577181208053 0.898989898989899
594 0.004078299999999757 1 1 0.8053691275167785 0.9023569023569024
595 0.004142599999999774 0 0 0.8053691275167785 0.9023569023569024
596 0.004078300000000201 0 0 0.8053691275167785 0.9023569023569024
597 0.0043703999999999965 0 0 0.8053691275167785 0.9023569023569024
598 0.0039079999999995785 0 0 0.8053691275167785 0.9023569023569024
599 0.004248400000000263 0 0 0.8053691275167785 0.9023569023569024
600 0.006251100000000065 1 1 0.8120805369127517 0.9057239057239057
601 0.004304100000000144 1 1 0.8187919463087249 0.9090909090909091
602 0.004267100000000301 0 0 0.8187919463087249 0.9090909090909091
603 0.004145799999999866 0 0 0.8187919463087249 0.9090909090909091
604 0.004458500000000143 0 0 0.8187919463087249 0.9090909090909091
605 0.0040784000000000376 0 0 0.8187919463087249 0.9090909090909091
606 0.0041695999999999955 0 0 0.8187919463087249 0.9090909090909091
607 0.0043594999999996276 1 0 0.825503355704698 0.9090909090909091
608 0.004251900000000308 0 0 0.825503355704698 0.9090909090909091
609 0.004294300000000195 0 0 0.825503355704698 0.9090909090909091
610 0.004434199999999944 0 0 0.825503355704698 0.9090909090909091
611 0.004506099999999957 1 1 0.8322147651006712 0.9124579124579124
612 0.004164900000000138 0 0 0.8322147651006712 0.9124579124579124
613 0.004408999999999885 0 0 0.8322147651006712 0.9124579124579124
614 0.004297799999999796 0 0 0.8322147651006712 0.9124579124579124
615 0.004293899999999962 0 0 0.8322147651006712 0.9124579124579124
616 0.004081900000000083 1 1 0.8389261744966443 0.9158249158249159
617 0.0042184000000000665 0 0 0.8389261744966443 0.9158249158249159
618 0.004151799999999817 0 0 0.8389261744966443 0.9158249158249159
619 0.004325399999999924 0 1 0.8389261744966443 0.9191919191919192
620 0.004549899999999774 0 0 0.8389261744966443 0.9191919191919192
621 0.0043943999999997985 0 0 0.8389261744966443 0.9191919191919192
622 0.0041607999999997425 0 0 0.8389261744966443 0.9191919191919192
623 0.004528200000000204 0 0 0.8389261744966443 0.9191919191919192
624 0.004640900000000059 0 0 0.8389261744966443 0.9191919191919192
625 0.0043128000000001165 1 1 0.8456375838926175 0.9225589225589226
626 0.004555600000000215 1 1 0.8523489932885906 0.9259259259259259
627 0.0042640000000000455 1 1 0.8590604026845637 0.9292929292929293
628 0.004359000000000002 1 1 0.8657718120805369 0.9326599326599326
629 0.004343899999999845 0 0 0.8657718120805369 0.9326599326599326
630 0.004553800000000052 0 0 0.8657718120805369 0.9326599326599326
631 0.00452330000000023 1 1 0.87248322147651 0.936026936026936
632 0.004533700000000085 0 0 0.87248322147651 0.936026936026936
633 0.004126700000000039 0 0 0.87248322147651 0.936026936026936
634 0.004157700000000375 1 1 0.8791946308724832 0.9393939393939394
635 0.004100900000000074 1 1 0.8859060402684564 0.9427609427609428
636 0.004308400000000212 0 0 0.8859060402684564 0.9427609427609428
637 0.004172300000000018 0 0 0.8859060402684564 0.9427609427609428
638 0.0040143999999999735 1 1 0.8926174496644296 0.9461279461279462
639 0.004192199999999868 1 1 0.8993288590604027 0.9494949494949495
640 0.003973199999999899 0 0 0.8993288590604027 0.9494949494949495
641 0.004073299999999946 0 0 0.8993288590604027 0.9494949494949495
642 0.004204600000000003 0 0 0.8993288590604027 0.9494949494949495
643 0.004202199999999934 0 0 0.8993288590604027 0.9494949494949495
644 0.004242999999999775 1 1 0.9060402684563759 0.9528619528619529
645 0.004033000000000175 0 0 0.9060402684563759 0.9528619528619529
646 0.004160800000000187 0 0 0.9060402684563759 0.9528619528619529
647 0.004228700000000085 0 0 0.9060402684563759 0.9528619528619529
648 0.004186099999999637 0 0 0.9060402684563759 0.9528619528619529
649 0.004166300000000067 0 0 0.9060402684563759 0.9528619528619529
650 0.004042499999999727 0 0 0.9060402684563759 0.9528619528619529
651 0.004335799999999779 0 0 0.9060402684563759 0.9528619528619529
652 0.004037100000000127 1 0 0.912751677852349 0.9528619528619529
653 0.004135500000000292 0 0 0.912751677852349 0.9528619528619529
654 0.004064899999999927 0 0 0.912751677852349 0.9528619528619529
655 0.00403840000000022 0 0 0.912751677852349 0.9528619528619529
656 0.0040887999999998925 0 0 0.912751677852349 0.9528619528619529
657 0.004133399999999732 0 0 0.912751677852349 0.9528619528619529
658 0.0041120000000001156 0 1 0.912751677852349 0.9562289562289562
659 0.006177800000000122 1 0 0.9194630872483222 0.9562289562289562
660 0.00593660000000007 1 1 0.9261744966442953 0.9595959595959596
661 0.004318200000000161 0 0 0.9261744966442953 0.9595959595959596
662 0.004128399999999921 0 0 0.9261744966442953 0.9595959595959596
663 0.004169700000000276 0 0 0.9261744966442953 0.9595959595959596
664 0.004322200000000276 0 0 0.9261744966442953 0.9595959595959596
665 0.0041327999999998255 0 0 0.9261744966442953 0.9595959595959596
666 0.004207400000000305 0 0 0.9261744966442953 0.9595959595959596
667 0.004135900000000081 0 0 0.9261744966442953 0.9595959595959596
668 0.004059600000000163 0 0 0.9261744966442953 0.9595959595959596
669 0.004349100000000217 1 1 0.9328859060402684 0.9629629629629629
670 0.0043440000000001255 0 0 0.9328859060402684 0.9629629629629629
671 0.004059699999999999 0 0 0.9328859060402684 0.9629629629629629
672 0.007984600000000341 0 0 0.9328859060402684 0.9629629629629629
673 0.004213800000000045 0 0 0.9328859060402684 0.9629629629629629
674 0.005839799999999951 0 0 0.9328859060402684 0.9629629629629629
675 0.006034699999999837 0 0 0.9328859060402684 0.9629629629629629
676 0.00608070000000005 0 0 0.9328859060402684 0.9629629629629629
677 0.0061013999999999236 1 1 0.9395973154362416 0.9663299663299664
678 0.00615319999999997 0 0 0.9395973154362416 0.9663299663299664
679 0.00608759999999986 1 1 0.9463087248322147 0.9696969696969697
680 0.006016899999999659 0 0 0.9463087248322147 0.9696969696969697
681 0.0059595000000003395 0 0 0.9463087248322147 0.9696969696969697
682 0.006860000000000088 1 1 0.9530201342281879 0.9730639730639731
683 0.004385300000000036 0 0 0.9530201342281879 0.9730639730639731
684 0.004097200000000356 1 0 0.959731543624161 0.9730639730639731
685 0.004310600000000164 0 0 0.959731543624161 0.9730639730639731
686 0.004212100000000163 0 2 0.959731543624161 0.9797979797979798
687 0.0044093000000002824 0 0 0.959731543624161 0.9797979797979798
688 0.004104400000000119 0 0 0.959731543624161 0.9797979797979798
689 0.00415320000000019 1 0 0.9664429530201343 0.9797979797979798
690 0.004469000000000278 0 0 0.9664429530201343 0.9797979797979798
691 0.0042357000000001754 1 1 0.9731543624161074 0.9831649831649831
692 0.004345799999999844 0 0 0.9731543624161074 0.9831649831649831
693 0.004379399999999922 1 0 0.9798657718120806 0.9831649831649831
694 0.004334099999999896 1 1 0.9865771812080537 0.9865319865319865
695 0.004175299999999993 0 0 0.9865771812080537 0.9865319865319865
696 0.004285799999999895 0 0 0.9865771812080537 0.9865319865319865
697 0.004256700000000002 0 0 0.9865771812080537 0.9865319865319865
698 0.004195499999999797 0 0 0.9865771812080537 0.9865319865319865
699 0.004293300000000055 1 1 0.9932885906040269 0.98989898989899
700 0.00450890000000026 0 0 0.9932885906040269 0.98989898989899
701 0.004496300000000009 1 1 1.0 0.9932659932659933
702 0.004470100000000254 0 1 1.0 0.9966329966329966
703 0.004462299999999697 0 0 1.0 0.9966329966329966
704 0.004619799999999952 0 0 1.0 0.9966329966329966
705 0.004715700000000211 0 0 1.0 0.9966329966329966
706 0.0044559999999997935 0 0 1.0 0.9966329966329966
707 0.004675699999999949 0 0 1.0 0.9966329966329966
708 0.004791299999999943 0 0 1.0 0.9966329966329966
709 0.004527600000000298 0 0 1.0 0.9966329966329966
710 0.004730900000000204 0 0 1.0 0.9966329966329966
711 0.004492200000000057 0 0 1.0 0.9966329966329966
712 0.0044455999999999385 0 0 1.0 0.9966329966329966
713 0.004234499999999919 0 0 1.0 0.9966329966329966
714 0.004195000000000171 0 0 1.0 0.9966329966329966
715 0.004444100000000173 0 1 1.0 1.0
