50 0.7 0.2
1 0.0011173000000000155 1 0 0.02040816326530612 0.5051546391752577
2 0.0010584000000000149 1 1 0.04081632653061224 0.5154639175257731
3 0.001051300000000005 1 0 0.061224489795918366 0.5154639175257731
4 0.0021468000000000043 1 0 0.08163265306122448 0.5154639175257731
5 0.0010948000000000069 1 0 0.10204081632653061 0.5154639175257731
6 0.0010374999999999968 0 1 0.10204081632653061 0.5257731958762887
7 0.0010494000000000059 1 0 0.12244897959183673 0.5257731958762887
8 0.0010994000000000004 1 1 0.14285714285714285 0.5360824742268041
9 0.0012847999999999749 1 0 0.16326530612244897 0.5360824742268041
10 0.0012355000000000005 0 1 0.16326530612244897 0.5463917525773195
11 0.0012433999999999779 0 0 0.16326530612244897 0.5463917525773195
12 0.0011153999999999886 0 0 0.16326530612244897 0.5463917525773195
13 0.001809299999999986 1 0 0.1836734693877551 0.5463917525773195
14 0.0010399999999999854 0 0 0.1836734693877551 0.5463917525773195
15 0.0011189999999999811 1 0 0.20408163265306123 0.5463917525773195
16 0.0012485000000000135 1 1 0.22448979591836735 0.5567010309278351
17 0.001320899999999986 1 1 0.24489795918367346 0.5670103092783505
18 0.0012344999999999995 1 1 0.2653061224489796 0.5773195876288659
19 0.0016362000000000043 1 4 0.2857142857142857 0.6185567010309279
20 0.0012428999999999912 1 0 0.30612244897959184 0.6185567010309279
21 0.0016542999999999974 0 0 0.30612244897959184 0.6185567010309279
22 0.0013271999999999728 1 0 0.32653061224489793 0.6185567010309279
23 0.0015383999999999953 1 1 0.3469387755102041 0.6288659793814433
24 0.001308599999999993 1 2 0.3673469387755102 0.6494845360824743
25 0.0011755999999999989 0 1 0.3673469387755102 0.6597938144329897
26 0.0014979999999999993 1 0 0.3877551020408163 0.6597938144329897
27 0.0027662999999999993 1 1 0.40816326530612246 0.6701030927835051
28 0.0028725 0 0 0.40816326530612246 0.6701030927835051
29 0.0025024000000000157 0 0 0.40816326530612246 0.6701030927835051
30 0.0015432000000000223 1 1 0.42857142857142855 0.6804123711340206
31 0.001324700000000012 1 0 0.4489795918367347 0.6804123711340206
32 0.002311699999999972 1 0 0.46938775510204084 0.6804123711340206
33 0.0012054999999999705 1 0 0.4897959183673469 0.6804123711340206
34 0.0011899999999999689 1 0 0.5102040816326531 0.6804123711340206
35 0.0012709000000000192 1 1 0.5306122448979592 0.6907216494845361
36 0.0014920000000000488 1 1 0.5510204081632653 0.7010309278350515
37 0.0016892000000000018 1 2 0.5714285714285714 0.7216494845360825
38 0.0016680000000000028 1 0 0.5918367346938775 0.7216494845360825
39 0.0030812999999999535 1 0 0.6122448979591837 0.7216494845360825
40 0.0024803999999999937 1 0 0.6326530612244898 0.7216494845360825
41 0.0014037000000000077 0 1 0.6326530612244898 0.7319587628865979
42 0.0017098999999999864 1 2 0.6530612244897959 0.7525773195876289
43 0.0016313000000000022 1 2 0.673469387755102 0.7731958762886598
44 0.0022811999999999832 0 1 0.673469387755102 0.7835051546391752
45 0.0018669000000000047 1 2 0.6938775510204082 0.8041237113402062
46 0.001493499999999981 0 1 0.6938775510204082 0.8144329896907216
47 0.0014582000000000206 1 0 0.7142857142857143 0.8144329896907216
48 0.0013979000000000075 1 0 0.7346938775510204 0.8144329896907216
49 0.0016071999999999753 1 2 0.7551020408163265 0.8350515463917526
50 0.0035687000000000357 1 1 0.7755102040816326 0.845360824742268
51 0.0021747999999999768 1 0 0.7959183673469388 0.845360824742268
52 0.0020092000000000443 1 0 0.8163265306122449 0.845360824742268
53 0.0021397999999999695 1 2 0.8367346938775511 0.865979381443299
54 0.001883400000000035 1 0 0.8571428571428571 0.865979381443299
55 0.0025094000000000505 0 0 0.8571428571428571 0.865979381443299
56 0.0014653000000000027 1 1 0.8775510204081632 0.8762886597938144
57 0.0014591999999999938 1 0 0.8979591836734694 0.8762886597938144
58 0.0016605000000000092 1 2 0.9183673469387755 0.8969072164948454
59 0.0022560000000000358 0 1 0.9183673469387755 0.9072164948453608
60 0.0017619999999999858 1 1 0.9387755102040817 0.9175257731958762
61 0.0017095000000000304 1 2 0.9591836734693877 0.9381443298969072
62 0.002219699999999991 1 0 0.9795918367346939 0.9381443298969072
63 0.0016622000000000026 1 0 1.0 0.9381443298969072
64 0.0015981000000000467 0 1 1.0 0.9484536082474226
65 0.002764700000000009 0 2 1.0 0.9690721649484536
66 0.0016420999999999797 0 0 1.0 0.9690721649484536
67 0.0016149000000000302 0 1 1.0 0.979381443298969
68 0.0016939999999999733 0 1 1.0 0.9896907216494846
69 0.0022263000000000144 0 0 1.0 0.9896907216494846
70 0.0019399999999999973 0 0 1.0 0.9896907216494846
71 0.003464999999999996 0 0 1.0 0.9896907216494846
72 0.0015522000000000036 0 0 1.0 0.9896907216494846
73 0.0016388999999999987 0 0 1.0 0.9896907216494846
74 0.0017453000000000052 0 0 1.0 0.9896907216494846
75 0.0020175000000000054 0 0 1.0 0.9896907216494846
76 0.0017318000000000056 0 1 1.0 1.0
