120 0.2 0.8
1 0.0023724999999999996 0 0 0.0 0.5021097046413502
2 0.0024741000000000346 0 0 0.0 0.5021097046413502
3 0.002323699999999984 0 0 0.0 0.5021097046413502
4 0.00233899999999998 0 0 0.0 0.5021097046413502
5 0.002377100000000021 0 0 0.0 0.5021097046413502
6 0.002414599999999989 0 0 0.0 0.5021097046413502
7 0.0023575000000000124 0 0 0.0 0.5021097046413502
8 0.0026124000000000147 0 0 0.0 0.5021097046413502
9 0.002416100000000032 0 0 0.0 0.5021097046413502
10 0.0024924000000000057 0 0 0.0 0.5021097046413502
11 0.002575700000000014 0 0 0.0 0.5021097046413502
12 0.002529300000000012 1 0 0.008403361344537815 0.5021097046413502
13 0.002435799999999988 0 0 0.008403361344537815 0.5021097046413502
14 0.0025356000000000267 1 1 0.01680672268907563 0.5063291139240507
15 0.002507199999999987 0 0 0.01680672268907563 0.5063291139240507
16 0.002590099999999984 0 0 0.01680672268907563 0.5063291139240507
17 0.002514100000000019 0 0 0.01680672268907563 0.5063291139240507
18 0.002475000000000005 0 0 0.01680672268907563 0.5063291139240507
19 0.002362199999999981 0 0 0.01680672268907563 0.5063291139240507
20 0.0025610000000000355 1 1 0.025210084033613446 0.510548523206751
21 0.0023082999999999854 0 0 0.025210084033613446 0.510548523206751
22 0.0024257000000000306 0 0 0.025210084033613446 0.510548523206751
23 0.0024444000000000132 0 0 0.025210084033613446 0.510548523206751
24 0.00250149999999999 0 0 0.025210084033613446 0.510548523206751
25 0.002488900000000016 0 0 0.025210084033613446 0.510548523206751
26 0.0025139000000000133 0 0 0.025210084033613446 0.510548523206751
27 0.002518300000000029 0 0 0.025210084033613446 0.510548523206751
28 0.0024834000000000245 0 0 0.025210084033613446 0.510548523206751
29 0.0026204000000000227 1 1 0.03361344537815126 0.5147679324894515
30 0.0025140999999999636 0 0 0.03361344537815126 0.5147679324894515
31 0.002424700000000002 0 0 0.03361344537815126 0.5147679324894515
32 0.0024553999999999965 0 0 0.03361344537815126 0.5147679324894515
33 0.0026516000000000317 0 0 0.03361344537815126 0.5147679324894515
34 0.002422599999999997 0 0 0.03361344537815126 0.5147679324894515
35 0.0023087999999999997 1 1 0.04201680672268908 0.5189873417721519
36 0.002629400000000004 0 0 0.04201680672268908 0.5189873417721519
37 0.0023917999999999995 0 0 0.04201680672268908 0.5189873417721519
38 0.002454999999999985 1 1 0.05042016806722689 0.5232067510548524
39 0.0026167999999999747 0 0 0.05042016806722689 0.5232067510548524
40 0.002535300000000018 0 0 0.05042016806722689 0.5232067510548524
41 0.0025229999999999975 0 0 0.05042016806722689 0.5232067510548524
42 0.002400100000000016 0 0 0.05042016806722689 0.5232067510548524
43 0.002547599999999983 0 0 0.05042016806722689 0.5232067510548524
44 0.002392100000000008 1 1 0.058823529411764705 0.5274261603375527
45 0.0023896999999999946 0 0 0.058823529411764705 0.5274261603375527
46 0.0026213000000000486 0 0 0.058823529411764705 0.5274261603375527
47 0.002625299999999997 0 0 0.058823529411764705 0.5274261603375527
48 0.0023897999999999975 0 0 0.058823529411764705 0.5274261603375527
49 0.0023429000000000366 0 0 0.058823529411764705 0.5274261603375527
50 0.00263030000000003 1 1 0.06722689075630252 0.5316455696202531
51 0.0025792000000000037 0 0 0.06722689075630252 0.5316455696202531
52 0.002585800000000027 0 0 0.06722689075630252 0.5316455696202531
53 0.0025874000000000175 0 0 0.06722689075630252 0.5316455696202531
54 0.002735500000000002 0 0 0.06722689075630252 0.5316455696202531
55 0.002460500000000032 0 0 0.06722689075630252 0.5316455696202531
56 0.0023248000000000157 1 0 0.07563025210084033 0.5316455696202531
57 0.002407000000000048 1 1 0.08403361344537816 0.5358649789029536
58 0.0024636999999999576 0 0 0.08403361344537816 0.5358649789029536
59 0.0024275999999999742 0 0 0.08403361344537816 0.5358649789029536
60 0.00272859999999997 0 0 0.08403361344537816 0.5358649789029536
61 0.0024100000000000232 0 0 0.08403361344537816 0.5358649789029536
62 0.0024172000000000082 0 1 0.08403361344537816 0.540084388185654
63 0.0026247000000000353 0 0 0.08403361344537816 0.540084388185654
64 0.002491000000000021 1 1 0.09243697478991597 0.5443037974683544
65 0.0027911999999999937 0 0 0.09243697478991597 0.5443037974683544
66 0.0025291999999999537 1 1 0.10084033613445378 0.5485232067510548
67 0.0025691999999999937 0 0 0.10084033613445378 0.5485232067510548
68 0.002559699999999998 0 0 0.10084033613445378 0.5485232067510548
69 0.002571499999999949 0 0 0.10084033613445378 0.5485232067510548
70 0.0026630000000000265 0 0 0.10084033613445378 0.5485232067510548
71 0.002373000000000014 1 1 0.1092436974789916 0.5527426160337553
72 0.0026522999999999963 0 0 0.1092436974789916 0.5527426160337553
73 0.0024743000000000404 0 0 0.1092436974789916 0.5527426160337553
74 0.0024502000000000135 0 0 0.1092436974789916 0.5527426160337553
75 0.0025754000000000055 0 0 0.1092436974789916 0.5527426160337553
76 0.002724599999999966 0 0 0.1092436974789916 0.5527426160337553
77 0.0028488999999999876 0 0 0.1092436974789916 0.5527426160337553
78 0.0023945000000000216 0 0 0.1092436974789916 0.5527426160337553
79 0.002730100000000013 0 0 0.1092436974789916 0.5527426160337553
80 0.0026034000000000335 0 0 0.1092436974789916 0.5527426160337553
81 0.002665899999999999 0 0 0.1092436974789916 0.5527426160337553
82 0.0035057000000000005 0 0 0.1092436974789916 0.5527426160337553
83 0.0035213999999999523 1 1 0.11764705882352941 0.5569620253164557
84 0.003557200000000038 0 0 0.11764705882352941 0.5569620253164557
85 0.0035277000000000225 0 0 0.11764705882352941 0.5569620253164557
86 0.003740599999999983 1 1 0.12605042016806722 0.5611814345991561
87 0.0025720000000000187 0 0 0.12605042016806722 0.5611814345991561
88 0.0024285000000000556 0 0 0.12605042016806722 0.5611814345991561
89 0.002625700000000064 0 0 0.12605042016806722 0.5611814345991561
90 0.002758700000000003 0 0 0.12605042016806722 0.5611814345991561
91 0.0026781000000000166 0 0 0.12605042016806722 0.5611814345991561
92 0.0026031000000000803 0 0 0.12605042016806722 0.5611814345991561
93 0.0026431999999999567 0 0 0.12605042016806722 0.5611814345991561
94 0.002520300000000031 1 1 0.13445378151260504 0.5654008438818565
95 0.0024650000000000505 0 0 0.13445378151260504 0.5654008438818565
96 0.002549099999999971 0 0 0.13445378151260504 0.5654008438818565
97 0.002539599999999975 0 0 0.13445378151260504 0.5654008438818565
98 0.0026644999999999586 0 0 0.13445378151260504 0.5654008438818565
99 0.0026161999999999574 1 0 0.14285714285714285 0.5654008438818565
100 0.0025431999999999677 0 0 0.14285714285714285 0.5654008438818565
101 0.0026207999999999787 0 0 0.14285714285714285 0.5654008438818565
102 0.002776300000000065 1 1 0.15126050420168066 0.569620253164557
103 0.0025735000000000063 0 0 0.15126050420168066 0.569620253164557
104 0.0027753999999999834 0 0 0.15126050420168066 0.569620253164557
105 0.0023716000000000292 0 0 0.15126050420168066 0.569620253164557
106 0.0024317000000000366 0 0 0.15126050420168066 0.569620253164557
107 0.0025916999999999746 0 0 0.15126050420168066 0.569620253164557
108 0.002457900000000013 0 0 0.15126050420168066 0.569620253164557
109 0.0029322000000000514 0 0 0.15126050420168066 0.569620253164557
110 0.002697100000000008 1 0 0.15966386554621848 0.569620253164557
111 0.0028581000000000856 1 2 0.16806722689075632 0.5780590717299579
112 0.0025576000000000487 0 0 0.16806722689075632 0.5780590717299579
113 0.002661999999999942 0 0 0.16806722689075632 0.5780590717299579
114 0.0025892000000000692 1 1 0.17647058823529413 0.5822784810126582
115 0.0027391999999999417 1 1 0.18487394957983194 0.5864978902953587
116 0.002770700000000015 0 0 0.18487394957983194 0.5864978902953587
117 0.002639300000000011 0 0 0.18487394957983194 0.5864978902953587
118 0.0026148999999999756 0 0 0.18487394957983194 0.5864978902953587
119 0.002860300000000038 0 0 0.18487394957983194 0.5864978902953587
120 0.002815000000000012 1 0 0.19327731092436976 0.5864978902953587
121 0.0027698000000000444 1 1 0.20168067226890757 0.5907172995780591
122 0.0031116999999999395 0 0 0.20168067226890757 0.5907172995780591
123 0.0024908000000000152 0 1 0.20168067226890757 0.5949367088607594
124 0.0026188999999999796 0 0 0.20168067226890757 0.5949367088607594
125 0.0036850999999999967 0 0 0.20168067226890757 0.5949367088607594
126 0.0028409999999999824 0 0 0.20168067226890757 0.5949367088607594
127 0.002905999999999964 0 0 0.20168067226890757 0.5949367088607594
128 0.0024260999999999866 0 0 0.20168067226890757 0.5949367088607594
129 0.002601900000000046 0 1 0.20168067226890757 0.5991561181434599
130 0.003685500000000008 0 0 0.20168067226890757 0.5991561181434599
131 0.0036338999999999677 0 0 0.20168067226890757 0.5991561181434599
132 0.0037546000000000523 0 0 0.20168067226890757 0.5991561181434599
133 0.0036891000000000007 0 0 0.20168067226890757 0.5991561181434599
134 0.0036148999999999765 0 0 0.20168067226890757 0.5991561181434599
135 0.0035757000000000705 0 0 0.20168067226890757 0.5991561181434599
136 0.003583000000000003 0 0 0.20168067226890757 0.5991561181434599
137 0.002633699999999961 0 0 0.20168067226890757 0.5991561181434599
138 0.0030757000000000145 0 0 0.20168067226890757 0.5991561181434599
139 0.002448299999999959 0 0 0.20168067226890757 0.5991561181434599
140 0.0025735999999999537 0 0 0.20168067226890757 0.5991561181434599
141 0.0025998999999999883 0 0 0.20168067226890757 0.5991561181434599
142 0.002853699999999959 0 0 0.20168067226890757 0.5991561181434599
143 0.002603299999999975 0 0 0.20168067226890757 0.5991561181434599
144 0.002603499999999981 1 0 0.21008403361344538 0.5991561181434599
145 0.002677200000000046 1 1 0.2184873949579832 0.6033755274261603
146 0.0027485000000000426 0 0 0.2184873949579832 0.6033755274261603
147 0.002704099999999987 0 1 0.2184873949579832 0.6075949367088608
148 0.0025884000000000462 0 0 0.2184873949579832 0.6075949367088608
149 0.0026036999999999866 0 0 0.2184873949579832 0.6075949367088608
150 0.002729900000000063 0 0 0.2184873949579832 0.6075949367088608
151 0.002645399999999909 0 0 0.2184873949579832 0.6075949367088608
152 0.002642799999999945 0 0 0.2184873949579832 0.6075949367088608
153 0.0025591000000000363 0 0 0.2184873949579832 0.6075949367088608
154 0.002791300000000052 0 0 0.2184873949579832 0.6075949367088608
155 0.0026960000000000317 0 0 0.2184873949579832 0.6075949367088608
156 0.002783800000000003 0 0 0.2184873949579832 0.6075949367088608
157 0.0028910999999999243 0 0 0.2184873949579832 0.6075949367088608
158 0.0031092999999999815 0 0 0.2184873949579832 0.6075949367088608
159 0.0026191999999999327 0 0 0.2184873949579832 0.6075949367088608
160 0.0025541000000000036 0 0 0.2184873949579832 0.6075949367088608
161 0.002752900000000058 0 0 0.2184873949579832 0.6075949367088608
162 0.002577099999999999 0 0 0.2184873949579832 0.6075949367088608
163 0.002611499999999989 0 0 0.2184873949579832 0.6075949367088608
164 0.002691499999999958 0 0 0.2184873949579832 0.6075949367088608
165 0.002620100000000014 0 0 0.2184873949579832 0.6075949367088608
166 0.0027052999999999106 1 1 0.226890756302521 0.6118143459915611
167 0.002717099999999917 0 0 0.226890756302521 0.6118143459915611
168 0.0026768000000000347 0 0 0.226890756302521 0.6118143459915611
169 0.002890699999999913 0 0 0.226890756302521 0.6118143459915611
170 0.0024847000000000063 1 1 0.23529411764705882 0.6160337552742616
171 0.002779299999999929 0 0 0.23529411764705882 0.6160337552742616
172 0.0025821000000000316 0 0 0.23529411764705882 0.6160337552742616
173 0.002654500000000004 0 0 0.23529411764705882 0.6160337552742616
174 0.0029511000000000953 0 0 0.23529411764705882 0.6160337552742616
175 0.0027855999999999437 0 0 0.23529411764705882 0.6160337552742616
176 0.002666999999999975 0 0 0.23529411764705882 0.6160337552742616
177 0.002893900000000005 1 1 0.24369747899159663 0.620253164556962
178 0.0026359000000000243 0 0 0.24369747899159663 0.620253164556962
179 0.002753099999999953 0 0 0.24369747899159663 0.620253164556962
180 0.0025812000000000612 0 0 0.24369747899159663 0.620253164556962
181 0.0026152000000000397 0 0 0.24369747899159663 0.620253164556962
182 0.003045900000000046 0 0 0.24369747899159663 0.620253164556962
183 0.0027013000000000176 0 0 0.24369747899159663 0.620253164556962
184 0.0025893000000000166 0 0 0.24369747899159663 0.620253164556962
185 0.0025705999999999785 0 0 0.24369747899159663 0.620253164556962
186 0.0026237000000000066 1 1 0.25210084033613445 0.6244725738396625
187 0.0026519999999999877 0 0 0.25210084033613445 0.6244725738396625
188 0.002620100000000014 0 0 0.25210084033613445 0.6244725738396625
189 0.0025098000000000065 0 0 0.25210084033613445 0.6244725738396625
190 0.0027956999999999566 0 0 0.25210084033613445 0.6244725738396625
191 0.0025905999999999985 0 0 0.25210084033613445 0.6244725738396625
192 0.0027593999999999674 1 1 0.2605042016806723 0.6286919831223629
193 0.002639599999999964 0 0 0.2605042016806723 0.6286919831223629
194 0.0027760000000000007 0 0 0.2605042016806723 0.6286919831223629
195 0.0028544000000000347 0 0 0.2605042016806723 0.6286919831223629
196 0.002742800000000045 1 1 0.2689075630252101 0.6329113924050633
197 0.0027433999999999514 0 0 0.2689075630252101 0.6329113924050633
198 0.0026084000000000662 0 0 0.2689075630252101 0.6329113924050633
199 0.0026285000000000336 0 0 0.2689075630252101 0.6329113924050633
200 0.0026976000000000777 0 0 0.2689075630252101 0.6329113924050633
201 0.004508200000000073 1 1 0.2773109243697479 0.6371308016877637
202 0.004343899999999956 0 0 0.2773109243697479 0.6371308016877637
203 0.0031519999999999326 0 0 0.2773109243697479 0.6371308016877637
204 0.0034968000000000776 0 0 0.2773109243697479 0.6371308016877637
205 0.002917900000000029 0 0 0.2773109243697479 0.6371308016877637
206 0.002783800000000003 0 0 0.2773109243697479 0.6371308016877637
207 0.002790799999999982 0 0 0.2773109243697479 0.6371308016877637
208 0.003037100000000015 0 0 0.2773109243697479 0.6371308016877637
209 0.002797899999999909 0 0 0.2773109243697479 0.6371308016877637
210 0.0026108999999999716 1 1 0.2857142857142857 0.6413502109704642
211 0.0026639999999999997 0 0 0.2857142857142857 0.6413502109704642
212 0.0030434999999999768 1 1 0.29411764705882354 0.6455696202531646
213 0.002744299999999922 1 1 0.3025210084033613 0.6497890295358649
214 0.0027519999999999767 0 0 0.3025210084033613 0.6497890295358649
215 0.0026429000000000036 1 1 0.31092436974789917 0.6540084388185654
216 0.0027845000000000786 0 0 0.31092436974789917 0.6540084388185654
217 0.0028266000000000124 0 0 0.31092436974789917 0.6540084388185654
218 0.002737699999999954 0 0 0.31092436974789917 0.6540084388185654
219 0.002868399999999993 0 0 0.31092436974789917 0.6540084388185654
220 0.002760600000000002 1 1 0.31932773109243695 0.6582278481012658
221 0.0028924999999999645 0 0 0.31932773109243695 0.6582278481012658
222 0.0025800000000000267 0 0 0.31932773109243695 0.6582278481012658
223 0.0028272000000000297 0 0 0.31932773109243695 0.6582278481012658
224 0.002912600000000043 0 0 0.31932773109243695 0.6582278481012658
225 0.003115300000000043 1 1 0.3277310924369748 0.6624472573839663
226 0.002789999999999959 0 0 0.3277310924369748 0.6624472573839663
227 0.00272859999999997 0 0 0.3277310924369748 0.6624472573839663
228 0.003940199999999949 0 0 0.3277310924369748 0.6624472573839663
229 0.0038690999999999587 1 1 0.33613445378151263 0.6666666666666666
230 0.002834200000000009 0 0 0.33613445378151263 0.6666666666666666
231 0.0028882000000000074 0 0 0.33613445378151263 0.6666666666666666
232 0.002924400000000049 0 0 0.33613445378151263 0.6666666666666666
233 0.0027264000000000177 0 0 0.33613445378151263 0.6666666666666666
234 0.002701999999999982 0 0 0.33613445378151263 0.6666666666666666
235 0.002702700000000058 0 0 0.33613445378151263 0.6666666666666666
236 0.002817199999999964 0 0 0.33613445378151263 0.6666666666666666
237 0.002940400000000065 0 0 0.33613445378151263 0.6666666666666666
238 0.003190000000000026 1 1 0.3445378151260504 0.6708860759493671
239 0.003088599999999997 0 0 0.3445378151260504 0.6708860759493671
240 0.0030069000000000345 0 0 0.3445378151260504 0.6708860759493671
241 0.0032079999999999886 1 0 0.35294117647058826 0.6708860759493671
242 0.0027399000000000173 0 0 0.35294117647058826 0.6708860759493671
243 0.0026238999999999013 0 0 0.35294117647058826 0.6708860759493671
244 0.002863499999999908 0 0 0.35294117647058826 0.6708860759493671
245 0.0026726999999999723 0 0 0.35294117647058826 0.6708860759493671
246 0.0028998999999998443 0 0 0.35294117647058826 0.6708860759493671
247 0.002744899999999939 0 1 0.35294117647058826 0.6751054852320675
248 0.002816399999999941 0 0 0.35294117647058826 0.6751054852320675
249 0.002795000000000103 0 0 0.35294117647058826 0.6751054852320675
250 0.0027808000000000277 0 0 0.35294117647058826 0.6751054852320675
251 0.003998500000000016 1 1 0.36134453781512604 0.679324894514768
252 0.005023299999999953 1 1 0.3697478991596639 0.6835443037974683
253 0.002926800000000007 1 1 0.37815126050420167 0.6877637130801688
254 0.00293180000000004 0 0 0.37815126050420167 0.6877637130801688
255 0.0028161999999998244 0 0 0.37815126050420167 0.6877637130801688
256 0.002923599999999915 0 0 0.37815126050420167 0.6877637130801688
257 0.002992099999999942 0 0 0.37815126050420167 0.6877637130801688
258 0.002838799999999919 0 0 0.37815126050420167 0.6877637130801688
259 0.0028824000000000627 1 1 0.3865546218487395 0.6919831223628692
260 0.0029055999999998416 1 1 0.3949579831932773 0.6962025316455697
261 0.0026743000000000183 0 0 0.3949579831932773 0.6962025316455697
262 0.0032261000000000095 0 0 0.3949579831932773 0.6962025316455697
263 0.002917199999999953 0 0 0.3949579831932773 0.6962025316455697
264 0.00410670000000013 1 1 0.40336134453781514 0.70042194092827
265 0.0039143999999999846 0 0 0.40336134453781514 0.70042194092827
266 0.003963799999999962 0 0 0.40336134453781514 0.70042194092827
267 0.003915399999999902 0 0 0.40336134453781514 0.70042194092827
268 0.004046299999999947 0 0 0.40336134453781514 0.70042194092827
269 0.003940700000000019 0 0 0.40336134453781514 0.70042194092827
270 0.003967400000000065 1 1 0.4117647058823529 0.7046413502109705
271 0.003032900000000005 1 1 0.42016806722689076 0.7088607594936709
272 0.0030244999999999855 0 0 0.42016806722689076 0.7088607594936709
273 0.0028873999999998734 0 0 0.42016806722689076 0.7088607594936709
274 0.0027847000000000843 0 0 0.42016806722689076 0.7088607594936709
275 0.0031176000000001647 1 0 0.42857142857142855 0.7088607594936709
276 0.002935000000000132 0 0 0.42857142857142855 0.7088607594936709
277 0.00300760000000011 0 0 0.42857142857142855 0.7088607594936709
278 0.002817900000000151 0 0 0.42857142857142855 0.7088607594936709
279 0.0028447000000000333 0 0 0.42857142857142855 0.7088607594936709
280 0.0030156999999999545 0 0 0.42857142857142855 0.7088607594936709
281 0.004088199999999986 0 0 0.42857142857142855 0.7088607594936709
282 0.002785099999999874 0 0 0.42857142857142855 0.7088607594936709
283 0.0030318999999998653 0 0 0.42857142857142855 0.7088607594936709
284 0.003034500000000051 0 0 0.42857142857142855 0.7088607594936709
285 0.0029874000000000844 0 0 0.42857142857142855 0.7088607594936709
286 0.0027623000000001063 0 1 0.42857142857142855 0.7130801687763713
287 0.003113700000000108 0 0 0.42857142857142855 0.7130801687763713
288 0.0027970000000001605 0 0 0.42857142857142855 0.7130801687763713
289 0.0028870999999999203 0 0 0.42857142857142855 0.7130801687763713
290 0.0029991999999998686 0 0 0.42857142857142855 0.7130801687763713
291 0.0029894999999999783 1 1 0.4369747899159664 0.7172995780590717
292 0.002939500000000095 0 0 0.4369747899159664 0.7172995780590717
293 0.002732300000000132 0 0 0.4369747899159664 0.7172995780590717
294 0.0030068999999999235 0 0 0.4369747899159664 0.7172995780590717
295 0.002892899999999976 1 1 0.44537815126050423 0.7215189873417721
296 0.0033394999999998287 0 0 0.44537815126050423 0.7215189873417721
297 0.002838000000000118 0 0 0.44537815126050423 0.7215189873417721
298 0.002755500000000133 0 0 0.44537815126050423 0.7215189873417721
299 0.0031183999999999656 0 0 0.44537815126050423 0.7215189873417721
300 0.002797099999999997 0 0 0.44537815126050423 0.7215189873417721
301 0.002866999999999953 0 0 0.44537815126050423 0.7215189873417721
302 0.0030810000000001114 0 0 0.44537815126050423 0.7215189873417721
303 0.002988100000000049 0 0 0.44537815126050423 0.7215189873417721
304 0.002853699999999959 0 0 0.44537815126050423 0.7215189873417721
305 0.002946799999999916 0 0 0.44537815126050423 0.7215189873417721
306 0.0028631999999999547 0 0 0.44537815126050423 0.7215189873417721
307 0.002987599999999979 0 0 0.44537815126050423 0.7215189873417721
308 0.003016899999999989 0 0 0.44537815126050423 0.7215189873417721
309 0.00284440000000008 0 0 0.44537815126050423 0.7215189873417721
310 0.002999300000000149 0 0 0.44537815126050423 0.7215189873417721
311 0.0029532999999999365 0 0 0.44537815126050423 0.7215189873417721
312 0.0031206999999999763 1 1 0.453781512605042 0.7257383966244726
313 0.0029714000000000684 1 1 0.46218487394957986 0.729957805907173
314 0.0030128000000000377 1 1 0.47058823529411764 0.7341772151898734
315 0.0041656000000001026 0 0 0.47058823529411764 0.7341772151898734
316 0.004063099999999986 1 0 0.4789915966386555 0.7341772151898734
317 0.004218300000000008 0 1 0.4789915966386555 0.7383966244725738
318 0.00281229999999999 0 0 0.4789915966386555 0.7383966244725738
319 0.0031071000000000293 0 0 0.4789915966386555 0.7383966244725738
320 0.002957700000000063 0 0 0.4789915966386555 0.7383966244725738
321 0.00302200000000008 0 0 0.4789915966386555 0.7383966244725738
322 0.0028189000000000686 0 0 0.4789915966386555 0.7383966244725738
323 0.0030871999999999566 0 0 0.4789915966386555 0.7383966244725738
324 0.002903600000000006 0 0 0.4789915966386555 0.7383966244725738
325 0.003151799999999927 0 0 0.4789915966386555 0.7383966244725738
326 0.003038700000000061 0 0 0.4789915966386555 0.7383966244725738
327 0.0030527999999998556 0 0 0.4789915966386555 0.7383966244725738
328 0.003128100000000078 0 0 0.4789915966386555 0.7383966244725738
329 0.0031655999999999906 0 0 0.4789915966386555 0.7383966244725738
330 0.0031647000000001313 1 1 0.48739495798319327 0.7426160337552743
331 0.0030478999999998813 0 0 0.48739495798319327 0.7426160337552743
332 0.0027472000000001717 0 0 0.48739495798319327 0.7426160337552743
333 0.002696299999999985 0 0 0.48739495798319327 0.7426160337552743
334 0.0029076999999999575 0 0 0.48739495798319327 0.7426160337552743
335 0.0030832000000000637 0 0 0.48739495798319327 0.7426160337552743
336 0.002915800000000024 0 0 0.48739495798319327 0.7426160337552743
337 0.002849400000000113 0 0 0.48739495798319327 0.7426160337552743
338 0.0029364999999998975 0 0 0.48739495798319327 0.7426160337552743
339 0.0028350999999999793 0 0 0.48739495798319327 0.7426160337552743
340 0.0029093000000000035 0 0 0.48739495798319327 0.7426160337552743
341 0.003058500000000075 1 1 0.4957983193277311 0.7468354430379747
342 0.003005999999999842 1 1 0.5042016806722689 0.7510548523206751
343 0.0032015000000000793 0 0 0.5042016806722689 0.7510548523206751
344 0.0031763000000000208 0 0 0.5042016806722689 0.7510548523206751
345 0.0028637000000000246 0 0 0.5042016806722689 0.7510548523206751
346 0.003014199999999967 1 1 0.5126050420168067 0.7552742616033755
347 0.0028876999999998265 0 0 0.5126050420168067 0.7552742616033755
348 0.00284440000000008 0 0 0.5126050420168067 0.7552742616033755
349 0.0029634999999998968 1 1 0.5210084033613446 0.759493670886076
350 0.003016099999999966 0 0 0.5210084033613446 0.759493670886076
351 0.003080400000000205 0 0 0.5210084033613446 0.759493670886076
352 0.003077900000000078 0 0 0.5210084033613446 0.759493670886076
353 0.0029370999999998038 1 0 0.5294117647058824 0.759493670886076
354 0.002917199999999953 0 0 0.5294117647058824 0.759493670886076
355 0.0033252999999999755 0 0 0.5294117647058824 0.759493670886076
356 0.0028406999999999183 0 0 0.5294117647058824 0.759493670886076
357 0.003092100000000153 0 0 0.5294117647058824 0.759493670886076
358 0.0027863000000001303 0 0 0.5294117647058824 0.759493670886076
359 0.002952099999999902 0 0 0.5294117647058824 0.759493670886076
360 0.0033381000000001215 0 1 0.5294117647058824 0.7637130801687764
361 0.0030613000000001556 0 0 0.5294117647058824 0.7637130801687764
362 0.003270000000000106 0 0 0.5294117647058824 0.7637130801687764
363 0.003154000000000101 0 0 0.5294117647058824 0.7637130801687764
364 0.002994200000000058 0 0 0.5294117647058824 0.7637130801687764
365 0.0031847000000000403 0 0 0.5294117647058824 0.7637130801687764
366 0.003178499999999973 0 0 0.5294117647058824 0.7637130801687764
367 0.003323600000000093 0 0 0.5294117647058824 0.7637130801687764
368 0.003010700000000144 0 0 0.5294117647058824 0.7637130801687764
369 0.002947500000000103 0 0 0.5294117647058824 0.7637130801687764
370 0.0029476999999999975 0 0 0.5294117647058824 0.7637130801687764
371 0.002987300000000026 1 1 0.5378151260504201 0.7679324894514767
372 0.0032438999999999663 1 1 0.5462184873949579 0.7721518987341772
373 0.003262799999999899 0 0 0.5462184873949579 0.7721518987341772
374 0.0030302999999998192 0 0 0.5462184873949579 0.7721518987341772
375 0.003078700000000101 0 0 0.5462184873949579 0.7721518987341772
376 0.0031255999999999506 1 1 0.5546218487394958 0.7763713080168776
377 0.003382800000000019 1 1 0.5630252100840336 0.7805907172995781
378 0.0029671000000000003 0 0 0.5630252100840336 0.7805907172995781
379 0.003194499999999989 1 1 0.5714285714285714 0.7848101265822784
380 0.0032438999999999663 0 0 0.5714285714285714 0.7848101265822784
381 0.003238199999999969 1 1 0.5798319327731093 0.7890295358649789
382 0.0031217999999999524 0 0 0.5798319327731093 0.7890295358649789
383 0.0033018000000000214 0 0 0.5798319327731093 0.7890295358649789
384 0.0033315000000000428 0 0 0.5798319327731093 0.7890295358649789
385 0.003302499999999986 0 0 0.5798319327731093 0.7890295358649789
386 0.003193699999999966 0 0 0.5798319327731093 0.7890295358649789
387 0.003212599999999899 0 0 0.5798319327731093 0.7890295358649789
388 0.0032263999999999626 0 0 0.5798319327731093 0.7890295358649789
389 0.00292860000000017 0 0 0.5798319327731093 0.7890295358649789
390 0.0031754999999999978 0 0 0.5798319327731093 0.7890295358649789
391 0.0031365000000000975 0 0 0.5798319327731093 0.7890295358649789
392 0.0032057999999999254 0 0 0.5798319327731093 0.7890295358649789
393 0.0029612999999999445 0 0 0.5798319327731093 0.7890295358649789
394 0.003088399999999991 0 0 0.5798319327731093 0.7890295358649789
395 0.0030860999999999805 0 0 0.5798319327731093 0.7890295358649789
396 0.0030536000000001007 0 0 0.5798319327731093 0.7890295358649789
397 0.0031357000000000745 0 0 0.5798319327731093 0.7890295358649789
398 0.0031242999999998577 0 0 0.5798319327731093 0.7890295358649789
399 0.00319209999999992 1 1 0.5882352941176471 0.7932489451476793
400 0.0030642999999999088 0 0 0.5882352941176471 0.7932489451476793
401 0.0028953999999998814 0 0 0.5882352941176471 0.7932489451476793
402 0.0029865999999998394 0 0 0.5882352941176471 0.7932489451476793
403 0.003038799999999897 0 0 0.5882352941176471 0.7932489451476793
404 0.003094799999999953 1 1 0.5966386554621849 0.7974683544303798
405 0.0028754999999998088 0 0 0.5966386554621849 0.7974683544303798
406 0.003256399999999937 0 0 0.5966386554621849 0.7974683544303798
407 0.003017100000000106 0 0 0.5966386554621849 0.7974683544303798
408 0.0031490999999999048 0 0 0.5966386554621849 0.7974683544303798
409 0.0029858999999998748 0 0 0.5966386554621849 0.7974683544303798
410 0.0031380999999999215 1 1 0.6050420168067226 0.8016877637130801
411 0.0031471000000000693 1 1 0.6134453781512605 0.8059071729957806
412 0.002975300000000125 0 0 0.6134453781512605 0.8059071729957806
413 0.003080900000000053 0 0 0.6134453781512605 0.8059071729957806
414 0.0031791999999999376 0 0 0.6134453781512605 0.8059071729957806
415 0.003251600000000021 0 0 0.6134453781512605 0.8059071729957806
416 0.0032786999999998567 1 1 0.6218487394957983 0.810126582278481
417 0.0032189000000000245 0 0 0.6218487394957983 0.810126582278481
418 0.0033240000000001046 0 0 0.6218487394957983 0.810126582278481
419 0.0028767000000000653 0 0 0.6218487394957983 0.810126582278481
420 0.00324279999999999 0 0 0.6218487394957983 0.810126582278481
421 0.003055299999999983 0 0 0.6218487394957983 0.810126582278481
422 0.0032478999999998592 0 0 0.6218487394957983 0.810126582278481
423 0.0032269000000000325 0 0 0.6218487394957983 0.810126582278481
424 0.0032055999999998086 0 0 0.6218487394957983 0.810126582278481
425 0.003127500000000172 1 1 0.6302521008403361 0.8143459915611815
426 0.003208100000000158 0 0 0.6302521008403361 0.8143459915611815
427 0.0034562000000000204 0 0 0.6302521008403361 0.8143459915611815
428 0.0030935000000000823 0 0 0.6302521008403361 0.8143459915611815
429 0.0033997000000001165 0 0 0.6302521008403361 0.8143459915611815
430 0.0031799000000001243 0 0 0.6302521008403361 0.8143459915611815
431 0.003014800000000095 0 0 0.6302521008403361 0.8143459915611815
432 0.0031400000000001427 1 1 0.6386554621848739 0.8185654008438819
433 0.003354499999999927 0 0 0.6386554621848739 0.8185654008438819
434 0.003235000000000099 0 0 0.6386554621848739 0.8185654008438819
435 0.0030616000000001087 1 1 0.6470588235294118 0.8227848101265823
436 0.002955800000000064 0 0 0.6470588235294118 0.8227848101265823
437 0.0032754000000001504 0 0 0.6470588235294118 0.8227848101265823
438 0.0029935000000000933 0 0 0.6470588235294118 0.8227848101265823
439 0.0031362000000001444 0 0 0.6470588235294118 0.8227848101265823
440 0.0032151000000000263 1 1 0.6554621848739496 0.8270042194092827
441 0.0031535000000000313 1 1 0.6638655462184874 0.8312236286919831
442 0.0029940999999999995 0 0 0.6638655462184874 0.8312236286919831
443 0.0033803000000001138 0 0 0.6638655462184874 0.8312236286919831
444 0.0033575999999999606 1 1 0.6722689075630253 0.8354430379746836
445 0.0033525000000000915 0 0 0.6722689075630253 0.8354430379746836
446 0.003219599999999989 0 0 0.6722689075630253 0.8354430379746836
447 0.0031018000000000434 0 0 0.6722689075630253 0.8354430379746836
448 0.0030440000000000467 1 1 0.680672268907563 0.8396624472573839
449 0.0031582999999999473 0 0 0.680672268907563 0.8396624472573839
450 0.0031575999999999826 1 0 0.6890756302521008 0.8396624472573839
451 0.0034363000000001698 0 0 0.6890756302521008 0.8396624472573839
452 0.0032094999999998652 0 0 0.6890756302521008 0.8396624472573839
453 0.0031451000000000118 0 0 0.6890756302521008 0.8396624472573839
454 0.0032029000000000085 1 1 0.6974789915966386 0.8438818565400844
455 0.00320330000000002 0 0 0.6974789915966386 0.8438818565400844
456 0.0031889999999998864 0 1 0.6974789915966386 0.8481012658227848
457 0.0033459000000000128 0 0 0.6974789915966386 0.8481012658227848
458 0.0032202000000001174 0 0 0.6974789915966386 0.8481012658227848
459 0.003603799999999824 0 0 0.6974789915966386 0.8481012658227848
460 0.003426799999999952 0 0 0.6974789915966386 0.8481012658227848
461 0.003609399999999985 0 0 0.6974789915966386 0.8481012658227848
462 0.0034229000000001175 0 0 0.6974789915966386 0.8481012658227848
463 0.0033830999999999722 0 0 0.6974789915966386 0.8481012658227848
464 0.003350499999999812 1 1 0.7058823529411765 0.8523206751054853
465 0.0034095000000000653 0 0 0.7058823529411765 0.8523206751054853
466 0.0033132999999998525 0 0 0.7058823529411765 0.8523206751054853
467 0.0031691000000000358 1 1 0.7142857142857143 0.8565400843881856
468 0.0031117000000000505 1 1 0.7226890756302521 0.8607594936708861
469 0.003522800000000048 0 0 0.7226890756302521 0.8607594936708861
470 0.0034931000000000267 0 0 0.7226890756302521 0.8607594936708861
471 0.00375100000000006 0 0 0.7226890756302521 0.8607594936708861
472 0.0034236999999999185 1 0 0.7310924369747899 0.8607594936708861
473 0.0029882000000001074 0 0 0.7310924369747899 0.8607594936708861
474 0.003084899999999946 0 0 0.7310924369747899 0.8607594936708861
475 0.003072100000000022 0 0 0.7310924369747899 0.8607594936708861
476 0.003328400000000009 0 0 0.7310924369747899 0.8607594936708861
477 0.0032901000000000735 0 0 0.7310924369747899 0.8607594936708861
478 0.0031175000000001063 0 0 0.7310924369747899 0.8607594936708861
479 0.0032633999999998053 0 0 0.7310924369747899 0.8607594936708861
480 0.0035138000000001224 1 1 0.7394957983193278 0.8649789029535865
481 0.00346460000000004 0 0 0.7394957983193278 0.8649789029535865
482 0.003237199999999829 0 0 0.7394957983193278 0.8649789029535865
483 0.003494800000000131 0 0 0.7394957983193278 0.8649789029535865
484 0.003038199999999991 0 0 0.7394957983193278 0.8649789029535865
485 0.0032929999999999904 0 0 0.7394957983193278 0.8649789029535865
486 0.003139000000000003 0 0 0.7394957983193278 0.8649789029535865
487 0.0033792000000001376 1 1 0.7478991596638656 0.869198312236287
488 0.0032387000000000388 0 0 0.7478991596638656 0.869198312236287
489 0.0031781000000001836 1 1 0.7563025210084033 0.8734177215189873
490 0.0034606999999999832 1 1 0.7647058823529411 0.8776371308016878
491 0.0032100999999999935 0 0 0.7647058823529411 0.8776371308016878
492 0.003273999999999999 0 0 0.7647058823529411 0.8776371308016878
493 0.0033023000000000913 0 0 0.7647058823529411 0.8776371308016878
494 0.0031522999999999968 1 2 0.773109243697479 0.8860759493670886
495 0.005087700000000028 0 0 0.773109243697479 0.8860759493670886
496 0.0034119000000001343 0 0 0.773109243697479 0.8860759493670886
497 0.0034403000000000628 0 0 0.773109243697479 0.8860759493670886
498 0.003370299999999826 0 0 0.773109243697479 0.8860759493670886
499 0.003206800000000065 0 0 0.773109243697479 0.8860759493670886
500 0.003438800000000075 0 0 0.773109243697479 0.8860759493670886
501 0.003640099999999924 0 0 0.773109243697479 0.8860759493670886
502 0.003575600000000012 0 0 0.773109243697479 0.8860759493670886
503 0.0030391000000000723 0 0 0.773109243697479 0.8860759493670886
504 0.004650599999999949 0 0 0.773109243697479 0.8860759493670886
505 0.00434420000000002 0 0 0.773109243697479 0.8860759493670886
506 0.004499499999999879 0 0 0.773109243697479 0.8860759493670886
507 0.004529499999999853 0 0 0.773109243697479 0.8860759493670886
508 0.003349199999999941 0 0 0.773109243697479 0.8860759493670886
509 0.0033379000000000048 0 0 0.773109243697479 0.8860759493670886
510 0.0033136000000000276 1 1 0.7815126050420168 0.890295358649789
511 0.0035146999999999817 0 0 0.7815126050420168 0.890295358649789
512 0.003165399999999874 0 0 0.7815126050420168 0.890295358649789
513 0.003088399999999991 0 0 0.7815126050420168 0.890295358649789
514 0.0032285000000000785 0 0 0.7815126050420168 0.890295358649789
515 0.0032426000000000954 0 0 0.7815126050420168 0.890295358649789
516 0.003257699999999808 0 0 0.7815126050420168 0.890295358649789
517 0.003576400000000035 0 0 0.7815126050420168 0.890295358649789
518 0.0033311000000000313 0 0 0.7815126050420168 0.890295358649789
519 0.0033608000000000526 0 0 0.7815126050420168 0.890295358649789
520 0.003614500000000076 0 0 0.7815126050420168 0.890295358649789
521 0.004576199999999808 0 0 0.7815126050420168 0.890295358649789
522 0.0034706999999998267 0 0 0.7815126050420168 0.890295358649789
523 0.003433999999999937 0 0 0.7815126050420168 0.890295358649789
524 0.0032750999999999753 0 0 0.7815126050420168 0.890295358649789
525 0.0037605000000000555 0 0 0.7815126050420168 0.890295358649789
526 0.0032730999999999177 0 0 0.7815126050420168 0.890295358649789
527 0.0034241999999999884 1 1 0.7899159663865546 0.8945147679324894
528 0.003965699999999961 0 0 0.7899159663865546 0.8945147679324894
529 0.0032756999999998815 0 0 0.7899159663865546 0.8945147679324894
530 0.003325400000000034 0 0 0.7899159663865546 0.8945147679324894
531 0.00321769999999999 1 0 0.7983193277310925 0.8945147679324894
532 0.0031430999999999543 0 0 0.7983193277310925 0.8945147679324894
533 0.0032560000000003697 1 1 0.8067226890756303 0.8987341772151899
534 0.003449400000000047 0 0 0.8067226890756303 0.8987341772151899
535 0.0034021000000001855 0 0 0.8067226890756303 0.8987341772151899
536 0.0033115000000001338 0 0 0.8067226890756303 0.8987341772151899
537 0.0032562999999998787 1 1 0.8151260504201681 0.9029535864978903
538 0.0041631999999998115 0 0 0.8151260504201681 0.9029535864978903
539 0.003588699999999889 0 0 0.8151260504201681 0.9029535864978903
540 0.003522200000000364 0 0 0.8151260504201681 0.9029535864978903
541 0.0034610000000001584 0 1 0.8151260504201681 0.9071729957805907
542 0.0033311000000000313 0 0 0.8151260504201681 0.9071729957805907
543 0.0035842999999999847 1 1 0.8235294117647058 0.9113924050632911
544 0.0034274999999999167 0 0 0.8235294117647058 0.9113924050632911
545 0.0031143000000000143 0 0 0.8235294117647058 0.9113924050632911
546 0.003601399999999977 0 0 0.8235294117647058 0.9113924050632911
547 0.003365200000000179 0 0 0.8235294117647058 0.9113924050632911
548 0.003352399999999811 1 1 0.8319327731092437 0.9156118143459916
549 0.003913499999999903 0 0 0.8319327731092437 0.9156118143459916
550 0.003285100000000263 0 0 0.8319327731092437 0.9156118143459916
551 0.0034233999999999654 1 1 0.8403361344537815 0.919831223628692
552 0.003286999999999818 0 0 0.8403361344537815 0.919831223628692
553 0.003684100000000079 0 0 0.8403361344537815 0.919831223628692
554 0.003455600000000114 0 0 0.8403361344537815 0.919831223628692
555 0.0036485000000001655 1 1 0.8487394957983193 0.9240506329113924
556 0.0033530999999999977 0 0 0.8487394957983193 0.9240506329113924
557 0.003403800000000068 0 0 0.8487394957983193 0.9240506329113924
558 0.003538800000000286 0 0 0.8487394957983193 0.9240506329113924
559 0.0032290000000001484 1 1 0.8571428571428571 0.9282700421940928
560 0.0034173000000001785 0 0 0.8571428571428571 0.9282700421940928
561 0.0034380999999998885 0 0 0.8571428571428571 0.9282700421940928
562 0.003318799999999733 0 0 0.8571428571428571 0.9282700421940928
563 0.0032509000000002786 0 0 0.8571428571428571 0.9282700421940928
564 0.0034714000000000134 0 0 0.8571428571428571 0.9282700421940928
565 0.00331099999999962 0 0 0.8571428571428571 0.9282700421940928
566 0.003394800000000142 0 0 0.8571428571428571 0.9282700421940928
567 0.003399899999999789 0 0 0.8571428571428571 0.9282700421940928
568 0.0033666000000001084 0 0 0.8571428571428571 0.9282700421940928
569 0.0034366999999999592 1 1 0.865546218487395 0.9324894514767933
570 0.0034977999999998843 0 0 0.865546218487395 0.9324894514767933
571 0.003228699999999751 1 1 0.8739495798319328 0.9367088607594937
572 0.0034537999999999514 0 0 0.8739495798319328 0.9367088607594937
573 0.003289999999999793 0 0 0.8739495798319328 0.9367088607594937
574 0.0032543000000000433 0 0 0.8739495798319328 0.9367088607594937
575 0.003322299999999778 0 0 0.8739495798319328 0.9367088607594937
576 0.0037077000000000915 1 1 0.8823529411764706 0.9409282700421941
577 0.0032807999999997506 0 0 0.8823529411764706 0.9409282700421941
578 0.0034489999999998133 0 0 0.8823529411764706 0.9409282700421941
579 0.003350800000000209 0 0 0.8823529411764706 0.9409282700421941
580 0.0034643000000000868 0 0 0.8823529411764706 0.9409282700421941
581 0.0035629000000003685 0 0 0.8823529411764706 0.9409282700421941
582 0.003424100000000152 1 1 0.8907563025210085 0.9451476793248945
583 0.0033873999999998183 0 0 0.8907563025210085 0.9451476793248945
584 0.003315300000000132 0 0 0.8907563025210085 0.9451476793248945
585 0.0034114000000000644 0 0 0.8907563025210085 0.9451476793248945
586 0.0038143999999999956 0 0 0.8907563025210085 0.9451476793248945
587 0.003429399999999916 0 0 0.8907563025210085 0.9451476793248945
588 0.0034776000000000806 1 0 0.8991596638655462 0.9451476793248945
589 0.0034274000000000804 0 0 0.8991596638655462 0.9451476793248945
590 0.004244299999999868 0 0 0.8991596638655462 0.9451476793248945
591 0.0033260999999997765 0 0 0.8991596638655462 0.9451476793248945
592 0.0034423999999999566 0 0 0.8991596638655462 0.9451476793248945
593 0.0032632000000001327 0 0 0.8991596638655462 0.9451476793248945
594 0.003660099999999833 0 1 0.8991596638655462 0.9493670886075949
595 0.003339599999999887 0 0 0.8991596638655462 0.9493670886075949
596 0.003604600000000069 1 0 0.907563025210084 0.9493670886075949
597 0.00342140000000013 0 0 0.907563025210084 0.9493670886075949
598 0.003731300000000104 0 0 0.907563025210084 0.9493670886075949
599 0.0033799000000001023 0 0 0.907563025210084 0.9493670886075949
600 0.0036024000000001166 0 0 0.907563025210084 0.9493670886075949
601 0.003549200000000141 0 0 0.907563025210084 0.9493670886075949
602 0.003288900000000261 0 0 0.907563025210084 0.9493670886075949
603 0.004085499999999964 1 1 0.9159663865546218 0.9535864978902954
604 0.003360400000000041 1 1 0.9243697478991597 0.9578059071729957
605 0.0037891000000001007 0 0 0.9243697478991597 0.9578059071729957
606 0.003410800000000158 1 1 0.9327731092436975 0.9620253164556962
607 0.0037373000000000545 1 1 0.9411764705882353 0.9662447257383966
608 0.0036746000000000834 0 0 0.9411764705882353 0.9662447257383966
609 0.0033260999999997765 0 0 0.9411764705882353 0.9662447257383966
610 0.0034421000000000035 0 0 0.9411764705882353 0.9662447257383966
611 0.0036874000000000073 1 1 0.9495798319327731 0.9704641350210971
612 0.0035260999999997544 0 1 0.9495798319327731 0.9746835443037974
613 0.0033905999999999104 0 0 0.9495798319327731 0.9746835443037974
614 0.0037301999999996838 0 0 0.9495798319327731 0.9746835443037974
615 0.0037498000000000253 0 0 0.9495798319327731 0.9746835443037974
616 0.0036743999999999666 0 0 0.9495798319327731 0.9746835443037974
617 0.003698800000000002 0 0 0.9495798319327731 0.9746835443037974
618 0.0036754000000001064 0 0 0.9495798319327731 0.9746835443037974
619 0.003671600000000108 0 0 0.9495798319327731 0.9746835443037974
620 0.005105299999999868 0 0 0.9495798319327731 0.9746835443037974
621 0.003585999999999867 0 0 0.9495798319327731 0.9746835443037974
622 0.0037714000000002024 1 1 0.957983193277311 0.9789029535864979
623 0.0035064000000000206 0 0 0.957983193277311 0.9789029535864979
624 0.003510299999999855 0 0 0.957983193277311 0.9789029535864979
625 0.003574200000000083 0 0 0.957983193277311 0.9789029535864979
626 0.003623300000000107 0 0 0.957983193277311 0.9789029535864979
627 0.0034757000000000815 0 0 0.957983193277311 0.9789029535864979
628 0.0036865999999999843 1 0 0.9663865546218487 0.9789029535864979
629 0.0035658999999998997 0 0 0.9663865546218487 0.9789029535864979
630 0.003444899999999862 0 0 0.9663865546218487 0.9789029535864979
631 0.003490299999999724 0 0 0.9663865546218487 0.9789029535864979
632 0.0034340999999997734 0 1 0.9663865546218487 0.9831223628691983
633 0.0035354999999999137 0 0 0.9663865546218487 0.9831223628691983
634 0.0034429000000000265 1 1 0.9747899159663865 0.9873417721518988
635 0.0034900999999996074 1 1 0.9831932773109243 0.9915611814345991
636 0.0036357999999996338 0 0 0.9831932773109243 0.9915611814345991
637 0.0036047999999997415 0 0 0.9831932773109243 0.9915611814345991
638 0.0039557000000001175 0 0 0.9831932773109243 0.9915611814345991
639 0.003592400000000051 0 0 0.9831932773109243 0.9915611814345991
640 0.003666500000000017 0 0 0.9831932773109243 0.9915611814345991
641 0.0035965000000000025 0 0 0.9831932773109243 0.9915611814345991
642 0.0035617999999999483 0 0 0.9831932773109243 0.9915611814345991
643 0.003525400000000012 1 1 0.9915966386554622 0.9957805907172996
644 0.0035872000000001236 0 0 0.9915966386554622 0.9957805907172996
645 0.003524599999999989 1 1 1.0 1.0
