150 0.2 0.1
1 0.003214500000000009 1 0 0.006711409395973154 0.5016835016835017
2 0.002896799999999977 0 0 0.006711409395973154 0.5016835016835017
3 0.003863300000000014 0 0 0.006711409395973154 0.5016835016835017
4 0.0030083000000000193 0 0 0.006711409395973154 0.5016835016835017
5 0.003984500000000002 0 0 0.006711409395973154 0.5016835016835017
6 0.003894799999999976 0 0 0.006711409395973154 0.5016835016835017
7 0.003040199999999993 0 0 0.006711409395973154 0.5016835016835017
8 0.003832900000000028 1 0 0.013422818791946308 0.5016835016835017
9 0.0035592999999999875 0 0 0.013422818791946308 0.5016835016835017
10 0.0033442000000000194 1 0 0.020134228187919462 0.5016835016835017
11 0.004954700000000034 1 1 0.026845637583892617 0.5050505050505051
12 0.0032110000000000194 0 0 0.026845637583892617 0.5050505050505051
13 0.0036632999999999805 0 0 0.026845637583892617 0.5050505050505051
14 0.003650200000000048 0 0 0.026845637583892617 0.5050505050505051
15 0.003239999999999965 0 0 0.026845637583892617 0.5050505050505051
16 0.00321769999999999 0 0 0.026845637583892617 0.5050505050505051
17 0.003863799999999973 0 0 0.026845637583892617 0.5050505050505051
18 0.003479600000000027 0 0 0.026845637583892617 0.5050505050505051
19 0.003338999999999981 0 0 0.026845637583892617 0.5050505050505051
20 0.004016600000000037 0 0 0.026845637583892617 0.5050505050505051
21 0.003443599999999991 0 0 0.026845637583892617 0.5050505050505051
22 0.003099200000000024 0 1 0.026845637583892617 0.5084175084175084
23 0.0030862999999999863 1 0 0.03355704697986577 0.5084175084175084
24 0.004630699999999988 0 0 0.03355704697986577 0.5084175084175084
25 0.004528399999999988 1 0 0.040268456375838924 0.5084175084175084
26 0.003461600000000009 1 0 0.04697986577181208 0.5084175084175084
27 0.0049466999999999706 0 0 0.04697986577181208 0.5084175084175084
28 0.004197200000000012 0 0 0.04697986577181208 0.5084175084175084
29 0.003280200000000011 1 0 0.053691275167785234 0.5084175084175084
30 0.003083599999999964 0 0 0.053691275167785234 0.5084175084175084
31 0.003318200000000049 1 0 0.06040268456375839 0.5084175084175084
32 0.0037506999999999957 0 0 0.06040268456375839 0.5084175084175084
33 0.0032005000000000505 0 0 0.06040268456375839 0.5084175084175084
34 0.0036828999999999334 1 0 0.06711409395973154 0.5084175084175084
35 0.004261500000000029 0 0 0.06711409395973154 0.5084175084175084
36 0.003264900000000015 0 0 0.06711409395973154 0.5084175084175084
37 0.0036869000000000485 0 0 0.06711409395973154 0.5084175084175084
38 0.004154600000000008 1 0 0.0738255033557047 0.5084175084175084
39 0.0032837000000000005 0 1 0.0738255033557047 0.5117845117845118
40 0.0034743999999999886 1 1 0.08053691275167785 0.5151515151515151
41 0.0037986999999999327 0 1 0.08053691275167785 0.5185185185185185
42 0.0032935000000000603 0 0 0.08053691275167785 0.5185185185185185
43 0.0034120000000000816 0 0 0.08053691275167785 0.5185185185185185
44 0.004582799999999998 0 0 0.08053691275167785 0.5185185185185185
45 0.004915400000000014 0 0 0.08053691275167785 0.5185185185185185
46 0.003674799999999978 0 0 0.08053691275167785 0.5185185185185185
47 0.00340039999999997 0 0 0.08053691275167785 0.5185185185185185
48 0.0033322999999999547 0 1 0.08053691275167785 0.5218855218855218
49 0.0038439999999999586 0 0 0.08053691275167785 0.5218855218855218
50 0.0035820999999999215 0 0 0.08053691275167785 0.5218855218855218
51 0.003336600000000023 0 1 0.08053691275167785 0.5252525252525253
52 0.004404399999999975 0 0 0.08053691275167785 0.5252525252525253
53 0.0033258000000000454 0 0 0.08053691275167785 0.5252525252525253
54 0.0049970999999999766 0 0 0.08053691275167785 0.5252525252525253
55 0.0043944000000000205 0 1 0.08053691275167785 0.5286195286195287
56 0.0031429000000000595 1 0 0.087248322147651 0.5286195286195287
57 0.004152600000000062 0 0 0.087248322147651 0.5286195286195287
58 0.0037576000000000276 0 0 0.087248322147651 0.5286195286195287
59 0.0031906999999999908 1 0 0.09395973154362416 0.5286195286195287
60 0.0037224000000000146 0 0 0.09395973154362416 0.5286195286195287
61 0.003543600000000091 0 0 0.09395973154362416 0.5286195286195287
62 0.0031126999999999683 0 0 0.09395973154362416 0.5286195286195287
63 0.0030069000000000345 0 0 0.09395973154362416 0.5286195286195287
64 0.00387879999999996 0 0 0.09395973154362416 0.5286195286195287
65 0.003264099999999992 0 0 0.09395973154362416 0.5286195286195287
66 0.004230900000000037 0 0 0.09395973154362416 0.5286195286195287
67 0.003821399999999975 0 0 0.09395973154362416 0.5286195286195287
68 0.0031933000000000655 1 0 0.10067114093959731 0.5286195286195287
69 0.0039381000000000554 0 0 0.10067114093959731 0.5286195286195287
70 0.0031815000000000593 0 0 0.10067114093959731 0.5286195286195287
71 0.0030401999999999374 0 1 0.10067114093959731 0.531986531986532
72 0.003943299999999983 0 0 0.10067114093959731 0.531986531986532
73 0.0032877000000000045 0 1 0.10067114093959731 0.5353535353535354
74 0.003800899999999996 0 0 0.10067114093959731 0.5353535353535354
75 0.0033634000000000164 0 0 0.10067114093959731 0.5353535353535354
76 0.0037434000000000633 1 0 0.10738255033557047 0.5353535353535354
77 0.0035813000000000095 0 0 0.10738255033557047 0.5353535353535354
78 0.003864700000000054 1 0 0.11409395973154363 0.5353535353535354
79 0.0038352000000000386 0 0 0.11409395973154363 0.5353535353535354
80 0.0032480000000000286 0 0 0.11409395973154363 0.5353535353535354
81 0.004290099999999963 0 0 0.11409395973154363 0.5353535353535354
82 0.0033864000000000116 0 0 0.11409395973154363 0.5353535353535354
83 0.0030689999999999884 0 0 0.11409395973154363 0.5353535353535354
84 0.003494500000000067 0 0 0.11409395973154363 0.5353535353535354
85 0.0030695000000000583 0 0 0.11409395973154363 0.5353535353535354
86 0.0036007999999999596 0 0 0.11409395973154363 0.5353535353535354
87 0.003742500000000093 0 0 0.11409395973154363 0.5353535353535354
88 0.004056599999999966 0 0 0.11409395973154363 0.5353535353535354
89 0.00330649999999999 0 0 0.11409395973154363 0.5353535353535354
90 0.00393460000000001 0 0 0.11409395973154363 0.5353535353535354
91 0.0032796999999999965 0 0 0.11409395973154363 0.5353535353535354
92 0.0030788999999999955 0 0 0.11409395973154363 0.5353535353535354
93 0.004151899999999986 0 0 0.11409395973154363 0.5353535353535354
94 0.0032170999999999728 1 0 0.12080536912751678 0.5353535353535354
95 0.003561200000000042 0 0 0.12080536912751678 0.5353535353535354
96 0.004552600000000018 0 0 0.12080536912751678 0.5353535353535354
97 0.0032143000000000033 0 0 0.12080536912751678 0.5353535353535354
98 0.0036036999999999875 0 0 0.12080536912751678 0.5353535353535354
99 0.0037346999999999797 1 0 0.12751677852348994 0.5353535353535354
100 0.003914699999999938 0 0 0.12751677852348994 0.5353535353535354
101 0.003560600000000025 1 0 0.1342281879194631 0.5353535353535354
102 0.004121999999999959 0 1 0.1342281879194631 0.5387205387205387
103 0.003584399999999932 1 0 0.14093959731543623 0.5387205387205387
104 0.0035299000000000857 0 0 0.14093959731543623 0.5387205387205387
105 0.004081899999999972 0 0 0.14093959731543623 0.5387205387205387
106 0.0036310999999999982 1 0 0.1476510067114094 0.5387205387205387
107 0.003869699999999976 0 0 0.1476510067114094 0.5387205387205387
108 0.004093400000000025 0 0 0.1476510067114094 0.5387205387205387
109 0.0032598999999999823 0 3 0.1476510067114094 0.5488215488215489
110 0.004085900000000087 0 0 0.1476510067114094 0.5488215488215489
111 0.0033832000000000306 0 0 0.1476510067114094 0.5488215488215489
112 0.0030583000000000693 0 0 0.1476510067114094 0.5488215488215489
113 0.0036785999999999763 1 1 0.15436241610738255 0.5521885521885522
114 0.0034742999999999302 0 0 0.15436241610738255 0.5521885521885522
115 0.0035359999999999836 1 1 0.1610738255033557 0.5555555555555556
116 0.0037154000000000353 0 0 0.1610738255033557 0.5555555555555556
117 0.00379610000000008 0 0 0.1610738255033557 0.5555555555555556
118 0.0037914999999999477 0 1 0.1610738255033557 0.5589225589225589
119 0.0037667000000000117 0 0 0.1610738255033557 0.5589225589225589
120 0.00396669999999999 0 0 0.1610738255033557 0.5589225589225589
121 0.0033959000000000072 0 0 0.1610738255033557 0.5589225589225589
122 0.0038994999999999447 0 1 0.1610738255033557 0.5622895622895623
123 0.003409400000000007 1 0 0.16778523489932887 0.5622895622895623
124 0.0032964999999999245 0 1 0.16778523489932887 0.5656565656565656
125 0.0036519999999999886 0 0 0.16778523489932887 0.5656565656565656
126 0.0033828999999999665 0 1 0.16778523489932887 0.569023569023569
127 0.0041607999999999645 0 0 0.16778523489932887 0.569023569023569
128 0.004214900000000021 0 0 0.16778523489932887 0.569023569023569
129 0.0034225999999999424 0 0 0.16778523489932887 0.569023569023569
130 0.004155600000000037 0 1 0.16778523489932887 0.5723905723905723
131 0.003600900000000018 0 0 0.16778523489932887 0.5723905723905723
132 0.0032115000000000338 1 0 0.174496644295302 0.5723905723905723
133 0.0034177999999999154 0 0 0.174496644295302 0.5723905723905723
134 0.003625699999999954 1 0 0.18120805369127516 0.5723905723905723
135 0.0037111999999999146 0 0 0.18120805369127516 0.5723905723905723
136 0.0036514000000000824 0 0 0.18120805369127516 0.5723905723905723
137 0.0038209999999999633 0 0 0.18120805369127516 0.5723905723905723
138 0.0032712000000000296 0 0 0.18120805369127516 0.5723905723905723
139 0.004165499999999933 0 0 0.18120805369127516 0.5723905723905723
140 0.00409180000000009 1 0 0.18791946308724833 0.5723905723905723
141 0.0033825999999999024 0 0 0.18791946308724833 0.5723905723905723
142 0.004137900000000028 0 0 0.18791946308724833 0.5723905723905723
143 0.0033199000000000423 0 0 0.18791946308724833 0.5723905723905723
144 0.003309400000000018 0 0 0.18791946308724833 0.5723905723905723
145 0.003595099999999962 0 0 0.18791946308724833 0.5723905723905723
146 0.0033275000000000388 0 0 0.18791946308724833 0.5723905723905723
147 0.003769400000000034 0 0 0.18791946308724833 0.5723905723905723
148 0.0036817999999999573 0 0 0.18791946308724833 0.5723905723905723
149 0.0037401999999999713 1 0 0.19463087248322147 0.5723905723905723
150 0.0048815999999999304 0 0 0.19463087248322147 0.5723905723905723
151 0.003510499999999972 0 0 0.19463087248322147 0.5723905723905723
152 0.0031713999999999354 0 0 0.19463087248322147 0.5723905723905723
153 0.0036586000000000674 0 0 0.19463087248322147 0.5723905723905723
154 0.00355799999999995 1 0 0.20134228187919462 0.5723905723905723
155 0.003543300000000027 0 0 0.20134228187919462 0.5723905723905723
156 0.0039845000000000574 1 0 0.2080536912751678 0.5723905723905723
157 0.003768100000000052 1 0 0.21476510067114093 0.5723905723905723
158 0.0033273999999998694 1 0 0.2214765100671141 0.5723905723905723
159 0.004024900000000109 0 0 0.2214765100671141 0.5723905723905723
160 0.0036241999999999663 0 0 0.2214765100671141 0.5723905723905723
161 0.0033391000000000393 0 1 0.2214765100671141 0.5757575757575758
162 0.004209899999999989 0 0 0.2214765100671141 0.5757575757575758
163 0.0035472000000000836 0 0 0.2214765100671141 0.5757575757575758
164 0.003443300000000038 0 1 0.2214765100671141 0.5791245791245792
165 0.005393800000000004 1 1 0.22818791946308725 0.5824915824915825
166 0.0035387000000000057 1 0 0.2348993288590604 0.5824915824915825
167 0.004083100000000117 0 0 0.2348993288590604 0.5824915824915825
168 0.004131000000000107 0 0 0.2348993288590604 0.5824915824915825
169 0.003774500000000014 0 0 0.2348993288590604 0.5824915824915825
170 0.003962800000000044 1 0 0.24161073825503357 0.5824915824915825
171 0.0034602000000001354 1 0 0.2483221476510067 0.5824915824915825
172 0.0034161999999999804 0 1 0.2483221476510067 0.5858585858585859
173 0.0043535999999999575 0 0 0.2483221476510067 0.5858585858585859
174 0.0033703999999998846 0 0 0.2483221476510067 0.5858585858585859
175 0.004054099999999838 0 0 0.2483221476510067 0.5858585858585859
176 0.005246300000000037 0 0 0.2483221476510067 0.5858585858585859
177 0.005259700000000089 0 0 0.2483221476510067 0.5858585858585859
178 0.0039003000000001897 0 0 0.2483221476510067 0.5858585858585859
179 0.003689700000000018 0 0 0.2483221476510067 0.5858585858585859
180 0.0038053000000000115 1 0 0.2550335570469799 0.5858585858585859
181 0.0038793999999999773 1 2 0.26174496644295303 0.5925925925925926
182 0.0035209999999998853 0 0 0.26174496644295303 0.5925925925925926
183 0.003364900000000004 0 1 0.26174496644295303 0.5959595959595959
184 0.004394299999999962 0 0 0.26174496644295303 0.5959595959595959
185 0.005309299999999961 0 0 0.26174496644295303 0.5959595959595959
186 0.004866300000000212 0 1 0.26174496644295303 0.5993265993265994
187 0.004865400000000131 0 0 0.26174496644295303 0.5993265993265994
188 0.00548560000000009 0 0 0.26174496644295303 0.5993265993265994
189 0.004922599999999999 0 1 0.26174496644295303 0.6026936026936027
190 0.0050840000000000884 1 1 0.2684563758389262 0.6060606060606061
191 0.003585399999999961 0 0 0.2684563758389262 0.6060606060606061
192 0.004176899999999817 0 0 0.2684563758389262 0.6060606060606061
193 0.003788400000000136 0 0 0.2684563758389262 0.6060606060606061
194 0.0034133000000000635 0 0 0.2684563758389262 0.6060606060606061
195 0.004450899999999924 0 0 0.2684563758389262 0.6060606060606061
196 0.0037875000000000547 0 0 0.2684563758389262 0.6060606060606061
197 0.003635099999999891 0 0 0.2684563758389262 0.6060606060606061
198 0.003803100000000059 0 0 0.2684563758389262 0.6060606060606061
199 0.004104299999999839 0 0 0.2684563758389262 0.6060606060606061
200 0.0033853000000001465 0 0 0.2684563758389262 0.6060606060606061
201 0.003513399999999889 0 0 0.2684563758389262 0.6060606060606061
202 0.003947699999999887 1 0 0.2751677852348993 0.6060606060606061
203 0.0037909000000000415 0 1 0.2751677852348993 0.6094276094276094
204 0.0038683000000001577 0 0 0.2751677852348993 0.6094276094276094
205 0.0037882000000000193 1 0 0.28187919463087246 0.6094276094276094
206 0.0034365000000000645 0 0 0.28187919463087246 0.6094276094276094
207 0.004344699999999868 0 0 0.28187919463087246 0.6094276094276094
208 0.0035788999999999405 0 0 0.28187919463087246 0.6094276094276094
209 0.0034081999999999724 1 0 0.28859060402684567 0.6094276094276094
210 0.0045631999999999895 0 0 0.28859060402684567 0.6094276094276094
211 0.0035583999999999616 0 0 0.28859060402684567 0.6094276094276094
212 0.003933500000000034 1 0 0.2953020134228188 0.6094276094276094
213 0.0041632000000000335 1 0 0.30201342281879195 0.6094276094276094
214 0.0052090999999998555 0 0 0.30201342281879195 0.6094276094276094
215 0.004247899999999971 0 0 0.30201342281879195 0.6094276094276094
216 0.003930499999999837 0 1 0.30201342281879195 0.6127946127946128
217 0.003831899999999999 0 0 0.30201342281879195 0.6127946127946128
218 0.003999399999999875 0 0 0.30201342281879195 0.6127946127946128
219 0.003518799999999933 1 0 0.3087248322147651 0.6127946127946128
220 0.0033678999999999792 0 1 0.3087248322147651 0.6161616161616161
221 0.004257999999999873 0 1 0.3087248322147651 0.6195286195286195
222 0.0037146999999999597 1 0 0.31543624161073824 0.6195286195286195
223 0.004030100000000036 0 1 0.31543624161073824 0.622895622895623
224 0.00428329999999999 0 0 0.31543624161073824 0.622895622895623
225 0.003753400000000129 1 0 0.3221476510067114 0.622895622895623
226 0.00547109999999984 1 1 0.3288590604026846 0.6262626262626263
227 0.004819899999999988 0 0 0.3288590604026846 0.6262626262626263
228 0.004614099999999954 1 1 0.33557046979865773 0.6296296296296297
229 0.003408099999999914 0 0 0.33557046979865773 0.6296296296296297
230 0.0040941000000001004 1 0 0.3422818791946309 0.6296296296296297
231 0.004185799999999906 0 0 0.3422818791946309 0.6296296296296297
232 0.003659599999999985 0 0 0.3422818791946309 0.6296296296296297
233 0.004405299999999945 0 0 0.3422818791946309 0.6296296296296297
234 0.004540899999999848 1 1 0.348993288590604 0.632996632996633
235 0.004035400000000022 1 0 0.35570469798657717 0.632996632996633
236 0.004243100000000055 0 0 0.35570469798657717 0.632996632996633
237 0.0041976000000001346 1 0 0.3624161073825503 0.632996632996633
238 0.003506999999999927 0 0 0.3624161073825503 0.632996632996633
239 0.0045015999999999945 0 0 0.3624161073825503 0.632996632996633
240 0.004359500000000072 0 1 0.3624161073825503 0.6363636363636364
241 0.004356699999999991 1 0 0.3691275167785235 0.6363636363636364
242 0.0036183999999999106 0 0 0.3691275167785235 0.6363636363636364
243 0.004583800000000027 0 0 0.3691275167785235 0.6363636363636364
244 0.0038591999999999516 0 0 0.3691275167785235 0.6363636363636364
245 0.004995599999999989 1 1 0.37583892617449666 0.6397306397306397
246 0.0046264000000000305 0 1 0.37583892617449666 0.6430976430976431
247 0.0039365000000000094 1 1 0.3825503355704698 0.6464646464646465
248 0.0040781000000000844 0 0 0.3825503355704698 0.6464646464646465
249 0.005678199999999967 0 0 0.3825503355704698 0.6464646464646465
250 0.004404200000000191 0 1 0.3825503355704698 0.6498316498316499
251 0.004367599999999916 0 0 0.3825503355704698 0.6498316498316499
252 0.003879799999999989 0 2 0.3825503355704698 0.6565656565656566
253 0.004483400000000026 0 1 0.3825503355704698 0.6599326599326599
254 0.004102999999999968 0 1 0.3825503355704698 0.6632996632996633
255 0.0036528000000000116 0 0 0.3825503355704698 0.6632996632996633
256 0.003800099999999862 0 1 0.3825503355704698 0.6666666666666666
257 0.003643600000000191 0 0 0.3825503355704698 0.6666666666666666
258 0.004114200000000068 0 0 0.3825503355704698 0.6666666666666666
259 0.004816199999999826 0 0 0.3825503355704698 0.6666666666666666
260 0.0035544000000000686 1 1 0.38926174496644295 0.67003367003367
261 0.004255600000000026 0 0 0.38926174496644295 0.67003367003367
262 0.003981900000000094 0 0 0.38926174496644295 0.67003367003367
263 0.0034914000000001444 1 0 0.3959731543624161 0.67003367003367
264 0.004369199999999962 1 2 0.40268456375838924 0.6767676767676768
265 0.0035435000000001438 0 1 0.40268456375838924 0.6801346801346801
266 0.004064499999999915 0 0 0.40268456375838924 0.6801346801346801
267 0.0048530999999998325 0 0 0.40268456375838924 0.6801346801346801
268 0.0034092999999999485 0 0 0.40268456375838924 0.6801346801346801
269 0.004535900000000037 0 0 0.40268456375838924 0.6801346801346801
270 0.004579099999999947 1 0 0.40939597315436244 0.6801346801346801
271 0.0036681999999998993 0 0 0.40939597315436244 0.6801346801346801
272 0.004456600000000144 0 0 0.40939597315436244 0.6801346801346801
273 0.004018500000000147 0 0 0.40939597315436244 0.6801346801346801
274 0.0035005000000001285 1 0 0.4161073825503356 0.6801346801346801
275 0.004538500000000001 0 0 0.4161073825503356 0.6801346801346801
276 0.003578299999999812 0 0 0.4161073825503356 0.6801346801346801
277 0.004378999999999911 0 0 0.4161073825503356 0.6801346801346801
278 0.004150899999999957 1 1 0.4228187919463087 0.6835016835016835
279 0.003650500000000001 0 0 0.4228187919463087 0.6835016835016835
280 0.004577300000000006 0 1 0.4228187919463087 0.6868686868686869
281 0.0036746000000000834 0 1 0.4228187919463087 0.6902356902356902
282 0.0037044999999999995 0 0 0.4228187919463087 0.6902356902356902
283 0.004037200000000185 0 0 0.4228187919463087 0.6902356902356902
284 0.0043088000000000015 1 0 0.42953020134228187 0.6902356902356902
285 0.004474899999999948 1 0 0.436241610738255 0.6902356902356902
286 0.005264900000000017 0 0 0.436241610738255 0.6902356902356902
287 0.004490500000000175 0 0 0.436241610738255 0.6902356902356902
288 0.004153399999999863 0 0 0.436241610738255 0.6902356902356902
289 0.0038322000000001744 0 0 0.436241610738255 0.6902356902356902
290 0.004534999999999956 0 1 0.436241610738255 0.6936026936026936
291 0.0038152000000000186 0 0 0.436241610738255 0.6936026936026936
292 0.0034733000000000125 0 0 0.436241610738255 0.6936026936026936
293 0.004401900000000181 0 0 0.436241610738255 0.6936026936026936
294 0.0034720000000001416 0 0 0.436241610738255 0.6936026936026936
295 0.004810199999999876 0 0 0.436241610738255 0.6936026936026936
296 0.005254800000000115 1 0 0.4429530201342282 0.6936026936026936
297 0.005932399999999838 0 0 0.4429530201342282 0.6936026936026936
298 0.005226599999999859 1 1 0.44966442953020136 0.696969696969697
299 0.005868900000000066 0 0 0.44966442953020136 0.696969696969697
300 0.0037101000000001605 0 0 0.44966442953020136 0.696969696969697
301 0.004216299999999951 0 0 0.44966442953020136 0.696969696969697
302 0.004390899999999975 0 1 0.44966442953020136 0.7003367003367004
303 0.004053100000000143 1 0 0.4563758389261745 0.7003367003367004
304 0.0046296000000001225 0 0 0.4563758389261745 0.7003367003367004
305 0.004545899999999881 0 0 0.4563758389261745 0.7003367003367004
306 0.0036045000000000105 1 0 0.46308724832214765 0.7003367003367004
307 0.004726000000000008 0 0 0.46308724832214765 0.7003367003367004
308 0.004167400000000043 0 0 0.46308724832214765 0.7003367003367004
309 0.003682500000000033 0 1 0.46308724832214765 0.7037037037037037
310 0.004545299999999974 0 1 0.46308724832214765 0.7070707070707071
311 0.0036575000000000912 0 0 0.46308724832214765 0.7070707070707071
312 0.0046184000000000225 0 1 0.46308724832214765 0.7104377104377104
313 0.00524760000000013 0 0 0.46308724832214765 0.7104377104377104
314 0.004718900000000081 0 0 0.46308724832214765 0.7104377104377104
315 0.004748199999999869 0 0 0.46308724832214765 0.7104377104377104
316 0.0036541000000001045 0 0 0.46308724832214765 0.7104377104377104
317 0.004441199999999812 1 1 0.4697986577181208 0.7138047138047138
318 0.0037266999999998607 0 0 0.4697986577181208 0.7138047138047138
319 0.004258799999999896 0 0 0.4697986577181208 0.7138047138047138
320 0.004492600000000069 0 0 0.4697986577181208 0.7138047138047138
321 0.0035164999999999225 0 0 0.4697986577181208 0.7138047138047138
322 0.004394100000000067 0 0 0.4697986577181208 0.7138047138047138
323 0.004638900000000001 0 0 0.4697986577181208 0.7138047138047138
324 0.003482800000000008 0 0 0.4697986577181208 0.7138047138047138
325 0.004506499999999969 1 1 0.47651006711409394 0.7171717171717171
326 0.0037831000000001502 0 0 0.47651006711409394 0.7171717171717171
327 0.0037514999999999077 0 1 0.47651006711409394 0.7205387205387206
328 0.004543600000000092 0 0 0.47651006711409394 0.7205387205387206
329 0.004242300000000032 0 0 0.47651006711409394 0.7205387205387206
330 0.004470600000000102 0 0 0.47651006711409394 0.7205387205387206
331 0.0055042999999999065 0 0 0.47651006711409394 0.7205387205387206
332 0.006172000000000066 0 1 0.47651006711409394 0.7239057239057239
333 0.0038560000000000816 0 0 0.47651006711409394 0.7239057239057239
334 0.003567300000000051 0 0 0.47651006711409394 0.7239057239057239
335 0.004598699999999845 0 0 0.47651006711409394 0.7239057239057239
336 0.004529000000000005 0 1 0.47651006711409394 0.7272727272727273
337 0.00563530000000001 0 0 0.47651006711409394 0.7272727272727273
338 0.0036589000000000205 0 0 0.47651006711409394 0.7272727272727273
339 0.004426999999999959 0 0 0.47651006711409394 0.7272727272727273
340 0.004767500000000036 0 0 0.47651006711409394 0.7272727272727273
341 0.003973999999999922 0 0 0.47651006711409394 0.7272727272727273
342 0.004540699999999953 0 0 0.47651006711409394 0.7272727272727273
343 0.00404289999999996 0 0 0.47651006711409394 0.7272727272727273
344 0.0036305999999999283 1 0 0.48322147651006714 0.7272727272727273
345 0.00418839999999987 1 0 0.4899328859060403 0.7272727272727273
346 0.004087800000000197 0 0 0.4899328859060403 0.7272727272727273
347 0.004373799999999983 0 1 0.4899328859060403 0.7306397306397306
348 0.0045040999999999 1 0 0.4966442953020134 0.7306397306397306
349 0.00459530000000008 0 0 0.4966442953020134 0.7306397306397306
350 0.0040776000000000145 1 0 0.5033557046979866 0.7306397306397306
351 0.0036167000000000282 1 0 0.5100671140939598 0.7306397306397306
352 0.004851700000000125 0 0 0.5100671140939598 0.7306397306397306
353 0.005349300000000001 1 0 0.5167785234899329 0.7306397306397306
354 0.005595000000000017 1 0 0.5234899328859061 0.7306397306397306
355 0.0037088000000000676 0 0 0.5234899328859061 0.7306397306397306
356 0.00479010000000013 0 1 0.5234899328859061 0.734006734006734
357 0.0049791999999999614 0 0 0.5234899328859061 0.734006734006734
358 0.005808599999999942 0 0 0.5234899328859061 0.734006734006734
359 0.004303300000000121 1 0 0.5302013422818792 0.734006734006734
360 0.0037306999999999757 0 0 0.5302013422818792 0.734006734006734
361 0.0036522000000001054 1 0 0.5369127516778524 0.734006734006734
362 0.003988899999999962 1 0 0.5436241610738255 0.734006734006734
363 0.004289499999999835 0 1 0.5436241610738255 0.7373737373737373
364 0.004445100000000091 1 0 0.5503355704697986 0.7373737373737373
365 0.00396339999999995 1 0 0.5570469798657718 0.7373737373737373
366 0.0044223999999999375 0 0 0.5570469798657718 0.7373737373737373
367 0.0042125000000001744 0 0 0.5570469798657718 0.7373737373737373
368 0.004053799999999885 0 0 0.5570469798657718 0.7373737373737373
369 0.005798899999999829 0 1 0.5570469798657718 0.7407407407407407
370 0.004512199999999744 0 0 0.5570469798657718 0.7407407407407407
371 0.004814799999999675 0 1 0.5570469798657718 0.7441077441077442
372 0.004054700000000189 0 1 0.5570469798657718 0.7474747474747475
373 0.0042671999999996935 0 0 0.5570469798657718 0.7474747474747475
374 0.004820499999999672 0 1 0.5570469798657718 0.7508417508417509
375 0.00375269999999972 0 0 0.5570469798657718 0.7508417508417509
376 0.004580999999999946 0 0 0.5570469798657718 0.7508417508417509
377 0.0041183999999998555 0 0 0.5570469798657718 0.7508417508417509
378 0.004023399999999899 0 0 0.5570469798657718 0.7508417508417509
379 0.004913900000000027 0 0 0.5570469798657718 0.7508417508417509
380 0.004229000000000038 0 0 0.5570469798657718 0.7508417508417509
381 0.00447799999999976 0 0 0.5570469798657718 0.7508417508417509
382 0.004621299999999717 1 0 0.5637583892617449 0.7508417508417509
383 0.004236899999999988 0 0 0.5637583892617449 0.7508417508417509
384 0.004403399999999724 0 0 0.5637583892617449 0.7508417508417509
385 0.003633200000000336 0 0 0.5637583892617449 0.7508417508417509
386 0.004426500000000111 0 1 0.5637583892617449 0.7542087542087542
387 0.00398630000000022 0 0 0.5637583892617449 0.7542087542087542
388 0.005771200000000309 0 0 0.5637583892617449 0.7542087542087542
389 0.0047880000000000145 0 0 0.5637583892617449 0.7542087542087542
390 0.00423960000000001 1 1 0.5704697986577181 0.7575757575757576
391 0.004319399999999973 0 0 0.5704697986577181 0.7575757575757576
392 0.004259799999999814 0 0 0.5704697986577181 0.7575757575757576
393 0.004249399999999959 0 0 0.5704697986577181 0.7575757575757576
394 0.004401999999999795 0 0 0.5704697986577181 0.7575757575757576
395 0.003757400000000022 0 0 0.5704697986577181 0.7575757575757576
396 0.004733699999999619 1 0 0.5771812080536913 0.7575757575757576
397 0.004030799999999779 0 0 0.5771812080536913 0.7575757575757576
398 0.005045299999999919 1 0 0.5838926174496645 0.7575757575757576
399 0.004337400000000269 0 0 0.5838926174496645 0.7575757575757576
400 0.004506199999999794 0 0 0.5838926174496645 0.7575757575757576
401 0.004285400000000106 0 1 0.5838926174496645 0.7609427609427609
402 0.0038792000000000826 0 0 0.5838926174496645 0.7609427609427609
403 0.0052571000000001256 0 0 0.5838926174496645 0.7609427609427609
404 0.00396440000000009 0 1 0.5838926174496645 0.7643097643097643
405 0.004527700000000134 0 0 0.5838926174496645 0.7643097643097643
406 0.006142000000000092 0 1 0.5838926174496645 0.7676767676767676
407 0.004331099999999921 0 0 0.5838926174496645 0.7676767676767676
408 0.0060357999999998135 1 1 0.5906040268456376 0.7710437710437711
409 0.00571160000000015 0 0 0.5906040268456376 0.7710437710437711
410 0.004508699999999699 1 0 0.5973154362416108 0.7710437710437711
411 0.003955900000000234 0 0 0.5973154362416108 0.7710437710437711
412 0.0036217999999998973 0 0 0.5973154362416108 0.7710437710437711
413 0.004101099999999747 0 0 0.5973154362416108 0.7710437710437711
414 0.004568999999999601 0 0 0.5973154362416108 0.7710437710437711
415 0.0051155000000000506 1 0 0.6040268456375839 0.7710437710437711
416 0.0038053000000002335 0 0 0.6040268456375839 0.7710437710437711
417 0.004817800000000094 1 1 0.610738255033557 0.7744107744107744
418 0.004260599999999837 0 0 0.610738255033557 0.7744107744107744
419 0.003917900000000252 0 0 0.610738255033557 0.7744107744107744
420 0.005044799999999849 0 0 0.610738255033557 0.7744107744107744
421 0.004271099999999972 1 0 0.6174496644295302 0.7744107744107744
422 0.005257199999999962 0 0 0.6174496644295302 0.7744107744107744
423 0.006770400000000176 0 0 0.6174496644295302 0.7744107744107744
424 0.005732700000000257 0 0 0.6174496644295302 0.7744107744107744
425 0.004180199999999967 0 1 0.6174496644295302 0.7777777777777778
426 0.00574690000000011 0 0 0.6174496644295302 0.7777777777777778
427 0.004278199999999899 0 2 0.6174496644295302 0.7845117845117845
428 0.0038826000000002914 1 1 0.6241610738255033 0.7878787878787878
429 0.004131399999999896 0 0 0.6241610738255033 0.7878787878787878
430 0.004355499999999957 1 1 0.6308724832214765 0.7912457912457912
431 0.0045079999999999565 0 0 0.6308724832214765 0.7912457912457912
432 0.004193900000000195 1 0 0.6375838926174496 0.7912457912457912
433 0.004847400000000057 1 0 0.6442953020134228 0.7912457912457912
434 0.004084800000000222 1 0 0.6510067114093959 0.7912457912457912
435 0.004042500000000171 0 0 0.6510067114093959 0.7912457912457912
436 0.0049698999999998605 0 0 0.6510067114093959 0.7912457912457912
437 0.004264400000000279 0 0 0.6510067114093959 0.7912457912457912
438 0.004616299999999907 0 0 0.6510067114093959 0.7912457912457912
439 0.004007399999999883 0 0 0.6510067114093959 0.7912457912457912
440 0.004826100000000277 0 0 0.6510067114093959 0.7912457912457912
441 0.004435599999999873 0 0 0.6510067114093959 0.7912457912457912
442 0.004287500000000222 0 1 0.6510067114093959 0.7946127946127947
443 0.004629099999999831 1 0 0.6577181208053692 0.7946127946127947
444 0.004324099999999831 1 1 0.6644295302013423 0.797979797979798
445 0.003787800000000008 0 0 0.6644295302013423 0.797979797979798
446 0.004802799999999774 1 0 0.6711409395973155 0.797979797979798
447 0.004447100000000148 0 0 0.6711409395973155 0.797979797979798
448 0.0050112000000002155 1 1 0.6778523489932886 0.8013468013468014
449 0.005498100000000061 0 0 0.6778523489932886 0.8013468013468014
450 0.005006499999999914 0 0 0.6778523489932886 0.8013468013468014
451 0.00419790000000031 0 0 0.6778523489932886 0.8013468013468014
452 0.005492700000000017 0 0 0.6778523489932886 0.8013468013468014
453 0.003953099999999932 0 0 0.6778523489932886 0.8013468013468014
454 0.004546799999999962 0 0 0.6778523489932886 0.8013468013468014
455 0.004621800000000231 0 0 0.6778523489932886 0.8013468013468014
456 0.003982000000000152 0 0 0.6778523489932886 0.8013468013468014
457 0.0048639999999999795 0 0 0.6778523489932886 0.8013468013468014
458 0.0044680000000001385 0 0 0.6778523489932886 0.8013468013468014
459 0.0041589000000001874 0 0 0.6778523489932886 0.8013468013468014
460 0.0058051000000003405 1 0 0.6845637583892618 0.8013468013468014
461 0.0039679999999999715 0 0 0.6845637583892618 0.8013468013468014
462 0.004579600000000017 0 0 0.6845637583892618 0.8013468013468014
463 0.003901200000000049 0 0 0.6845637583892618 0.8013468013468014
464 0.004984499999999947 0 0 0.6845637583892618 0.8013468013468014
465 0.0044743999999998785 1 0 0.6912751677852349 0.8013468013468014
466 0.0046488000000000085 0 0 0.6912751677852349 0.8013468013468014
467 0.004487099999999966 0 0 0.6912751677852349 0.8013468013468014
468 0.003931300000000082 0 1 0.6912751677852349 0.8047138047138047
469 0.004408600000000096 0 0 0.6912751677852349 0.8047138047138047
470 0.004563699999999837 0 0 0.6912751677852349 0.8047138047138047
471 0.004536300000000271 0 0 0.6912751677852349 0.8047138047138047
472 0.004758900000000121 1 1 0.697986577181208 0.8080808080808081
473 0.004045200000000193 0 0 0.697986577181208 0.8080808080808081
474 0.0048335999999999935 0 2 0.697986577181208 0.8148148148148148
475 0.004502800000000029 0 0 0.697986577181208 0.8148148148148148
476 0.004856499999999819 0 0 0.697986577181208 0.8148148148148148
477 0.004564900000000094 1 0 0.7046979865771812 0.8148148148148148
478 0.004257299999999908 0 0 0.7046979865771812 0.8148148148148148
479 0.00481779999999965 0 0 0.7046979865771812 0.8148148148148148
480 0.0041964000000001 1 1 0.7114093959731543 0.8181818181818182
481 0.0046791999999999945 0 0 0.7114093959731543 0.8181818181818182
482 0.004613900000000282 0 0 0.7114093959731543 0.8181818181818182
483 0.004644199999999987 1 0 0.7181208053691275 0.8181818181818182
484 0.004611600000000049 0 0 0.7181208053691275 0.8181818181818182
485 0.003858000000000139 0 0 0.7181208053691275 0.8181818181818182
486 0.004666200000000398 1 0 0.7248322147651006 0.8181818181818182
487 0.004323799999999878 0 0 0.7248322147651006 0.8181818181818182
488 0.004646200000000267 0 0 0.7248322147651006 0.8181818181818182
489 0.004249900000000029 0 0 0.7248322147651006 0.8181818181818182
490 0.004705299999999912 0 0 0.7248322147651006 0.8181818181818182
491 0.005032300000000323 1 0 0.7315436241610739 0.8181818181818182
492 0.00431109999999979 0 1 0.7315436241610739 0.8215488215488216
493 0.004827299999999646 0 0 0.7315436241610739 0.8215488215488216
494 0.004115800000000114 0 0 0.7315436241610739 0.8215488215488216
495 0.00386249999999988 0 1 0.7315436241610739 0.8249158249158249
496 0.004858000000000029 0 0 0.7315436241610739 0.8249158249158249
497 0.004720300000000233 0 0 0.7315436241610739 0.8249158249158249
498 0.005433800000000044 1 0 0.738255033557047 0.8249158249158249
499 0.004115000000000091 0 0 0.738255033557047 0.8249158249158249
500 0.0049578999999999596 0 0 0.738255033557047 0.8249158249158249
501 0.004204600000000003 0 0 0.738255033557047 0.8249158249158249
502 0.004384300000000341 1 0 0.7449664429530202 0.8249158249158249
503 0.004395500000000219 0 1 0.7449664429530202 0.8282828282828283
504 0.005599099999999968 1 0 0.7516778523489933 0.8282828282828283
505 0.005229900000000232 0 0 0.7516778523489933 0.8282828282828283
506 0.006360999999999617 0 1 0.7516778523489933 0.8316498316498316
507 0.004998700000000245 0 0 0.7516778523489933 0.8316498316498316
508 0.0039864000000000566 0 1 0.7516778523489933 0.835016835016835
509 0.00488489999999997 0 0 0.7516778523489933 0.835016835016835
510 0.0051960000000002005 0 0 0.7516778523489933 0.835016835016835
511 0.004361999999999977 0 1 0.7516778523489933 0.8383838383838383
512 0.004004899999999978 0 0 0.7516778523489933 0.8383838383838383
513 0.0045464000000001725 0 1 0.7516778523489933 0.8417508417508418
514 0.005251700000000081 0 0 0.7516778523489933 0.8417508417508418
515 0.004062199999999905 0 0 0.7516778523489933 0.8417508417508418
516 0.006294500000000092 0 0 0.7516778523489933 0.8417508417508418
517 0.0040223999999997595 0 0 0.7516778523489933 0.8417508417508418
518 0.005162200000000006 0 0 0.7516778523489933 0.8417508417508418
519 0.004172399999999854 0 0 0.7516778523489933 0.8417508417508418
520 0.004667500000000047 0 1 0.7516778523489933 0.8451178451178452
521 0.004959099999999772 0 0 0.7516778523489933 0.8451178451178452
522 0.004576200000000252 1 1 0.7583892617449665 0.8484848484848485
523 0.004566700000000257 0 1 0.7583892617449665 0.8518518518518519
524 0.004897300000000104 1 0 0.7651006711409396 0.8518518518518519
525 0.005158999999999914 0 0 0.7651006711409396 0.8518518518518519
526 0.004659500000000261 1 1 0.7718120805369127 0.8552188552188552
527 0.004593000000000291 1 0 0.7785234899328859 0.8552188552188552
528 0.00445030000000024 1 0 0.785234899328859 0.8552188552188552
529 0.005579400000000234 0 0 0.785234899328859 0.8552188552188552
530 0.006576400000000149 1 0 0.7919463087248322 0.8552188552188552
531 0.006918800000000225 0 0 0.7919463087248322 0.8552188552188552
532 0.005982200000000049 0 0 0.7919463087248322 0.8552188552188552
533 0.0057349999999996015 0 0 0.7919463087248322 0.8552188552188552
534 0.004039800000000149 1 0 0.7986577181208053 0.8552188552188552
535 0.004689399999999733 0 1 0.7986577181208053 0.8585858585858586
536 0.0047839999999998994 0 0 0.7986577181208053 0.8585858585858586
537 0.004701300000000241 0 0 0.7986577181208053 0.8585858585858586
538 0.00456449999999986 0 1 0.7986577181208053 0.8619528619528619
539 0.004361499999999907 0 1 0.7986577181208053 0.8653198653198653
540 0.005008699999999866 0 0 0.7986577181208053 0.8653198653198653
541 0.00441350000000007 0 0 0.7986577181208053 0.8653198653198653
542 0.004245099999999891 0 0 0.7986577181208053 0.8653198653198653
543 0.0048048000000000535 0 0 0.7986577181208053 0.8653198653198653
544 0.004836899999999922 1 0 0.8053691275167785 0.8653198653198653
545 0.004587499999999967 0 0 0.8053691275167785 0.8653198653198653
546 0.004600399999999727 0 0 0.8053691275167785 0.8653198653198653
547 0.005832999999999977 0 0 0.8053691275167785 0.8653198653198653
548 0.00444980000000017 1 1 0.8120805369127517 0.8686868686868687
549 0.005122200000000188 1 0 0.8187919463087249 0.8686868686868687
550 0.006237700000000235 0 0 0.8187919463087249 0.8686868686868687
551 0.004860500000000378 1 0 0.825503355704698 0.8686868686868687
552 0.004424699999999948 0 0 0.825503355704698 0.8686868686868687
553 0.00473390000000018 0 0 0.825503355704698 0.8686868686868687
554 0.005140599999999829 0 0 0.825503355704698 0.8686868686868687
555 0.004093899999999984 0 0 0.825503355704698 0.8686868686868687
556 0.006058399999999686 1 2 0.8322147651006712 0.8754208754208754
557 0.00604400000000016 0 1 0.8322147651006712 0.8787878787878788
558 0.0061389999999996725 0 0 0.8322147651006712 0.8787878787878788
559 0.005069199999999885 0 0 0.8322147651006712 0.8787878787878788
560 0.005398900000000317 0 0 0.8322147651006712 0.8787878787878788
561 0.004193699999999634 0 0 0.8322147651006712 0.8787878787878788
562 0.004964699999999933 0 0 0.8322147651006712 0.8787878787878788
563 0.005923800000000146 0 0 0.8322147651006712 0.8787878787878788
564 0.0066589999999999705 0 0 0.8322147651006712 0.8787878787878788
565 0.005043300000000084 1 0 0.8389261744966443 0.8787878787878788
566 0.005323999999999884 0 1 0.8389261744966443 0.8821548821548821
567 0.004262300000000163 0 0 0.8389261744966443 0.8821548821548821
568 0.00799390000000022 0 0 0.8389261744966443 0.8821548821548821
569 0.005536100000000044 0 0 0.8389261744966443 0.8821548821548821
570 0.006446100000000232 0 0 0.8389261744966443 0.8821548821548821
571 0.005431000000000186 0 0 0.8389261744966443 0.8821548821548821
572 0.006337499999999885 0 2 0.8389261744966443 0.8888888888888888
573 0.005800900000000109 0 0 0.8389261744966443 0.8888888888888888
574 0.0060386999999999524 0 0 0.8389261744966443 0.8888888888888888
575 0.006096700000000066 0 0 0.8389261744966443 0.8888888888888888
576 0.004809999999999981 0 0 0.8389261744966443 0.8888888888888888
577 0.005515700000000123 0 0 0.8389261744966443 0.8888888888888888
578 0.004282100000000177 0 0 0.8389261744966443 0.8888888888888888
579 0.005310499999999774 0 0 0.8389261744966443 0.8888888888888888
580 0.005933499999999814 0 0 0.8389261744966443 0.8888888888888888
581 0.006532800000000005 0 1 0.8389261744966443 0.8922558922558923
582 0.005976899999999841 0 0 0.8389261744966443 0.8922558922558923
583 0.005652700000000177 0 0 0.8389261744966443 0.8922558922558923
584 0.005087899999999923 1 0 0.8456375838926175 0.8922558922558923
585 0.005672000000000121 0 0 0.8456375838926175 0.8922558922558923
586 0.004291600000000173 0 0 0.8456375838926175 0.8922558922558923
587 0.007268300000000227 0 0 0.8456375838926175 0.8922558922558923
588 0.005265300000000028 0 0 0.8456375838926175 0.8922558922558923
589 0.006105600000000155 0 0 0.8456375838926175 0.8922558922558923
590 0.005174500000000304 1 0 0.8523489932885906 0.8922558922558923
591 0.005974200000000263 0 0 0.8523489932885906 0.8922558922558923
592 0.004240499999999869 0 0 0.8523489932885906 0.8922558922558923
593 0.0064310000000000755 0 0 0.8523489932885906 0.8922558922558923
594 0.004349699999999679 0 0 0.8523489932885906 0.8922558922558923
595 0.00550689999999987 0 1 0.8523489932885906 0.8956228956228957
596 0.005275600000000047 0 0 0.8523489932885906 0.8956228956228957
597 0.005484200000000161 0 0 0.8523489932885906 0.8956228956228957
598 0.005441199999999924 0 1 0.8523489932885906 0.898989898989899
599 0.0047223999999999045 0 0 0.8523489932885906 0.898989898989899
600 0.005827700000000213 0 0 0.8523489932885906 0.898989898989899
601 0.006538700000000119 0 1 0.8523489932885906 0.9023569023569024
602 0.006205500000000086 0 0 0.8523489932885906 0.9023569023569024
603 0.005966499999999986 0 0 0.8523489932885906 0.9023569023569024
604 0.005607099999999754 0 0 0.8523489932885906 0.9023569023569024
605 0.005854499999999874 1 0 0.8590604026845637 0.9023569023569024
606 0.004526199999999925 0 0 0.8590604026845637 0.9023569023569024
607 0.005243700000000295 0 0 0.8590604026845637 0.9023569023569024
608 0.010556599999999694 0 0 0.8590604026845637 0.9023569023569024
609 0.008047700000000102 0 1 0.8590604026845637 0.9057239057239057
610 0.007818700000000067 0 0 0.8590604026845637 0.9057239057239057
611 0.004776699999999856 0 1 0.8590604026845637 0.9090909090909091
612 0.005203500000000361 0 0 0.8590604026845637 0.9090909090909091
613 0.006601100000000137 0 0 0.8590604026845637 0.9090909090909091
614 0.005792700000000206 1 0 0.8657718120805369 0.9090909090909091
615 0.004269799999999879 0 0 0.8657718120805369 0.9090909090909091
616 0.005081699999999856 0 0 0.8657718120805369 0.9090909090909091
617 0.004599299999999751 0 0 0.8657718120805369 0.9090909090909091
618 0.0055394999999998085 0 0 0.8657718120805369 0.9090909090909091
619 0.006160299999999896 0 0 0.8657718120805369 0.9090909090909091
620 0.0069918000000002145 0 0 0.8657718120805369 0.9090909090909091
621 0.006887500000000379 0 0 0.8657718120805369 0.9090909090909091
622 0.004719699999999882 1 0 0.87248322147651 0.9090909090909091
623 0.004093699999999867 0 1 0.87248322147651 0.9124579124579124
624 0.005839600000000278 0 0 0.87248322147651 0.9124579124579124
625 0.0061037999999999926 1 0 0.8791946308724832 0.9124579124579124
626 0.0055442999999999465 0 0 0.8791946308724832 0.9124579124579124
627 0.005517400000000006 0 0 0.8791946308724832 0.9124579124579124
628 0.0059610999999999414 0 0 0.8791946308724832 0.9124579124579124
629 0.006789100000000214 0 0 0.8791946308724832 0.9124579124579124
630 0.0058754999999997 1 0 0.8859060402684564 0.9124579124579124
631 0.005158900000000077 1 0 0.8926174496644296 0.9124579124579124
632 0.006248800000000276 0 1 0.8926174496644296 0.9158249158249159
633 0.006515300000000224 0 0 0.8926174496644296 0.9158249158249159
634 0.004661199999999699 0 0 0.8926174496644296 0.9158249158249159
635 0.005524099999999699 0 0 0.8926174496644296 0.9158249158249159
636 0.006553800000000276 0 0 0.8926174496644296 0.9158249158249159
637 0.0056251000000000495 1 0 0.8993288590604027 0.9158249158249159
638 0.00447749999999969 0 0 0.8993288590604027 0.9158249158249159
639 0.004348499999999866 1 0 0.9060402684563759 0.9158249158249159
640 0.006380800000000075 0 0 0.9060402684563759 0.9158249158249159
641 0.006868799999999897 0 0 0.9060402684563759 0.9158249158249159
642 0.006049700000000158 1 0 0.912751677852349 0.9158249158249159
643 0.0071533999999999764 0 0 0.912751677852349 0.9158249158249159
644 0.006227599999999889 1 0 0.9194630872483222 0.9158249158249159
645 0.006551299999999927 1 1 0.9261744966442953 0.9191919191919192
646 0.005454400000000081 0 0 0.9261744966442953 0.9191919191919192
647 0.004455300000000051 1 0 0.9328859060402684 0.9191919191919192
648 0.005429799999999929 1 0 0.9395973154362416 0.9191919191919192
649 0.005010100000000239 0 0 0.9395973154362416 0.9191919191919192
650 0.005435700000000043 0 1 0.9395973154362416 0.9225589225589226
651 0.004871300000000023 1 0 0.9463087248322147 0.9225589225589226
652 0.004540899999999848 0 0 0.9463087248322147 0.9225589225589226
653 0.004884699999999853 0 0 0.9463087248322147 0.9225589225589226
654 0.00499369999999999 0 0 0.9463087248322147 0.9225589225589226
655 0.005752600000000108 0 1 0.9463087248322147 0.9259259259259259
656 0.004304900000000167 0 0 0.9463087248322147 0.9259259259259259
657 0.0051482999999996615 0 1 0.9463087248322147 0.9292929292929293
658 0.004437699999999989 1 0 0.9530201342281879 0.9292929292929293
659 0.004992600000000014 0 1 0.9530201342281879 0.9326599326599326
660 0.004311799999999977 0 0 0.9530201342281879 0.9326599326599326
661 0.005195000000000061 0 0 0.9530201342281879 0.9326599326599326
662 0.005948200000000181 0 0 0.9530201342281879 0.9326599326599326
663 0.006877699999999987 0 0 0.9530201342281879 0.9326599326599326
664 0.006771700000000269 1 0 0.959731543624161 0.9326599326599326
665 0.005018100000000025 0 0 0.959731543624161 0.9326599326599326
666 0.0044480000000000075 0 0 0.959731543624161 0.9326599326599326
667 0.004246300000000147 0 0 0.959731543624161 0.9326599326599326
668 0.006247400000000347 0 0 0.959731543624161 0.9326599326599326
669 0.005120699999999978 0 0 0.959731543624161 0.9326599326599326
670 0.0051893999999999 0 0 0.959731543624161 0.9326599326599326
671 0.004949799999999893 1 0 0.9664429530201343 0.9326599326599326
672 0.005100199999999777 0 0 0.9664429530201343 0.9326599326599326
673 0.004492999999999636 0 0 0.9664429530201343 0.9326599326599326
674 0.005468699999999771 0 0 0.9664429530201343 0.9326599326599326
675 0.004682000000000297 0 1 0.9664429530201343 0.936026936026936
676 0.005106899999999914 0 0 0.9664429530201343 0.936026936026936
677 0.004354000000000191 0 0 0.9664429530201343 0.936026936026936
678 0.005140900000000226 0 0 0.9664429530201343 0.936026936026936
679 0.0048007999999999384 1 1 0.9731543624161074 0.9393939393939394
680 0.004606100000000168 0 0 0.9731543624161074 0.9393939393939394
681 0.00452129999999995 0 0 0.9731543624161074 0.9393939393939394
682 0.0047474999999996825 0 0 0.9731543624161074 0.9393939393939394
683 0.004729499999999831 0 0 0.9731543624161074 0.9393939393939394
684 0.0040847999999997775 0 1 0.9731543624161074 0.9427609427609428
685 0.0053331000000000905 1 1 0.9798657718120806 0.9461279461279462
686 0.005292100000000133 1 0 0.9865771812080537 0.9461279461279462
687 0.0056658999999998905 0 0 0.9865771812080537 0.9461279461279462
688 0.004208999999999907 0 1 0.9865771812080537 0.9494949494949495
689 0.004955600000000171 0 1 0.9865771812080537 0.9528619528619529
690 0.005102099999999776 0 0 0.9865771812080537 0.9528619528619529
691 0.004582000000000086 0 0 0.9865771812080537 0.9528619528619529
692 0.004342499999999916 1 0 0.9932885906040269 0.9528619528619529
693 0.00510849999999996 0 0 0.9932885906040269 0.9528619528619529
694 0.006899699999999953 0 1 0.9932885906040269 0.9562289562289562
695 0.006633499999999959 0 1 0.9932885906040269 0.9595959595959596
696 0.0054178999999998645 0 0 0.9932885906040269 0.9595959595959596
697 0.005401800000000012 0 0 0.9932885906040269 0.9595959595959596
698 0.004485100000000131 0 0 0.9932885906040269 0.9595959595959596
699 0.0042816000000001075 0 0 0.9932885906040269 0.9595959595959596
700 0.005330499999999905 1 0 1.0 0.9595959595959596
701 0.005206299999999775 0 0 1.0 0.9595959595959596
702 0.005465199999999726 0 0 1.0 0.9595959595959596
703 0.004344600000000032 0 0 1.0 0.9595959595959596
704 0.0049384000000003425 0 0 1.0 0.9595959595959596
705 0.004548900000000078 0 0 1.0 0.9595959595959596
706 0.005221600000000048 0 0 1.0 0.9595959595959596
707 0.00438459999999985 0 0 1.0 0.9595959595959596
708 0.005593800000000204 0 0 1.0 0.9595959595959596
709 0.004803999999999586 0 1 1.0 0.9629629629629629
710 0.0048696000000001405 0 0 1.0 0.9629629629629629
711 0.005527999999999977 0 0 1.0 0.9629629629629629
712 0.0046274999999997846 0 1 1.0 0.9663299663299664
713 0.004976899999999951 0 0 1.0 0.9663299663299664
714 0.004500100000000007 0 0 1.0 0.9663299663299664
715 0.00559379999999976 0 0 1.0 0.9663299663299664
716 0.004956599999999867 0 0 1.0 0.9663299663299664
717 0.005156600000000289 0 1 1.0 0.9696969696969697
718 0.004887799999999665 0 0 1.0 0.9696969696969697
719 0.005102299999999893 0 0 1.0 0.9696969696969697
720 0.005032099999999762 0 0 1.0 0.9696969696969697
721 0.004337500000000105 0 0 1.0 0.9696969696969697
722 0.004953200000000102 0 1 1.0 0.9730639730639731
723 0.005200499999999941 0 0 1.0 0.9730639730639731
724 0.004940300000000342 0 0 1.0 0.9730639730639731
725 0.004539700000000035 0 0 1.0 0.9730639730639731
726 0.004749900000000196 0 0 1.0 0.9730639730639731
727 0.005455800000000011 0 1 1.0 0.9764309764309764
728 0.004962200000000028 0 0 1.0 0.9764309764309764
729 0.004902599999999868 0 0 1.0 0.9764309764309764
730 0.005339600000000111 0 0 1.0 0.9764309764309764
731 0.006470399999999987 0 0 1.0 0.9764309764309764
732 0.004900399999999916 0 0 1.0 0.9764309764309764
733 0.006359599999999688 0 0 1.0 0.9764309764309764
734 0.005012999999999934 0 0 1.0 0.9764309764309764
735 0.005067000000000377 0 1 1.0 0.9797979797979798
736 0.004963400000000284 0 0 1.0 0.9797979797979798
737 0.004599500000000312 0 0 1.0 0.9797979797979798
738 0.007199599999999862 0 0 1.0 0.9797979797979798
739 0.004652600000000007 0 0 1.0 0.9797979797979798
740 0.004988100000000273 0 0 1.0 0.9797979797979798
741 0.00526579999999921 0 0 1.0 0.9797979797979798
742 0.004490499999999287 0 0 1.0 0.9797979797979798
743 0.005675100000000377 0 0 1.0 0.9797979797979798
744 0.0045935999999997534 0 0 1.0 0.9797979797979798
745 0.005449999999999733 0 0 1.0 0.9797979797979798
746 0.0047199999999998354 0 0 1.0 0.9797979797979798
747 0.0066968999999996726 0 0 1.0 0.9797979797979798
748 0.004818600000000117 0 0 1.0 0.9797979797979798
749 0.005401299999999942 0 1 1.0 0.9831649831649831
750 0.006110699999999802 0 0 1.0 0.9831649831649831
751 0.0049184000000002115 0 0 1.0 0.9831649831649831
752 0.004962299999999864 0 0 1.0 0.9831649831649831
753 0.006221000000000032 0 0 1.0 0.9831649831649831
754 0.004461700000000235 0 0 1.0 0.9831649831649831
755 0.004962299999999864 0 0 1.0 0.9831649831649831
756 0.0046906999999993815 0 0 1.0 0.9831649831649831
757 0.005848399999999643 0 0 1.0 0.9831649831649831
758 0.004626799999999598 0 0 1.0 0.9831649831649831
759 0.005241700000000016 0 0 1.0 0.9831649831649831
760 0.006390200000000235 0 0 1.0 0.9831649831649831
761 0.005098799999999848 0 0 1.0 0.9831649831649831
762 0.004577499999999901 0 0 1.0 0.9831649831649831
763 0.0050810999999999495 0 0 1.0 0.9831649831649831
764 0.004837399999999548 0 1 1.0 0.9865319865319865
765 0.005108700000000077 0 0 1.0 0.9865319865319865
766 0.00444540000000071 0 0 1.0 0.9865319865319865
767 0.004985999999999713 0 0 1.0 0.9865319865319865
768 0.00529679999999999 0 0 1.0 0.9865319865319865
769 0.004646600000000056 0 0 1.0 0.9865319865319865
770 0.004901499999999892 0 0 1.0 0.9865319865319865
771 0.004998399999999847 0 0 1.0 0.9865319865319865
772 0.005043899999999546 0 0 1.0 0.9865319865319865
773 0.00439159999999994 0 0 1.0 0.9865319865319865
774 0.005086599999999386 0 0 1.0 0.9865319865319865
775 0.004339700000000057 0 0 1.0 0.9865319865319865
776 0.005047799999999825 0 0 1.0 0.9865319865319865
777 0.005006299999999797 0 0 1.0 0.9865319865319865
778 0.004720900000000583 0 0 1.0 0.9865319865319865
779 0.0064029999999997145 0 0 1.0 0.9865319865319865
780 0.004603499999999983 0 0 1.0 0.9865319865319865
781 0.004623300000000441 0 0 1.0 0.9865319865319865
782 0.0049872000000004135 0 0 1.0 0.9865319865319865
783 0.008834300000000184 0 0 1.0 0.9865319865319865
784 0.004964799999999769 0 0 1.0 0.9865319865319865
785 0.005141599999999968 0 0 1.0 0.9865319865319865
786 0.0047736000000000445 0 0 1.0 0.9865319865319865
787 0.00513669999999955 0 0 1.0 0.9865319865319865
788 0.00473039999999969 0 0 1.0 0.9865319865319865
789 0.005465599999999959 0 0 1.0 0.9865319865319865
790 0.005090299999999992 0 0 1.0 0.9865319865319865
791 0.011984100000000275 0 0 1.0 0.9865319865319865
792 0.009549599999999714 0 0 1.0 0.9865319865319865
793 0.007562300000000022 0 0 1.0 0.9865319865319865
794 0.006104800000000132 0 1 1.0 0.98989898989899
795 0.006201700000000088 0 0 1.0 0.98989898989899
796 0.006027400000000682 0 0 1.0 0.98989898989899
797 0.005578400000000094 0 1 1.0 0.9932659932659933
798 0.007100399999999674 0 0 1.0 0.9932659932659933
799 0.007350999999999885 0 0 1.0 0.9932659932659933
800 0.006978700000000337 0 0 1.0 0.9932659932659933
801 0.006800000000000139 0 0 1.0 0.9932659932659933
802 0.006699700000000419 0 0 1.0 0.9932659932659933
803 0.005076899999999718 0 0 1.0 0.9932659932659933
804 0.00503739999999997 0 0 1.0 0.9932659932659933
805 0.004482900000000178 0 0 1.0 0.9932659932659933
806 0.005126200000000303 0 0 1.0 0.9932659932659933
807 0.0055525999999996856 0 0 1.0 0.9932659932659933
808 0.005093599999999476 0 0 1.0 0.9932659932659933
809 0.005551999999999779 0 0 1.0 0.9932659932659933
810 0.004990199999999945 0 0 1.0 0.9932659932659933
811 0.00499259999999957 0 0 1.0 0.9932659932659933
812 0.004490099999999941 0 0 1.0 0.9932659932659933
813 0.005102599999999846 0 0 1.0 0.9932659932659933
814 0.004824499999999787 0 0 1.0 0.9932659932659933
815 0.0050730999999997195 0 0 1.0 0.9932659932659933
816 0.005164699999999911 0 0 1.0 0.9932659932659933
817 0.005246899999999499 0 0 1.0 0.9932659932659933
818 0.004805699999999469 0 0 1.0 0.9932659932659933
819 0.004644599999999777 0 0 1.0 0.9932659932659933
820 0.00516559999999977 0 1 1.0 0.9966329966329966
821 0.005538700000000674 0 0 1.0 0.9966329966329966
822 0.005590200000000323 0 0 1.0 0.9966329966329966
823 0.0047682 0 0 1.0 0.9966329966329966
824 0.006086899999999673 0 0 1.0 0.9966329966329966
825 0.004474300000000042 0 0 1.0 0.9966329966329966
826 0.004998999999999754 0 0 1.0 0.9966329966329966
827 0.004499099999999423 0 0 1.0 0.9966329966329966
828 0.004475500000000743 0 0 1.0 0.9966329966329966
829 0.004732899999999596 0 0 1.0 0.9966329966329966
830 0.005214600000000402 0 0 1.0 0.9966329966329966
831 0.006799899999999859 0 0 1.0 0.9966329966329966
832 0.006802000000000419 0 0 1.0 0.9966329966329966
833 0.004772399999999344 0 0 1.0 0.9966329966329966
834 0.004947300000000432 0 0 1.0 0.9966329966329966
835 0.004759700000000144 0 0 1.0 0.9966329966329966
836 0.005092400000000552 0 0 1.0 0.9966329966329966
837 0.005613700000000499 0 0 1.0 0.9966329966329966
838 0.005653800000000153 0 0 1.0 0.9966329966329966
839 0.005719099999999422 0 0 1.0 0.9966329966329966
840 0.006411200000000505 0 0 1.0 0.9966329966329966
841 0.0048744000000002785 0 0 1.0 0.9966329966329966
842 0.004440699999999964 0 0 1.0 0.9966329966329966
843 0.006873300000000526 0 1 1.0 1.0
