200 0.4 0.4
1 0.004142800000000002 1 0 0.005025125628140704 0.5012594458438288
2 0.004017099999999996 0 0 0.005025125628140704 0.5012594458438288
3 0.004449800000000004 1 0 0.010050251256281407 0.5012594458438288
4 0.0041767999999999805 0 0 0.010050251256281407 0.5012594458438288
5 0.018100499999999964 0 0 0.010050251256281407 0.5012594458438288
6 0.008656699999999962 0 0 0.010050251256281407 0.5012594458438288
7 0.006511900000000015 0 0 0.010050251256281407 0.5012594458438288
8 0.005370399999999997 1 0 0.01507537688442211 0.5012594458438288
9 0.004669000000000034 1 1 0.020100502512562814 0.5037783375314862
10 0.00420609999999999 0 0 0.020100502512562814 0.5037783375314862
11 0.004179799999999956 0 0 0.020100502512562814 0.5037783375314862
12 0.004105200000000031 1 0 0.02512562814070352 0.5037783375314862
13 0.004192699999999938 0 1 0.02512562814070352 0.5062972292191436
14 0.004405699999999957 1 0 0.03015075376884422 0.5062972292191436
15 0.004076200000000085 0 0 0.03015075376884422 0.5062972292191436
16 0.004109299999999982 0 0 0.03015075376884422 0.5062972292191436
17 0.00412710000000005 0 0 0.03015075376884422 0.5062972292191436
18 0.004109099999999977 0 0 0.03015075376884422 0.5062972292191436
19 0.004489799999999988 0 2 0.03015075376884422 0.5113350125944585
20 0.004147099999999959 1 0 0.035175879396984924 0.5113350125944585
21 0.004148399999999941 1 0 0.04020100502512563 0.5113350125944585
22 0.004235800000000012 0 0 0.04020100502512563 0.5113350125944585
23 0.004198600000000052 1 0 0.04522613065326633 0.5113350125944585
24 0.004138300000000039 0 0 0.04522613065326633 0.5113350125944585
25 0.004173300000000046 0 0 0.04522613065326633 0.5113350125944585
26 0.005808200000000041 0 1 0.04522613065326633 0.5138539042821159
27 0.004662999999999973 0 0 0.04522613065326633 0.5138539042821159
28 0.004557199999999928 1 0 0.05025125628140704 0.5138539042821159
29 0.004532899999999951 0 1 0.05025125628140704 0.5163727959697733
30 0.004703899999999983 1 0 0.05527638190954774 0.5163727959697733
31 0.00427820000000001 1 0 0.06030150753768844 0.5163727959697733
32 0.004199000000000064 0 0 0.06030150753768844 0.5163727959697733
33 0.004184100000000024 0 1 0.06030150753768844 0.5188916876574308
34 0.004168600000000078 1 1 0.06532663316582915 0.5214105793450882
35 0.004214199999999946 0 1 0.06532663316582915 0.5239294710327456
36 0.004432199999999997 1 0 0.07035175879396985 0.5239294710327456
37 0.004208900000000071 1 1 0.07537688442211055 0.5264483627204031
38 0.004345099999999991 1 0 0.08040201005025126 0.5264483627204031
39 0.004329399999999928 0 1 0.08040201005025126 0.5289672544080605
40 0.00426979999999999 0 0 0.08040201005025126 0.5289672544080605
41 0.004219300000000037 0 0 0.08040201005025126 0.5289672544080605
42 0.004347799999999902 0 0 0.08040201005025126 0.5289672544080605
43 0.0042039999999999855 0 0 0.08040201005025126 0.5289672544080605
44 0.004589999999999983 0 0 0.08040201005025126 0.5289672544080605
45 0.004309099999999955 1 1 0.08542713567839195 0.5314861460957179
46 0.0042489 0 1 0.08542713567839195 0.5340050377833753
47 0.004509299999999938 1 2 0.09045226130653267 0.5390428211586902
48 0.004419799999999974 0 0 0.09045226130653267 0.5390428211586902
49 0.004242500000000038 1 0 0.09547738693467336 0.5390428211586902
50 0.0042023999999999395 0 0 0.09547738693467336 0.5390428211586902
51 0.004427499999999807 1 3 0.10050251256281408 0.5465994962216625
52 0.004405500000000062 1 1 0.10552763819095477 0.5491183879093199
53 0.004486199999999885 0 1 0.10552763819095477 0.5516372795969773
54 0.004408399999999979 1 1 0.11055276381909548 0.5541561712846348
55 0.004383499999999874 0 0 0.11055276381909548 0.5541561712846348
56 0.004212600000000011 0 0 0.11055276381909548 0.5541561712846348
57 0.004305400000000015 1 1 0.11557788944723618 0.5566750629722922
58 0.004482000000000097 0 0 0.11557788944723618 0.5566750629722922
59 0.0042880000000000695 0 0 0.11557788944723618 0.5566750629722922
60 0.004310000000000036 1 0 0.12060301507537688 0.5566750629722922
61 0.004444200000000009 1 0 0.12562814070351758 0.5566750629722922
62 0.004335900000000059 1 2 0.1306532663316583 0.5617128463476071
63 0.004813900000000038 0 0 0.1306532663316583 0.5617128463476071
64 0.00432279999999996 0 0 0.1306532663316583 0.5617128463476071
65 0.0043168000000000095 0 0 0.1306532663316583 0.5617128463476071
66 0.004325000000000134 1 0 0.135678391959799 0.5617128463476071
67 0.0044720000000000315 0 0 0.135678391959799 0.5617128463476071
68 0.004263100000000186 0 0 0.135678391959799 0.5617128463476071
69 0.004787399999999886 1 0 0.1407035175879397 0.5617128463476071
70 0.004420099999999927 1 1 0.1457286432160804 0.5642317380352645
71 0.004380600000000179 0 1 0.1457286432160804 0.5667506297229219
72 0.004825199999999974 0 0 0.1457286432160804 0.5667506297229219
73 0.004375299999999971 0 1 0.1457286432160804 0.5692695214105793
74 0.00472819999999996 0 0 0.1457286432160804 0.5692695214105793
75 0.00477710000000009 0 0 0.1457286432160804 0.5692695214105793
76 0.004698599999999997 1 0 0.1507537688442211 0.5692695214105793
77 0.004362199999999872 1 1 0.15577889447236182 0.5717884130982368
78 0.0044048000000000975 0 1 0.15577889447236182 0.5743073047858942
79 0.004894799999999977 0 0 0.15577889447236182 0.5743073047858942
80 0.004408300000000143 1 1 0.16080402010050251 0.5768261964735516
81 0.004434599999999955 0 0 0.16080402010050251 0.5768261964735516
82 0.00442190000000009 1 1 0.1658291457286432 0.5793450881612091
83 0.0048672000000000715 1 0 0.1708542713567839 0.5793450881612091
84 0.004972700000000163 1 1 0.17587939698492464 0.5818639798488665
85 0.004702199999999879 1 0 0.18090452261306533 0.5818639798488665
86 0.004953800000000008 1 0 0.18592964824120603 0.5818639798488665
87 0.004990599999999956 1 1 0.19095477386934673 0.5843828715365239
88 0.00497409999999987 1 0 0.19597989949748743 0.5843828715365239
89 0.004500500000000018 1 0 0.20100502512562815 0.5843828715365239
90 0.0045192000000000565 1 0 0.20603015075376885 0.5843828715365239
91 0.0044775999999999705 0 1 0.20603015075376885 0.5869017632241813
92 0.004502100000000064 1 4 0.21105527638190955 0.5969773299748111
93 0.004500300000000124 1 1 0.21608040201005024 0.5994962216624685
94 0.0045184000000000335 0 0 0.21608040201005024 0.5994962216624685
95 0.004909400000000064 0 1 0.21608040201005024 0.6020151133501259
96 0.0049136000000000735 0 0 0.21608040201005024 0.6020151133501259
97 0.004705399999999971 0 0 0.21608040201005024 0.6020151133501259
98 0.004899599999999893 0 1 0.21608040201005024 0.6045340050377834
99 0.005066499999999863 1 0 0.22110552763819097 0.6045340050377834
100 0.004670500000000022 1 1 0.22613065326633167 0.6070528967254408
101 0.004738699999999874 0 0 0.22613065326633167 0.6070528967254408
102 0.0049144000000000965 0 0 0.22613065326633167 0.6070528967254408
103 0.005024700000000104 1 1 0.23115577889447236 0.6095717884130982
104 0.004979000000000067 0 1 0.23115577889447236 0.6120906801007556
105 0.004827899999999996 0 1 0.23115577889447236 0.6146095717884131
106 0.004962099999999969 0 0 0.23115577889447236 0.6146095717884131
107 0.004474099999999925 0 0 0.23115577889447236 0.6146095717884131
108 0.004593700000000034 1 1 0.23618090452261306 0.6171284634760705
109 0.004528199999999982 0 0 0.23618090452261306 0.6171284634760705
110 0.004788999999999932 1 1 0.24120603015075376 0.6196473551637279
111 0.004621299999999939 1 1 0.24623115577889448 0.6221662468513854
112 0.00831789999999999 0 0 0.24623115577889448 0.6221662468513854
113 0.004624900000000043 1 1 0.25125628140703515 0.6246851385390428
114 0.004724599999999857 1 0 0.2562814070351759 0.6246851385390428
115 0.004617499999999941 0 0 0.2562814070351759 0.6246851385390428
116 0.0046439999999998705 1 2 0.2613065326633166 0.6297229219143576
117 0.004640399999999989 1 0 0.2663316582914573 0.6297229219143576
118 0.004568899999999987 0 1 0.2663316582914573 0.6322418136020151
119 0.004591699999999976 1 0 0.271356783919598 0.6322418136020151
120 0.004618100000000069 0 0 0.271356783919598 0.6322418136020151
121 0.005140799999999945 1 1 0.27638190954773867 0.6347607052896725
122 0.0046157 1 0 0.2814070351758794 0.6347607052896725
123 0.00512059999999992 0 0 0.2814070351758794 0.6347607052896725
124 0.004737800000000014 0 1 0.2814070351758794 0.6372795969773299
125 0.0047536000000001355 0 0 0.2814070351758794 0.6372795969773299
126 0.004726099999999844 1 1 0.2864321608040201 0.6397984886649875
127 0.005022799999999883 0 0 0.2864321608040201 0.6397984886649875
128 0.005144499999999885 0 0 0.2864321608040201 0.6397984886649875
129 0.005121300000000106 0 1 0.2864321608040201 0.6423173803526449
130 0.00491700000000006 1 1 0.2914572864321608 0.6448362720403022
131 0.005207699999999926 0 0 0.2914572864321608 0.6448362720403022
132 0.004760700000000062 0 0 0.2914572864321608 0.6448362720403022
133 0.00514199999999998 1 0 0.2964824120603015 0.6448362720403022
134 0.005147199999999907 1 2 0.3015075376884422 0.6498740554156172
135 0.005119699999999838 0 0 0.3015075376884422 0.6498740554156172
136 0.004712600000000178 0 0 0.3015075376884422 0.6498740554156172
137 0.004841499999999943 0 0 0.3015075376884422 0.6498740554156172
138 0.005125100000000105 1 0 0.3065326633165829 0.6498740554156172
139 0.005063799999999841 1 1 0.31155778894472363 0.6523929471032746
140 0.005379799999999824 0 1 0.31155778894472363 0.654911838790932
141 0.004795600000000011 1 0 0.3165829145728643 0.654911838790932
142 0.00484770000000001 0 1 0.3165829145728643 0.6574307304785895
143 0.004710699999999957 0 0 0.3165829145728643 0.6574307304785895
144 0.004669500000000104 0 0 0.3165829145728643 0.6574307304785895
145 0.004773099999999975 0 0 0.3165829145728643 0.6574307304785895
146 0.004762500000000003 0 0 0.3165829145728643 0.6574307304785895
147 0.005071000000000048 0 0 0.3165829145728643 0.6574307304785895
148 0.0061413999999999636 0 0 0.3165829145728643 0.6574307304785895
149 0.004806599999999994 0 0 0.3165829145728643 0.6574307304785895
150 0.005272399999999955 1 0 0.32160804020100503 0.6574307304785895
151 0.005021500000000012 1 0 0.32663316582914576 0.6574307304785895
152 0.004767600000000094 1 1 0.3316582914572864 0.6599496221662469
153 0.005227399999999882 0 0 0.3316582914572864 0.6599496221662469
154 0.004780100000000065 0 1 0.3316582914572864 0.6624685138539043
155 0.004754599999999831 0 0 0.3316582914572864 0.6624685138539043
156 0.004999900000000057 1 1 0.33668341708542715 0.6649874055415617
157 0.004648899999999845 0 0 0.33668341708542715 0.6649874055415617
158 0.005165300000000039 0 0 0.33668341708542715 0.6649874055415617
159 0.004742900000000105 0 0 0.33668341708542715 0.6649874055415617
160 0.0047455999999999054 0 0 0.33668341708542715 0.6649874055415617
161 0.005125299999999999 1 0 0.3417085427135678 0.6649874055415617
162 0.004861400000000016 0 0 0.3417085427135678 0.6649874055415617
163 0.004836200000000179 1 0 0.34673366834170855 0.6649874055415617
164 0.004861199999999899 0 1 0.34673366834170855 0.6675062972292192
165 0.004807800000000029 0 0 0.34673366834170855 0.6675062972292192
166 0.0052067000000000085 1 0 0.35175879396984927 0.6675062972292192
167 0.004812899999999898 0 1 0.35175879396984927 0.6700251889168766
168 0.004763000000000073 1 0 0.35678391959798994 0.6700251889168766
169 0.007056299999999904 0 3 0.35678391959798994 0.6775818639798489
170 0.004849800000000126 0 0 0.35678391959798994 0.6775818639798489
171 0.004778100000000007 0 0 0.35678391959798994 0.6775818639798489
172 0.004752500000000159 0 0 0.35678391959798994 0.6775818639798489
173 0.004764700000000177 1 0 0.36180904522613067 0.6775818639798489
174 0.005021900000000024 1 1 0.36683417085427134 0.6801007556675063
175 0.004769900000000105 0 0 0.36683417085427134 0.6801007556675063
176 0.004849399999999893 1 1 0.37185929648241206 0.6826196473551638
177 0.005013999999999852 1 1 0.3768844221105528 0.6851385390428212
178 0.005122599999999977 1 0 0.38190954773869346 0.6851385390428212
179 0.0051698999999998385 0 1 0.38190954773869346 0.6876574307304786
180 0.004984300000000053 0 0 0.38190954773869346 0.6876574307304786
181 0.005379700000000209 0 0 0.38190954773869346 0.6876574307304786
182 0.0050592000000000414 0 0 0.38190954773869346 0.6876574307304786
183 0.004894100000000012 1 1 0.3869346733668342 0.690176322418136
184 0.0048528000000001015 0 0 0.3869346733668342 0.690176322418136
185 0.004834599999999911 1 1 0.39195979899497485 0.6926952141057935
186 0.004831400000000041 1 1 0.3969849246231156 0.6952141057934509
187 0.005195199999999955 1 2 0.4020100502512563 0.7002518891687658
188 0.005326200000000059 1 0 0.40703517587939697 0.7002518891687658
189 0.00496759999999985 0 0 0.40703517587939697 0.7002518891687658
190 0.004900599999999811 0 0 0.40703517587939697 0.7002518891687658
191 0.005032099999999984 1 1 0.4120603015075377 0.7027707808564232
192 0.005128499999999869 0 0 0.4120603015075377 0.7027707808564232
193 0.005405400000000116 1 1 0.41708542713567837 0.7052896725440806
194 0.00536660000000011 0 0 0.41708542713567837 0.7052896725440806
195 0.005048300000000117 0 0 0.41708542713567837 0.7052896725440806
196 0.0053810999999999165 1 0 0.4221105527638191 0.7052896725440806
197 0.005435300000000032 0 0 0.4221105527638191 0.7052896725440806
198 0.007062499999999972 0 0 0.4221105527638191 0.7052896725440806
199 0.00700769999999995 0 0 0.4221105527638191 0.7052896725440806
200 0.007157499999999928 1 1 0.4271356783919598 0.707808564231738
201 0.007250699999999943 1 2 0.4321608040201005 0.7128463476070529
202 0.005254899999999951 1 0 0.4371859296482412 0.7128463476070529
203 0.004952400000000079 0 0 0.4371859296482412 0.7128463476070529
204 0.005296500000000037 0 0 0.4371859296482412 0.7128463476070529
205 0.0048704000000001635 1 0 0.44221105527638194 0.7128463476070529
206 0.005021300000000117 0 2 0.44221105527638194 0.7178841309823678
207 0.005020199999999919 1 1 0.4472361809045226 0.7204030226700252
208 0.005064699999999922 0 0 0.4472361809045226 0.7204030226700252
209 0.005309699999999973 0 0 0.4472361809045226 0.7204030226700252
210 0.005240899999999993 0 0 0.4472361809045226 0.7204030226700252
211 0.005031899999999867 0 1 0.4472361809045226 0.7229219143576826
212 0.004907299999999948 0 0 0.4472361809045226 0.7229219143576826
213 0.005196999999999896 1 0 0.45226130653266333 0.7229219143576826
214 0.0049719999999999764 1 0 0.457286432160804 0.7229219143576826
215 0.005111800000000111 1 1 0.4623115577889447 0.72544080604534
216 0.005026200000000092 0 0 0.4623115577889447 0.72544080604534
217 0.004951099999999986 0 1 0.4623115577889447 0.7279596977329975
218 0.006972500000000048 1 0 0.46733668341708545 0.7279596977329975
219 0.007574100000000028 0 0 0.46733668341708545 0.7279596977329975
220 0.007365099999999902 0 1 0.46733668341708545 0.7304785894206549
221 0.007331799999999999 1 1 0.4723618090452261 0.7329974811083123
222 0.007233000000000045 1 0 0.47738693467336685 0.7329974811083123
223 0.0073817000000000466 0 0 0.47738693467336685 0.7329974811083123
224 0.007325100000000084 0 1 0.47738693467336685 0.7355163727959698
225 0.007803900000000086 1 1 0.4824120603015075 0.7380352644836272
226 0.007196700000000167 0 0 0.4824120603015075 0.7380352644836272
227 0.00740810000000014 1 0 0.48743718592964824 0.7380352644836272
228 0.007460400000000034 1 1 0.49246231155778897 0.7405541561712846
229 0.007425900000000096 1 1 0.49748743718592964 0.743073047858942
230 0.007276400000000072 0 0 0.49748743718592964 0.743073047858942
231 0.00689289999999998 1 0 0.5025125628140703 0.743073047858942
232 0.007516499999999926 0 0 0.5025125628140703 0.743073047858942
233 0.00560969999999994 1 2 0.507537688442211 0.7481108312342569
234 0.005656999999999801 1 1 0.5125628140703518 0.7506297229219143
235 0.005305900000000197 0 0 0.5125628140703518 0.7506297229219143
236 0.00566090000000008 0 0 0.5125628140703518 0.7506297229219143
237 0.005435099999999693 0 0 0.5125628140703518 0.7506297229219143
238 0.005466800000000216 1 0 0.5175879396984925 0.7506297229219143
239 0.005483099999999741 0 0 0.5175879396984925 0.7506297229219143
240 0.005077700000000185 0 0 0.5175879396984925 0.7506297229219143
241 0.005268599999999957 1 3 0.5226130653266332 0.7581863979848866
242 0.0052026999999998935 0 0 0.5226130653266332 0.7581863979848866
243 0.005392499999999689 0 0 0.5226130653266332 0.7581863979848866
244 0.00520229999999966 1 0 0.5276381909547738 0.7581863979848866
245 0.005255299999999963 0 1 0.5276381909547738 0.760705289672544
246 0.00516170000000038 0 0 0.5276381909547738 0.760705289672544
247 0.005223299999999931 0 1 0.5276381909547738 0.7632241813602015
248 0.005183699999999902 0 0 0.5276381909547738 0.7632241813602015
249 0.0051256000000003965 0 0 0.5276381909547738 0.7632241813602015
250 0.005189499999999736 0 0 0.5276381909547738 0.7632241813602015
251 0.005188799999999993 1 1 0.5326633165829145 0.7657430730478589
252 0.005289499999999947 0 0 0.5326633165829145 0.7657430730478589
253 0.00515219999999994 0 0 0.5326633165829145 0.7657430730478589
254 0.005148900000000012 0 0 0.5326633165829145 0.7657430730478589
255 0.005524900000000166 1 1 0.5376884422110553 0.7682619647355163
256 0.005102199999999613 0 0 0.5376884422110553 0.7682619647355163
257 0.009659500000000154 1 0 0.542713567839196 0.7682619647355163
258 0.005379200000000139 0 0 0.542713567839196 0.7682619647355163
259 0.005123199999999883 1 0 0.5477386934673367 0.7682619647355163
260 0.005130100000000137 0 1 0.5477386934673367 0.7707808564231738
261 0.005352499999999871 0 0 0.5477386934673367 0.7707808564231738
262 0.005415800000000193 0 0 0.5477386934673367 0.7707808564231738
263 0.0054760000000002584 0 0 0.5477386934673367 0.7707808564231738
264 0.005210899999999796 0 0 0.5477386934673367 0.7707808564231738
265 0.005244099999999641 0 0 0.5477386934673367 0.7707808564231738
266 0.005104799999999798 0 0 0.5477386934673367 0.7707808564231738
267 0.005175900000000233 1 1 0.5527638190954773 0.7732997481108312
268 0.005485800000000207 0 0 0.5527638190954773 0.7732997481108312
269 0.005314400000000052 0 1 0.5527638190954773 0.7758186397984886
270 0.005392199999999736 0 0 0.5527638190954773 0.7758186397984886
271 0.005371400000000026 0 0 0.5527638190954773 0.7758186397984886
272 0.0051722999999999075 0 0 0.5527638190954773 0.7758186397984886
273 0.005321999999999605 1 0 0.5577889447236181 0.7758186397984886
274 0.005325299999999977 0 0 0.5577889447236181 0.7758186397984886
275 0.00523970000000018 0 0 0.5577889447236181 0.7758186397984886
276 0.005183300000000113 1 1 0.5628140703517588 0.7783375314861462
277 0.005246200000000201 1 1 0.5678391959798995 0.7808564231738035
278 0.005393399999999993 0 1 0.5678391959798995 0.783375314861461
279 0.005241299999999782 1 0 0.5728643216080402 0.783375314861461
280 0.00520879999999968 1 0 0.5778894472361809 0.783375314861461
281 0.005613799999999891 1 1 0.5829145728643216 0.7858942065491183
282 0.005294999999999828 1 2 0.5879396984924623 0.7909319899244333
283 0.005463999999999913 0 0 0.5879396984924623 0.7909319899244333
284 0.005268800000000073 0 1 0.5879396984924623 0.7934508816120907
285 0.005242200000000086 0 0 0.5879396984924623 0.7934508816120907
286 0.005859599999999965 0 0 0.5879396984924623 0.7934508816120907
287 0.005226600000000303 0 0 0.5879396984924623 0.7934508816120907
288 0.005359100000000172 0 0 0.5879396984924623 0.7934508816120907
289 0.005344399999999805 0 0 0.5879396984924623 0.7934508816120907
290 0.005432199999999998 1 0 0.592964824120603 0.7934508816120907
291 0.005545299999999642 1 0 0.5979899497487438 0.7934508816120907
292 0.005872799999999678 0 1 0.5979899497487438 0.7959697732997482
293 0.005665200000000148 0 0 0.5979899497487438 0.7959697732997482
294 0.005872099999999936 1 0 0.6030150753768844 0.7959697732997482
295 0.00591580000000036 0 0 0.6030150753768844 0.7959697732997482
296 0.005944400000000183 1 1 0.6080402010050251 0.7984886649874056
297 0.005247300000000177 0 0 0.6080402010050251 0.7984886649874056
298 0.005271700000000212 0 0 0.6080402010050251 0.7984886649874056
299 0.005230399999999857 0 0 0.6080402010050251 0.7984886649874056
300 0.007780400000000132 1 1 0.6130653266331658 0.801007556675063
301 0.007559399999999883 1 1 0.6180904522613065 0.8035264483627204
302 0.005498300000000178 1 2 0.6231155778894473 0.8085642317380353
303 0.005261299999999913 1 0 0.628140703517588 0.8085642317380353
304 0.005298900000000106 0 0 0.628140703517588 0.8085642317380353
305 0.0057323000000000235 0 0 0.628140703517588 0.8085642317380353
306 0.0053746999999999545 0 0 0.628140703517588 0.8085642317380353
307 0.005366800000000005 0 1 0.628140703517588 0.8110831234256927
308 0.0054859000000000435 0 0 0.628140703517588 0.8110831234256927
309 0.005754200000000154 1 1 0.6331658291457286 0.8136020151133502
310 0.0054656000000004035 1 1 0.6381909547738693 0.8161209068010076
311 0.005381999999999998 1 0 0.6432160804020101 0.8161209068010076
312 0.005906399999999756 0 1 0.6432160804020101 0.818639798488665
313 0.005463300000000171 0 0 0.6432160804020101 0.818639798488665
314 0.005316699999999841 0 0 0.6432160804020101 0.818639798488665
315 0.005467700000000075 1 1 0.6482412060301508 0.8211586901763224
316 0.005763299999999916 1 1 0.6532663316582915 0.8236775818639799
317 0.005996500000000182 0 0 0.6532663316582915 0.8236775818639799
318 0.005387599999999715 0 0 0.6532663316582915 0.8236775818639799
319 0.007336000000000009 0 0 0.6532663316582915 0.8236775818639799
320 0.007890900000000034 1 0 0.6582914572864321 0.8236775818639799
321 0.007942100000000174 1 0 0.6633165829145728 0.8236775818639799
322 0.008065000000000211 0 0 0.6633165829145728 0.8236775818639799
323 0.005959600000000176 0 1 0.6633165829145728 0.8261964735516373
324 0.0054218999999999795 0 0 0.6633165829145728 0.8261964735516373
325 0.005634499999999765 0 0 0.6633165829145728 0.8261964735516373
326 0.005312600000000334 0 1 0.6633165829145728 0.8287153652392947
327 0.005423599999999862 0 0 0.6633165829145728 0.8287153652392947
328 0.005532800000000115 0 0 0.6633165829145728 0.8287153652392947
329 0.005322899999999908 1 0 0.6683417085427136 0.8287153652392947
330 0.005440800000000134 0 0 0.6683417085427136 0.8287153652392947
331 0.006022599999999656 0 0 0.6683417085427136 0.8287153652392947
332 0.005453300000000105 1 1 0.6733668341708543 0.8312342569269522
333 0.005446999999999758 1 0 0.678391959798995 0.8312342569269522
334 0.005534900000000231 0 1 0.678391959798995 0.8337531486146096
335 0.005468500000000098 0 0 0.678391959798995 0.8337531486146096
336 0.0061107000000002465 1 2 0.6834170854271356 0.8387909319899244
337 0.005387900000000112 1 1 0.6884422110552764 0.8413098236775819
338 0.0053939000000000625 0 0 0.6884422110552764 0.8413098236775819
339 0.005470799999999887 1 0 0.6934673366834171 0.8413098236775819
340 0.005471800000000027 1 1 0.6984924623115578 0.8438287153652393
341 0.005469400000000402 0 1 0.6984924623115578 0.8463476070528967
342 0.006049700000000158 0 0 0.6984924623115578 0.8463476070528967
343 0.005410099999999751 0 0 0.6984924623115578 0.8463476070528967
344 0.006049699999999714 0 0 0.6984924623115578 0.8463476070528967
345 0.0054747000000001655 0 0 0.6984924623115578 0.8463476070528967
346 0.005609999999999893 0 0 0.6984924623115578 0.8463476070528967
347 0.005690599999999879 1 0 0.7035175879396985 0.8463476070528967
348 0.005599899999999991 1 1 0.7085427135678392 0.8488664987405542
349 0.005504199999999848 0 0 0.7085427135678392 0.8488664987405542
350 0.005558800000000197 0 1 0.7085427135678392 0.8513853904282116
351 0.0055379000000002065 0 0 0.7085427135678392 0.8513853904282116
352 0.005462099999999914 0 0 0.7085427135678392 0.8513853904282116
353 0.005595699999999759 0 0 0.7085427135678392 0.8513853904282116
354 0.005551699999999826 1 0 0.7135678391959799 0.8513853904282116
355 0.005561000000000149 0 0 0.7135678391959799 0.8513853904282116
356 0.005391100000000204 0 0 0.7135678391959799 0.8513853904282116
357 0.005790399999999973 1 0 0.7185929648241206 0.8513853904282116
358 0.005517600000000122 0 0 0.7185929648241206 0.8513853904282116
359 0.005661299999999869 0 0 0.7185929648241206 0.8513853904282116
360 0.005620799999999981 0 1 0.7185929648241206 0.853904282115869
361 0.005569299999999888 0 0 0.7185929648241206 0.853904282115869
362 0.005576200000000142 0 0 0.7185929648241206 0.853904282115869
363 0.005505699999999614 0 0 0.7185929648241206 0.853904282115869
364 0.005574599999999652 1 0 0.7236180904522613 0.853904282115869
365 0.00542900000000035 1 3 0.7286432160804021 0.8614609571788413
366 0.005707199999999801 0 0 0.7286432160804021 0.8614609571788413
367 0.0056172000000001 0 0 0.7286432160804021 0.8614609571788413
368 0.0058707000000000065 0 1 0.7286432160804021 0.8639798488664987
369 0.005621000000000098 0 0 0.7286432160804021 0.8639798488664987
370 0.006090799999999952 0 0 0.7286432160804021 0.8639798488664987
371 0.005760099999999824 1 0 0.7336683417085427 0.8639798488664987
372 0.005517200000000333 0 0 0.7336683417085427 0.8639798488664987
373 0.006201300000000298 0 0 0.7336683417085427 0.8639798488664987
374 0.006229799999999841 0 0 0.7336683417085427 0.8639798488664987
375 0.006056899999999921 1 1 0.7386934673366834 0.8664987405541562
376 0.006028900000000004 1 1 0.7437185929648241 0.8690176322418136
377 0.006157700000000155 0 0 0.7437185929648241 0.8690176322418136
378 0.005816199999999938 0 0 0.7437185929648241 0.8690176322418136
379 0.006200999999999901 1 1 0.7487437185929648 0.871536523929471
380 0.0057699000000002165 1 0 0.7537688442211056 0.871536523929471
381 0.005594800000000344 0 1 0.7537688442211056 0.8740554156171285
382 0.008455600000000008 0 0 0.7537688442211056 0.8740554156171285
383 0.006046800000000019 0 0 0.7537688442211056 0.8740554156171285
384 0.006120099999999962 0 0 0.7537688442211056 0.8740554156171285
385 0.005961999999999801 1 0 0.7587939698492462 0.8740554156171285
386 0.0061211000000001015 0 0 0.7587939698492462 0.8740554156171285
387 0.0063069999999996185 1 1 0.7638190954773869 0.8765743073047859
388 0.006342699999999812 0 0 0.7638190954773869 0.8765743073047859
389 0.006058200000000014 0 0 0.7638190954773869 0.8765743073047859
390 0.00567479999999998 0 0 0.7638190954773869 0.8765743073047859
391 0.0056674000000001 0 1 0.7638190954773869 0.8790931989924433
392 0.005775600000000214 0 0 0.7638190954773869 0.8790931989924433
393 0.005603999999999942 0 0 0.7638190954773869 0.8790931989924433
394 0.005770000000000053 0 0 0.7638190954773869 0.8790931989924433
395 0.005571400000000004 1 0 0.7688442211055276 0.8790931989924433
396 0.005916599999999939 1 0 0.7738693467336684 0.8790931989924433
397 0.005606900000000081 1 0 0.7788944723618091 0.8790931989924433
398 0.0056642999999998445 0 0 0.7788944723618091 0.8790931989924433
399 0.005783199999999766 1 2 0.7839195979899497 0.8841309823677582
400 0.0055947000000000635 1 2 0.7889447236180904 0.889168765743073
401 0.005571799999999794 0 0 0.7889447236180904 0.889168765743073
402 0.009744200000000092 1 1 0.7939698492462312 0.8916876574307305
403 0.005873600000000145 0 0 0.7939698492462312 0.8916876574307305
404 0.005965599999999682 0 0 0.7939698492462312 0.8916876574307305
405 0.0057085999999997306 0 0 0.7939698492462312 0.8916876574307305
406 0.005950200000000017 0 0 0.7939698492462312 0.8916876574307305
407 0.00572600000000012 0 0 0.7939698492462312 0.8916876574307305
408 0.005849500000000063 0 0 0.7939698492462312 0.8916876574307305
409 0.005741200000000113 0 1 0.7939698492462312 0.8942065491183879
410 0.0058331000000002575 1 0 0.7989949748743719 0.8942065491183879
411 0.005893600000000276 0 0 0.7989949748743719 0.8942065491183879
412 0.006018599999999985 0 0 0.7989949748743719 0.8942065491183879
413 0.006126400000000309 1 1 0.8040201005025126 0.8967254408060453
414 0.006156100000000109 0 0 0.8040201005025126 0.8967254408060453
415 0.005720100000000006 1 0 0.8090452261306532 0.8967254408060453
416 0.005688099999999974 1 1 0.8140703517587939 0.8992443324937027
417 0.005739000000000161 0 0 0.8140703517587939 0.8992443324937027
418 0.005786099999999905 0 1 0.8140703517587939 0.9017632241813602
419 0.005660699999999963 0 0 0.8140703517587939 0.9017632241813602
420 0.005988400000000116 0 0 0.8140703517587939 0.9017632241813602
421 0.005884400000000234 0 0 0.8140703517587939 0.9017632241813602
422 0.005761700000000314 1 1 0.8190954773869347 0.9042821158690176
423 0.006004499999999968 1 0 0.8241206030150754 0.9042821158690176
424 0.005873899999999654 0 0 0.8241206030150754 0.9042821158690176
425 0.005751800000000085 1 0 0.8291457286432161 0.9042821158690176
426 0.00602899999999984 0 1 0.8291457286432161 0.906801007556675
427 0.0058973999999998306 1 2 0.8341708542713567 0.9118387909319899
428 0.005759400000000081 1 1 0.8391959798994975 0.9143576826196473
429 0.008476099999999764 0 0 0.8391959798994975 0.9143576826196473
430 0.006069000000000102 1 1 0.8442211055276382 0.9168765743073047
431 0.0056467000000002265 1 1 0.8492462311557789 0.9193954659949622
432 0.005805599999999966 1 1 0.8542713567839196 0.9219143576826196
433 0.005848600000000204 0 0 0.8542713567839196 0.9219143576826196
434 0.005872500000000169 1 0 0.8592964824120602 0.9219143576826196
435 0.005775799999999887 0 0 0.8592964824120602 0.9219143576826196
436 0.005975400000000075 1 3 0.864321608040201 0.929471032745592
437 0.006504000000000065 1 1 0.8693467336683417 0.9319899244332494
438 0.006397899999999623 0 0 0.8693467336683417 0.9319899244332494
439 0.005904099999999968 0 0 0.8693467336683417 0.9319899244332494
440 0.005785400000000163 0 0 0.8693467336683417 0.9319899244332494
441 0.005848400000000087 1 1 0.8743718592964824 0.9345088161209067
442 0.005869699999999867 0 0 0.8743718592964824 0.9345088161209067
443 0.006494400000000233 0 0 0.8743718592964824 0.9345088161209067
444 0.006043499999999646 0 0 0.8743718592964824 0.9345088161209067
445 0.005855400000000177 1 0 0.8793969849246231 0.9345088161209067
446 0.005779800000000002 1 0 0.8844221105527639 0.9345088161209067
447 0.006053199999999759 1 1 0.8894472361809045 0.9370277078085643
448 0.005832199999999954 1 1 0.8944723618090452 0.9395465994962217
449 0.005815200000000242 1 1 0.8994974874371859 0.9420654911838791
450 0.006089000000000233 0 0 0.8994974874371859 0.9420654911838791
451 0.006332800000000027 1 0 0.9045226130653267 0.9420654911838791
452 0.005844600000000089 0 2 0.9045226130653267 0.947103274559194
453 0.005819999999999936 0 0 0.9045226130653267 0.947103274559194
454 0.005877699999999653 0 1 0.9045226130653267 0.9496221662468514
455 0.005962599999999707 1 1 0.9095477386934674 0.9521410579345088
456 0.005904700000000318 0 0 0.9095477386934674 0.9521410579345088
457 0.008757300000000079 0 1 0.9095477386934674 0.9546599496221663
458 0.008577300000000232 1 0 0.914572864321608 0.9546599496221663
459 0.008759299999999914 0 0 0.914572864321608 0.9546599496221663
460 0.006004400000000132 0 0 0.914572864321608 0.9546599496221663
461 0.00593409999999972 0 0 0.914572864321608 0.9546599496221663
462 0.006220600000000243 0 0 0.914572864321608 0.9546599496221663
463 0.005983199999999744 0 0 0.914572864321608 0.9546599496221663
464 0.006197199999999903 0 1 0.914572864321608 0.9571788413098237
465 0.006067199999999939 0 0 0.914572864321608 0.9571788413098237
466 0.006095199999999856 0 0 0.914572864321608 0.9571788413098237
467 0.0060061999999998505 0 0 0.914572864321608 0.9571788413098237
468 0.005927300000000191 0 0 0.914572864321608 0.9571788413098237
469 0.006046800000000019 0 0 0.914572864321608 0.9571788413098237
470 0.006601100000000137 0 0 0.914572864321608 0.9571788413098237
471 0.006129500000000121 0 0 0.914572864321608 0.9571788413098237
472 0.005962999999999941 0 0 0.914572864321608 0.9571788413098237
473 0.006498899999999974 0 0 0.914572864321608 0.9571788413098237
474 0.006777000000000033 0 0 0.914572864321608 0.9571788413098237
475 0.006162400000000012 1 0 0.9195979899497487 0.9571788413098237
476 0.006737000000000215 0 0 0.9195979899497487 0.9571788413098237
477 0.00590579999999985 0 0 0.9195979899497487 0.9571788413098237
478 0.005952100000000016 0 0 0.9195979899497487 0.9571788413098237
479 0.0059602999999999184 0 0 0.9195979899497487 0.9571788413098237
480 0.006371999999999822 1 1 0.9246231155778895 0.9596977329974811
481 0.006352500000000205 1 1 0.9296482412060302 0.9622166246851386
482 0.006198100000000206 0 0 0.9296482412060302 0.9622166246851386
483 0.006318000000000268 1 0 0.9346733668341709 0.9622166246851386
484 0.006264100000000106 0 0 0.9346733668341709 0.9622166246851386
485 0.006198099999999762 0 0 0.9346733668341709 0.9622166246851386
486 0.006530499999999773 0 0 0.9346733668341709 0.9622166246851386
487 0.006759699999999924 1 2 0.9396984924623115 0.9672544080604534
488 0.006436200000000003 0 0 0.9396984924623115 0.9672544080604534
489 0.006817499999999921 1 1 0.9447236180904522 0.9697732997481109
490 0.006309200000000015 1 1 0.949748743718593 0.9722921914357683
491 0.006224099999999844 1 0 0.9547738693467337 0.9722921914357683
492 0.006452600000000253 0 0 0.9547738693467337 0.9722921914357683
493 0.0063917 0 0 0.9547738693467337 0.9722921914357683
494 0.0065733999999997295 1 1 0.9597989949748744 0.9748110831234257
495 0.006700100000000209 0 0 0.9597989949748744 0.9748110831234257
496 0.0066211000000002684 0 0 0.9597989949748744 0.9748110831234257
497 0.006609499999999713 0 0 0.9597989949748744 0.9748110831234257
498 0.006598499999999952 0 0 0.9597989949748744 0.9748110831234257
499 0.006392799999999976 0 0 0.9597989949748744 0.9748110831234257
500 0.006457499999999783 1 2 0.964824120603015 0.9798488664987406
501 0.006356499999999876 1 1 0.9698492462311558 0.982367758186398
502 0.006666000000000061 1 0 0.9748743718592965 0.982367758186398
503 0.006583500000000075 1 1 0.9798994974874372 0.9848866498740554
504 0.006224000000000007 0 0 0.9798994974874372 0.9848866498740554
505 0.006043499999999646 0 0 0.9798994974874372 0.9848866498740554
506 0.006193699999999858 0 2 0.9798994974874372 0.9899244332493703
507 0.005991099999999694 0 0 0.9798994974874372 0.9899244332493703
508 0.006121400000000055 0 0 0.9798994974874372 0.9899244332493703
509 0.006129300000000004 0 0 0.9798994974874372 0.9899244332493703
510 0.006113899999999894 1 0 0.9849246231155779 0.9899244332493703
511 0.006210099999999663 0 0 0.9849246231155779 0.9899244332493703
512 0.0062205999999997985 0 1 0.9849246231155779 0.9924433249370277
513 0.006248000000000253 0 0 0.9849246231155779 0.9924433249370277
514 0.006718899999999639 0 0 0.9849246231155779 0.9924433249370277
515 0.006601999999999997 1 1 0.9899497487437185 0.9949622166246851
516 0.006569499999999895 0 0 0.9899497487437185 0.9949622166246851
517 0.006867600000000085 0 0 0.9899497487437185 0.9949622166246851
518 0.0062590000000000146 0 0 0.9899497487437185 0.9949622166246851
519 0.006214500000000012 0 0 0.9899497487437185 0.9949622166246851
520 0.006230299999999911 0 0 0.9899497487437185 0.9949622166246851
521 0.006055900000000225 1 1 0.9949748743718593 0.9974811083123426
522 0.006323400000000312 0 0 0.9949748743718593 0.9974811083123426
523 0.006085800000000141 1 0 1.0 0.9974811083123426
524 0.006211200000000083 0 0 1.0 0.9974811083123426
525 0.006635600000000075 0 0 1.0 0.9974811083123426
526 0.006176500000000029 0 0 1.0 0.9974811083123426
527 0.006163900000000222 0 1 1.0 1.0
