150 0.1 0.5
1 0.004813600000000029 0 0 0.0 0.5016835016835017
2 0.004848699999999984 0 0 0.0 0.5016835016835017
3 0.004130400000000034 1 0 0.006711409395973154 0.5016835016835017
4 0.004245800000000022 1 0 0.013422818791946308 0.5016835016835017
5 0.004153999999999991 0 1 0.013422818791946308 0.5050505050505051
6 0.005462699999999987 1 1 0.020134228187919462 0.5084175084175084
7 0.0060563000000000144 0 0 0.020134228187919462 0.5084175084175084
8 0.0037354000000000553 0 0 0.020134228187919462 0.5084175084175084
9 0.006216800000000022 0 0 0.020134228187919462 0.5084175084175084
10 0.0039639999999999675 0 0 0.020134228187919462 0.5084175084175084
11 0.0034349000000000185 0 0 0.020134228187919462 0.5084175084175084
12 0.003346000000000071 0 0 0.020134228187919462 0.5084175084175084
13 0.004148999999999958 0 0 0.020134228187919462 0.5084175084175084
14 0.0034855999999999776 0 0 0.020134228187919462 0.5084175084175084
15 0.0050114999999999466 0 0 0.020134228187919462 0.5084175084175084
16 0.005005200000000043 0 0 0.020134228187919462 0.5084175084175084
17 0.003225200000000039 0 0 0.020134228187919462 0.5084175084175084
18 0.004305200000000009 0 0 0.020134228187919462 0.5084175084175084
19 0.004709300000000027 0 0 0.020134228187919462 0.5084175084175084
20 0.0032929999999999904 0 0 0.020134228187919462 0.5084175084175084
21 0.004422600000000054 0 0 0.020134228187919462 0.5084175084175084
22 0.003467299999999951 0 0 0.020134228187919462 0.5084175084175084
23 0.0031903999999999266 0 0 0.020134228187919462 0.5084175084175084
24 0.004727700000000001 0 0 0.020134228187919462 0.5084175084175084
25 0.004028699999999996 1 0 0.026845637583892617 0.5084175084175084
26 0.0055288 0 0 0.026845637583892617 0.5084175084175084
27 0.0048232000000000275 0 0 0.026845637583892617 0.5084175084175084
28 0.003804699999999994 0 0 0.026845637583892617 0.5084175084175084
29 0.0035895999999999706 0 0 0.026845637583892617 0.5084175084175084
30 0.003317400000000026 0 0 0.026845637583892617 0.5084175084175084
31 0.003180100000000019 0 0 0.026845637583892617 0.5084175084175084
32 0.004906500000000036 0 0 0.026845637583892617 0.5084175084175084
33 0.004141899999999921 0 0 0.026845637583892617 0.5084175084175084
34 0.004067500000000002 0 0 0.026845637583892617 0.5084175084175084
35 0.003979100000000013 0 0 0.026845637583892617 0.5084175084175084
36 0.004167099999999979 0 0 0.026845637583892617 0.5084175084175084
37 0.0033364999999999645 0 0 0.026845637583892617 0.5084175084175084
38 0.004186599999999929 0 0 0.026845637583892617 0.5084175084175084
39 0.0043632000000000115 1 0 0.03355704697986577 0.5084175084175084
40 0.003901999999999961 0 0 0.03355704697986577 0.5084175084175084
41 0.0033659000000000328 0 0 0.03355704697986577 0.5084175084175084
42 0.004966800000000049 1 1 0.040268456375838924 0.5117845117845118
43 0.0038107000000000557 0 0 0.040268456375838924 0.5117845117845118
44 0.004121999999999959 0 0 0.040268456375838924 0.5117845117845118
45 0.005038199999999993 0 0 0.040268456375838924 0.5117845117845118
46 0.0033299000000001078 0 0 0.040268456375838924 0.5117845117845118
47 0.0048040000000000305 0 0 0.040268456375838924 0.5117845117845118
48 0.0036397000000000235 0 0 0.040268456375838924 0.5117845117845118
49 0.004589900000000036 0 0 0.040268456375838924 0.5117845117845118
50 0.00363800000000003 0 0 0.040268456375838924 0.5117845117845118
51 0.0038340999999999514 0 0 0.040268456375838924 0.5117845117845118
52 0.004636199999999979 0 0 0.040268456375838924 0.5117845117845118
53 0.007660499999999959 0 0 0.040268456375838924 0.5117845117845118
54 0.004587400000000019 0 0 0.040268456375838924 0.5117845117845118
55 0.003873999999999933 0 0 0.040268456375838924 0.5117845117845118
56 0.00500809999999996 0 1 0.040268456375838924 0.5151515151515151
57 0.0038375999999999966 0 0 0.040268456375838924 0.5151515151515151
58 0.0032303000000000193 0 0 0.040268456375838924 0.5151515151515151
59 0.004577300000000006 0 0 0.040268456375838924 0.5151515151515151
60 0.00325260000000005 0 0 0.040268456375838924 0.5151515151515151
61 0.00521780000000005 0 0 0.040268456375838924 0.5151515151515151
62 0.006311700000000031 0 0 0.040268456375838924 0.5151515151515151
63 0.003923099999999957 0 0 0.040268456375838924 0.5151515151515151
64 0.004290200000000022 0 0 0.040268456375838924 0.5151515151515151
65 0.0035641999999999063 0 0 0.040268456375838924 0.5151515151515151
66 0.005306900000000003 0 0 0.040268456375838924 0.5151515151515151
67 0.003701399999999966 0 0 0.040268456375838924 0.5151515151515151
68 0.00415640000000006 0 0 0.040268456375838924 0.5151515151515151
69 0.004957500000000059 0 0 0.040268456375838924 0.5151515151515151
70 0.0033821000000000545 0 0 0.040268456375838924 0.5151515151515151
71 0.0061862000000000306 1 0 0.04697986577181208 0.5151515151515151
72 0.004771700000000045 0 1 0.04697986577181208 0.5185185185185185
73 0.004167099999999979 1 1 0.053691275167785234 0.5218855218855218
74 0.0033826000000000134 0 0 0.053691275167785234 0.5218855218855218
75 0.003415799999999969 0 0 0.053691275167785234 0.5218855218855218
76 0.004426700000000006 0 0 0.053691275167785234 0.5218855218855218
77 0.0033992000000000466 0 0 0.053691275167785234 0.5218855218855218
78 0.0041615999999999875 0 0 0.053691275167785234 0.5218855218855218
79 0.003555899999999945 0 0 0.053691275167785234 0.5218855218855218
80 0.004595299999999969 0 0 0.053691275167785234 0.5218855218855218
81 0.004176200000000074 0 0 0.053691275167785234 0.5218855218855218
82 0.0035766999999999882 0 0 0.053691275167785234 0.5218855218855218
83 0.0034039000000000152 0 0 0.053691275167785234 0.5218855218855218
84 0.005015500000000062 0 0 0.053691275167785234 0.5218855218855218
85 0.0033897999999999984 0 0 0.053691275167785234 0.5218855218855218
86 0.003872700000000062 1 1 0.06040268456375839 0.5252525252525253
87 0.005034300000000047 0 0 0.06040268456375839 0.5252525252525253
88 0.0035823999999999856 0 0 0.06040268456375839 0.5252525252525253
89 0.003918300000000041 0 0 0.06040268456375839 0.5252525252525253
90 0.004685799999999962 0 0 0.06040268456375839 0.5252525252525253
91 0.0034421000000000035 0 0 0.06040268456375839 0.5252525252525253
92 0.003956999999999988 0 0 0.06040268456375839 0.5252525252525253
93 0.004600900000000019 0 0 0.06040268456375839 0.5252525252525253
94 0.003382999999999914 0 0 0.06040268456375839 0.5252525252525253
95 0.0047671999999999715 0 0 0.06040268456375839 0.5252525252525253
96 0.005370199999999992 0 0 0.06040268456375839 0.5252525252525253
97 0.003737400000000002 0 0 0.06040268456375839 0.5252525252525253
98 0.004349199999999942 0 0 0.06040268456375839 0.5252525252525253
99 0.003369999999999984 0 0 0.06040268456375839 0.5252525252525253
100 0.0038331000000000337 0 0 0.06040268456375839 0.5252525252525253
101 0.0035083000000000197 0 0 0.06040268456375839 0.5252525252525253
102 0.003429200000000021 0 0 0.06040268456375839 0.5252525252525253
103 0.004658300000000004 0 0 0.06040268456375839 0.5252525252525253
104 0.0036979000000000317 0 0 0.06040268456375839 0.5252525252525253
105 0.007667100000000038 1 1 0.06711409395973154 0.5286195286195287
106 0.0035513999999999823 0 0 0.06711409395973154 0.5286195286195287
107 0.004253500000000021 1 0 0.0738255033557047 0.5286195286195287
108 0.004913300000000009 0 0 0.0738255033557047 0.5286195286195287
109 0.003617699999999946 0 0 0.0738255033557047 0.5286195286195287
110 0.005960399999999977 0 0 0.0738255033557047 0.5286195286195287
111 0.0033642999999999867 0 0 0.0738255033557047 0.5286195286195287
112 0.00400619999999996 0 0 0.0738255033557047 0.5286195286195287
113 0.0038768000000000136 0 0 0.0738255033557047 0.5286195286195287
114 0.005544900000000075 0 1 0.0738255033557047 0.531986531986532
115 0.00543490000000002 0 0 0.0738255033557047 0.531986531986532
116 0.0039405000000001245 0 0 0.0738255033557047 0.531986531986532
117 0.003904399999999919 0 0 0.0738255033557047 0.531986531986532
118 0.003503299999999987 0 0 0.0738255033557047 0.531986531986532
119 0.0033476999999999535 0 0 0.0738255033557047 0.531986531986532
120 0.004699700000000195 0 0 0.0738255033557047 0.531986531986532
121 0.0038530999999999427 0 0 0.0738255033557047 0.531986531986532
122 0.0038061000000000345 0 0 0.0738255033557047 0.531986531986532
123 0.004804999999999948 0 0 0.0738255033557047 0.531986531986532
124 0.0045551999999999815 0 0 0.0738255033557047 0.531986531986532
125 0.0045960000000000445 0 0 0.0738255033557047 0.531986531986532
126 0.005082599999999937 0 0 0.0738255033557047 0.531986531986532
127 0.005262399999999889 0 0 0.0738255033557047 0.531986531986532
128 0.005532700000000057 0 0 0.0738255033557047 0.531986531986532
129 0.0058571000000000595 0 0 0.0738255033557047 0.531986531986532
130 0.0035775000000000112 0 0 0.0738255033557047 0.531986531986532
131 0.003864699999999832 0 0 0.0738255033557047 0.531986531986532
132 0.004150700000000063 0 0 0.0738255033557047 0.531986531986532
133 0.004527500000000018 0 0 0.0738255033557047 0.531986531986532
134 0.0038084999999998814 0 0 0.0738255033557047 0.531986531986532
135 0.0036522999999999417 0 0 0.0738255033557047 0.531986531986532
136 0.003379599999999927 0 0 0.0738255033557047 0.531986531986532
137 0.005931799999999932 0 0 0.0738255033557047 0.531986531986532
138 0.003999500000000156 0 0 0.0738255033557047 0.531986531986532
139 0.004636700000000049 0 0 0.0738255033557047 0.531986531986532
140 0.003895300000000157 0 0 0.0738255033557047 0.531986531986532
141 0.004065399999999997 0 0 0.0738255033557047 0.531986531986532
142 0.005555199999999871 0 0 0.0738255033557047 0.531986531986532
143 0.004186699999999988 0 0 0.0738255033557047 0.531986531986532
144 0.0042119999999998825 0 0 0.0738255033557047 0.531986531986532
145 0.003971800000000192 0 0 0.0738255033557047 0.531986531986532
146 0.0037722000000000033 0 0 0.0738255033557047 0.531986531986532
147 0.0047820999999999 1 0 0.08053691275167785 0.531986531986532
148 0.0034202999999999317 0 0 0.08053691275167785 0.531986531986532
149 0.0037247999999998616 0 0 0.08053691275167785 0.531986531986532
150 0.004852700000000043 1 1 0.087248322147651 0.5353535353535354
151 0.00372539999999999 0 0 0.087248322147651 0.5353535353535354
152 0.003771600000000097 0 0 0.087248322147651 0.5353535353535354
153 0.0032951999999999426 0 0 0.087248322147651 0.5353535353535354
154 0.0031623999999998986 0 0 0.087248322147651 0.5353535353535354
155 0.004458800000000096 0 0 0.087248322147651 0.5353535353535354
156 0.0038796999999999304 0 0 0.087248322147651 0.5353535353535354
157 0.0036028999999999645 0 0 0.087248322147651 0.5353535353535354
158 0.004419500000000021 0 0 0.087248322147651 0.5353535353535354
159 0.0032541000000001485 0 1 0.087248322147651 0.5387205387205387
160 0.003982900000000011 0 0 0.087248322147651 0.5387205387205387
161 0.0046911999999998955 0 0 0.087248322147651 0.5387205387205387
162 0.0033252999999999755 1 1 0.09395973154362416 0.5420875420875421
163 0.0038616000000000206 1 0 0.10067114093959731 0.5420875420875421
164 0.003443599999999991 0 0 0.10067114093959731 0.5420875420875421
165 0.0031592000000000287 0 0 0.10067114093959731 0.5420875420875421
166 0.003260400000000052 0 0 0.10067114093959731 0.5420875420875421
167 0.004270299999999949 1 0 0.10738255033557047 0.5420875420875421
168 0.0034003000000000227 0 0 0.10738255033557047 0.5420875420875421
169 0.00381980000000004 0 0 0.10738255033557047 0.5420875420875421
170 0.004416599999999882 0 1 0.10738255033557047 0.5454545454545454
171 0.0036251000000000477 0 0 0.10738255033557047 0.5454545454545454
172 0.003838800000000031 0 0 0.10738255033557047 0.5454545454545454
173 0.003777999999999837 0 0 0.10738255033557047 0.5454545454545454
174 0.0034053000000000555 0 0 0.10738255033557047 0.5454545454545454
175 0.005332699999999857 0 0 0.10738255033557047 0.5454545454545454
176 0.0042303999999999675 0 0 0.10738255033557047 0.5454545454545454
177 0.004339400000000104 1 1 0.11409395973154363 0.5488215488215489
178 0.003442500000000015 0 0 0.11409395973154363 0.5488215488215489
179 0.006930900000000184 0 0 0.11409395973154363 0.5488215488215489
180 0.005760700000000174 0 0 0.11409395973154363 0.5488215488215489
181 0.004070299999999971 0 0 0.11409395973154363 0.5488215488215489
182 0.003443300000000038 1 1 0.12080536912751678 0.5521885521885522
183 0.0036204999999998044 0 0 0.12080536912751678 0.5521885521885522
184 0.005555100000000035 0 0 0.12080536912751678 0.5521885521885522
185 0.0046288000000000995 0 0 0.12080536912751678 0.5521885521885522
186 0.003925399999999968 0 0 0.12080536912751678 0.5521885521885522
187 0.0048512000000000555 0 0 0.12080536912751678 0.5521885521885522
188 0.0034457999999999434 0 0 0.12080536912751678 0.5521885521885522
189 0.00390669999999993 0 1 0.12080536912751678 0.5555555555555556
190 0.003720600000000074 0 0 0.12080536912751678 0.5555555555555556
191 0.0035519999999999996 0 1 0.12080536912751678 0.5589225589225589
192 0.005480900000000011 0 0 0.12080536912751678 0.5589225589225589
193 0.005187000000000053 0 0 0.12080536912751678 0.5589225589225589
194 0.0044679999999999165 1 1 0.12751677852348994 0.5622895622895623
195 0.003754999999999953 0 0 0.12751677852348994 0.5622895622895623
196 0.004618200000000128 0 0 0.12751677852348994 0.5622895622895623
197 0.005601399999999979 0 0 0.12751677852348994 0.5622895622895623
198 0.004172199999999959 0 0 0.12751677852348994 0.5622895622895623
199 0.005135399999999901 0 0 0.12751677852348994 0.5622895622895623
200 0.0035412999999999695 0 0 0.12751677852348994 0.5622895622895623
201 0.0034080000000000776 0 0 0.12751677852348994 0.5622895622895623
202 0.005184899999999937 0 0 0.12751677852348994 0.5622895622895623
203 0.00430839999999999 0 0 0.12751677852348994 0.5622895622895623
204 0.0060162999999999744 0 0 0.12751677852348994 0.5622895622895623
205 0.003743899999999911 0 0 0.12751677852348994 0.5622895622895623
206 0.004091000000000067 0 0 0.12751677852348994 0.5622895622895623
207 0.0034525000000000805 0 0 0.12751677852348994 0.5622895622895623
208 0.0033682000000001544 0 0 0.12751677852348994 0.5622895622895623
209 0.005367600000000028 0 0 0.12751677852348994 0.5622895622895623
210 0.004038500000000056 0 0 0.12751677852348994 0.5622895622895623
211 0.00411589999999995 0 0 0.12751677852348994 0.5622895622895623
212 0.004514999999999825 0 0 0.12751677852348994 0.5622895622895623
213 0.00407539999999984 0 0 0.12751677852348994 0.5622895622895623
214 0.005407299999999893 0 0 0.12751677852348994 0.5622895622895623
215 0.003501999999999894 0 0 0.12751677852348994 0.5622895622895623
216 0.00529999999999986 0 0 0.12751677852348994 0.5622895622895623
217 0.0040864000000000456 0 0 0.12751677852348994 0.5622895622895623
218 0.0035042000000000684 0 0 0.12751677852348994 0.5622895622895623
219 0.004407800000000073 0 0 0.12751677852348994 0.5622895622895623
220 0.003491799999999934 1 0 0.1342281879194631 0.5622895622895623
221 0.005974300000000099 0 0 0.1342281879194631 0.5622895622895623
222 0.005554200000000176 0 0 0.1342281879194631 0.5622895622895623
223 0.003919800000000029 0 0 0.1342281879194631 0.5622895622895623
224 0.004037300000000021 0 0 0.1342281879194631 0.5622895622895623
225 0.003234999999999877 0 0 0.1342281879194631 0.5622895622895623
226 0.004850500000000091 0 0 0.1342281879194631 0.5622895622895623
227 0.0039671999999999485 0 1 0.1342281879194631 0.5656565656565656
228 0.004297299999999948 1 1 0.14093959731543623 0.569023569023569
229 0.005311999999999983 0 0 0.14093959731543623 0.569023569023569
230 0.003983300000000023 1 1 0.1476510067114094 0.5723905723905723
231 0.003831799999999941 0 0 0.1476510067114094 0.5723905723905723
232 0.004952799999999868 0 0 0.1476510067114094 0.5723905723905723
233 0.0038199999999999346 0 0 0.1476510067114094 0.5723905723905723
234 0.00411640000000002 0 0 0.1476510067114094 0.5723905723905723
235 0.003450799999999976 0 0 0.1476510067114094 0.5723905723905723
236 0.0035448000000000146 0 0 0.1476510067114094 0.5723905723905723
237 0.005032099999999984 0 0 0.1476510067114094 0.5723905723905723
238 0.004555899999999946 0 0 0.1476510067114094 0.5723905723905723
239 0.005163299999999982 0 0 0.1476510067114094 0.5723905723905723
240 0.003346199999999966 0 0 0.1476510067114094 0.5723905723905723
241 0.003918500000000158 0 0 0.1476510067114094 0.5723905723905723
242 0.003651299999999802 0 0 0.1476510067114094 0.5723905723905723
243 0.003414000000000028 0 0 0.1476510067114094 0.5723905723905723
244 0.006179999999999852 0 0 0.1476510067114094 0.5723905723905723
245 0.004418199999999928 0 0 0.1476510067114094 0.5723905723905723
246 0.0043480000000000185 0 0 0.1476510067114094 0.5723905723905723
247 0.004581100000000005 0 0 0.1476510067114094 0.5723905723905723
248 0.007126999999999883 0 0 0.1476510067114094 0.5723905723905723
249 0.005692100000000089 0 0 0.1476510067114094 0.5723905723905723
250 0.004128300000000085 0 0 0.1476510067114094 0.5723905723905723
251 0.004961100000000052 0 0 0.1476510067114094 0.5723905723905723
252 0.008452600000000032 0 0 0.1476510067114094 0.5723905723905723
253 0.006958900000000101 0 0 0.1476510067114094 0.5723905723905723
254 0.0075377000000000915 0 0 0.1476510067114094 0.5723905723905723
255 0.006439299999999815 0 0 0.1476510067114094 0.5723905723905723
256 0.005182899999999879 0 0 0.1476510067114094 0.5723905723905723
257 0.0066158000000000605 0 0 0.1476510067114094 0.5723905723905723
258 0.00800219999999996 0 0 0.1476510067114094 0.5723905723905723
259 0.008940600000000076 0 0 0.1476510067114094 0.5723905723905723
260 0.006853299999999951 0 0 0.1476510067114094 0.5723905723905723
261 0.006768399999999897 0 0 0.1476510067114094 0.5723905723905723
262 0.005606100000000058 0 0 0.1476510067114094 0.5723905723905723
263 0.007829800000000109 0 0 0.1476510067114094 0.5723905723905723
264 0.005843800000000066 0 0 0.1476510067114094 0.5723905723905723
265 0.007423999999999875 0 0 0.1476510067114094 0.5723905723905723
266 0.0058989999999998766 0 0 0.1476510067114094 0.5723905723905723
267 0.004621899999999846 0 0 0.1476510067114094 0.5723905723905723
268 0.006288300000000024 0 0 0.1476510067114094 0.5723905723905723
269 0.00480820000000004 0 0 0.1476510067114094 0.5723905723905723
270 0.0042875 0 0 0.1476510067114094 0.5723905723905723
271 0.005388500000000018 0 0 0.1476510067114094 0.5723905723905723
272 0.005852699999999933 0 0 0.1476510067114094 0.5723905723905723
273 0.007046600000000014 0 0 0.1476510067114094 0.5723905723905723
274 0.007782799999999979 1 1 0.15436241610738255 0.5757575757575758
275 0.004623700000000008 0 0 0.15436241610738255 0.5757575757575758
276 0.007253900000000035 0 0 0.15436241610738255 0.5757575757575758
277 0.00575379999999992 0 0 0.15436241610738255 0.5757575757575758
278 0.006393300000000046 1 1 0.1610738255033557 0.5791245791245792
279 0.005540400000000112 0 0 0.1610738255033557 0.5791245791245792
280 0.004313000000000011 0 0 0.1610738255033557 0.5791245791245792
281 0.004163399999999928 0 0 0.1610738255033557 0.5791245791245792
282 0.0070965999999998974 0 0 0.1610738255033557 0.5791245791245792
283 0.005610300000000068 0 0 0.1610738255033557 0.5791245791245792
284 0.006747399999999848 0 0 0.1610738255033557 0.5791245791245792
285 0.005638299999999985 0 0 0.1610738255033557 0.5791245791245792
286 0.006240199999999918 0 0 0.1610738255033557 0.5791245791245792
287 0.0060298999999999214 0 0 0.1610738255033557 0.5791245791245792
288 0.004564500000000082 0 0 0.1610738255033557 0.5791245791245792
289 0.003660600000000125 0 0 0.1610738255033557 0.5791245791245792
290 0.006790499999999922 0 0 0.1610738255033557 0.5791245791245792
291 0.005351600000000012 0 0 0.1610738255033557 0.5791245791245792
292 0.006545699999999988 0 0 0.1610738255033557 0.5791245791245792
293 0.005438300000000007 0 0 0.1610738255033557 0.5791245791245792
294 0.004482799999999898 0 0 0.1610738255033557 0.5791245791245792
295 0.006743899999999803 0 0 0.1610738255033557 0.5791245791245792
296 0.003753700000000082 0 0 0.1610738255033557 0.5791245791245792
297 0.00797340000000002 0 0 0.1610738255033557 0.5791245791245792
298 0.008218800000000082 0 0 0.1610738255033557 0.5791245791245792
299 0.0055146999999999835 0 0 0.1610738255033557 0.5791245791245792
300 0.004754600000000053 0 0 0.1610738255033557 0.5791245791245792
301 0.00532240000000006 0 0 0.1610738255033557 0.5791245791245792
302 0.003573199999999943 0 0 0.1610738255033557 0.5791245791245792
303 0.006619399999999942 0 0 0.1610738255033557 0.5791245791245792
304 0.003647800000000423 0 0 0.1610738255033557 0.5791245791245792
305 0.003936599999999846 0 0 0.1610738255033557 0.5791245791245792
306 0.005238900000000157 0 0 0.1610738255033557 0.5791245791245792
307 0.005463400000000007 0 0 0.1610738255033557 0.5791245791245792
308 0.004092399999999774 0 0 0.1610738255033557 0.5791245791245792
309 0.003539099999999795 0 0 0.1610738255033557 0.5791245791245792
310 0.005608599999999964 0 0 0.1610738255033557 0.5791245791245792
311 0.004099099999999911 0 0 0.1610738255033557 0.5791245791245792
312 0.0050434999999997565 0 0 0.1610738255033557 0.5791245791245792
313 0.003662800000000299 1 1 0.16778523489932887 0.5824915824915825
314 0.004050499999999957 0 0 0.16778523489932887 0.5824915824915825
315 0.0047666999999997905 0 0 0.16778523489932887 0.5824915824915825
316 0.0037500999999999785 0 0 0.16778523489932887 0.5824915824915825
317 0.004556099999999841 0 0 0.16778523489932887 0.5824915824915825
318 0.0036957000000001905 0 0 0.16778523489932887 0.5824915824915825
319 0.0034842999999997737 0 0 0.16778523489932887 0.5824915824915825
320 0.00565199999999999 0 0 0.16778523489932887 0.5824915824915825
321 0.004922300000000046 0 0 0.16778523489932887 0.5824915824915825
322 0.0049888000000000154 0 0 0.16778523489932887 0.5824915824915825
323 0.004881300000000088 0 0 0.16778523489932887 0.5824915824915825
324 0.005047799999999825 1 0 0.174496644295302 0.5824915824915825
325 0.004417300000000068 0 0 0.174496644295302 0.5824915824915825
326 0.004261199999999743 0 0 0.174496644295302 0.5824915824915825
327 0.004985100000000298 0 0 0.174496644295302 0.5824915824915825
328 0.004750800000000055 0 0 0.174496644295302 0.5824915824915825
329 0.005003100000000149 0 0 0.174496644295302 0.5824915824915825
330 0.003508099999999903 0 0 0.174496644295302 0.5824915824915825
331 0.00454570000000043 0 0 0.174496644295302 0.5824915824915825
332 0.005129399999999951 1 0 0.18120805369127516 0.5824915824915825
333 0.0036193999999998283 0 0 0.18120805369127516 0.5824915824915825
334 0.005361000000000171 0 1 0.18120805369127516 0.5858585858585859
335 0.0037066999999999517 0 0 0.18120805369127516 0.5858585858585859
336 0.005191899999999805 0 0 0.18120805369127516 0.5858585858585859
337 0.004868699999999837 0 0 0.18120805369127516 0.5858585858585859
338 0.004371700000000089 1 0 0.18791946308724833 0.5858585858585859
339 0.005038599999999782 0 0 0.18791946308724833 0.5858585858585859
340 0.0035433999999998633 0 0 0.18791946308724833 0.5858585858585859
341 0.005037499999999806 0 0 0.18791946308724833 0.5858585858585859
342 0.0038631999999996225 0 1 0.18791946308724833 0.5892255892255892
343 0.004120800000000369 0 0 0.18791946308724833 0.5892255892255892
344 0.004918100000000258 1 1 0.19463087248322147 0.5925925925925926
345 0.005089799999999922 0 0 0.19463087248322147 0.5925925925925926
346 0.0051730999999999305 0 0 0.19463087248322147 0.5925925925925926
347 0.004816099999999768 0 0 0.19463087248322147 0.5925925925925926
348 0.004399300000000217 0 0 0.19463087248322147 0.5925925925925926
349 0.005258100000000265 0 0 0.19463087248322147 0.5925925925925926
350 0.004145400000000077 1 0 0.20134228187919462 0.5925925925925926
351 0.003952200000000072 0 0 0.20134228187919462 0.5925925925925926
352 0.003389400000000098 0 0 0.20134228187919462 0.5925925925925926
353 0.005398200000000131 0 0 0.20134228187919462 0.5925925925925926
354 0.0034290000000001264 0 0 0.20134228187919462 0.5925925925925926
355 0.004448400000000241 0 0 0.20134228187919462 0.5925925925925926
356 0.004892399999999686 0 0 0.20134228187919462 0.5925925925925926
357 0.0037685000000000635 0 0 0.20134228187919462 0.5925925925925926
358 0.004169899999999949 1 0 0.2080536912751678 0.5925925925925926
359 0.003832599999999964 0 0 0.2080536912751678 0.5925925925925926
360 0.005850399999999922 0 0 0.2080536912751678 0.5925925925925926
361 0.004157199999999861 0 1 0.2080536912751678 0.5959595959595959
362 0.005111600000000216 0 0 0.2080536912751678 0.5959595959595959
363 0.005573300000000003 0 0 0.2080536912751678 0.5959595959595959
364 0.005422900000000119 0 0 0.2080536912751678 0.5959595959595959
365 0.005785099999999765 0 1 0.2080536912751678 0.5993265993265994
366 0.005616999999999983 0 0 0.2080536912751678 0.5993265993265994
367 0.004951300000000103 0 0 0.2080536912751678 0.5993265993265994
368 0.0035162999999998057 0 0 0.2080536912751678 0.5993265993265994
369 0.004714700000000072 0 0 0.2080536912751678 0.5993265993265994
370 0.0035271999999997306 0 0 0.2080536912751678 0.5993265993265994
371 0.004302000000000028 1 1 0.21476510067114093 0.6026936026936027
372 0.0056338999999998585 1 0 0.2214765100671141 0.6026936026936027
373 0.004552499999999959 0 0 0.2214765100671141 0.6026936026936027
374 0.0046728000000002545 0 0 0.2214765100671141 0.6026936026936027
375 0.0037101000000001605 0 1 0.2214765100671141 0.6060606060606061
376 0.005365700000000029 0 0 0.2214765100671141 0.6060606060606061
377 0.005733299999999719 0 0 0.2214765100671141 0.6060606060606061
378 0.005925700000000145 0 0 0.2214765100671141 0.6060606060606061
379 0.0040800000000000836 0 0 0.2214765100671141 0.6060606060606061
380 0.004585000000000061 0 0 0.2214765100671141 0.6060606060606061
381 0.005145500000000247 0 0 0.2214765100671141 0.6060606060606061
382 0.0037089999999997403 0 0 0.2214765100671141 0.6060606060606061
383 0.004107499999999931 0 0 0.2214765100671141 0.6060606060606061
384 0.0037218000000001084 0 1 0.2214765100671141 0.6094276094276094
385 0.003781199999999707 0 0 0.2214765100671141 0.6094276094276094
386 0.004254699999999723 0 0 0.2214765100671141 0.6094276094276094
387 0.004375599999999924 0 0 0.2214765100671141 0.6094276094276094
388 0.006020399999999704 0 0 0.2214765100671141 0.6094276094276094
389 0.0035680000000000156 0 0 0.2214765100671141 0.6094276094276094
390 0.004441400000000151 0 0 0.2214765100671141 0.6094276094276094
391 0.0037346000000000323 0 0 0.2214765100671141 0.6094276094276094
392 0.0036912000000000056 0 0 0.2214765100671141 0.6094276094276094
393 0.004838599999999804 0 0 0.2214765100671141 0.6094276094276094
394 0.004166000000000114 0 0 0.2214765100671141 0.6094276094276094
395 0.004350099999999912 0 0 0.2214765100671141 0.6094276094276094
396 0.004628199999999971 0 0 0.2214765100671141 0.6094276094276094
397 0.0054202999999999335 1 1 0.22818791946308725 0.6127946127946128
398 0.005552400000000013 0 0 0.22818791946308725 0.6127946127946128
399 0.0033967000000001413 0 0 0.22818791946308725 0.6127946127946128
400 0.004866499999999885 0 0 0.22818791946308725 0.6127946127946128
401 0.00475369999999975 0 0 0.22818791946308725 0.6127946127946128
402 0.005959999999999965 0 0 0.22818791946308725 0.6127946127946128
403 0.004844199999999965 0 0 0.22818791946308725 0.6127946127946128
404 0.005714400000000008 0 0 0.22818791946308725 0.6127946127946128
405 0.0038626000000001603 0 0 0.22818791946308725 0.6127946127946128
406 0.003883599999999987 0 0 0.22818791946308725 0.6127946127946128
407 0.003999499999999934 0 0 0.22818791946308725 0.6127946127946128
408 0.003675599999999779 0 0 0.22818791946308725 0.6127946127946128
409 0.003902000000000072 0 0 0.22818791946308725 0.6127946127946128
410 0.004345499999999891 1 1 0.2348993288590604 0.6161616161616161
411 0.004351699999999958 0 0 0.2348993288590604 0.6161616161616161
412 0.005123500000000281 0 0 0.2348993288590604 0.6161616161616161
413 0.005200499999999941 1 1 0.24161073825503357 0.6195286195286195
414 0.0048040000000000305 0 0 0.24161073825503357 0.6195286195286195
415 0.005987000000000187 0 0 0.24161073825503357 0.6195286195286195
416 0.004936900000000133 0 0 0.24161073825503357 0.6195286195286195
417 0.003475500000000409 0 0 0.24161073825503357 0.6195286195286195
418 0.0037978999999999097 0 0 0.24161073825503357 0.6195286195286195
419 0.005974799999999725 0 0 0.24161073825503357 0.6195286195286195
420 0.0069272999999996365 0 0 0.24161073825503357 0.6195286195286195
421 0.005286399999999691 0 0 0.24161073825503357 0.6195286195286195
422 0.0044875000000002 1 0 0.2483221476510067 0.6195286195286195
423 0.0036753999999996623 0 0 0.2483221476510067 0.6195286195286195
424 0.003670500000000132 1 0 0.2550335570469799 0.6195286195286195
425 0.00597990000000026 0 0 0.2550335570469799 0.6195286195286195
426 0.004085700000000081 0 0 0.2550335570469799 0.6195286195286195
427 0.004205100000000073 1 0 0.26174496644295303 0.6195286195286195
428 0.006480700000000006 0 0 0.26174496644295303 0.6195286195286195
429 0.004945900000000059 1 0 0.2684563758389262 0.6195286195286195
430 0.005457799999999846 1 0 0.2751677852348993 0.6195286195286195
431 0.004053100000000143 0 1 0.2751677852348993 0.622895622895623
432 0.006566899999999709 0 0 0.2751677852348993 0.622895622895623
433 0.003933100000000245 0 1 0.2751677852348993 0.6262626262626263
434 0.005509500000000056 0 0 0.2751677852348993 0.6262626262626263
435 0.0038412999999999364 0 0 0.2751677852348993 0.6262626262626263
436 0.004136399999999707 0 0 0.2751677852348993 0.6262626262626263
437 0.005100399999999894 0 0 0.2751677852348993 0.6262626262626263
438 0.004100000000000215 0 0 0.2751677852348993 0.6262626262626263
439 0.0043280000000001095 0 0 0.2751677852348993 0.6262626262626263
440 0.003546800000000072 0 0 0.2751677852348993 0.6262626262626263
441 0.004881000000000135 0 0 0.2751677852348993 0.6262626262626263
442 0.004900499999999752 0 0 0.2751677852348993 0.6262626262626263
443 0.005547400000000202 0 0 0.2751677852348993 0.6262626262626263
444 0.0052802999999999045 0 0 0.2751677852348993 0.6262626262626263
445 0.00412390000000018 0 0 0.2751677852348993 0.6262626262626263
446 0.008094499999999893 0 0 0.2751677852348993 0.6262626262626263
447 0.00393510000000008 1 1 0.28187919463087246 0.6296296296296297
448 0.0040439999999999365 0 0 0.28187919463087246 0.6296296296296297
449 0.003946500000000075 0 1 0.28187919463087246 0.632996632996633
450 0.004624999999999879 0 0 0.28187919463087246 0.632996632996633
451 0.003799600000000236 0 0 0.28187919463087246 0.632996632996633
452 0.004526499999999878 0 0 0.28187919463087246 0.632996632996633
453 0.005637200000000231 0 0 0.28187919463087246 0.632996632996633
454 0.003921899999999923 0 0 0.28187919463087246 0.632996632996633
455 0.004358600000000212 1 0 0.28859060402684567 0.632996632996633
456 0.0037536000000000236 0 0 0.28859060402684567 0.632996632996633
457 0.003733200000000103 0 0 0.28859060402684567 0.632996632996633
458 0.007204999999999906 0 0 0.28859060402684567 0.632996632996633
459 0.005483699999999647 0 0 0.28859060402684567 0.632996632996633
460 0.005472100000000424 0 0 0.28859060402684567 0.632996632996633
461 0.005325299999999977 0 0 0.28859060402684567 0.632996632996633
462 0.007016000000000133 0 0 0.28859060402684567 0.632996632996633
463 0.005374500000000282 0 0 0.28859060402684567 0.632996632996633
464 0.0037563000000000457 0 0 0.28859060402684567 0.632996632996633
465 0.003931600000000035 0 0 0.28859060402684567 0.632996632996633
466 0.004923100000000069 0 0 0.28859060402684567 0.632996632996633
467 0.004845700000000175 0 0 0.28859060402684567 0.632996632996633
468 0.0054010999999998255 0 0 0.28859060402684567 0.632996632996633
469 0.003957200000000327 0 0 0.28859060402684567 0.632996632996633
470 0.004609000000000307 0 0 0.28859060402684567 0.632996632996633
471 0.004016900000000323 0 0 0.28859060402684567 0.632996632996633
472 0.004554900000000028 1 0 0.2953020134228188 0.632996632996633
473 0.009591700000000092 0 0 0.2953020134228188 0.632996632996633
474 0.006693500000000352 0 0 0.2953020134228188 0.632996632996633
475 0.004459699999999955 0 0 0.2953020134228188 0.632996632996633
476 0.005929000000000073 0 1 0.2953020134228188 0.6363636363636364
477 0.003951700000000002 0 0 0.2953020134228188 0.6363636363636364
478 0.00559529999999997 0 0 0.2953020134228188 0.6363636363636364
479 0.0039941000000003335 0 0 0.2953020134228188 0.6363636363636364
480 0.0037625999999999493 0 0 0.2953020134228188 0.6363636363636364
481 0.0049946999999996855 1 1 0.30201342281879195 0.6397306397306397
482 0.004127599999999898 0 0 0.30201342281879195 0.6397306397306397
483 0.006355499999999736 0 0 0.30201342281879195 0.6397306397306397
484 0.004390499999999964 0 0 0.30201342281879195 0.6397306397306397
485 0.004866500000000329 0 0 0.30201342281879195 0.6397306397306397
486 0.0038154999999999717 0 0 0.30201342281879195 0.6397306397306397
487 0.005884699999999743 0 0 0.30201342281879195 0.6397306397306397
488 0.004177299999999828 0 0 0.30201342281879195 0.6397306397306397
489 0.009785599999999839 1 0 0.3087248322147651 0.6397306397306397
490 0.006399399999999833 0 0 0.3087248322147651 0.6397306397306397
491 0.007070099999999968 0 0 0.3087248322147651 0.6397306397306397
492 0.005376099999999884 0 0 0.3087248322147651 0.6397306397306397
493 0.00395539999999972 0 0 0.3087248322147651 0.6397306397306397
494 0.0037419000000000757 0 0 0.3087248322147651 0.6397306397306397
495 0.00476130000000019 0 0 0.3087248322147651 0.6397306397306397
496 0.0038426000000000293 0 0 0.3087248322147651 0.6397306397306397
497 0.004203100000000237 0 0 0.3087248322147651 0.6397306397306397
498 0.006124299999999749 0 0 0.3087248322147651 0.6397306397306397
499 0.004922899999999952 0 0 0.3087248322147651 0.6397306397306397
500 0.003993499999999983 0 0 0.3087248322147651 0.6397306397306397
501 0.0037367999999999846 0 0 0.3087248322147651 0.6397306397306397
502 0.005200799999999894 0 0 0.3087248322147651 0.6397306397306397
503 0.004273999999999667 0 0 0.3087248322147651 0.6397306397306397
504 0.004589499999999802 0 0 0.3087248322147651 0.6397306397306397
505 0.005321400000000143 0 0 0.3087248322147651 0.6397306397306397
506 0.004331900000000388 0 0 0.3087248322147651 0.6397306397306397
507 0.0062427000000000454 1 1 0.31543624161073824 0.6430976430976431
508 0.00481990000000021 1 0 0.3221476510067114 0.6430976430976431
509 0.004024299999999759 0 0 0.3221476510067114 0.6430976430976431
510 0.003670199999999735 0 0 0.3221476510067114 0.6430976430976431
511 0.005913599999999963 0 1 0.3221476510067114 0.6464646464646465
512 0.0039109000000001615 0 0 0.3221476510067114 0.6464646464646465
513 0.004633700000000296 0 1 0.3221476510067114 0.6498316498316499
514 0.005194099999999757 0 0 0.3221476510067114 0.6498316498316499
515 0.004082700000000106 1 0 0.3288590604026846 0.6498316498316499
516 0.0040488000000000746 0 1 0.3288590604026846 0.6531986531986532
517 0.004858200000000146 0 0 0.3288590604026846 0.6531986531986532
518 0.004804199999999703 0 1 0.3288590604026846 0.6565656565656566
519 0.0037796999999999414 0 0 0.3288590604026846 0.6565656565656566
520 0.0046392000000001765 0 0 0.3288590604026846 0.6565656565656566
521 0.0049768000000001145 1 1 0.33557046979865773 0.6599326599326599
522 0.0043328000000002476 0 0 0.33557046979865773 0.6599326599326599
523 0.005119300000000049 0 0 0.33557046979865773 0.6599326599326599
524 0.004678799999999761 0 0 0.33557046979865773 0.6599326599326599
525 0.005535600000000418 0 1 0.33557046979865773 0.6632996632996633
526 0.004012299999999858 0 0 0.33557046979865773 0.6632996632996633
527 0.0035852999999996804 0 0 0.33557046979865773 0.6632996632996633
528 0.005316200000000215 0 0 0.33557046979865773 0.6632996632996633
529 0.00540499999999966 0 0 0.33557046979865773 0.6632996632996633
530 0.0064774000000000775 1 0 0.3422818791946309 0.6632996632996633
531 0.0050888000000002265 0 1 0.3422818791946309 0.6666666666666666
532 0.00504339999999992 0 0 0.3422818791946309 0.6666666666666666
533 0.003737200000000218 1 1 0.348993288590604 0.67003367003367
534 0.005206400000000055 0 0 0.348993288590604 0.67003367003367
535 0.003956099999999907 0 1 0.348993288590604 0.6734006734006734
536 0.00451479999999993 0 0 0.348993288590604 0.6734006734006734
537 0.004702100000000264 0 0 0.348993288590604 0.6734006734006734
538 0.005659099999999917 0 0 0.348993288590604 0.6734006734006734
539 0.005848999999999993 0 0 0.348993288590604 0.6734006734006734
540 0.004265699999999928 0 0 0.348993288590604 0.6734006734006734
541 0.005529200000000234 0 0 0.348993288590604 0.6734006734006734
542 0.003812899999999786 0 0 0.348993288590604 0.6734006734006734
543 0.005826499999999957 0 0 0.348993288590604 0.6734006734006734
544 0.004049999999999887 0 0 0.348993288590604 0.6734006734006734
545 0.0059155000000004065 0 0 0.348993288590604 0.6734006734006734
546 0.00390680000000021 0 0 0.348993288590604 0.6734006734006734
547 0.004299300000000006 0 0 0.348993288590604 0.6734006734006734
548 0.003992900000000077 0 0 0.348993288590604 0.6734006734006734
549 0.0036354999999996807 0 0 0.348993288590604 0.6734006734006734
550 0.005001699999999776 0 0 0.348993288590604 0.6734006734006734
551 0.004323100000000135 0 0 0.348993288590604 0.6734006734006734
552 0.004328399999999899 0 0 0.348993288590604 0.6734006734006734
553 0.005011899999999958 0 0 0.348993288590604 0.6734006734006734
554 0.004231400000000107 1 1 0.35570469798657717 0.6767676767676768
555 0.0056850999999999985 0 0 0.35570469798657717 0.6767676767676768
556 0.003694499999999934 0 0 0.35570469798657717 0.6767676767676768
557 0.004116499999999856 0 0 0.35570469798657717 0.6767676767676768
558 0.0041725000000001344 0 0 0.35570469798657717 0.6767676767676768
559 0.003714299999999948 0 0 0.35570469798657717 0.6767676767676768
560 0.005444600000000133 0 0 0.35570469798657717 0.6767676767676768
561 0.004765900000000212 0 0 0.35570469798657717 0.6767676767676768
562 0.006403200000000275 0 0 0.35570469798657717 0.6767676767676768
563 0.003789400000000054 0 0 0.35570469798657717 0.6767676767676768
564 0.004947699999999777 0 0 0.35570469798657717 0.6767676767676768
565 0.004009999999999625 0 0 0.35570469798657717 0.6767676767676768
566 0.004219899999999832 0 0 0.35570469798657717 0.6767676767676768
567 0.004408999999999885 0 0 0.35570469798657717 0.6767676767676768
568 0.003994800000000076 0 0 0.35570469798657717 0.6767676767676768
569 0.0053882999999999015 1 1 0.3624161073825503 0.6801346801346801
570 0.005599399999999921 0 0 0.3624161073825503 0.6801346801346801
571 0.005499100000000201 1 1 0.3691275167785235 0.6835016835016835
572 0.004358499999999932 1 1 0.37583892617449666 0.6868686868686869
573 0.004364099999999649 0 0 0.37583892617449666 0.6868686868686869
574 0.004132699999999989 0 0 0.37583892617449666 0.6868686868686869
575 0.004916399999999932 0 0 0.37583892617449666 0.6868686868686869
576 0.004897499999999777 0 0 0.37583892617449666 0.6868686868686869
577 0.0038410999999998197 0 0 0.37583892617449666 0.6868686868686869
578 0.004356300000000424 0 0 0.37583892617449666 0.6868686868686869
579 0.004653199999999913 0 0 0.37583892617449666 0.6868686868686869
580 0.005241400000000063 0 0 0.37583892617449666 0.6868686868686869
581 0.004445400000000266 1 0 0.3825503355704698 0.6868686868686869
582 0.004176999999999875 0 0 0.3825503355704698 0.6868686868686869
583 0.005971300000000124 0 0 0.3825503355704698 0.6868686868686869
584 0.004453100000000099 0 0 0.3825503355704698 0.6868686868686869
585 0.006934100000000054 1 1 0.38926174496644295 0.6902356902356902
586 0.005446300000000015 1 1 0.3959731543624161 0.6936026936026936
587 0.0058810999999998614 0 0 0.3959731543624161 0.6936026936026936
588 0.006011599999999895 1 1 0.40268456375838924 0.696969696969697
589 0.0054624000000003115 1 0 0.40939597315436244 0.696969696969697
590 0.003832099999999894 0 1 0.40939597315436244 0.7003367003367004
591 0.0054514999999999425 1 1 0.4161073825503356 0.7037037037037037
592 0.004530499999999993 0 0 0.4161073825503356 0.7037037037037037
593 0.005604699999999685 0 0 0.4161073825503356 0.7037037037037037
594 0.0038951000000002622 0 0 0.4161073825503356 0.7037037037037037
595 0.00486249999999977 0 0 0.4161073825503356 0.7037037037037037
596 0.004629099999999831 0 0 0.4161073825503356 0.7037037037037037
597 0.004267299999999974 0 0 0.4161073825503356 0.7037037037037037
598 0.0055189999999996076 1 0 0.4228187919463087 0.7037037037037037
599 0.005805700000000247 0 1 0.4228187919463087 0.7070707070707071
600 0.007819800000000043 0 0 0.4228187919463087 0.7070707070707071
601 0.005452400000000246 0 0 0.4228187919463087 0.7070707070707071
602 0.004320899999999739 0 0 0.4228187919463087 0.7070707070707071
603 0.005920399999999937 1 0 0.42953020134228187 0.7070707070707071
604 0.0044192000000000675 0 0 0.42953020134228187 0.7070707070707071
605 0.003743600000000402 0 0 0.42953020134228187 0.7070707070707071
606 0.008727199999999602 1 1 0.436241610738255 0.7104377104377104
607 0.00484770000000001 0 0 0.436241610738255 0.7104377104377104
608 0.005365199999999959 1 1 0.4429530201342282 0.7138047138047138
609 0.004706500000000169 0 0 0.4429530201342282 0.7138047138047138
610 0.003973499999999852 0 0 0.4429530201342282 0.7138047138047138
611 0.0038355000000001027 0 0 0.4429530201342282 0.7138047138047138
612 0.006091800000000092 0 0 0.4429530201342282 0.7138047138047138
613 0.005659000000000081 0 1 0.4429530201342282 0.7171717171717171
614 0.005516200000000193 1 1 0.44966442953020136 0.7205387205387206
615 0.004060100000000233 0 1 0.44966442953020136 0.7239057239057239
616 0.006033200000000072 0 0 0.44966442953020136 0.7239057239057239
617 0.0049984000000002915 0 0 0.44966442953020136 0.7239057239057239
618 0.004976300000000045 0 0 0.44966442953020136 0.7239057239057239
619 0.004126999999999992 0 0 0.44966442953020136 0.7239057239057239
620 0.00400070000000019 0 0 0.44966442953020136 0.7239057239057239
621 0.00528240000000002 0 0 0.44966442953020136 0.7239057239057239
622 0.004484600000000061 0 0 0.44966442953020136 0.7239057239057239
623 0.005568500000000309 0 0 0.44966442953020136 0.7239057239057239
624 0.003846299999999747 0 0 0.44966442953020136 0.7239057239057239
625 0.005404399999999754 0 0 0.44966442953020136 0.7239057239057239
626 0.0037541000000000935 0 0 0.44966442953020136 0.7239057239057239
627 0.005600600000000178 0 0 0.44966442953020136 0.7239057239057239
628 0.005230000000000068 0 0 0.44966442953020136 0.7239057239057239
629 0.006806399999999879 0 0 0.44966442953020136 0.7239057239057239
630 0.0038949000000001455 0 0 0.44966442953020136 0.7239057239057239
631 0.00459379999999987 0 0 0.44966442953020136 0.7239057239057239
632 0.005881599999999931 0 0 0.44966442953020136 0.7239057239057239
633 0.003736100000000242 0 0 0.44966442953020136 0.7239057239057239
634 0.004521399999999787 0 0 0.44966442953020136 0.7239057239057239
635 0.003961399999999671 0 0 0.44966442953020136 0.7239057239057239
636 0.00442050000000016 0 0 0.44966442953020136 0.7239057239057239
637 0.005159900000000217 0 0 0.44966442953020136 0.7239057239057239
638 0.0048040000000000305 0 0 0.44966442953020136 0.7239057239057239
639 0.004786299999999688 0 0 0.44966442953020136 0.7239057239057239
640 0.00766840000000002 1 0 0.4563758389261745 0.7239057239057239
641 0.003948199999999957 0 0 0.4563758389261745 0.7239057239057239
642 0.004732499999999806 0 0 0.4563758389261745 0.7239057239057239
643 0.006534700000000004 0 0 0.4563758389261745 0.7239057239057239
644 0.0046415999999998014 0 1 0.4563758389261745 0.7272727272727273
645 0.008376000000000161 1 0 0.46308724832214765 0.7272727272727273
646 0.007749800000000029 0 0 0.46308724832214765 0.7272727272727273
647 0.004397100000000265 0 0 0.46308724832214765 0.7272727272727273
648 0.006250200000000206 0 0 0.46308724832214765 0.7272727272727273
649 0.004970300000000094 0 0 0.46308724832214765 0.7272727272727273
650 0.005571400000000004 0 0 0.46308724832214765 0.7272727272727273
651 0.004205800000000259 1 1 0.4697986577181208 0.7306397306397306
652 0.006304700000000274 0 0 0.4697986577181208 0.7306397306397306
653 0.004302899999999887 0 0 0.4697986577181208 0.7306397306397306
654 0.007620700000000369 0 0 0.4697986577181208 0.7306397306397306
655 0.004418499999999881 0 0 0.4697986577181208 0.7306397306397306
656 0.0059306999999999555 1 0 0.47651006711409394 0.7306397306397306
657 0.0047695999999999295 1 1 0.48322147651006714 0.734006734006734
658 0.005746099999999643 0 0 0.48322147651006714 0.734006734006734
659 0.003946800000000028 0 1 0.48322147651006714 0.7373737373737373
660 0.004506400000000355 0 0 0.48322147651006714 0.7373737373737373
661 0.005826599999999793 0 0 0.48322147651006714 0.7373737373737373
662 0.004797700000000127 0 0 0.48322147651006714 0.7373737373737373
663 0.0044488000000000305 0 0 0.48322147651006714 0.7373737373737373
664 0.004023600000000016 0 0 0.48322147651006714 0.7373737373737373
665 0.005262200000000217 0 0 0.48322147651006714 0.7373737373737373
666 0.004398500000000194 0 0 0.48322147651006714 0.7373737373737373
667 0.0059107000000002685 0 0 0.48322147651006714 0.7373737373737373
668 0.003908800000000046 0 0 0.48322147651006714 0.7373737373737373
669 0.0046159999999999535 0 0 0.48322147651006714 0.7373737373737373
670 0.004375800000000041 0 0 0.48322147651006714 0.7373737373737373
671 0.004214300000000115 0 0 0.48322147651006714 0.7373737373737373
672 0.005237499999999784 0 0 0.48322147651006714 0.7373737373737373
673 0.006142500000000162 0 0 0.48322147651006714 0.7373737373737373
674 0.004685500000000342 0 0 0.48322147651006714 0.7373737373737373
675 0.0040493000000001445 0 0 0.48322147651006714 0.7373737373737373
676 0.00789749999999989 0 0 0.48322147651006714 0.7373737373737373
677 0.0061589999999998035 0 0 0.48322147651006714 0.7373737373737373
678 0.0041104000000000696 0 1 0.48322147651006714 0.7407407407407407
679 0.0054145000000001 0 0 0.48322147651006714 0.7407407407407407
680 0.004363399999999906 0 0 0.48322147651006714 0.7407407407407407
681 0.003807099999999508 0 0 0.48322147651006714 0.7407407407407407
682 0.0043469000000007085 0 0 0.48322147651006714 0.7407407407407407
683 0.004588499999999662 1 0 0.4899328859060403 0.7407407407407407
684 0.006146499999999833 0 0 0.4899328859060403 0.7407407407407407
685 0.005299299999999896 0 0 0.4899328859060403 0.7407407407407407
686 0.004449499999999773 0 0 0.4899328859060403 0.7407407407407407
687 0.004334899999999919 0 0 0.4899328859060403 0.7407407407407407
688 0.006906399999999202 0 0 0.4899328859060403 0.7407407407407407
689 0.005288100000000462 0 0 0.4899328859060403 0.7407407407407407
690 0.005897500000000555 0 0 0.4899328859060403 0.7407407407407407
691 0.005748800000000109 0 0 0.4899328859060403 0.7407407407407407
692 0.007863399999999743 0 0 0.4899328859060403 0.7407407407407407
693 0.0050338999999999245 0 0 0.4899328859060403 0.7407407407407407
694 0.005296499999999149 0 0 0.4899328859060403 0.7407407407407407
695 0.008156200000000169 0 0 0.4899328859060403 0.7407407407407407
696 0.005933999999999884 0 0 0.4899328859060403 0.7407407407407407
697 0.0054202999999999335 0 0 0.4899328859060403 0.7407407407407407
698 0.004140299999999542 0 0 0.4899328859060403 0.7407407407407407
699 0.0045071999999999335 0 0 0.4899328859060403 0.7407407407407407
700 0.004497500000000265 0 0 0.4899328859060403 0.7407407407407407
701 0.005348099999999967 0 0 0.4899328859060403 0.7407407407407407
702 0.003943800000000053 0 0 0.4899328859060403 0.7407407407407407
703 0.004827899999999552 0 0 0.4899328859060403 0.7407407407407407
704 0.005726600000000026 0 0 0.4899328859060403 0.7407407407407407
705 0.005969500000000849 0 0 0.4899328859060403 0.7407407407407407
706 0.006215000000000082 0 0 0.4899328859060403 0.7407407407407407
707 0.004808099999999982 0 0 0.4899328859060403 0.7407407407407407
708 0.0052920000000007406 0 0 0.4899328859060403 0.7407407407407407
709 0.004390000000000782 0 0 0.4899328859060403 0.7407407407407407
710 0.004531399999999408 0 1 0.4899328859060403 0.7441077441077442
711 0.005297200000000224 0 0 0.4899328859060403 0.7441077441077442
712 0.006494800000000467 0 0 0.4899328859060403 0.7441077441077442
713 0.005182599999999482 0 0 0.4899328859060403 0.7441077441077442
714 0.004235000000000433 1 1 0.4966442953020134 0.7474747474747475
715 0.004367600000000138 0 0 0.4966442953020134 0.7474747474747475
716 0.0055744000000004235 0 0 0.4966442953020134 0.7474747474747475
717 0.003919899999999643 0 0 0.4966442953020134 0.7474747474747475
718 0.004635000000000389 0 0 0.4966442953020134 0.7474747474747475
719 0.005628399999999978 0 0 0.4966442953020134 0.7474747474747475
720 0.004547099999999915 0 0 0.4966442953020134 0.7474747474747475
721 0.004561700000000002 0 0 0.4966442953020134 0.7474747474747475
722 0.004220699999999411 0 0 0.4966442953020134 0.7474747474747475
723 0.0054299000000002096 0 0 0.4966442953020134 0.7474747474747475
724 0.005017299999999558 0 0 0.4966442953020134 0.7474747474747475
725 0.005090100000000319 0 0 0.4966442953020134 0.7474747474747475
726 0.004228599999999361 0 0 0.4966442953020134 0.7474747474747475
727 0.004682100000000133 0 0 0.4966442953020134 0.7474747474747475
728 0.0050371000000000166 1 0 0.5033557046979866 0.7474747474747475
729 0.004499000000000031 0 0 0.5033557046979866 0.7474747474747475
730 0.004679600000000228 0 0 0.5033557046979866 0.7474747474747475
731 0.00459540000000036 0 0 0.5033557046979866 0.7474747474747475
732 0.005447799999999781 0 0 0.5033557046979866 0.7474747474747475
733 0.003786799999999424 0 0 0.5033557046979866 0.7474747474747475
734 0.004839099999999874 0 0 0.5033557046979866 0.7474747474747475
735 0.005040900000000015 0 0 0.5033557046979866 0.7474747474747475
736 0.004729700000000392 0 0 0.5033557046979866 0.7474747474747475
737 0.005448099999999734 0 0 0.5033557046979866 0.7474747474747475
738 0.004621799999999787 1 0 0.5100671140939598 0.7474747474747475
739 0.004691600000000129 0 1 0.5100671140939598 0.7508417508417509
740 0.004194199999999704 0 0 0.5100671140939598 0.7508417508417509
741 0.003930800000000012 0 0 0.5100671140939598 0.7508417508417509
742 0.004824300000000115 0 0 0.5100671140939598 0.7508417508417509
743 0.0049130999999995595 0 0 0.5100671140939598 0.7508417508417509
744 0.0056243000000000265 0 1 0.5100671140939598 0.7542087542087542
745 0.003979399999999522 0 0 0.5100671140939598 0.7542087542087542
746 0.0054192000000004015 0 0 0.5100671140939598 0.7542087542087542
747 0.005569699999999678 0 0 0.5100671140939598 0.7542087542087542
748 0.006076999999999444 0 0 0.5100671140939598 0.7542087542087542
749 0.0063493999999995054 0 0 0.5100671140939598 0.7542087542087542
750 0.005825999999999887 0 0 0.5100671140939598 0.7542087542087542
751 0.006479000000000568 1 1 0.5167785234899329 0.7575757575757576
752 0.005196999999999896 0 0 0.5167785234899329 0.7575757575757576
753 0.005636300000000816 0 0 0.5167785234899329 0.7575757575757576
754 0.004673999999999623 0 0 0.5167785234899329 0.7575757575757576
755 0.00409249999999961 0 0 0.5167785234899329 0.7575757575757576
756 0.0068381999999997944 0 0 0.5167785234899329 0.7575757575757576
757 0.005447799999999781 0 0 0.5167785234899329 0.7575757575757576
758 0.005487099999999856 0 0 0.5167785234899329 0.7575757575757576
759 0.003954199999999908 0 0 0.5167785234899329 0.7575757575757576
760 0.005217700000000214 0 0 0.5167785234899329 0.7575757575757576
761 0.00539220000000018 0 0 0.5167785234899329 0.7575757575757576
762 0.006879500000000149 0 0 0.5167785234899329 0.7575757575757576
763 0.006334400000000073 0 0 0.5167785234899329 0.7575757575757576
764 0.006217099999999753 0 0 0.5167785234899329 0.7575757575757576
765 0.006902900000000045 1 1 0.5234899328859061 0.7609427609427609
766 0.005958099999999966 1 1 0.5302013422818792 0.7643097643097643
767 0.005813499999999472 0 0 0.5302013422818792 0.7643097643097643
768 0.005943800000000721 0 0 0.5302013422818792 0.7643097643097643
769 0.00594960000000011 1 1 0.5369127516778524 0.7676767676767676
770 0.005610600000000687 0 0 0.5369127516778524 0.7676767676767676
771 0.005888200000000232 0 0 0.5369127516778524 0.7676767676767676
772 0.00408059999999999 0 0 0.5369127516778524 0.7676767676767676
773 0.005198000000000036 0 0 0.5369127516778524 0.7676767676767676
774 0.004876899999999296 1 1 0.5436241610738255 0.7710437710437711
775 0.005747099999999783 0 0 0.5436241610738255 0.7710437710437711
776 0.004566300000000467 0 0 0.5436241610738255 0.7710437710437711
777 0.004866100000000095 0 0 0.5436241610738255 0.7710437710437711
778 0.005244600000000155 0 0 0.5436241610738255 0.7710437710437711
779 0.00487850000000023 0 0 0.5436241610738255 0.7710437710437711
780 0.005352499999999871 0 0 0.5436241610738255 0.7710437710437711
781 0.005286299999999855 0 0 0.5436241610738255 0.7710437710437711
782 0.004728100000000346 0 0 0.5436241610738255 0.7710437710437711
783 0.00461399999999923 0 0 0.5436241610738255 0.7710437710437711
784 0.005937199999999976 0 0 0.5436241610738255 0.7710437710437711
785 0.0057541999999992655 0 0 0.5436241610738255 0.7710437710437711
786 0.005610499999999519 0 0 0.5436241610738255 0.7710437710437711
787 0.004054899999999861 0 0 0.5436241610738255 0.7710437710437711
788 0.004523199999999505 0 0 0.5436241610738255 0.7710437710437711
789 0.004363599999999579 0 0 0.5436241610738255 0.7710437710437711
790 0.005507699999999893 0 0 0.5436241610738255 0.7710437710437711
791 0.004235000000000433 0 0 0.5436241610738255 0.7710437710437711
792 0.005261100000000241 0 0 0.5436241610738255 0.7710437710437711
793 0.005856100000000808 0 0 0.5436241610738255 0.7710437710437711
794 0.004918500000000492 0 0 0.5436241610738255 0.7710437710437711
795 0.0047215999999998814 0 0 0.5436241610738255 0.7710437710437711
796 0.004964999999999442 0 0 0.5436241610738255 0.7710437710437711
797 0.005065000000000097 1 0 0.5503355704697986 0.7710437710437711
798 0.005363100000000287 0 0 0.5503355704697986 0.7710437710437711
799 0.005470100000000144 0 1 0.5503355704697986 0.7744107744107744
800 0.004520100000000582 0 0 0.5503355704697986 0.7744107744107744
801 0.00474140000000034 0 0 0.5503355704697986 0.7744107744107744
802 0.005704700000000784 0 0 0.5503355704697986 0.7744107744107744
803 0.005077299999999951 0 0 0.5503355704697986 0.7744107744107744
804 0.00428340000000027 0 0 0.5503355704697986 0.7744107744107744
805 0.004336300000000293 0 0 0.5503355704697986 0.7744107744107744
806 0.0057475000000000165 0 0 0.5503355704697986 0.7744107744107744
807 0.004411600000000071 0 0 0.5503355704697986 0.7744107744107744
808 0.005687500000000512 0 0 0.5503355704697986 0.7744107744107744
809 0.004059400000000046 0 0 0.5503355704697986 0.7744107744107744
810 0.005843399999999832 0 0 0.5503355704697986 0.7744107744107744
811 0.005301799999999801 1 1 0.5570469798657718 0.7777777777777778
812 0.005214500000000122 0 0 0.5570469798657718 0.7777777777777778
813 0.005350199999999639 0 0 0.5570469798657718 0.7777777777777778
814 0.004428100000000157 0 0 0.5570469798657718 0.7777777777777778
815 0.0063371000000005395 1 0 0.5637583892617449 0.7777777777777778
816 0.007857900000000306 0 0 0.5637583892617449 0.7777777777777778
817 0.0038696000000006947 0 0 0.5637583892617449 0.7777777777777778
818 0.0049890999999995245 0 0 0.5637583892617449 0.7777777777777778
819 0.006483499999999864 0 0 0.5637583892617449 0.7777777777777778
820 0.00547170000000019 0 0 0.5637583892617449 0.7777777777777778
821 0.006844899999999932 0 0 0.5637583892617449 0.7777777777777778
822 0.005427299999999136 0 1 0.5637583892617449 0.7811447811447811
823 0.0065411000000006325 0 0 0.5637583892617449 0.7811447811447811
824 0.005027799999999694 0 0 0.5637583892617449 0.7811447811447811
825 0.005353300000000338 0 0 0.5637583892617449 0.7811447811447811
826 0.006077200000000005 0 0 0.5637583892617449 0.7811447811447811
827 0.0051760000000005135 0 0 0.5637583892617449 0.7811447811447811
828 0.006023900000000637 0 0 0.5637583892617449 0.7811447811447811
829 0.00648820000000061 0 0 0.5637583892617449 0.7811447811447811
830 0.00531370000000031 0 0 0.5637583892617449 0.7811447811447811
831 0.005460400000000476 0 0 0.5637583892617449 0.7811447811447811
832 0.00477620000000023 0 0 0.5637583892617449 0.7811447811447811
833 0.004293000000000546 0 0 0.5637583892617449 0.7811447811447811
834 0.004835599999999829 0 0 0.5637583892617449 0.7811447811447811
835 0.005104799999999798 0 0 0.5637583892617449 0.7811447811447811
836 0.005401199999999662 1 0 0.5704697986577181 0.7811447811447811
837 0.004074999999999385 0 0 0.5704697986577181 0.7811447811447811
838 0.005183000000000604 1 1 0.5771812080536913 0.7845117845117845
839 0.0057480000000005305 0 0 0.5771812080536913 0.7845117845117845
840 0.005066999999999489 0 0 0.5771812080536913 0.7845117845117845
841 0.0063925999999998595 0 0 0.5771812080536913 0.7845117845117845
842 0.005839599999999834 0 0 0.5771812080536913 0.7845117845117845
843 0.004285499999999942 0 0 0.5771812080536913 0.7845117845117845
844 0.005749199999999455 0 0 0.5771812080536913 0.7845117845117845
845 0.005262200000000661 0 0 0.5771812080536913 0.7845117845117845
846 0.00480700000000045 0 0 0.5771812080536913 0.7845117845117845
847 0.0045424000000000575 0 0 0.5771812080536913 0.7845117845117845
848 0.004294699999999985 0 0 0.5771812080536913 0.7845117845117845
849 0.005625300000000166 0 0 0.5771812080536913 0.7845117845117845
850 0.005107499999999376 1 1 0.5838926174496645 0.7878787878787878
851 0.005121700000000118 0 0 0.5838926174496645 0.7878787878787878
852 0.006752099999999928 0 0 0.5838926174496645 0.7878787878787878
853 0.007252900000000118 1 0 0.5906040268456376 0.7878787878787878
854 0.006995899999999722 0 0 0.5906040268456376 0.7878787878787878
855 0.0052171999999997 0 0 0.5906040268456376 0.7878787878787878
856 0.005378000000000327 1 1 0.5973154362416108 0.7912457912457912
857 0.005106600000000405 0 0 0.5973154362416108 0.7912457912457912
858 0.004766700000000235 0 0 0.5973154362416108 0.7912457912457912
859 0.0044767999999999475 0 0 0.5973154362416108 0.7912457912457912
860 0.004158300000000281 0 0 0.5973154362416108 0.7912457912457912
861 0.004291499999999893 0 0 0.5973154362416108 0.7912457912457912
862 0.004906100000000357 0 0 0.5973154362416108 0.7912457912457912
863 0.005577200000000282 0 0 0.5973154362416108 0.7912457912457912
864 0.0042927999999999855 0 2 0.5973154362416108 0.797979797979798
865 0.00455860000000019 0 0 0.5973154362416108 0.797979797979798
866 0.004934200000000111 0 0 0.5973154362416108 0.797979797979798
867 0.005102599999999846 0 0 0.5973154362416108 0.797979797979798
868 0.006700799999999951 0 0 0.5973154362416108 0.797979797979798
869 0.004154800000000236 1 1 0.6040268456375839 0.8013468013468014
870 0.005146899999999732 0 0 0.6040268456375839 0.8013468013468014
871 0.007601600000000097 0 0 0.6040268456375839 0.8013468013468014
872 0.0046032000000000295 0 0 0.6040268456375839 0.8013468013468014
873 0.005755100000000013 0 0 0.6040268456375839 0.8013468013468014
874 0.006084200000000095 0 0 0.6040268456375839 0.8013468013468014
875 0.006335099999999372 0 0 0.6040268456375839 0.8013468013468014
876 0.005120699999999978 0 0 0.6040268456375839 0.8013468013468014
877 0.005286299999999855 0 0 0.6040268456375839 0.8013468013468014
878 0.005874699999999677 0 0 0.6040268456375839 0.8013468013468014
879 0.0065805000000001 0 0 0.6040268456375839 0.8013468013468014
880 0.005015400000000447 0 0 0.6040268456375839 0.8013468013468014
881 0.004958800000000707 0 0 0.6040268456375839 0.8013468013468014
882 0.005179000000000045 0 0 0.6040268456375839 0.8013468013468014
883 0.004676299999999856 0 0 0.6040268456375839 0.8013468013468014
884 0.004590199999999989 1 0 0.610738255033557 0.8013468013468014
885 0.004710999999999466 0 0 0.610738255033557 0.8013468013468014
886 0.004964100000000471 0 0 0.610738255033557 0.8013468013468014
887 0.005895899999999621 1 1 0.6174496644295302 0.8047138047138047
888 0.00581250000000022 0 0 0.6174496644295302 0.8047138047138047
889 0.006160900000000247 0 0 0.6174496644295302 0.8047138047138047
890 0.0057419000000002995 0 0 0.6174496644295302 0.8047138047138047
891 0.0050520000000000564 0 0 0.6174496644295302 0.8047138047138047
892 0.004758000000000706 0 0 0.6174496644295302 0.8047138047138047
893 0.004896399999999801 0 0 0.6174496644295302 0.8047138047138047
894 0.006121099999999657 0 0 0.6174496644295302 0.8047138047138047
895 0.006679499999999727 0 0 0.6174496644295302 0.8047138047138047
896 0.005509299999999939 0 0 0.6174496644295302 0.8047138047138047
897 0.004601899999999937 1 1 0.6241610738255033 0.8080808080808081
898 0.004826599999999459 0 1 0.6241610738255033 0.8114478114478114
899 0.004156499999999674 0 0 0.6241610738255033 0.8114478114478114
900 0.005686200000000419 0 0 0.6241610738255033 0.8114478114478114
901 0.005386500000000183 0 0 0.6241610738255033 0.8114478114478114
902 0.004955800000000288 0 0 0.6241610738255033 0.8114478114478114
903 0.0044405000000002914 0 0 0.6241610738255033 0.8114478114478114
904 0.004910199999999421 0 0 0.6241610738255033 0.8114478114478114
905 0.004873499999999531 1 1 0.6308724832214765 0.8148148148148148
906 0.005404900000000268 0 0 0.6308724832214765 0.8148148148148148
907 0.0041447999999997265 0 0 0.6308724832214765 0.8148148148148148
908 0.004921999999999649 0 0 0.6308724832214765 0.8148148148148148
909 0.0055576000000003845 0 0 0.6308724832214765 0.8148148148148148
910 0.004869400000000468 0 0 0.6308724832214765 0.8148148148148148
911 0.005697299999999572 0 0 0.6308724832214765 0.8148148148148148
912 0.0040199999999996905 0 0 0.6308724832214765 0.8148148148148148
913 0.004740599999999873 1 0 0.6375838926174496 0.8148148148148148
914 0.004883300000000368 0 0 0.6375838926174496 0.8148148148148148
915 0.004787000000000319 0 0 0.6375838926174496 0.8148148148148148
916 0.004898500000000361 0 0 0.6375838926174496 0.8148148148148148
917 0.005736800000000208 0 0 0.6375838926174496 0.8148148148148148
918 0.005757799999999591 0 0 0.6375838926174496 0.8148148148148148
919 0.00554319999999997 0 1 0.6375838926174496 0.8181818181818182
920 0.004726100000000066 0 0 0.6375838926174496 0.8181818181818182
921 0.005210800000000404 0 0 0.6375838926174496 0.8181818181818182
922 0.0054771000000002346 0 0 0.6375838926174496 0.8181818181818182
923 0.005124999999999602 0 0 0.6375838926174496 0.8181818181818182
924 0.006097600000000369 1 1 0.6442953020134228 0.8215488215488216
925 0.006624599999999425 0 0 0.6442953020134228 0.8215488215488216
926 0.006044799999999739 0 0 0.6442953020134228 0.8215488215488216
927 0.0051984000000002695 0 0 0.6442953020134228 0.8215488215488216
928 0.004672199999999904 0 0 0.6442953020134228 0.8215488215488216
929 0.004557300000000097 1 1 0.6510067114093959 0.8249158249158249
930 0.004829100000000253 0 0 0.6510067114093959 0.8249158249158249
931 0.006506599999999807 1 0 0.6577181208053692 0.8249158249158249
932 0.006408400000000647 0 0 0.6577181208053692 0.8249158249158249
933 0.005425699999999978 0 0 0.6577181208053692 0.8249158249158249
934 0.0065917999999998145 0 0 0.6577181208053692 0.8249158249158249
935 0.007364200000000487 0 0 0.6577181208053692 0.8249158249158249
936 0.0056128000000006395 0 0 0.6577181208053692 0.8249158249158249
937 0.005066099999999629 0 0 0.6577181208053692 0.8249158249158249
938 0.004321299999999972 1 0 0.6644295302013423 0.8249158249158249
939 0.005592000000000041 0 0 0.6644295302013423 0.8249158249158249
940 0.005415300000000123 0 0 0.6644295302013423 0.8249158249158249
941 0.004742799999999825 0 0 0.6644295302013423 0.8249158249158249
942 0.005533400000000022 0 0 0.6644295302013423 0.8249158249158249
943 0.0043285000000006235 0 0 0.6644295302013423 0.8249158249158249
944 0.005206900000000125 0 0 0.6644295302013423 0.8249158249158249
945 0.005302300000000315 0 0 0.6644295302013423 0.8249158249158249
946 0.005868900000000288 0 0 0.6644295302013423 0.8249158249158249
947 0.005466099999999585 0 1 0.6644295302013423 0.8282828282828283
948 0.004697100000000454 0 0 0.6644295302013423 0.8282828282828283
949 0.004335600000000106 0 0 0.6644295302013423 0.8282828282828283
950 0.0053789999999995786 0 0 0.6644295302013423 0.8282828282828283
951 0.00544980000000006 1 0 0.6711409395973155 0.8282828282828283
952 0.005856500000000153 0 0 0.6711409395973155 0.8282828282828283
953 0.005937099999999695 0 0 0.6711409395973155 0.8282828282828283
954 0.005511100000000546 0 0 0.6711409395973155 0.8282828282828283
955 0.004144300000000101 0 0 0.6711409395973155 0.8282828282828283
956 0.005004999999999704 0 0 0.6711409395973155 0.8282828282828283
957 0.004461199999999721 0 0 0.6711409395973155 0.8282828282828283
958 0.004734000000000016 0 0 0.6711409395973155 0.8282828282828283
959 0.006512800000000318 0 0 0.6711409395973155 0.8282828282828283
960 0.0055658999999996794 1 0 0.6778523489932886 0.8282828282828283
961 0.004830500000000626 0 0 0.6778523489932886 0.8282828282828283
962 0.0054864000000005575 0 0 0.6778523489932886 0.8282828282828283
963 0.005384300000000231 0 0 0.6778523489932886 0.8282828282828283
964 0.004521099999999834 1 1 0.6845637583892618 0.8316498316498316
965 0.005309699999999751 0 0 0.6845637583892618 0.8316498316498316
966 0.004377400000000087 1 0 0.6912751677852349 0.8316498316498316
967 0.004579099999999947 0 0 0.6912751677852349 0.8316498316498316
968 0.005572399999999256 0 0 0.6912751677852349 0.8316498316498316
969 0.004769599999999485 0 1 0.6912751677852349 0.835016835016835
970 0.004185399999999895 0 0 0.6912751677852349 0.835016835016835
971 0.004411000000000165 0 0 0.6912751677852349 0.835016835016835
972 0.005793500000000229 1 1 0.697986577181208 0.8383838383838383
973 0.005025999999999975 0 1 0.697986577181208 0.8417508417508418
974 0.005682600000000093 0 0 0.697986577181208 0.8417508417508418
975 0.0052411000000001096 0 0 0.697986577181208 0.8417508417508418
976 0.007447599999999888 0 0 0.697986577181208 0.8417508417508418
977 0.004500200000000731 0 0 0.697986577181208 0.8417508417508418
978 0.005183999999999855 0 0 0.697986577181208 0.8417508417508418
979 0.004793400000000503 0 0 0.697986577181208 0.8417508417508418
980 0.005123199999999883 0 0 0.697986577181208 0.8417508417508418
981 0.004768499999999953 0 0 0.697986577181208 0.8417508417508418
982 0.006350799999999879 0 1 0.697986577181208 0.8451178451178452
983 0.005383600000000044 0 0 0.697986577181208 0.8451178451178452
984 0.006280000000000285 0 0 0.697986577181208 0.8451178451178452
985 0.005799099999999946 1 0 0.7046979865771812 0.8451178451178452
986 0.008780899999999647 0 0 0.7046979865771812 0.8451178451178452
987 0.007968700000000162 0 1 0.7046979865771812 0.8484848484848485
988 0.005725599999999886 0 0 0.7046979865771812 0.8484848484848485
989 0.005701199999999851 0 0 0.7046979865771812 0.8484848484848485
990 0.0041213000000004385 0 0 0.7046979865771812 0.8484848484848485
991 0.006164399999999404 0 0 0.7046979865771812 0.8484848484848485
992 0.005648700000000062 0 0 0.7046979865771812 0.8484848484848485
993 0.0056469999999997356 0 0 0.7046979865771812 0.8484848484848485
994 0.005954599999999921 1 2 0.7114093959731543 0.8552188552188552
995 0.005973299999999959 0 0 0.7114093959731543 0.8552188552188552
996 0.005361200000000288 0 0 0.7114093959731543 0.8552188552188552
997 0.006666999999999312 1 1 0.7181208053691275 0.8585858585858586
998 0.00521830000000012 0 0 0.7181208053691275 0.8585858585858586
999 0.004435899999999826 0 0 0.7181208053691275 0.8585858585858586
1000 0.004952099999999682 1 1 0.7248322147651006 0.8619528619528619
1001 0.005036099999999877 0 0 0.7248322147651006 0.8619528619528619
1002 0.0048960000000004555 0 0 0.7248322147651006 0.8619528619528619
1003 0.005334900000000253 0 0 0.7248322147651006 0.8619528619528619
1004 0.0049373000000008105 0 0 0.7248322147651006 0.8619528619528619
1005 0.005206499999999892 0 0 0.7248322147651006 0.8619528619528619
1006 0.005971999999999866 0 0 0.7248322147651006 0.8619528619528619
1007 0.005673599999999723 0 0 0.7248322147651006 0.8619528619528619
1008 0.0058429999999995985 0 0 0.7248322147651006 0.8619528619528619
1009 0.005797300000000227 0 0 0.7248322147651006 0.8619528619528619
1010 0.004291499999999893 0 0 0.7248322147651006 0.8619528619528619
1011 0.0054435000000001565 1 0 0.7315436241610739 0.8619528619528619
1012 0.005088900000000507 0 0 0.7315436241610739 0.8619528619528619
1013 0.005752900000000061 0 0 0.7315436241610739 0.8619528619528619
1014 0.005152100000000104 0 0 0.7315436241610739 0.8619528619528619
1015 0.004860400000000098 0 0 0.7315436241610739 0.8619528619528619
1016 0.004259999999999486 0 0 0.7315436241610739 0.8619528619528619
1017 0.01031550000000081 0 0 0.7315436241610739 0.8619528619528619
1018 0.007288100000000242 0 0 0.7315436241610739 0.8619528619528619
1019 0.005788699999999203 0 0 0.7315436241610739 0.8619528619528619
1020 0.004803299999999844 0 0 0.7315436241610739 0.8619528619528619
1021 0.004162299999999952 0 0 0.7315436241610739 0.8619528619528619
1022 0.005517300000000169 0 0 0.7315436241610739 0.8619528619528619
1023 0.006256099999999876 0 0 0.7315436241610739 0.8619528619528619
1024 0.0059659000000005236 1 0 0.738255033557047 0.8619528619528619
1025 0.0065923000000003285 0 0 0.738255033557047 0.8619528619528619
1026 0.007446100000000122 0 0 0.738255033557047 0.8619528619528619
1027 0.00563849999999988 0 0 0.738255033557047 0.8619528619528619
1028 0.005492100000000555 0 0 0.738255033557047 0.8619528619528619
1029 0.006046099999999832 0 0 0.738255033557047 0.8619528619528619
1030 0.0066101999999998995 1 1 0.7449664429530202 0.8653198653198653
1031 0.004278900000000085 0 0 0.7449664429530202 0.8653198653198653
1032 0.004840100000000014 0 0 0.7449664429530202 0.8653198653198653
1033 0.004563000000000095 0 0 0.7449664429530202 0.8653198653198653
1034 0.005529900000000865 0 0 0.7449664429530202 0.8653198653198653
1035 0.00512969999999946 0 1 0.7449664429530202 0.8686868686868687
1036 0.005469199999999397 0 0 0.7449664429530202 0.8686868686868687
1037 0.004775799999999997 0 0 0.7449664429530202 0.8686868686868687
1038 0.006199699999999808 0 0 0.7449664429530202 0.8686868686868687
1039 0.004626000000000019 0 0 0.7449664429530202 0.8686868686868687
1040 0.005352199999999918 0 0 0.7449664429530202 0.8686868686868687
1041 0.004325500000000204 0 0 0.7449664429530202 0.8686868686868687
1042 0.00475419999999982 0 0 0.7449664429530202 0.8686868686868687
1043 0.009660799999999803 1 0 0.7516778523489933 0.8686868686868687
1044 0.006958500000000534 0 0 0.7516778523489933 0.8686868686868687
1045 0.005421299999999185 0 0 0.7516778523489933 0.8686868686868687
1046 0.0056364999999996 0 1 0.7516778523489933 0.8720538720538721
1047 0.004292200000000079 0 0 0.7516778523489933 0.8720538720538721
1048 0.004503299999999655 0 0 0.7516778523489933 0.8720538720538721
1049 0.004637299999999733 0 0 0.7516778523489933 0.8720538720538721
1050 0.006139100000000397 0 0 0.7516778523489933 0.8720538720538721
1051 0.006410200000000366 0 0 0.7516778523489933 0.8720538720538721
1052 0.006857200000000674 0 0 0.7516778523489933 0.8720538720538721
1053 0.0054381999999995045 0 0 0.7516778523489933 0.8720538720538721
1054 0.005430200000000163 1 0 0.7583892617449665 0.8720538720538721
1055 0.005304899999999613 0 0 0.7583892617449665 0.8720538720538721
1056 0.004617600000000444 0 0 0.7583892617449665 0.8720538720538721
1057 0.005139299999999736 0 0 0.7583892617449665 0.8720538720538721
1058 0.005806399999999989 0 0 0.7583892617449665 0.8720538720538721
1059 0.00443840000000062 0 0 0.7583892617449665 0.8720538720538721
1060 0.004802299999999704 0 0 0.7583892617449665 0.8720538720538721
1061 0.006542300000000445 0 0 0.7583892617449665 0.8720538720538721
1062 0.0052075000000000315 0 0 0.7583892617449665 0.8720538720538721
1063 0.00495800000000024 0 0 0.7583892617449665 0.8720538720538721
1064 0.004917199999999511 0 0 0.7583892617449665 0.8720538720538721
1065 0.004492700000000127 0 0 0.7583892617449665 0.8720538720538721
1066 0.005697399999999853 0 0 0.7583892617449665 0.8720538720538721
1067 0.006176299999999912 0 0 0.7583892617449665 0.8720538720538721
1068 0.005556200000000011 0 0 0.7583892617449665 0.8720538720538721
1069 0.005190200000000367 0 0 0.7583892617449665 0.8720538720538721
1070 0.006350799999999879 0 0 0.7583892617449665 0.8720538720538721
1071 0.005392399999999853 0 0 0.7583892617449665 0.8720538720538721
1072 0.005787099999999157 0 0 0.7583892617449665 0.8720538720538721
1073 0.004220699999999411 0 0 0.7583892617449665 0.8720538720538721
1074 0.004949700000000057 0 0 0.7583892617449665 0.8720538720538721
1075 0.0048304000000003455 0 0 0.7583892617449665 0.8720538720538721
1076 0.00488239999999962 0 0 0.7583892617449665 0.8720538720538721
1077 0.0047128000000000725 0 0 0.7583892617449665 0.8720538720538721
1078 0.005452999999999264 0 0 0.7583892617449665 0.8720538720538721
1079 0.0048007999999999384 0 0 0.7583892617449665 0.8720538720538721
1080 0.0059831999999993 0 0 0.7583892617449665 0.8720538720538721
1081 0.005182700000000651 0 0 0.7583892617449665 0.8720538720538721
1082 0.0060019000000002265 0 0 0.7583892617449665 0.8720538720538721
1083 0.005247999999999919 0 0 0.7583892617449665 0.8720538720538721
1084 0.005171100000000095 0 0 0.7583892617449665 0.8720538720538721
1085 0.00852490000000028 1 1 0.7651006711409396 0.8754208754208754
1086 0.005152199999999496 1 0 0.7718120805369127 0.8754208754208754
1087 0.005345600000000061 0 1 0.7718120805369127 0.8787878787878788
1088 0.005867600000000195 0 0 0.7718120805369127 0.8787878787878788
1089 0.006219999999999892 0 0 0.7718120805369127 0.8787878787878788
1090 0.006313599999999475 0 0 0.7718120805369127 0.8787878787878788
1091 0.00549839999999957 0 1 0.7718120805369127 0.8821548821548821
1092 0.006802300000000372 0 1 0.7718120805369127 0.8855218855218855
1093 0.007950199999999796 0 0 0.7718120805369127 0.8855218855218855
1094 0.004866500000000329 0 0 0.7718120805369127 0.8855218855218855
1095 0.004815800000000259 0 0 0.7718120805369127 0.8855218855218855
1096 0.005198800000000503 0 0 0.7718120805369127 0.8855218855218855
1097 0.009020900000000331 1 0 0.7785234899328859 0.8855218855218855
1098 0.004880799999999574 0 0 0.7785234899328859 0.8855218855218855
1099 0.005216700000000074 0 0 0.7785234899328859 0.8855218855218855
1100 0.006208400000000225 0 0 0.7785234899328859 0.8855218855218855
1101 0.005122500000000585 0 0 0.7785234899328859 0.8855218855218855
1102 0.004728499999999691 0 0 0.7785234899328859 0.8855218855218855
1103 0.005823999999999607 0 0 0.7785234899328859 0.8855218855218855
1104 0.007048400000000399 0 0 0.7785234899328859 0.8855218855218855
1105 0.00640760000000018 1 0 0.785234899328859 0.8855218855218855
1106 0.005648799999999454 0 0 0.785234899328859 0.8855218855218855
1107 0.006145499999999693 0 0 0.785234899328859 0.8855218855218855
1108 0.005794899999999714 0 0 0.785234899328859 0.8855218855218855
1109 0.0043991999999999365 0 0 0.785234899328859 0.8855218855218855
1110 0.00632020000000022 0 0 0.785234899328859 0.8855218855218855
1111 0.004507999999999512 0 0 0.785234899328859 0.8855218855218855
1112 0.005358300000000149 0 0 0.785234899328859 0.8855218855218855
1113 0.0057394999999997864 0 0 0.785234899328859 0.8855218855218855
1114 0.006122300000000358 0 0 0.785234899328859 0.8855218855218855
1115 0.005322000000000493 0 0 0.785234899328859 0.8855218855218855
1116 0.00498469999999962 0 0 0.785234899328859 0.8855218855218855
1117 0.006316199999999661 0 0 0.785234899328859 0.8855218855218855
1118 0.004972599999999439 0 1 0.785234899328859 0.8888888888888888
1119 0.005065400000000331 0 0 0.785234899328859 0.8888888888888888
1120 0.004917400000000072 0 0 0.785234899328859 0.8888888888888888
1121 0.006299900000000136 0 0 0.785234899328859 0.8888888888888888
1122 0.0051467000000000596 0 0 0.785234899328859 0.8888888888888888
1123 0.005087500000000134 0 0 0.785234899328859 0.8888888888888888
1124 0.00527700000000042 0 0 0.785234899328859 0.8888888888888888
1125 0.005239600000000344 0 0 0.785234899328859 0.8888888888888888
1126 0.005943699999999552 1 0 0.7919463087248322 0.8888888888888888
1127 0.005466600000000099 0 0 0.7919463087248322 0.8888888888888888
1128 0.005060099999999679 0 0 0.7919463087248322 0.8888888888888888
1129 0.004479899999999759 1 0 0.7986577181208053 0.8888888888888888
1130 0.004703399999999469 0 1 0.7986577181208053 0.8922558922558923
1131 0.00468069999999976 1 0 0.8053691275167785 0.8922558922558923
1132 0.004974599999999718 0 1 0.8053691275167785 0.8956228956228957
1133 0.0064469999999996475 0 0 0.8053691275167785 0.8956228956228957
1134 0.004650100000000101 0 0 0.8053691275167785 0.8956228956228957
1135 0.0047794999999997145 0 0 0.8053691275167785 0.8956228956228957
1136 0.004877299999999529 0 0 0.8053691275167785 0.8956228956228957
1137 0.00521830000000012 0 0 0.8053691275167785 0.8956228956228957
1138 0.00429830000000031 0 0 0.8053691275167785 0.8956228956228957
1139 0.005166500000000518 0 0 0.8053691275167785 0.8956228956228957
1140 0.00477710000000009 0 0 0.8053691275167785 0.8956228956228957
1141 0.005737299999999834 0 0 0.8053691275167785 0.8956228956228957
1142 0.005277799999999999 1 1 0.8120805369127517 0.898989898989899
1143 0.004493199999999753 0 0 0.8120805369127517 0.898989898989899
1144 0.005158899999999633 0 1 0.8120805369127517 0.9023569023569024
1145 0.005043800000000154 0 0 0.8120805369127517 0.9023569023569024
1146 0.004963300000000004 0 0 0.8120805369127517 0.9023569023569024
1147 0.007131799999999799 0 0 0.8120805369127517 0.9023569023569024
1148 0.006558899999999923 0 0 0.8120805369127517 0.9023569023569024
1149 0.006016699999999986 0 0 0.8120805369127517 0.9023569023569024
1150 0.0051586999999999605 0 0 0.8120805369127517 0.9023569023569024
1151 0.006683400000000006 0 0 0.8120805369127517 0.9023569023569024
1152 0.00846919999999951 0 0 0.8120805369127517 0.9023569023569024
1153 0.0055978999999997114 0 0 0.8120805369127517 0.9023569023569024
1154 0.007590999999999681 0 0 0.8120805369127517 0.9023569023569024
1155 0.005676799999999815 0 0 0.8120805369127517 0.9023569023569024
1156 0.0047047999999998424 0 0 0.8120805369127517 0.9023569023569024
1157 0.006100700000000181 0 0 0.8120805369127517 0.9023569023569024
1158 0.005111999999999561 1 1 0.8187919463087249 0.9057239057239057
1159 0.004845999999999684 0 0 0.8187919463087249 0.9057239057239057
1160 0.007756299999999605 0 0 0.8187919463087249 0.9057239057239057
1161 0.005831099999999978 0 0 0.8187919463087249 0.9057239057239057
1162 0.007166100000000064 0 0 0.8187919463087249 0.9057239057239057
1163 0.006401699999999622 0 0 0.8187919463087249 0.9057239057239057
1164 0.0044735999999998555 0 0 0.8187919463087249 0.9057239057239057
1165 0.0062597999999995935 0 1 0.8187919463087249 0.9090909090909091
1166 0.005596199999999385 0 0 0.8187919463087249 0.9090909090909091
1167 0.005575200000000002 0 0 0.8187919463087249 0.9090909090909091
1168 0.005528599999999884 0 0 0.8187919463087249 0.9090909090909091
1169 0.004900100000000407 0 0 0.8187919463087249 0.9090909090909091
1170 0.005131899999999412 0 0 0.8187919463087249 0.9090909090909091
1171 0.004843099999999545 0 0 0.8187919463087249 0.9090909090909091
1172 0.005450799999999312 0 0 0.8187919463087249 0.9090909090909091
1173 0.005214900000000355 0 0 0.8187919463087249 0.9090909090909091
1174 0.006011599999999895 0 0 0.8187919463087249 0.9090909090909091
1175 0.004570099999999577 0 0 0.8187919463087249 0.9090909090909091
1176 0.005846499999999644 0 0 0.8187919463087249 0.9090909090909091
1177 0.005795900000000742 0 0 0.8187919463087249 0.9090909090909091
1178 0.005680899999999767 0 0 0.8187919463087249 0.9090909090909091
1179 0.007217500000000321 0 0 0.8187919463087249 0.9090909090909091
1180 0.00487649999999995 0 0 0.8187919463087249 0.9090909090909091
1181 0.00766629999999946 0 0 0.8187919463087249 0.9090909090909091
1182 0.007603600000000377 0 0 0.8187919463087249 0.9090909090909091
1183 0.005036699999999783 0 0 0.8187919463087249 0.9090909090909091
1184 0.004716900000000024 0 0 0.8187919463087249 0.9090909090909091
1185 0.00532060000000012 0 0 0.8187919463087249 0.9090909090909091
1186 0.004935599999999596 0 0 0.8187919463087249 0.9090909090909091
1187 0.004873100000000186 0 0 0.8187919463087249 0.9090909090909091
1188 0.005294600000000038 0 0 0.8187919463087249 0.9090909090909091
1189 0.005003600000000219 0 0 0.8187919463087249 0.9090909090909091
1190 0.004835600000000717 0 0 0.8187919463087249 0.9090909090909091
1191 0.004842100000000293 0 0 0.8187919463087249 0.9090909090909091
1192 0.004489200000000082 0 0 0.8187919463087249 0.9090909090909091
1193 0.00548449999999967 1 1 0.825503355704698 0.9124579124579124
1194 0.005047799999999825 1 0 0.8322147651006712 0.9124579124579124
1195 0.004499599999999937 0 0 0.8322147651006712 0.9124579124579124
1196 0.004961999999999911 0 0 0.8322147651006712 0.9124579124579124
1197 0.0057371000000001615 0 0 0.8322147651006712 0.9124579124579124
1198 0.00521340000000059 0 0 0.8322147651006712 0.9124579124579124
1199 0.007198199999999488 1 1 0.8389261744966443 0.9158249158249159
1200 0.0072494000000000725 0 0 0.8389261744966443 0.9158249158249159
1201 0.007443600000000217 1 1 0.8456375838926175 0.9191919191919192
1202 0.007644000000000872 0 1 0.8456375838926175 0.9225589225589226
1203 0.0051696000000003295 0 0 0.8456375838926175 0.9225589225589226
1204 0.0047094999999997 0 0 0.8456375838926175 0.9225589225589226
1205 0.005192599999999992 0 0 0.8456375838926175 0.9225589225589226
1206 0.007108299999999623 0 0 0.8456375838926175 0.9225589225589226
1207 0.0067643000000003894 0 0 0.8456375838926175 0.9225589225589226
1208 0.005760299999999496 0 0 0.8456375838926175 0.9225589225589226
1209 0.005942899999999973 0 0 0.8456375838926175 0.9225589225589226
1210 0.005533500000000302 0 0 0.8456375838926175 0.9225589225589226
1211 0.006229099999999654 1 1 0.8523489932885906 0.9259259259259259
1212 0.005235199999999551 0 0 0.8523489932885906 0.9259259259259259
1213 0.004461499999999674 1 1 0.8590604026845637 0.9292929292929293
1214 0.005416499999999935 0 0 0.8590604026845637 0.9292929292929293
1215 0.006946800000000586 0 0 0.8590604026845637 0.9292929292929293
1216 0.005987700000000373 0 0 0.8590604026845637 0.9292929292929293
1217 0.006406099999999526 0 0 0.8590604026845637 0.9292929292929293
1218 0.00622480000000003 0 0 0.8590604026845637 0.9292929292929293
1219 0.0059949999999995285 0 0 0.8590604026845637 0.9292929292929293
1220 0.00691430000000004 0 0 0.8590604026845637 0.9292929292929293
1221 0.006223700000000498 0 0 0.8590604026845637 0.9292929292929293
1222 0.00545680000000015 0 0 0.8590604026845637 0.9292929292929293
1223 0.004603099999999749 0 0 0.8590604026845637 0.9292929292929293
1224 0.005357699999999355 0 0 0.8590604026845637 0.9292929292929293
1225 0.005030099999999926 0 0 0.8590604026845637 0.9292929292929293
1226 0.005068999999999768 0 0 0.8590604026845637 0.9292929292929293
1227 0.005416300000000263 0 0 0.8590604026845637 0.9292929292929293
1228 0.005399000000000598 0 0 0.8590604026845637 0.9292929292929293
1229 0.004409100000000166 0 0 0.8590604026845637 0.9292929292929293
1230 0.004940099999999781 0 0 0.8590604026845637 0.9292929292929293
1231 0.004930799999999458 0 0 0.8590604026845637 0.9292929292929293
1232 0.005594099999999713 0 0 0.8590604026845637 0.9292929292929293
1233 0.004783299999999713 0 0 0.8590604026845637 0.9292929292929293
1234 0.005068900000000376 1 0 0.8657718120805369 0.9292929292929293
1235 0.00638680000000047 0 0 0.8657718120805369 0.9292929292929293
1236 0.006145599999999973 1 0 0.87248322147651 0.9292929292929293
1237 0.005681699999999346 0 0 0.87248322147651 0.9292929292929293
1238 0.005087399999999853 0 0 0.87248322147651 0.9292929292929293
1239 0.004859899999999584 0 0 0.87248322147651 0.9292929292929293
1240 0.0049727999999999994 0 0 0.87248322147651 0.9292929292929293
1241 0.004856399999999539 0 0 0.87248322147651 0.9292929292929293
1242 0.005903700000000178 0 0 0.87248322147651 0.9292929292929293
1243 0.0052352000000004395 0 0 0.87248322147651 0.9292929292929293
1244 0.004518299999999975 0 0 0.87248322147651 0.9292929292929293
1245 0.004946499999999965 0 0 0.87248322147651 0.9292929292929293
1246 0.004612499999999464 0 0 0.87248322147651 0.9292929292929293
1247 0.00507330000000028 0 0 0.87248322147651 0.9292929292929293
1248 0.006584700000000332 0 0 0.87248322147651 0.9292929292929293
1249 0.005922600000000777 0 0 0.87248322147651 0.9292929292929293
1250 0.006082200000000704 0 1 0.87248322147651 0.9326599326599326
1251 0.0054338999999998805 0 0 0.87248322147651 0.9326599326599326
1252 0.004386199999999896 0 0 0.87248322147651 0.9326599326599326
1253 0.004849500000000617 0 0 0.87248322147651 0.9326599326599326
1254 0.006419099999999567 0 0 0.87248322147651 0.9326599326599326
1255 0.0061843000000001425 0 0 0.87248322147651 0.9326599326599326
1256 0.010198600000000724 0 0 0.87248322147651 0.9326599326599326
1257 0.008006100000000238 0 0 0.87248322147651 0.9326599326599326
1258 0.004950200000000571 0 0 0.87248322147651 0.9326599326599326
1259 0.00522909999999932 0 1 0.87248322147651 0.936026936026936
1260 0.005141599999999968 0 0 0.87248322147651 0.936026936026936
1261 0.008085900000000201 0 0 0.87248322147651 0.936026936026936
1262 0.00470570000000059 0 0 0.87248322147651 0.936026936026936
1263 0.006811299999999854 0 0 0.87248322147651 0.936026936026936
1264 0.005016799999999932 0 0 0.87248322147651 0.936026936026936
1265 0.006563100000000155 0 0 0.87248322147651 0.936026936026936
1266 0.006555200000000205 0 0 0.87248322147651 0.936026936026936
1267 0.0055245999999993245 0 0 0.87248322147651 0.936026936026936
1268 0.00571009999999994 1 0 0.8791946308724832 0.936026936026936
1269 0.006881299999999868 0 0 0.8791946308724832 0.936026936026936
1270 0.006100400000000228 0 0 0.8791946308724832 0.936026936026936
1271 0.00612929999999956 0 0 0.8791946308724832 0.936026936026936
1272 0.007400699999999816 0 0 0.8791946308724832 0.936026936026936
1273 0.005052199999999729 0 0 0.8791946308724832 0.936026936026936
1274 0.005082999999999949 0 0 0.8791946308724832 0.936026936026936
1275 0.005181699999999623 1 0 0.8859060402684564 0.936026936026936
1276 0.006184999999999441 0 0 0.8859060402684564 0.936026936026936
1277 0.005414200000000591 0 0 0.8859060402684564 0.936026936026936
1278 0.005059799999999726 0 0 0.8859060402684564 0.936026936026936
1279 0.0044519999999996784 0 1 0.8859060402684564 0.9393939393939394
1280 0.005895499999999387 0 0 0.8859060402684564 0.9393939393939394
1281 0.00626739999999959 1 1 0.8926174496644296 0.9427609427609428
1282 0.005890800000000418 1 0 0.8993288590604027 0.9427609427609428
1283 0.004750299999999541 0 0 0.8993288590604027 0.9427609427609428
1284 0.005721700000000496 0 1 0.8993288590604027 0.9461279461279462
1285 0.004540999999999684 0 0 0.8993288590604027 0.9461279461279462
1286 0.005338199999999738 0 0 0.8993288590604027 0.9461279461279462
1287 0.005594100000000601 0 0 0.8993288590604027 0.9461279461279462
1288 0.005298299999999756 0 0 0.8993288590604027 0.9461279461279462
1289 0.006019499999999844 0 0 0.8993288590604027 0.9461279461279462
1290 0.005503000000000036 0 0 0.8993288590604027 0.9461279461279462
1291 0.006230099999999794 1 1 0.9060402684563759 0.9494949494949495
1292 0.0047690999999998596 1 0 0.912751677852349 0.9494949494949495
1293 0.004936599999999736 0 0 0.912751677852349 0.9494949494949495
1294 0.005566600000000754 0 0 0.912751677852349 0.9494949494949495
1295 0.004968400000000095 0 0 0.912751677852349 0.9494949494949495
1296 0.006259599999999921 0 0 0.912751677852349 0.9494949494949495
1297 0.00431420000000049 0 0 0.912751677852349 0.9494949494949495
1298 0.004954200000000242 0 0 0.912751677852349 0.9494949494949495
1299 0.0049058999999997965 1 0 0.9194630872483222 0.9494949494949495
1300 0.005396199999999851 0 0 0.9194630872483222 0.9494949494949495
1301 0.005265999999999771 1 2 0.9261744966442953 0.9562289562289562
1302 0.005143299999999407 0 0 0.9261744966442953 0.9562289562289562
1303 0.005264399999999725 0 0 0.9261744966442953 0.9562289562289562
1304 0.006255400000000577 0 0 0.9261744966442953 0.9562289562289562
1305 0.005995100000000697 0 0 0.9261744966442953 0.9562289562289562
1306 0.004948200000000291 0 0 0.9261744966442953 0.9562289562289562
1307 0.005553299999999872 0 0 0.9261744966442953 0.9562289562289562
1308 0.004629099999999831 0 1 0.9261744966442953 0.9595959595959596
1309 0.005039100000000296 0 0 0.9261744966442953 0.9595959595959596
1310 0.005908199999999475 1 1 0.9328859060402684 0.9629629629629629
1311 0.005522899999999886 0 0 0.9328859060402684 0.9629629629629629
1312 0.004825100000000582 0 1 0.9328859060402684 0.9663299663299664
1313 0.005180700000000371 0 0 0.9328859060402684 0.9663299663299664
1314 0.005040300000000109 0 0 0.9328859060402684 0.9663299663299664
1315 0.005532099999999929 0 0 0.9328859060402684 0.9663299663299664
1316 0.005874699999999677 0 0 0.9328859060402684 0.9663299663299664
1317 0.007520599999999433 0 0 0.9328859060402684 0.9663299663299664
1318 0.00676709999999936 0 0 0.9328859060402684 0.9663299663299664
1319 0.004964600000000097 0 0 0.9328859060402684 0.9663299663299664
1320 0.005633999999999695 0 0 0.9328859060402684 0.9663299663299664
1321 0.00457929999999962 0 0 0.9328859060402684 0.9663299663299664
1322 0.0045391999999999655 0 0 0.9328859060402684 0.9663299663299664
1323 0.004743900000000245 0 0 0.9328859060402684 0.9663299663299664
1324 0.00790790000000019 0 0 0.9328859060402684 0.9663299663299664
1325 0.008034600000000225 0 0 0.9328859060402684 0.9663299663299664
1326 0.007418600000000275 0 0 0.9328859060402684 0.9663299663299664
1327 0.009234399999999532 0 0 0.9328859060402684 0.9663299663299664
1328 0.007069599999999454 0 0 0.9328859060402684 0.9663299663299664
1329 0.005637700000000301 0 0 0.9328859060402684 0.9663299663299664
1330 0.007414199999999482 0 0 0.9328859060402684 0.9663299663299664
1331 0.008798899999999499 0 0 0.9328859060402684 0.9663299663299664
1332 0.008164999999999978 0 0 0.9328859060402684 0.9663299663299664
1333 0.0064848999999993495 0 0 0.9328859060402684 0.9663299663299664
1334 0.006868200000000435 0 0 0.9328859060402684 0.9663299663299664
1335 0.008201599999999587 0 0 0.9328859060402684 0.9663299663299664
1336 0.007591999999999821 0 0 0.9328859060402684 0.9663299663299664
1337 0.005021800000000631 0 0 0.9328859060402684 0.9663299663299664
1338 0.0060973999999998085 0 0 0.9328859060402684 0.9663299663299664
1339 0.005834399999999462 0 0 0.9328859060402684 0.9663299663299664
1340 0.007390800000000475 0 0 0.9328859060402684 0.9663299663299664
1341 0.010664300000000182 1 1 0.9395973154362416 0.9696969696969697
1342 0.0073904999999996335 0 0 0.9395973154362416 0.9696969696969697
1343 0.007949799999999563 0 0 0.9395973154362416 0.9696969696969697
1344 0.007743500000000125 0 0 0.9395973154362416 0.9696969696969697
1345 0.00794370000000022 0 0 0.9395973154362416 0.9696969696969697
1346 0.008943799999999058 0 0 0.9395973154362416 0.9696969696969697
1347 0.009689399999999182 0 0 0.9395973154362416 0.9696969696969697
1348 0.008250699999999611 1 1 0.9463087248322147 0.9730639730639731
1349 0.008813599999999866 0 0 0.9463087248322147 0.9730639730639731
1350 0.008001200000000708 0 0 0.9463087248322147 0.9730639730639731
1351 0.006162300000001508 0 0 0.9463087248322147 0.9730639730639731
1352 0.00630430000000004 0 0 0.9463087248322147 0.9730639730639731
1353 0.005546100000000109 0 0 0.9463087248322147 0.9730639730639731
1354 0.006129500000000121 0 0 0.9463087248322147 0.9730639730639731
1355 0.0067789999999998685 0 0 0.9463087248322147 0.9730639730639731
1356 0.006802599999998549 0 0 0.9463087248322147 0.9730639730639731
1357 0.008813399999999305 0 0 0.9463087248322147 0.9730639730639731
1358 0.0049714999999999065 1 0 0.9530201342281879 0.9730639730639731
1359 0.01081989999999955 0 0 0.9530201342281879 0.9730639730639731
1360 0.006250200000000206 0 0 0.9530201342281879 0.9730639730639731
1361 0.008511199999999164 0 0 0.9530201342281879 0.9730639730639731
1362 0.005688100000000418 0 0 0.9530201342281879 0.9730639730639731
1363 0.006484200000000939 0 0 0.9530201342281879 0.9730639730639731
1364 0.009161100000000033 0 0 0.9530201342281879 0.9730639730639731
1365 0.005534200000001377 0 0 0.9530201342281879 0.9730639730639731
1366 0.00607869999999977 0 0 0.9530201342281879 0.9730639730639731
1367 0.006847299999998668 0 0 0.9530201342281879 0.9730639730639731
1368 0.0071934000000002385 0 0 0.9530201342281879 0.9730639730639731
1369 0.007846699999999984 0 0 0.9530201342281879 0.9730639730639731
1370 0.0058267000000000735 0 0 0.9530201342281879 0.9730639730639731
1371 0.005340099999999737 0 1 0.9530201342281879 0.9764309764309764
1372 0.006000499999998965 0 0 0.9530201342281879 0.9764309764309764
1373 0.006026300000000262 0 0 0.9530201342281879 0.9764309764309764
1374 0.009288999999998993 0 0 0.9530201342281879 0.9764309764309764
1375 0.005584299999998876 1 0 0.959731543624161 0.9764309764309764
1376 0.006155599999999595 0 0 0.959731543624161 0.9764309764309764
1377 0.00890449999999987 0 0 0.959731543624161 0.9764309764309764
1378 0.006717399999999429 0 0 0.959731543624161 0.9764309764309764
1379 0.008520299999998926 0 0 0.959731543624161 0.9764309764309764
1380 0.005474800000000002 0 0 0.959731543624161 0.9764309764309764
1381 0.007536400000001109 0 0 0.959731543624161 0.9764309764309764
1382 0.009893099999999322 0 0 0.959731543624161 0.9764309764309764
1383 0.006346100000000021 0 0 0.959731543624161 0.9764309764309764
1384 0.0064851000000007986 0 1 0.959731543624161 0.9797979797979798
1385 0.005402099999999521 0 0 0.959731543624161 0.9797979797979798
1386 0.006569499999999451 0 0 0.959731543624161 0.9797979797979798
1387 0.007622300000001303 0 0 0.959731543624161 0.9797979797979798
1388 0.008775999999999229 0 0 0.959731543624161 0.9797979797979798
1389 0.006507199999999713 0 0 0.959731543624161 0.9797979797979798
1390 0.008846199999998916 0 0 0.959731543624161 0.9797979797979798
1391 0.007852299999999701 0 0 0.959731543624161 0.9797979797979798
1392 0.005343800000000343 0 0 0.959731543624161 0.9797979797979798
1393 0.00710589999999911 0 0 0.959731543624161 0.9797979797979798
1394 0.00543279999999946 0 0 0.959731543624161 0.9797979797979798
1395 0.005252600000000385 0 0 0.959731543624161 0.9797979797979798
1396 0.005653900000000434 0 0 0.959731543624161 0.9797979797979798
1397 0.005329200000000256 0 0 0.959731543624161 0.9797979797979798
1398 0.005389799999999667 0 0 0.959731543624161 0.9797979797979798
1399 0.005758199999998936 0 0 0.959731543624161 0.9797979797979798
1400 0.006171199999998933 0 0 0.959731543624161 0.9797979797979798
1401 0.005944200000000066 0 0 0.959731543624161 0.9797979797979798
1402 0.005213399999998813 0 0 0.959731543624161 0.9797979797979798
1403 0.008645700000000645 0 0 0.959731543624161 0.9797979797979798
1404 0.006696400000000935 0 0 0.959731543624161 0.9797979797979798
1405 0.007170300000000296 0 0 0.959731543624161 0.9797979797979798
1406 0.005988699999999625 0 0 0.959731543624161 0.9797979797979798
1407 0.007311399999998969 1 0 0.9664429530201343 0.9797979797979798
1408 0.006149999999999878 0 0 0.9664429530201343 0.9797979797979798
1409 0.005615900000000451 0 1 0.9664429530201343 0.9831649831649831
1410 0.005883100000000141 0 0 0.9664429530201343 0.9831649831649831
1411 0.0068355999999987205 1 0 0.9731543624161074 0.9831649831649831
1412 0.00862899999999911 0 0 0.9731543624161074 0.9831649831649831
1413 0.0058699000000004276 0 0 0.9731543624161074 0.9831649831649831
1414 0.005080100000000698 0 0 0.9731543624161074 0.9831649831649831
1415 0.004898999999999987 0 1 0.9731543624161074 0.9865319865319865
1416 0.005512899999999377 0 0 0.9731543624161074 0.9865319865319865
1417 0.0044024000000000285 0 0 0.9731543624161074 0.9865319865319865
1418 0.005621200000000215 0 0 0.9731543624161074 0.9865319865319865
1419 0.005685399999999063 0 0 0.9731543624161074 0.9865319865319865
1420 0.005192499999999711 0 0 0.9731543624161074 0.9865319865319865
1421 0.005923100000000403 0 0 0.9731543624161074 0.9865319865319865
1422 0.004633699999999408 1 0 0.9798657718120806 0.9865319865319865
1423 0.004813500000000914 0 0 0.9798657718120806 0.9865319865319865
1424 0.004872100000000046 0 0 0.9798657718120806 0.9865319865319865
1425 0.007210199999999389 0 0 0.9798657718120806 0.9865319865319865
1426 0.006505100000000041 0 0 0.9798657718120806 0.9865319865319865
1427 0.005953299999999828 0 0 0.9798657718120806 0.9865319865319865
1428 0.00926609999999961 0 0 0.9798657718120806 0.9865319865319865
1429 0.005274200000000562 0 0 0.9798657718120806 0.9865319865319865
1430 0.005409600000000125 0 0 0.9798657718120806 0.9865319865319865
1431 0.006813799999999759 0 0 0.9798657718120806 0.9865319865319865
1432 0.008121700000000232 0 0 0.9798657718120806 0.9865319865319865
1433 0.006903199999999998 0 0 0.9798657718120806 0.9865319865319865
1434 0.009094100000000438 0 1 0.9798657718120806 0.98989898989899
1435 0.005251200000000011 0 0 0.9798657718120806 0.98989898989899
1436 0.005614899999999423 0 0 0.9798657718120806 0.98989898989899
1437 0.004531200000000624 0 0 0.9798657718120806 0.98989898989899
1438 0.005784200000000794 0 0 0.9798657718120806 0.98989898989899
1439 0.005353899999999356 0 0 0.9798657718120806 0.98989898989899
1440 0.005183499999999341 0 0 0.9798657718120806 0.98989898989899
1441 0.006738800000000822 0 0 0.9798657718120806 0.98989898989899
1442 0.008636799999999667 0 0 0.9798657718120806 0.98989898989899
1443 0.01067989999999952 0 0 0.9798657718120806 0.98989898989899
1444 0.0066011999999986415 1 1 0.9865771812080537 0.9932659932659933
1445 0.007065300000000718 0 0 0.9865771812080537 0.9932659932659933
1446 0.006233599999999839 0 0 0.9865771812080537 0.9932659932659933
1447 0.005803800000000692 0 0 0.9865771812080537 0.9932659932659933
1448 0.005945599999998663 0 0 0.9865771812080537 0.9932659932659933
1449 0.005305299999999846 1 0 0.9932885906040269 0.9932659932659933
1450 0.0052528999999985615 0 0 0.9932885906040269 0.9932659932659933
1451 0.004985700000000648 0 0 0.9932885906040269 0.9932659932659933
1452 0.005128800000001377 0 0 0.9932885906040269 0.9932659932659933
1453 0.005193000000000225 0 0 0.9932885906040269 0.9932659932659933
1454 0.007367100000001514 0 0 0.9932885906040269 0.9932659932659933
1455 0.006538100000000213 0 0 0.9932885906040269 0.9932659932659933
1456 0.008036399999999944 0 0 0.9932885906040269 0.9932659932659933
1457 0.00713959999999858 0 0 0.9932885906040269 0.9932659932659933
1458 0.006954500000000863 0 0 0.9932885906040269 0.9932659932659933
1459 0.005091399999999524 0 0 0.9932885906040269 0.9932659932659933
1460 0.005349299999998891 0 1 0.9932885906040269 0.9966329966329966
1461 0.005429499999999976 0 0 0.9932885906040269 0.9966329966329966
1462 0.0049808000000002295 0 0 0.9932885906040269 0.9966329966329966
1463 0.006265199999999638 0 0 0.9932885906040269 0.9966329966329966
1464 0.006530300000001432 0 0 0.9932885906040269 0.9966329966329966
1465 0.005111400000000543 0 0 0.9932885906040269 0.9966329966329966
1466 0.007222600000000412 1 1 1.0 1.0
