100 1.0 0.1
1 0.0027048999999999823 1 0 0.010101010101010102 0.5025380710659898
2 0.002126899999999987 1 0 0.020202020202020204 0.5025380710659898
3 0.0020675 1 0 0.030303030303030304 0.5025380710659898
4 0.0019850000000000145 1 0 0.04040404040404041 0.5025380710659898
5 0.002856000000000025 1 0 0.050505050505050504 0.5025380710659898
6 0.002718300000000007 1 1 0.06060606060606061 0.5076142131979695
7 0.0027003000000000443 1 1 0.0707070707070707 0.5126903553299492
8 0.002750399999999986 1 0 0.08080808080808081 0.5126903553299492
9 0.0027618000000000364 1 0 0.09090909090909091 0.5126903553299492
10 0.002861699999999967 1 0 0.10101010101010101 0.5126903553299492
11 0.0028309999999999724 1 1 0.1111111111111111 0.5177664974619289
12 0.0028538000000000174 1 2 0.12121212121212122 0.5279187817258884
13 0.0028911999999999827 1 2 0.13131313131313133 0.5380710659898477
14 0.0030670999999999893 1 0 0.1414141414141414 0.5380710659898477
15 0.002892700000000026 1 0 0.15151515151515152 0.5380710659898477
16 0.003000400000000014 1 2 0.16161616161616163 0.5482233502538071
17 0.0029426000000000174 1 0 0.1717171717171717 0.5482233502538071
18 0.0029841999999999924 1 2 0.18181818181818182 0.5583756345177665
19 0.0029976000000000447 1 1 0.1919191919191919 0.5634517766497462
20 0.0029172000000000087 1 1 0.20202020202020202 0.5685279187817259
21 0.003019800000000017 1 0 0.21212121212121213 0.5685279187817259
22 0.0030403999999999987 1 1 0.2222222222222222 0.5736040609137056
23 0.003027700000000022 1 0 0.23232323232323232 0.5736040609137056
24 0.002960000000000018 1 1 0.24242424242424243 0.5786802030456852
25 0.0031342000000000314 1 1 0.25252525252525254 0.583756345177665
26 0.00314399999999998 1 1 0.26262626262626265 0.5888324873096447
27 0.0031924000000000397 1 3 0.2727272727272727 0.6040609137055838
28 0.0031826999999999828 1 0 0.2828282828282828 0.6040609137055838
29 0.003297400000000006 1 0 0.29292929292929293 0.6040609137055838
30 0.003250500000000045 1 2 0.30303030303030304 0.6142131979695431
31 0.0032915000000000028 1 3 0.31313131313131315 0.6294416243654822
32 0.0022825000000000206 1 0 0.32323232323232326 0.6294416243654822
33 0.002563599999999999 1 1 0.3333333333333333 0.6345177664974619
34 0.002656999999999965 1 2 0.3434343434343434 0.6446700507614214
35 0.002481399999999967 1 1 0.35353535353535354 0.649746192893401
36 0.0025795000000000123 1 1 0.36363636363636365 0.6548223350253807
37 0.002553699999999992 1 1 0.37373737373737376 0.6598984771573604
38 0.0034692000000000056 1 1 0.3838383838383838 0.6649746192893401
39 0.003369600000000028 1 0 0.3939393939393939 0.6649746192893401
40 0.0035563000000000122 1 1 0.40404040404040403 0.6700507614213198
41 0.0034813000000000205 1 0 0.41414141414141414 0.6700507614213198
42 0.0027948000000000417 1 0 0.42424242424242425 0.6700507614213198
43 0.00245780000000001 1 2 0.43434343434343436 0.6802030456852792
44 0.0027551999999999577 1 1 0.4444444444444444 0.6852791878172588
45 0.002651500000000029 1 0 0.45454545454545453 0.6852791878172588
46 0.002777200000000035 1 0 0.46464646464646464 0.6852791878172588
47 0.0027107000000000103 1 0 0.47474747474747475 0.6852791878172588
48 0.0025704999999999756 1 2 0.48484848484848486 0.6954314720812182
49 0.0027884999999999716 1 1 0.494949494949495 0.700507614213198
50 0.0026237000000000066 1 0 0.5050505050505051 0.700507614213198
51 0.0027780000000000027 1 0 0.5151515151515151 0.700507614213198
52 0.0031688999999999745 1 2 0.5252525252525253 0.7106598984771574
53 0.002776899999999971 1 2 0.5353535353535354 0.7208121827411168
54 0.002868899999999952 1 0 0.5454545454545454 0.7208121827411168
55 0.002861400000000014 1 2 0.5555555555555556 0.7309644670050761
56 0.0028911000000000353 1 0 0.5656565656565656 0.7309644670050761
57 0.0028378000000000014 1 1 0.5757575757575758 0.7360406091370558
58 0.002933000000000019 1 0 0.5858585858585859 0.7360406091370558
59 0.002792600000000034 1 1 0.5959595959595959 0.7411167512690355
60 0.0026761000000000146 1 0 0.6060606060606061 0.7411167512690355
61 0.002871300000000021 1 3 0.6161616161616161 0.7563451776649747
62 0.0026668000000000247 1 0 0.6262626262626263 0.7563451776649747
63 0.0027336000000000027 1 0 0.6363636363636364 0.7563451776649747
64 0.0027055999999999747 1 1 0.6464646464646465 0.7614213197969543
65 0.002759899999999982 1 0 0.6565656565656566 0.7614213197969543
66 0.0026897999999999644 1 2 0.6666666666666666 0.7715736040609137
67 0.003995300000000035 1 2 0.6767676767676768 0.7817258883248731
68 0.002960499999999977 1 0 0.6868686868686869 0.7817258883248731
69 0.0029547000000000323 1 1 0.696969696969697 0.7868020304568528
70 0.002997799999999995 1 0 0.7070707070707071 0.7868020304568528
71 0.003039100000000017 1 1 0.7171717171717171 0.7918781725888325
72 0.002730800000000033 1 1 0.7272727272727273 0.7969543147208121
73 0.003104600000000013 1 0 0.7373737373737373 0.7969543147208121
74 0.0030999999999999917 1 2 0.7474747474747475 0.8071065989847716
75 0.0029449999999999754 1 0 0.7575757575757576 0.8071065989847716
76 0.0029424000000000117 1 1 0.7676767676767676 0.8121827411167513
77 0.003232999999999986 1 1 0.7777777777777778 0.817258883248731
78 0.0031383000000000383 1 2 0.7878787878787878 0.8274111675126904
79 0.0031362999999999808 1 4 0.797979797979798 0.8477157360406091
80 0.002947499999999992 1 0 0.8080808080808081 0.8477157360406091
81 0.003080300000000036 1 1 0.8181818181818182 0.8527918781725888
82 0.0031437999999999744 1 3 0.8282828282828283 0.868020304568528
83 0.00300640000000002 1 0 0.8383838383838383 0.868020304568528
84 0.003108100000000058 1 1 0.8484848484848485 0.8730964467005076
85 0.004288999999999987 1 0 0.8585858585858586 0.8730964467005076
86 0.004475400000000018 1 0 0.8686868686868687 0.8730964467005076
87 0.004371400000000025 1 2 0.8787878787878788 0.883248730964467
88 0.004377200000000081 1 1 0.8888888888888888 0.8883248730964467
89 0.004199700000000028 1 3 0.898989898989899 0.9035532994923858
90 0.004451899999999953 1 0 0.9090909090909091 0.9035532994923858
91 0.004393899999999951 1 0 0.9191919191919192 0.9035532994923858
92 0.004158900000000076 1 2 0.9292929292929293 0.9137055837563451
93 0.004322900000000018 1 2 0.9393939393939394 0.9238578680203046
94 0.004504199999999958 1 2 0.9494949494949495 0.934010152284264
95 0.003518800000000044 1 0 0.9595959595959596 0.934010152284264
96 0.0032952000000000536 1 2 0.9696969696969697 0.9441624365482234
97 0.003094800000000064 1 0 0.9797979797979798 0.9441624365482234
98 0.004434900000000019 1 1 0.98989898989899 0.949238578680203
99 0.0032667000000000668 1 2 1.0 0.9593908629441624
100 0.0033651000000000098 0 1 1.0 0.9644670050761421
101 0.0031767000000000323 0 0 1.0 0.9644670050761421
102 0.0034100999999999715 0 1 1.0 0.9695431472081218
103 0.003233999999999959 0 2 1.0 0.9796954314720813
104 0.003510499999999972 0 0 1.0 0.9796954314720813
105 0.00348460000000006 0 0 1.0 0.9796954314720813
106 0.0033351999999999826 0 1 1.0 0.9847715736040609
107 0.003320600000000007 0 0 1.0 0.9847715736040609
108 0.0033892999999999285 0 0 1.0 0.9847715736040609
109 0.003332899999999972 0 1 1.0 0.9898477157360406
110 0.0035015999999999936 0 0 1.0 0.9898477157360406
111 0.00327770000000005 0 0 1.0 0.9898477157360406
112 0.0032272000000000967 0 0 1.0 0.9898477157360406
113 0.0033322999999999547 0 0 1.0 0.9898477157360406
114 0.0032471000000000583 0 0 1.0 0.9898477157360406
115 0.0032217999999999414 0 0 1.0 0.9898477157360406
116 0.004730899999999982 0 1 1.0 0.9949238578680203
117 0.004723900000000003 0 0 1.0 0.9949238578680203
118 0.00460830000000001 0 0 1.0 0.9949238578680203
119 0.003287599999999946 0 0 1.0 0.9949238578680203
120 0.0037267000000000827 0 0 1.0 0.9949238578680203
121 0.003437200000000029 0 0 1.0 0.9949238578680203
122 0.0034731000000000067 0 0 1.0 0.9949238578680203
123 0.0032489999999999464 0 0 1.0 0.9949238578680203
124 0.0033832000000000306 0 0 1.0 0.9949238578680203
125 0.0032964999999999245 0 0 1.0 0.9949238578680203
126 0.003329399999999927 0 0 1.0 0.9949238578680203
127 0.0034136000000000166 0 0 1.0 0.9949238578680203
128 0.0033379000000000048 0 0 1.0 0.9949238578680203
129 0.003512699999999924 0 0 1.0 0.9949238578680203
130 0.0032292999999999905 0 0 1.0 0.9949238578680203
131 0.003635799999999967 0 1 1.0 1.0
