30 0.6 0.9
1 0.0007433000000000023 1 0 0.034482758620689655 0.5087719298245614
2 0.0006318000000000157 1 1 0.06896551724137931 0.5263157894736842
3 0.0006884999999999808 0 0 0.06896551724137931 0.5263157894736842
4 0.0006555000000000033 1 1 0.10344827586206896 0.543859649122807
5 0.0006659999999999999 1 1 0.13793103448275862 0.5614035087719298
6 0.0006583000000000006 1 1 0.1724137931034483 0.5789473684210527
7 0.0007497999999999949 1 1 0.20689655172413793 0.5964912280701754
8 0.0011722999999999872 1 1 0.2413793103448276 0.6140350877192983
9 0.0010860000000000036 0 0 0.2413793103448276 0.6140350877192983
10 0.0009680999999999995 0 0 0.2413793103448276 0.6140350877192983
11 0.0009315000000000018 0 0 0.2413793103448276 0.6140350877192983
12 0.0008240999999999943 1 1 0.27586206896551724 0.631578947368421
13 0.0020114999999999994 1 1 0.3103448275862069 0.6491228070175439
14 0.0009794999999999943 0 0 0.3103448275862069 0.6491228070175439
15 0.0007957000000000103 1 1 0.3448275862068966 0.6666666666666666
16 0.0008245000000000058 1 1 0.3793103448275862 0.6842105263157895
17 0.0008129000000000053 0 0 0.3793103448275862 0.6842105263157895
18 0.0009038000000000102 0 0 0.3793103448275862 0.6842105263157895
19 0.0016209999999999836 1 1 0.41379310344827586 0.7017543859649122
20 0.0011599999999999944 1 0 0.4482758620689655 0.7017543859649122
21 0.001231099999999985 1 2 0.4827586206896552 0.7368421052631579
22 0.000810100000000008 1 1 0.5172413793103449 0.7543859649122807
23 0.001386499999999985 1 1 0.5517241379310345 0.7719298245614035
24 0.001539899999999983 1 1 0.5862068965517241 0.7894736842105263
25 0.0010196000000000094 1 1 0.6206896551724138 0.8070175438596491
26 0.0011480999999999852 1 1 0.6551724137931034 0.8245614035087719
27 0.0008911000000000058 1 0 0.6896551724137931 0.8245614035087719
28 0.000890700000000022 0 1 0.6896551724137931 0.8421052631578947
29 0.0011445000000000205 0 0 0.6896551724137931 0.8421052631578947
30 0.0010166999999999815 0 0 0.6896551724137931 0.8421052631578947
31 0.0010342000000000129 0 0 0.6896551724137931 0.8421052631578947
32 0.0010074000000000194 1 1 0.7241379310344828 0.8596491228070176
33 0.0009374000000000049 1 1 0.7586206896551724 0.8771929824561403
34 0.00092310000000001 1 1 0.7931034482758621 0.8947368421052632
35 0.0010137000000000063 0 0 0.7931034482758621 0.8947368421052632
36 0.0010571000000000053 1 1 0.8275862068965517 0.9122807017543859
37 0.001057499999999989 1 1 0.8620689655172413 0.9298245614035088
38 0.0010145999999999766 1 1 0.896551724137931 0.9473684210526315
39 0.0010812000000000044 1 1 0.9310344827586207 0.9649122807017544
40 0.0014575000000000005 0 0 0.9310344827586207 0.9649122807017544
41 0.0015751999999999988 0 0 0.9310344827586207 0.9649122807017544
42 0.0011006000000000071 1 1 0.9655172413793104 0.9824561403508771
43 0.0009828000000000059 1 1 1.0 1.0
