125 0.8 0.2
1 0.00295200000000001 1 0 0.008064516129032258 0.5020242914979757
2 0.0027629000000000126 1 1 0.016129032258064516 0.5060728744939271
3 0.003074599999999983 1 0 0.024193548387096774 0.5060728744939271
4 0.002463900000000019 1 0 0.03225806451612903 0.5060728744939271
5 0.0028175000000000283 1 1 0.04032258064516129 0.5101214574898786
6 0.003012600000000032 1 0 0.04838709677419355 0.5101214574898786
7 0.003268099999999996 1 1 0.056451612903225805 0.5141700404858299
8 0.0025511000000000283 1 1 0.06451612903225806 0.5182186234817814
9 0.00261610000000001 1 0 0.07258064516129033 0.5182186234817814
10 0.0035863000000000422 0 0 0.07258064516129033 0.5182186234817814
11 0.0034509000000000345 1 1 0.08064516129032258 0.5222672064777328
12 0.00381999999999999 1 2 0.08870967741935484 0.5303643724696356
13 0.003142900000000004 1 1 0.0967741935483871 0.5344129554655871
14 0.0031194999999999973 1 0 0.10483870967741936 0.5344129554655871
15 0.003066900000000039 1 1 0.11290322580645161 0.5384615384615384
16 0.0027801000000000076 1 3 0.12096774193548387 0.5506072874493927
17 0.0030464000000000047 1 0 0.12903225806451613 0.5506072874493927
18 0.0029444000000000137 1 1 0.13709677419354838 0.5546558704453441
19 0.002765500000000032 1 0 0.14516129032258066 0.5546558704453441
20 0.0033141999999999894 1 3 0.1532258064516129 0.5668016194331984
21 0.0034795999999999716 1 0 0.16129032258064516 0.5668016194331984
22 0.003087300000000015 0 1 0.16129032258064516 0.5708502024291497
23 0.002896999999999983 0 0 0.16129032258064516 0.5708502024291497
24 0.0031140000000000057 1 0 0.1693548387096774 0.5708502024291497
25 0.0032732000000000316 1 0 0.1774193548387097 0.5708502024291497
26 0.002916099999999977 1 1 0.18548387096774194 0.5748987854251012
27 0.003622100000000017 1 2 0.1935483870967742 0.582995951417004
28 0.002807600000000021 1 0 0.20161290322580644 0.582995951417004
29 0.003265000000000018 1 1 0.20967741935483872 0.5870445344129555
30 0.0031933999999999574 1 1 0.21774193548387097 0.5910931174089069
31 0.0036600999999999995 1 2 0.22580645161290322 0.5991902834008097
32 0.003049000000000024 1 1 0.23387096774193547 0.6032388663967612
33 0.0038112000000000146 1 0 0.24193548387096775 0.6032388663967612
34 0.003011099999999989 1 1 0.25 0.6072874493927125
35 0.004125500000000004 1 1 0.25806451612903225 0.611336032388664
36 0.0030069000000000345 1 0 0.2661290322580645 0.611336032388664
37 0.0037288999999999795 1 0 0.27419354838709675 0.611336032388664
38 0.0035363000000000477 1 1 0.28225806451612906 0.6153846153846154
39 0.002945000000000031 0 3 0.28225806451612906 0.6275303643724697
40 0.0033402000000000154 1 0 0.2903225806451613 0.6275303643724697
41 0.003109200000000034 1 2 0.29838709677419356 0.6356275303643725
42 0.003423799999999977 1 2 0.3064516129032258 0.6437246963562753
43 0.003891499999999992 1 0 0.31451612903225806 0.6437246963562753
44 0.003251000000000004 1 1 0.3225806451612903 0.6477732793522267
45 0.0031551000000000218 1 1 0.33064516129032256 0.6518218623481782
46 0.0038165000000000004 1 1 0.3387096774193548 0.6558704453441295
47 0.003136099999999975 1 1 0.3467741935483871 0.659919028340081
48 0.0034433999999999854 1 1 0.3548387096774194 0.6639676113360324
49 0.004186999999999996 1 1 0.3629032258064516 0.6680161943319838
50 0.0030527999999999667 1 1 0.3709677419354839 0.6720647773279352
51 0.003937400000000035 1 1 0.3790322580645161 0.6761133603238867
52 0.003123400000000054 0 0 0.3790322580645161 0.6761133603238867
53 0.0037053000000000225 1 2 0.3870967741935484 0.6842105263157895
54 0.003472600000000048 1 0 0.3951612903225806 0.6842105263157895
55 0.003650200000000048 1 0 0.4032258064516129 0.6842105263157895
56 0.004499099999999978 1 1 0.4112903225806452 0.6882591093117408
57 0.0032287000000000843 1 1 0.41935483870967744 0.6923076923076923
58 0.0038291000000000297 1 0 0.4274193548387097 0.6923076923076923
59 0.0034004999999999175 1 2 0.43548387096774194 0.7004048582995951
60 0.0033133000000000745 0 1 0.43548387096774194 0.7044534412955465
61 0.003807600000000022 0 0 0.43548387096774194 0.7044534412955465
62 0.003348899999999988 1 0 0.4435483870967742 0.7044534412955465
63 0.0037121999999999433 0 0 0.4435483870967742 0.7044534412955465
64 0.004338999999999982 0 0 0.4435483870967742 0.7044534412955465
65 0.004822300000000057 1 0 0.45161290322580644 0.7044534412955465
66 0.0037418999999999647 1 1 0.4596774193548387 0.708502024291498
67 0.0032967999999999886 1 1 0.46774193548387094 0.7125506072874493
68 0.0036859000000000197 1 2 0.47580645161290325 0.7206477732793523
69 0.004406600000000038 1 1 0.4838709677419355 0.7246963562753036
70 0.003227599999999997 1 0 0.49193548387096775 0.7246963562753036
71 0.004302000000000028 0 1 0.49193548387096775 0.728744939271255
72 0.0035296000000000216 1 0 0.5 0.728744939271255
73 0.003820599999999952 0 2 0.5 0.7368421052631579
74 0.0043295999999999335 0 1 0.5 0.7408906882591093
75 0.0039036999999999544 0 0 0.5 0.7408906882591093
76 0.0037194000000000393 1 0 0.5080645161290323 0.7408906882591093
77 0.003794299999999917 1 1 0.5161290322580645 0.7449392712550608
78 0.003792100000000076 1 0 0.5241935483870968 0.7449392712550608
79 0.003933500000000034 1 2 0.532258064516129 0.7530364372469636
80 0.00344040000000001 1 1 0.5403225806451613 0.757085020242915
81 0.006547999999999998 1 0 0.5483870967741935 0.757085020242915
82 0.004093400000000025 1 1 0.5564516129032258 0.7611336032388664
83 0.004778500000000019 1 0 0.5645161290322581 0.7611336032388664
84 0.003894799999999976 1 0 0.5725806451612904 0.7611336032388664
85 0.003945000000000087 1 2 0.5806451612903226 0.7692307692307693
86 0.003975900000000032 1 0 0.5887096774193549 0.7692307692307693
87 0.0036935999999999636 1 1 0.5967741935483871 0.7732793522267206
88 0.005104200000000003 0 1 0.5967741935483871 0.7773279352226721
89 0.003746799999999939 1 1 0.6048387096774194 0.7813765182186235
90 0.003977500000000078 0 1 0.6048387096774194 0.7854251012145749
91 0.005509800000000009 1 1 0.6129032258064516 0.7894736842105263
92 0.004155400000000031 1 0 0.6209677419354839 0.7894736842105263
93 0.004407899999999909 1 0 0.6290322580645161 0.7894736842105263
94 0.003674499999999914 0 0 0.6290322580645161 0.7894736842105263
95 0.004202099999999986 0 2 0.6290322580645161 0.7975708502024291
96 0.003767100000000023 1 0 0.6370967741935484 0.7975708502024291
97 0.0036072000000000326 1 0 0.6451612903225806 0.7975708502024291
98 0.00392339999999991 1 0 0.6532258064516129 0.7975708502024291
99 0.0036371000000000597 0 1 0.6532258064516129 0.8016194331983806
100 0.004046800000000017 1 1 0.6612903225806451 0.805668016194332
101 0.005110600000000076 1 2 0.6693548387096774 0.8137651821862348
102 0.0035182999999999742 0 0 0.6693548387096774 0.8137651821862348
103 0.0043628 1 0 0.6774193548387096 0.8137651821862348
104 0.004050999999999916 0 1 0.6774193548387096 0.8178137651821862
105 0.004193899999999973 1 2 0.6854838709677419 0.8259109311740891
106 0.004978099999999985 1 1 0.6935483870967742 0.8299595141700404
107 0.004492900000000022 1 1 0.7016129032258065 0.8340080971659919
108 0.004136300000000093 1 0 0.7096774193548387 0.8340080971659919
109 0.005584499999999992 1 1 0.717741935483871 0.8380566801619433
110 0.004540100000000047 1 0 0.7258064516129032 0.8380566801619433
111 0.005072700000000041 0 1 0.7258064516129032 0.8421052631578947
112 0.0038211000000000217 1 3 0.7338709677419355 0.854251012145749
113 0.004268500000000008 1 0 0.7419354838709677 0.854251012145749
114 0.0039733000000000684 1 0 0.75 0.854251012145749
115 0.00393829999999995 1 4 0.7580645161290323 0.8704453441295547
116 0.0044071999999999445 1 2 0.7661290322580645 0.8785425101214575
117 0.004058699999999971 1 0 0.7741935483870968 0.8785425101214575
118 0.004510299999999967 1 1 0.782258064516129 0.8825910931174089
119 0.004512899999999931 1 1 0.7903225806451613 0.8866396761133604
120 0.0037282000000000703 1 1 0.7983870967741935 0.8906882591093117
121 0.004198100000000093 1 1 0.8064516129032258 0.8947368421052632
122 0.004305100000000062 1 1 0.8145161290322581 0.8987854251012146
123 0.004341499999999998 0 0 0.8145161290322581 0.8987854251012146
124 0.003990700000000014 1 1 0.8225806451612904 0.902834008097166
125 0.005198299999999989 1 0 0.8306451612903226 0.902834008097166
126 0.005080799999999996 1 0 0.8387096774193549 0.902834008097166
127 0.004121700000000006 1 0 0.8467741935483871 0.902834008097166
128 0.004784400000000022 1 0 0.8548387096774194 0.902834008097166
129 0.004925500000000027 1 0 0.8629032258064516 0.902834008097166
130 0.004208600000000007 1 0 0.8709677419354839 0.902834008097166
131 0.004834499999999964 1 2 0.8790322580645161 0.9109311740890689
132 0.004093700000000089 1 3 0.8870967741935484 0.9230769230769231
133 0.005370199999999992 1 0 0.8951612903225806 0.9230769230769231
134 0.004870799999999953 1 1 0.9032258064516129 0.9271255060728745
135 0.004632300000000034 0 1 0.9032258064516129 0.9311740890688259
136 0.004577300000000006 1 1 0.9112903225806451 0.9352226720647774
137 0.004014999999999991 1 0 0.9193548387096774 0.9352226720647774
138 0.0044136000000000175 1 4 0.9274193548387096 0.951417004048583
139 0.0044381 1 1 0.9354838709677419 0.9554655870445344
140 0.004783099999999929 1 1 0.9435483870967742 0.9595141700404858
141 0.004033999999999982 1 1 0.9516129032258065 0.9635627530364372
142 0.0047407999999999895 1 0 0.9596774193548387 0.9635627530364372
143 0.005227699999999946 1 1 0.967741935483871 0.9676113360323887
144 0.004598300000000055 1 1 0.9758064516129032 0.97165991902834
145 0.006206499999999893 0 1 0.9758064516129032 0.9757085020242915
146 0.00400289999999992 1 1 0.9838709677419355 0.979757085020243
147 0.0053322999999999565 0 1 0.9838709677419355 0.9838056680161943
148 0.0045071999999999335 1 1 0.9919354838709677 0.9878542510121457
149 0.004807700000000081 1 0 1.0 0.9878542510121457
150 0.005089699999999975 0 1 1.0 0.9919028340080972
151 0.005140099999999981 0 0 1.0 0.9919028340080972
152 0.005040600000000062 0 0 1.0 0.9919028340080972
153 0.004507499999999998 0 1 1.0 0.9959514170040485
154 0.004386900000000082 0 0 1.0 0.9959514170040485
155 0.004566300000000023 0 0 1.0 0.9959514170040485
156 0.005267399999999922 0 0 1.0 0.9959514170040485
157 0.004521999999999915 0 0 1.0 0.9959514170040485
158 0.005629200000000001 0 1 1.0 1.0
