170 0.3 0.8
1 0.003485199999999966 0 0 0.0 0.5014836795252225
2 0.003722599999999965 0 0 0.0 0.5014836795252225
3 0.0034703999999999846 0 0 0.0 0.5014836795252225
4 0.0033133999999999664 0 0 0.0 0.5014836795252225
5 0.003308399999999989 0 0 0.0 0.5014836795252225
6 0.0034162999999999832 0 0 0.0 0.5014836795252225
7 0.00349919999999998 0 0 0.0 0.5014836795252225
8 0.003340400000000021 0 0 0.0 0.5014836795252225
9 0.003485800000000039 1 0 0.005917159763313609 0.5014836795252225
10 0.003648600000000002 1 1 0.011834319526627219 0.5044510385756676
11 0.007715099999999975 0 0 0.011834319526627219 0.5044510385756676
12 0.003462999999999994 1 0 0.01775147928994083 0.5044510385756676
13 0.003514900000000043 0 0 0.01775147928994083 0.5044510385756676
14 0.0038575000000000137 1 2 0.023668639053254437 0.5103857566765578
15 0.0036018999999999912 0 0 0.023668639053254437 0.5103857566765578
16 0.0035626999999999742 1 0 0.029585798816568046 0.5103857566765578
17 0.0036783000000000232 0 0 0.029585798816568046 0.5103857566765578
18 0.0037704999999999544 0 0 0.029585798816568046 0.5103857566765578
19 0.0037446999999999897 0 0 0.029585798816568046 0.5103857566765578
20 0.003498200000000007 0 0 0.029585798816568046 0.5103857566765578
21 0.0036994999999999667 0 0 0.029585798816568046 0.5103857566765578
22 0.0034246999999999472 0 0 0.029585798816568046 0.5103857566765578
23 0.003754499999999994 0 0 0.029585798816568046 0.5103857566765578
24 0.00356850000000003 1 1 0.03550295857988166 0.5133531157270029
25 0.003737799999999958 0 1 0.03550295857988166 0.516320474777448
26 0.0036917999999999673 0 0 0.03550295857988166 0.516320474777448
27 0.0036264000000000296 0 0 0.03550295857988166 0.516320474777448
28 0.0035569000000000295 0 0 0.03550295857988166 0.516320474777448
29 0.0034629000000000465 0 0 0.03550295857988166 0.516320474777448
30 0.003813000000000011 0 0 0.03550295857988166 0.516320474777448
31 0.0038335999999999926 0 0 0.03550295857988166 0.516320474777448
32 0.0035282999999999842 1 0 0.04142011834319527 0.516320474777448
33 0.0038346999999999687 0 1 0.04142011834319527 0.5192878338278932
34 0.0035277000000000225 0 0 0.04142011834319527 0.5192878338278932
35 0.003876400000000002 0 0 0.04142011834319527 0.5192878338278932
36 0.0038087999999999456 0 0 0.04142011834319527 0.5192878338278932
37 0.0038165000000000004 0 0 0.04142011834319527 0.5192878338278932
38 0.0037817999999999463 0 0 0.04142011834319527 0.5192878338278932
39 0.0034343000000000012 0 0 0.04142011834319527 0.5192878338278932
40 0.0034572999999999965 1 1 0.047337278106508875 0.5222551928783383
41 0.0036058000000001034 1 1 0.05325443786982249 0.5252225519287834
42 0.0034610000000000474 1 1 0.05917159763313609 0.5281899109792285
43 0.0038165000000000004 1 1 0.0650887573964497 0.5311572700296736
44 0.0035234000000000654 1 1 0.07100591715976332 0.5341246290801187
45 0.003526999999999947 0 0 0.07100591715976332 0.5341246290801187
46 0.003734499999999974 0 0 0.07100591715976332 0.5341246290801187
47 0.003474500000000047 0 0 0.07100591715976332 0.5341246290801187
48 0.0036703000000000152 0 0 0.07100591715976332 0.5341246290801187
49 0.003957800000000011 0 0 0.07100591715976332 0.5341246290801187
50 0.0035387000000000057 0 0 0.07100591715976332 0.5341246290801187
51 0.003497199999999978 1 1 0.07692307692307693 0.5370919881305638
52 0.003514000000000017 1 1 0.08284023668639054 0.5400593471810089
53 0.0035275000000000167 0 0 0.08284023668639054 0.5400593471810089
54 0.0035490000000000244 1 1 0.08875739644970414 0.543026706231454
55 0.0036476999999999205 0 0 0.08875739644970414 0.543026706231454
56 0.0036527000000000642 0 0 0.08875739644970414 0.543026706231454
57 0.0037053000000000225 0 0 0.08875739644970414 0.543026706231454
58 0.003571099999999938 0 0 0.08875739644970414 0.543026706231454
59 0.005215399999999981 0 0 0.08875739644970414 0.543026706231454
60 0.00511919999999999 0 0 0.08875739644970414 0.543026706231454
61 0.005193400000000015 1 1 0.09467455621301775 0.5459940652818991
62 0.005203599999999975 0 0 0.09467455621301775 0.5459940652818991
63 0.005243699999999962 1 0 0.10059171597633136 0.5459940652818991
64 0.004913100000000004 0 0 0.10059171597633136 0.5459940652818991
65 0.0035330999999999557 1 1 0.10650887573964497 0.5489614243323442
66 0.003915799999999914 0 0 0.10650887573964497 0.5489614243323442
67 0.0036017999999999883 1 0 0.11242603550295859 0.5489614243323442
68 0.0036591999999999736 0 1 0.11242603550295859 0.5519287833827893
69 0.00407219999999997 1 1 0.11834319526627218 0.5548961424332344
70 0.0035698000000000674 0 0 0.11834319526627218 0.5548961424332344
71 0.003620099999999904 0 0 0.11834319526627218 0.5548961424332344
72 0.003670799999999974 0 0 0.11834319526627218 0.5548961424332344
73 0.004069700000000065 0 1 0.11834319526627218 0.5578635014836796
74 0.0036593999999999793 0 0 0.11834319526627218 0.5578635014836796
75 0.0038313999999999293 0 0 0.11834319526627218 0.5578635014836796
76 0.004027000000000003 1 1 0.1242603550295858 0.5608308605341247
77 0.00365800000000005 1 1 0.1301775147928994 0.5637982195845698
78 0.004094799999999954 0 0 0.1301775147928994 0.5637982195845698
79 0.003754499999999994 0 0 0.1301775147928994 0.5637982195845698
80 0.0036475000000000257 0 0 0.1301775147928994 0.5637982195845698
81 0.0035835000000000727 0 0 0.1301775147928994 0.5637982195845698
82 0.0036386999999999947 0 0 0.1301775147928994 0.5637982195845698
83 0.0036642000000000063 0 0 0.1301775147928994 0.5637982195845698
84 0.0036240000000000716 0 0 0.1301775147928994 0.5637982195845698
85 0.0036610999999999727 1 0 0.13609467455621302 0.5637982195845698
86 0.0036138000000000003 0 1 0.13609467455621302 0.5667655786350149
87 0.0038424000000000236 0 0 0.13609467455621302 0.5667655786350149
88 0.003566299999999911 0 0 0.13609467455621302 0.5667655786350149
89 0.0038890000000000313 1 1 0.14201183431952663 0.56973293768546
90 0.003626200000000024 0 0 0.14201183431952663 0.56973293768546
91 0.003979500000000025 0 0 0.14201183431952663 0.56973293768546
92 0.0036324999999999275 1 1 0.14792899408284024 0.5727002967359051
93 0.0040871999999999575 1 1 0.15384615384615385 0.5756676557863502
94 0.004116100000000067 1 0 0.15976331360946747 0.5756676557863502
95 0.005476000000000036 0 1 0.15976331360946747 0.5786350148367952
96 0.005374499999999949 0 0 0.15976331360946747 0.5786350148367952
97 0.005323399999999978 0 0 0.15976331360946747 0.5786350148367952
98 0.005168399999999962 0 0 0.15976331360946747 0.5786350148367952
99 0.0037675000000000347 0 0 0.15976331360946747 0.5786350148367952
100 0.003753699999999971 0 0 0.15976331360946747 0.5786350148367952
101 0.003703099999999959 0 0 0.15976331360946747 0.5786350148367952
102 0.003703600000000029 1 1 0.16568047337278108 0.5816023738872403
103 0.0036511000000000182 0 0 0.16568047337278108 0.5816023738872403
104 0.003680099999999964 0 0 0.16568047337278108 0.5816023738872403
105 0.0040759999999999685 0 0 0.16568047337278108 0.5816023738872403
106 0.003998799999999969 1 0 0.17159763313609466 0.5816023738872403
107 0.00375190000000003 1 1 0.17751479289940827 0.5845697329376854
108 0.004129799999999961 0 1 0.17751479289940827 0.5875370919881305
109 0.004125099999999993 0 0 0.17751479289940827 0.5875370919881305
110 0.004015699999999955 0 0 0.17751479289940827 0.5875370919881305
111 0.0037239999999999496 0 0 0.17751479289940827 0.5875370919881305
112 0.003819100000000075 0 0 0.17751479289940827 0.5875370919881305
113 0.0037352000000000496 0 0 0.17751479289940827 0.5875370919881305
114 0.0036893000000000065 0 0 0.17751479289940827 0.5875370919881305
115 0.0037320000000000686 1 1 0.1834319526627219 0.5905044510385756
116 0.0038677000000000294 0 0 0.1834319526627219 0.5905044510385756
117 0.0038613000000000675 1 1 0.1893491124260355 0.5934718100890207
118 0.0037095999999999796 0 0 0.1893491124260355 0.5934718100890207
119 0.0038082999999999867 0 0 0.1893491124260355 0.5934718100890207
120 0.003734800000000038 0 0 0.1893491124260355 0.5934718100890207
121 0.005411100000000002 1 0 0.1952662721893491 0.5934718100890207
122 0.005538599999999949 1 2 0.20118343195266272 0.599406528189911
123 0.005071399999999948 1 1 0.20710059171597633 0.6023738872403561
124 0.0040303999999999895 0 0 0.20710059171597633 0.6023738872403561
125 0.0038867000000000207 0 0 0.20710059171597633 0.6023738872403561
126 0.004184599999999983 0 0 0.20710059171597633 0.6023738872403561
127 0.004058299999999959 0 0 0.20710059171597633 0.6023738872403561
128 0.003971000000000058 1 1 0.21301775147928995 0.6053412462908012
129 0.004288400000000081 0 0 0.21301775147928995 0.6053412462908012
130 0.004267899999999991 0 0 0.21301775147928995 0.6053412462908012
131 0.0040111999999999925 1 1 0.21893491124260356 0.6083086053412463
132 0.0038896000000000486 0 0 0.21893491124260356 0.6083086053412463
133 0.004075599999999957 0 0 0.21893491124260356 0.6083086053412463
134 0.00427960000000005 0 0 0.21893491124260356 0.6083086053412463
135 0.0038112000000000146 1 0 0.22485207100591717 0.6083086053412463
136 0.0042536000000000795 0 1 0.22485207100591717 0.6112759643916914
137 0.003921399999999964 0 0 0.22485207100591717 0.6112759643916914
138 0.003895899999999952 0 0 0.22485207100591717 0.6112759643916914
139 0.0037431999999999466 0 0 0.22485207100591717 0.6112759643916914
140 0.003762200000000049 0 0 0.22485207100591717 0.6112759643916914
141 0.003794500000000034 0 0 0.22485207100591717 0.6112759643916914
142 0.003971100000000005 0 0 0.22485207100591717 0.6112759643916914
143 0.0040375999999999745 0 0 0.22485207100591717 0.6112759643916914
144 0.005582500000000046 1 1 0.23076923076923078 0.6142433234421365
145 0.004032999999999953 0 0 0.23076923076923078 0.6142433234421365
146 0.0038721999999999923 0 0 0.23076923076923078 0.6142433234421365
147 0.003844699999999923 0 0 0.23076923076923078 0.6142433234421365
148 0.007463500000000067 0 0 0.23076923076923078 0.6142433234421365
149 0.00380120000000006 0 0 0.23076923076923078 0.6142433234421365
150 0.0038157000000000885 1 0 0.23668639053254437 0.6142433234421365
151 0.0037768000000000246 0 1 0.23668639053254437 0.6172106824925816
152 0.004007399999999883 0 0 0.23668639053254437 0.6172106824925816
153 0.0037808000000001396 0 0 0.23668639053254437 0.6172106824925816
154 0.004974800000000057 0 0 0.23668639053254437 0.6172106824925816
155 0.0039135999999999616 1 0 0.24260355029585798 0.6172106824925816
156 0.0038625999999999383 0 0 0.24260355029585798 0.6172106824925816
157 0.0037684999999998414 0 0 0.24260355029585798 0.6172106824925816
158 0.003976400000000213 1 1 0.2485207100591716 0.6201780415430267
159 0.004356499999999874 0 1 0.2485207100591716 0.6231454005934718
160 0.0040407999999998445 0 0 0.2485207100591716 0.6231454005934718
161 0.004089400000000021 0 0 0.2485207100591716 0.6231454005934718
162 0.00427909999999998 0 0 0.2485207100591716 0.6231454005934718
163 0.003929499999999919 0 0 0.2485207100591716 0.6231454005934718
164 0.0039042000000000243 0 0 0.2485207100591716 0.6231454005934718
165 0.004310500000000106 0 0 0.2485207100591716 0.6231454005934718
166 0.003910599999999986 1 1 0.25443786982248523 0.6261127596439169
167 0.00378680000000009 0 0 0.25443786982248523 0.6261127596439169
168 0.0038373000000000435 0 0 0.25443786982248523 0.6261127596439169
169 0.0039023999999998615 0 0 0.25443786982248523 0.6261127596439169
170 0.0038290000000000823 0 0 0.25443786982248523 0.6261127596439169
171 0.0039036999999999544 1 0 0.2603550295857988 0.6261127596439169
172 0.003865699999999972 0 1 0.2603550295857988 0.629080118694362
173 0.0039323 0 0 0.2603550295857988 0.629080118694362
174 0.00401180000000001 0 0 0.2603550295857988 0.629080118694362
175 0.0037655000000000882 0 0 0.2603550295857988 0.629080118694362
176 0.003965999999999914 0 0 0.2603550295857988 0.629080118694362
177 0.0038027000000000477 0 0 0.2603550295857988 0.629080118694362
178 0.003784699999999974 0 0 0.2603550295857988 0.629080118694362
179 0.003899099999999933 1 1 0.26627218934911245 0.6320474777448071
180 0.005491799999999936 0 0 0.26627218934911245 0.6320474777448071
181 0.004119500000000054 1 1 0.27218934911242604 0.6350148367952523
182 0.0039359999999999395 0 0 0.27218934911242604 0.6350148367952523
183 0.003851100000000107 1 1 0.2781065088757396 0.6379821958456974
184 0.004393000000000091 0 0 0.2781065088757396 0.6379821958456974
185 0.004032900000000117 1 1 0.28402366863905326 0.6409495548961425
186 0.003950899999999979 0 0 0.28402366863905326 0.6409495548961425
187 0.00393729999999981 0 0 0.28402366863905326 0.6409495548961425
188 0.004016200000000136 0 0 0.28402366863905326 0.6409495548961425
189 0.0039035000000000597 0 0 0.28402366863905326 0.6409495548961425
190 0.003936599999999846 0 0 0.28402366863905326 0.6409495548961425
191 0.004381200000000085 0 0 0.28402366863905326 0.6409495548961425
192 0.003904900000000211 1 1 0.28994082840236685 0.6439169139465876
193 0.003929999999999989 0 0 0.28994082840236685 0.6439169139465876
194 0.0038715000000000277 0 0 0.28994082840236685 0.6439169139465876
195 0.0038715000000000277 0 0 0.28994082840236685 0.6439169139465876
196 0.004188900000000162 1 1 0.2958579881656805 0.6468842729970327
197 0.004236200000000023 1 1 0.30177514792899407 0.6498516320474778
198 0.003948000000000063 0 0 0.30177514792899407 0.6498516320474778
199 0.0039663999999999255 1 1 0.3076923076923077 0.6528189910979229
200 0.003885699999999881 0 0 0.3076923076923077 0.6528189910979229
201 0.003961899999999963 0 0 0.3076923076923077 0.6528189910979229
202 0.004115500000000161 1 1 0.3136094674556213 0.655786350148368
203 0.004409700000000072 0 0 0.3136094674556213 0.655786350148368
204 0.0039415999999998785 0 0 0.3136094674556213 0.655786350148368
205 0.003998500000000016 1 0 0.31952662721893493 0.655786350148368
206 0.003961699999999846 1 1 0.3254437869822485 0.658753709198813
207 0.005667199999999983 0 0 0.3254437869822485 0.658753709198813
208 0.004075599999999957 0 0 0.3254437869822485 0.658753709198813
209 0.004152399999999945 1 2 0.33136094674556216 0.6646884272997032
210 0.004182699999999873 0 0 0.33136094674556216 0.6646884272997032
211 0.0045920000000001515 0 0 0.33136094674556216 0.6646884272997032
212 0.003924999999999956 0 0 0.33136094674556216 0.6646884272997032
213 0.005633500000000069 0 0 0.33136094674556216 0.6646884272997032
214 0.005846800000000041 1 0 0.33727810650887574 0.6646884272997032
215 0.005770000000000053 0 0 0.33727810650887574 0.6646884272997032
216 0.005617800000000006 0 0 0.33727810650887574 0.6646884272997032
217 0.005699600000000027 0 0 0.33727810650887574 0.6646884272997032
218 0.004507099999999875 0 1 0.33727810650887574 0.6676557863501483
219 0.003970300000000204 0 0 0.33727810650887574 0.6676557863501483
220 0.00395370000000006 0 0 0.33727810650887574 0.6676557863501483
221 0.0043256000000000405 0 0 0.33727810650887574 0.6676557863501483
222 0.004009999999999847 0 0 0.33727810650887574 0.6676557863501483
223 0.003927800000000037 0 0 0.33727810650887574 0.6676557863501483
224 0.004062499999999858 0 0 0.33727810650887574 0.6676557863501483
225 0.0058483000000000285 0 0 0.33727810650887574 0.6676557863501483
226 0.0059435000000001015 0 0 0.33727810650887574 0.6676557863501483
227 0.005858799999999942 0 0 0.33727810650887574 0.6676557863501483
228 0.003998299999999899 0 0 0.33727810650887574 0.6676557863501483
229 0.004013000000000044 1 1 0.3431952662721893 0.6706231454005934
230 0.004048300000000005 0 0 0.3431952662721893 0.6706231454005934
231 0.003931499999999977 0 0 0.3431952662721893 0.6706231454005934
232 0.003978700000000002 0 0 0.3431952662721893 0.6706231454005934
233 0.004060900000000034 1 1 0.34911242603550297 0.6735905044510386
234 0.003964999999999996 0 0 0.34911242603550297 0.6735905044510386
235 0.0039877000000001495 1 0 0.35502958579881655 0.6735905044510386
236 0.004066400000000137 0 0 0.35502958579881655 0.6735905044510386
237 0.004522799999999938 0 0 0.35502958579881655 0.6735905044510386
238 0.004164400000000068 0 1 0.35502958579881655 0.6765578635014837
239 0.004426999999999959 0 0 0.35502958579881655 0.6765578635014837
240 0.004001799999999944 0 0 0.35502958579881655 0.6765578635014837
241 0.00405830000000007 0 0 0.35502958579881655 0.6765578635014837
242 0.003993500000000205 0 0 0.35502958579881655 0.6765578635014837
243 0.0039823999999999415 0 0 0.35502958579881655 0.6765578635014837
244 0.004266499999999951 0 0 0.35502958579881655 0.6765578635014837
245 0.004474899999999948 1 1 0.3609467455621302 0.6795252225519288
246 0.004016999999999937 1 1 0.3668639053254438 0.6824925816023739
247 0.004164399999999846 1 1 0.3727810650887574 0.685459940652819
248 0.004599100000000078 1 1 0.378698224852071 0.6884272997032641
249 0.0043391999999999875 0 0 0.378698224852071 0.6884272997032641
250 0.004260199999999825 0 0 0.378698224852071 0.6884272997032641
251 0.004095100000000018 0 0 0.378698224852071 0.6884272997032641
252 0.004179399999999944 0 0 0.378698224852071 0.6884272997032641
253 0.004150099999999934 1 1 0.38461538461538464 0.6913946587537092
254 0.004190699999999881 1 1 0.3905325443786982 0.6943620178041543
255 0.004281899999999839 0 0 0.3905325443786982 0.6943620178041543
256 0.004107700000000047 0 0 0.3905325443786982 0.6943620178041543
257 0.004089899999999869 1 1 0.39644970414201186 0.6973293768545994
258 0.00403740000000008 0 0 0.39644970414201186 0.6973293768545994
259 0.004124600000000145 1 1 0.40236686390532544 0.7002967359050445
260 0.004093200000000019 0 0 0.40236686390532544 0.7002967359050445
261 0.004149999999999876 0 0 0.40236686390532544 0.7002967359050445
262 0.004126199999999969 0 0 0.40236686390532544 0.7002967359050445
263 0.004090300000000102 0 0 0.40236686390532544 0.7002967359050445
264 0.0042383999999999755 0 0 0.40236686390532544 0.7002967359050445
265 0.004313000000000011 0 0 0.40236686390532544 0.7002967359050445
266 0.004123600000000005 1 1 0.40828402366863903 0.7032640949554896
267 0.00407270000000004 1 0 0.41420118343195267 0.7032640949554896
268 0.0040215999999999585 1 0 0.42011834319526625 0.7032640949554896
269 0.004077200000000003 0 0 0.42011834319526625 0.7032640949554896
270 0.004149299999999911 0 0 0.42011834319526625 0.7032640949554896
271 0.004150800000000121 0 1 0.42011834319526625 0.7062314540059347
272 0.004061399999999882 0 0 0.42011834319526625 0.7062314540059347
273 0.004058400000000129 0 0 0.42011834319526625 0.7062314540059347
274 0.004176500000000027 0 0 0.42011834319526625 0.7062314540059347
275 0.004029800000000083 0 0 0.42011834319526625 0.7062314540059347
276 0.00415539999999992 1 1 0.4260355029585799 0.7091988130563798
277 0.00417600000000018 1 1 0.4319526627218935 0.712166172106825
278 0.004288400000000081 1 1 0.4378698224852071 0.7151335311572701
279 0.0047215999999998814 1 0 0.4437869822485207 0.7151335311572701
280 0.004600999999999855 0 0 0.4437869822485207 0.7151335311572701
281 0.008543399999999979 1 1 0.44970414201183434 0.7181008902077152
282 0.0042552000000000145 0 1 0.44970414201183434 0.7210682492581603
283 0.004610599999999909 1 1 0.4556213017751479 0.7240356083086054
284 0.0046079999999999455 0 0 0.4556213017751479 0.7240356083086054
285 0.004670200000000069 0 0 0.4556213017751479 0.7240356083086054
286 0.004619799999999952 0 0 0.4556213017751479 0.7240356083086054
287 0.004653099999999855 0 0 0.4556213017751479 0.7240356083086054
288 0.004347499999999949 0 1 0.4556213017751479 0.7270029673590505
289 0.004339100000000151 0 0 0.4556213017751479 0.7270029673590505
290 0.004225699999999888 0 0 0.4556213017751479 0.7270029673590505
291 0.0042527999999999455 0 0 0.4556213017751479 0.7270029673590505
292 0.004335899999999837 0 0 0.4556213017751479 0.7270029673590505
293 0.004360099999999978 0 0 0.4556213017751479 0.7270029673590505
294 0.00417500000000004 1 0 0.46153846153846156 0.7270029673590505
295 0.004067799999999844 0 0 0.46153846153846156 0.7270029673590505
296 0.004255099999999956 0 0 0.46153846153846156 0.7270029673590505
297 0.004230300000000131 0 1 0.46153846153846156 0.7299703264094956
298 0.00478780000000012 0 0 0.46153846153846156 0.7299703264094956
299 0.0041824000000001416 0 0 0.46153846153846156 0.7299703264094956
300 0.004167599999999938 0 0 0.46153846153846156 0.7299703264094956
301 0.0042623999999999995 0 0 0.46153846153846156 0.7299703264094956
302 0.004375900000000099 1 1 0.46745562130177515 0.7329376854599406
303 0.004269699999999821 0 0 0.46745562130177515 0.7329376854599406
304 0.004231600000000002 0 0 0.46745562130177515 0.7329376854599406
305 0.004370900000000066 1 1 0.47337278106508873 0.7359050445103857
306 0.004272700000000018 1 1 0.47928994082840237 0.7388724035608308
307 0.004161400000000093 0 0 0.47928994082840237 0.7388724035608308
308 0.004251600000000133 0 0 0.47928994082840237 0.7388724035608308
309 0.0042752000000001456 0 0 0.47928994082840237 0.7388724035608308
310 0.0047264000000000195 0 0 0.47928994082840237 0.7388724035608308
311 0.004133000000000164 0 0 0.47928994082840237 0.7388724035608308
312 0.004515700000000011 1 1 0.48520710059171596 0.7418397626112759
313 0.004744999999999999 1 1 0.4911242603550296 0.744807121661721
314 0.004275800000000052 1 0 0.4970414201183432 0.744807121661721
315 0.004251400000000016 1 1 0.5029585798816568 0.7477744807121661
316 0.004526999999999948 1 2 0.5088757396449705 0.7537091988130564
317 0.004244499999999984 0 0 0.5088757396449705 0.7537091988130564
318 0.0043808000000000735 1 1 0.514792899408284 0.7566765578635015
319 0.0043071999999999555 0 0 0.514792899408284 0.7566765578635015
320 0.004903600000000008 1 1 0.5207100591715976 0.7596439169139466
321 0.004386500000000071 0 0 0.5207100591715976 0.7596439169139466
322 0.004773499999999986 0 0 0.5207100591715976 0.7596439169139466
323 0.00455899999999998 0 0 0.5207100591715976 0.7596439169139466
324 0.004890199999999956 0 0 0.5207100591715976 0.7596439169139466
325 0.004900700000000091 1 1 0.5266272189349113 0.7626112759643917
326 0.004432599999999898 0 0 0.5266272189349113 0.7626112759643917
327 0.004706700000000064 0 0 0.5266272189349113 0.7626112759643917
328 0.0048407999999999785 0 0 0.5266272189349113 0.7626112759643917
329 0.004976599999999998 1 1 0.5325443786982249 0.7655786350148368
330 0.00457569999999996 1 1 0.5384615384615384 0.7685459940652819
331 0.004302600000000156 0 0 0.5384615384615384 0.7685459940652819
332 0.004653199999999913 0 0 0.5384615384615384 0.7685459940652819
333 0.004489200000000082 0 0 0.5384615384615384 0.7685459940652819
334 0.004206700000000119 0 0 0.5384615384615384 0.7685459940652819
335 0.00454740000000009 0 0 0.5384615384615384 0.7685459940652819
336 0.004372099999999879 0 0 0.5384615384615384 0.7685459940652819
337 0.0043520000000001335 0 0 0.5384615384615384 0.7685459940652819
338 0.006620799999999871 0 0 0.5384615384615384 0.7685459940652819
339 0.004523400000000066 1 1 0.5443786982248521 0.771513353115727
340 0.004495700000000102 0 0 0.5443786982248521 0.771513353115727
341 0.0044295999999999225 0 0 0.5443786982248521 0.771513353115727
342 0.004451399999999994 0 0 0.5443786982248521 0.771513353115727
343 0.004448100000000066 0 0 0.5443786982248521 0.771513353115727
344 0.00427540000000004 1 1 0.5502958579881657 0.7744807121661721
345 0.004288900000000151 1 1 0.5562130177514792 0.7774480712166172
346 0.004312199999999988 0 0 0.5562130177514792 0.7774480712166172
347 0.00434190000000001 1 1 0.5621301775147929 0.7804154302670623
348 0.004306600000000049 0 0 0.5621301775147929 0.7804154302670623
349 0.004548400000000008 1 1 0.5680473372781065 0.7833827893175074
350 0.004729199999999878 0 0 0.5680473372781065 0.7833827893175074
351 0.004522200000000032 0 0 0.5680473372781065 0.7833827893175074
352 0.004874899999999904 0 0 0.5680473372781065 0.7833827893175074
353 0.004516200000000081 0 0 0.5680473372781065 0.7833827893175074
354 0.005030499999999938 0 0 0.5680473372781065 0.7833827893175074
355 0.0044032000000000515 1 1 0.5739644970414202 0.7863501483679525
356 0.005254799999999893 0 0 0.5739644970414202 0.7863501483679525
357 0.004552300000000065 0 0 0.5739644970414202 0.7863501483679525
358 0.004780400000000018 0 0 0.5739644970414202 0.7863501483679525
359 0.004602500000000065 0 0 0.5739644970414202 0.7863501483679525
360 0.00485559999999996 1 1 0.5798816568047337 0.7893175074183977
361 0.004975500000000022 0 0 0.5798816568047337 0.7893175074183977
362 0.004644599999999777 0 0 0.5798816568047337 0.7893175074183977
363 0.0048799999999999955 0 0 0.5798816568047337 0.7893175074183977
364 0.004568100000000186 0 0 0.5798816568047337 0.7893175074183977
365 0.004688999999999943 0 0 0.5798816568047337 0.7893175074183977
366 0.0044277000000003675 1 1 0.5857988165680473 0.7922848664688428
367 0.004576899999999995 0 0 0.5857988165680473 0.7922848664688428
368 0.004710300000000167 1 1 0.591715976331361 0.7952522255192879
369 0.0050282999999997635 1 1 0.5976331360946746 0.798219584569733
370 0.004555599999999771 1 1 0.6035502958579881 0.8011869436201781
371 0.004534999999999734 1 1 0.6094674556213018 0.8041543026706232
372 0.004899699999999729 1 1 0.6153846153846154 0.8071216617210683
373 0.004943400000000153 0 0 0.6153846153846154 0.8071216617210683
374 0.004811999999999816 0 0 0.6153846153846154 0.8071216617210683
375 0.005072399999999977 1 1 0.621301775147929 0.8100890207715133
376 0.00454359999999987 1 1 0.6272189349112426 0.8130563798219584
377 0.0049376000000003195 0 0 0.6272189349112426 0.8130563798219584
378 0.004794399999999754 0 0 0.6272189349112426 0.8130563798219584
379 0.004674599999999973 0 0 0.6272189349112426 0.8130563798219584
380 0.004736499999999921 0 0 0.6272189349112426 0.8130563798219584
381 0.004519000000000162 0 0 0.6272189349112426 0.8130563798219584
382 0.004767900000000047 1 1 0.6331360946745562 0.8160237388724035
383 0.0047154999999996505 0 0 0.6331360946745562 0.8160237388724035
384 0.004415300000000233 0 0 0.6331360946745562 0.8160237388724035
385 0.004420400000000324 1 1 0.6390532544378699 0.8189910979228486
386 0.004432599999999898 1 1 0.6449704142011834 0.8219584569732937
387 0.004423799999999645 0 0 0.6449704142011834 0.8219584569732937
388 0.004512699999999814 0 0 0.6449704142011834 0.8219584569732937
389 0.004667500000000047 0 0 0.6449704142011834 0.8219584569732937
390 0.004496900000000359 0 0 0.6449704142011834 0.8219584569732937
391 0.004598600000000008 1 1 0.650887573964497 0.8249258160237388
392 0.004490099999999941 0 0 0.650887573964497 0.8249258160237388
393 0.004438599999999848 0 0 0.650887573964497 0.8249258160237388
394 0.004586800000000224 1 1 0.6568047337278107 0.827893175074184
395 0.0045320000000002025 1 1 0.6627218934911243 0.8308605341246291
396 0.004649099999999962 0 0 0.6627218934911243 0.8308605341246291
397 0.004490500000000175 0 0 0.6627218934911243 0.8308605341246291
398 0.0044968000000000785 0 0 0.6627218934911243 0.8308605341246291
399 0.004672199999999904 0 0 0.6627218934911243 0.8308605341246291
400 0.004738300000000084 0 0 0.6627218934911243 0.8308605341246291
401 0.0046088000000001905 0 0 0.6627218934911243 0.8308605341246291
402 0.004440100000000058 1 0 0.6686390532544378 0.8308605341246291
403 0.004728700000000252 1 1 0.6745562130177515 0.8338278931750742
404 0.004559099999999816 0 0 0.6745562130177515 0.8338278931750742
405 0.006691599999999909 0 1 0.6745562130177515 0.8367952522255193
406 0.006702299999999717 1 0 0.6804733727810651 0.8367952522255193
407 0.006510500000000086 0 0 0.6804733727810651 0.8367952522255193
408 0.006576400000000149 1 0 0.6863905325443787 0.8367952522255193
409 0.004896300000000409 0 0 0.6863905325443787 0.8367952522255193
410 0.0045207999999998805 1 3 0.6923076923076923 0.8456973293768546
411 0.004607000000000028 0 0 0.6923076923076923 0.8456973293768546
412 0.004566300000000023 0 0 0.6923076923076923 0.8456973293768546
413 0.004765200000000025 1 1 0.6982248520710059 0.8486646884272997
414 0.008361100000000121 0 0 0.6982248520710059 0.8486646884272997
415 0.004639899999999919 0 0 0.6982248520710059 0.8486646884272997
416 0.0046271999999998314 1 1 0.7041420118343196 0.8516320474777448
417 0.004607400000000261 0 0 0.7041420118343196 0.8516320474777448
418 0.004601099999999914 0 0 0.7041420118343196 0.8516320474777448
419 0.005120999999999931 0 0 0.7041420118343196 0.8516320474777448
420 0.004993100000000084 0 0 0.7041420118343196 0.8516320474777448
421 0.004807500000000076 0 0 0.7041420118343196 0.8516320474777448
422 0.0050866999999996665 1 0 0.7100591715976331 0.8516320474777448
423 0.005201500000000081 0 0 0.7100591715976331 0.8516320474777448
424 0.005099599999999871 0 0 0.7100591715976331 0.8516320474777448
425 0.004703799999999703 1 1 0.7159763313609467 0.8545994065281899
426 0.0046544000000001695 1 0 0.7218934911242604 0.8545994065281899
427 0.004775299999999927 0 0 0.7218934911242604 0.8545994065281899
428 0.004687500000000178 1 1 0.727810650887574 0.857566765578635
429 0.0046303999999999235 1 1 0.7337278106508875 0.8605341246290801
430 0.004702500000000054 1 0 0.7396449704142012 0.8605341246290801
431 0.005229100000000209 0 1 0.7396449704142012 0.8635014836795252
432 0.004610599999999909 0 1 0.7396449704142012 0.8664688427299704
433 0.0046304000000003676 0 0 0.7396449704142012 0.8664688427299704
434 0.004601000000000077 0 0 0.7396449704142012 0.8664688427299704
435 0.004616899999999813 0 0 0.7396449704142012 0.8664688427299704
436 0.004712200000000166 0 1 0.7396449704142012 0.8694362017804155
437 0.00471900000000014 1 0 0.7455621301775148 0.8694362017804155
438 0.00500759999999989 0 0 0.7455621301775148 0.8694362017804155
439 0.0047168000000001875 0 0 0.7455621301775148 0.8694362017804155
440 0.00477570000000016 0 0 0.7455621301775148 0.8694362017804155
441 0.004607900000000331 1 2 0.7514792899408284 0.8753709198813057
442 0.0048080000000001455 0 0 0.7514792899408284 0.8753709198813057
443 0.004648700000000172 0 0 0.7514792899408284 0.8753709198813057
444 0.005327700000000046 1 1 0.757396449704142 0.8783382789317508
445 0.004745199999999894 1 0 0.7633136094674556 0.8783382789317508
446 0.0051155000000000506 0 0 0.7633136094674556 0.8783382789317508
447 0.005331299999999928 1 1 0.7692307692307693 0.8813056379821959
448 0.004773800000000161 1 0 0.7751479289940828 0.8813056379821959
449 0.004894199999999849 0 0 0.7751479289940828 0.8813056379821959
450 0.0052314999999998335 0 1 0.7751479289940828 0.884272997032641
451 0.006106300000000342 0 0 0.7751479289940828 0.884272997032641
452 0.005201100000000292 0 0 0.7751479289940828 0.884272997032641
453 0.005250600000000105 0 0 0.7751479289940828 0.884272997032641
454 0.005358900000000055 1 1 0.7810650887573964 0.887240356083086
455 0.0050211000000000006 0 0 0.7810650887573964 0.887240356083086
456 0.004906000000000077 0 0 0.7810650887573964 0.887240356083086
457 0.006922900000000176 0 1 0.7810650887573964 0.8902077151335311
458 0.006876399999999894 1 1 0.7869822485207101 0.8931750741839762
459 0.006736500000000145 0 0 0.7869822485207101 0.8931750741839762
460 0.006816699999999898 0 0 0.7869822485207101 0.8931750741839762
461 0.007027900000000198 1 0 0.7928994082840237 0.8931750741839762
462 0.00690640000000009 0 0 0.7928994082840237 0.8931750741839762
463 0.007028299999999987 1 1 0.7988165680473372 0.8961424332344213
464 0.007125499999999896 0 0 0.7988165680473372 0.8961424332344213
465 0.0049296000000000895 0 0 0.7988165680473372 0.8961424332344213
466 0.004702700000000171 0 0 0.7988165680473372 0.8961424332344213
467 0.005074900000000326 1 1 0.8047337278106509 0.8991097922848664
468 0.004881500000000205 0 1 0.8047337278106509 0.9020771513353115
469 0.004740100000000247 0 0 0.8047337278106509 0.9020771513353115
470 0.005172500000000024 0 0 0.8047337278106509 0.9020771513353115
471 0.004774799999999857 1 1 0.8106508875739645 0.9050445103857567
472 0.004934600000000344 0 0 0.8106508875739645 0.9050445103857567
473 0.004884600000000017 0 0 0.8106508875739645 0.9050445103857567
474 0.007034299999999938 0 0 0.8106508875739645 0.9050445103857567
475 0.006902299999999695 0 0 0.8106508875739645 0.9050445103857567
476 0.007042400000000004 1 1 0.8165680473372781 0.9080118694362018
477 0.00698740000000031 0 0 0.8165680473372781 0.9080118694362018
478 0.007153299999999696 0 0 0.8165680473372781 0.9080118694362018
479 0.005080799999999996 1 0 0.8224852071005917 0.9080118694362018
480 0.005092499999999944 0 1 0.8224852071005917 0.9109792284866469
481 0.004782800000000087 0 0 0.8224852071005917 0.9109792284866469
482 0.004782300000000017 1 1 0.8284023668639053 0.913946587537092
483 0.005172200000000071 0 0 0.8284023668639053 0.913946587537092
484 0.004898599999999753 0 0 0.8284023668639053 0.913946587537092
485 0.004795500000000175 1 1 0.834319526627219 0.9169139465875371
486 0.004762999999999629 1 1 0.8402366863905325 0.9198813056379822
487 0.004943599999999826 0 0 0.8402366863905325 0.9198813056379822
488 0.0048450999999998245 0 0 0.8402366863905325 0.9198813056379822
489 0.005067599999999839 1 0 0.8461538461538461 0.9198813056379822
490 0.004831799999999831 0 0 0.8461538461538461 0.9198813056379822
491 0.004899700000000173 0 0 0.8461538461538461 0.9198813056379822
492 0.0049800000000002065 0 1 0.8461538461538461 0.9228486646884273
493 0.004842199999999686 0 0 0.8461538461538461 0.9228486646884273
494 0.004674600000000417 0 0 0.8461538461538461 0.9228486646884273
495 0.00491369999999991 0 0 0.8461538461538461 0.9228486646884273
496 0.00486209999999998 0 0 0.8461538461538461 0.9228486646884273
497 0.004882199999999948 0 0 0.8461538461538461 0.9228486646884273
498 0.004882700000000018 1 1 0.8520710059171598 0.9258160237388724
499 0.005096399999999779 0 0 0.8520710059171598 0.9258160237388724
500 0.004854499999999984 1 1 0.8579881656804734 0.9287833827893175
501 0.004947599999999941 0 0 0.8579881656804734 0.9287833827893175
502 0.004856399999999983 0 0 0.8579881656804734 0.9287833827893175
503 0.004843800000000176 0 0 0.8579881656804734 0.9287833827893175
504 0.005002100000000009 1 1 0.863905325443787 0.9317507418397626
505 0.004950900000000313 1 1 0.8698224852071006 0.9347181008902077
506 0.005051800000000384 0 0 0.8698224852071006 0.9347181008902077
507 0.004802300000000148 0 0 0.8698224852071006 0.9347181008902077
508 0.00495000000000001 0 0 0.8698224852071006 0.9347181008902077
509 0.005151399999999917 0 0 0.8698224852071006 0.9347181008902077
510 0.00707229999999992 1 1 0.8757396449704142 0.9376854599406528
511 0.006880300000000172 0 0 0.8757396449704142 0.9376854599406528
512 0.007157300000000255 0 0 0.8757396449704142 0.9376854599406528
513 0.007127899999999965 0 0 0.8757396449704142 0.9376854599406528
514 0.007179899999999684 0 0 0.8757396449704142 0.9376854599406528
515 0.00513079999999988 0 0 0.8757396449704142 0.9376854599406528
516 0.005238000000000298 0 0 0.8757396449704142 0.9376854599406528
517 0.004956999999999656 0 0 0.8757396449704142 0.9376854599406528
518 0.005536600000000114 0 0 0.8757396449704142 0.9376854599406528
519 0.004954300000000078 0 0 0.8757396449704142 0.9376854599406528
520 0.004919999999999813 0 0 0.8757396449704142 0.9376854599406528
521 0.005202800000000174 1 1 0.8816568047337278 0.9406528189910979
522 0.006565800000000177 1 1 0.8875739644970414 0.9436201780415431
523 0.0053034999999996835 1 1 0.893491124260355 0.9465875370919882
524 0.005227099999999929 0 0 0.893491124260355 0.9465875370919882
525 0.0052162999999998405 0 0 0.893491124260355 0.9465875370919882
526 0.0051451000000000136 1 1 0.8994082840236687 0.9495548961424333
527 0.005203099999999683 1 1 0.9053254437869822 0.9525222551928784
528 0.005049000000000081 1 0 0.9112426035502958 0.9525222551928784
529 0.005017799999999628 1 1 0.9171597633136095 0.9554896142433235
530 0.005484900000000348 1 1 0.9230769230769231 0.9584569732937686
531 0.00503100000000023 0 0 0.9230769230769231 0.9584569732937686
532 0.005323600000000095 0 0 0.9230769230769231 0.9584569732937686
533 0.004827899999999996 0 1 0.9230769230769231 0.9614243323442137
534 0.0072584999999998345 1 1 0.9289940828402367 0.9643916913946587
535 0.007067199999999829 0 0 0.9289940828402367 0.9643916913946587
536 0.0071061999999999514 1 1 0.9349112426035503 0.9673590504451038
537 0.005127599999999788 0 0 0.9349112426035503 0.9673590504451038
538 0.005055000000000032 1 1 0.9408284023668639 0.9703264094955489
539 0.005052599999999963 0 0 0.9408284023668639 0.9703264094955489
540 0.0050666999999999796 0 0 0.9408284023668639 0.9703264094955489
541 0.00508609999999976 0 0 0.9408284023668639 0.9703264094955489
542 0.004970500000000211 0 0 0.9408284023668639 0.9703264094955489
543 0.00500009999999973 1 1 0.9467455621301775 0.973293768545994
544 0.004822199999999999 1 1 0.9526627218934911 0.9762611275964391
545 0.004998099999999894 0 0 0.9526627218934911 0.9762611275964391
546 0.005002900000000032 0 0 0.9526627218934911 0.9762611275964391
547 0.008755499999999916 0 0 0.9526627218934911 0.9762611275964391
548 0.005323100000000025 0 0 0.9526627218934911 0.9762611275964391
549 0.004983600000000088 0 0 0.9526627218934911 0.9762611275964391
550 0.005404700000000151 0 0 0.9526627218934911 0.9762611275964391
551 0.004993900000000107 0 0 0.9526627218934911 0.9762611275964391
552 0.004970800000000164 0 0 0.9526627218934911 0.9762611275964391
553 0.005031999999999925 0 0 0.9526627218934911 0.9762611275964391
554 0.005082999999999949 0 0 0.9526627218934911 0.9762611275964391
555 0.004880899999999855 1 1 0.9585798816568047 0.9792284866468842
556 0.005335099999999926 1 1 0.9644970414201184 0.9821958456973294
557 0.005188699999999713 0 0 0.9644970414201184 0.9821958456973294
558 0.004918900000000281 0 0 0.9644970414201184 0.9821958456973294
559 0.005148199999999825 0 0 0.9644970414201184 0.9821958456973294
560 0.005040099999999992 1 1 0.9704142011834319 0.9851632047477745
561 0.005010600000000309 0 0 0.9704142011834319 0.9851632047477745
562 0.0053002999999995914 0 0 0.9704142011834319 0.9851632047477745
563 0.005190799999999829 0 0 0.9704142011834319 0.9851632047477745
564 0.0050266999999997175 1 1 0.9763313609467456 0.9881305637982196
565 0.004970099999999977 0 0 0.9763313609467456 0.9881305637982196
566 0.00508220000000037 0 0 0.9763313609467456 0.9881305637982196
567 0.005010100000000239 0 0 0.9763313609467456 0.9881305637982196
568 0.005243199999999781 1 0 0.9822485207100592 0.9881305637982196
569 0.004954499999999751 1 1 0.9881656804733728 0.9910979228486647
570 0.005101500000000314 0 0 0.9881656804733728 0.9910979228486647
571 0.005230800000000091 0 0 0.9881656804733728 0.9910979228486647
572 0.005498199999999898 0 0 0.9881656804733728 0.9910979228486647
573 0.005099299999999918 0 1 0.9881656804733728 0.9940652818991098
574 0.0051074999999998205 0 0 0.9881656804733728 0.9940652818991098
575 0.005188700000000157 0 0 0.9881656804733728 0.9940652818991098
576 0.0050928000000003415 0 0 0.9881656804733728 0.9940652818991098
577 0.005027500000000185 0 0 0.9881656804733728 0.9940652818991098
578 0.005524500000000376 0 0 0.9881656804733728 0.9940652818991098
579 0.005707999999999824 0 0 0.9881656804733728 0.9940652818991098
580 0.00521230000000017 1 1 0.9940828402366864 0.9970326409495549
581 0.005324499999999954 1 1 1.0 1.0
