125 0.3 0.2
1 0.004157100000000025 1 0 0.008064516129032258 0.5020242914979757
2 0.003710099999999994 0 0 0.008064516129032258 0.5020242914979757
3 0.003401199999999993 0 0 0.008064516129032258 0.5020242914979757
4 0.003321300000000027 1 0 0.016129032258064516 0.5020242914979757
5 0.0024575000000000014 0 0 0.016129032258064516 0.5020242914979757
6 0.0028662999999999883 0 0 0.016129032258064516 0.5020242914979757
7 0.00387930000000003 0 0 0.016129032258064516 0.5020242914979757
8 0.0034965000000000135 0 1 0.016129032258064516 0.5060728744939271
9 0.002382300000000004 0 0 0.016129032258064516 0.5060728744939271
10 0.002596900000000013 0 0 0.016129032258064516 0.5060728744939271
11 0.0029864 0 0 0.016129032258064516 0.5060728744939271
12 0.0027096999999999816 0 0 0.016129032258064516 0.5060728744939271
13 0.002385100000000029 1 0 0.024193548387096774 0.5060728744939271
14 0.0024234999999999673 0 0 0.024193548387096774 0.5060728744939271
15 0.003052800000000022 1 0 0.03225806451612903 0.5060728744939271
16 0.0034532999999999925 1 0 0.04032258064516129 0.5060728744939271
17 0.0029517000000000015 0 1 0.04032258064516129 0.5101214574898786
18 0.003299200000000002 0 0 0.04032258064516129 0.5101214574898786
19 0.0026761000000000146 1 0 0.04838709677419355 0.5101214574898786
20 0.0024987000000000203 1 0 0.056451612903225805 0.5101214574898786
21 0.002612300000000012 0 0 0.056451612903225805 0.5101214574898786
22 0.0028246000000000104 1 0 0.06451612903225806 0.5101214574898786
23 0.0034682000000000324 0 0 0.06451612903225806 0.5101214574898786
24 0.0024354999999999793 0 0 0.06451612903225806 0.5101214574898786
25 0.0026709000000000316 0 1 0.06451612903225806 0.5141700404858299
26 0.003973899999999975 1 1 0.07258064516129033 0.5182186234817814
27 0.003733299999999995 0 0 0.07258064516129033 0.5182186234817814
28 0.0035413999999999723 1 1 0.08064516129032258 0.5222672064777328
29 0.002768700000000013 1 0 0.08870967741935484 0.5222672064777328
30 0.002520300000000031 1 0 0.0967741935483871 0.5222672064777328
31 0.003927500000000028 1 0 0.10483870967741936 0.5222672064777328
32 0.003923600000000027 1 0 0.11290322580645161 0.5222672064777328
33 0.002702099999999985 0 0 0.11290322580645161 0.5222672064777328
34 0.002532499999999993 1 0 0.12096774193548387 0.5222672064777328
35 0.003702900000000009 0 1 0.12096774193548387 0.5263157894736842
36 0.0030635999999999997 0 1 0.12096774193548387 0.5303643724696356
37 0.003584799999999999 0 0 0.12096774193548387 0.5303643724696356
38 0.0037977999999999623 0 0 0.12096774193548387 0.5303643724696356
39 0.0025872000000000117 0 0 0.12096774193548387 0.5303643724696356
40 0.002710299999999999 0 1 0.12096774193548387 0.5344129554655871
41 0.0030185999999999824 0 0 0.12096774193548387 0.5344129554655871
42 0.0031949000000000005 0 0 0.12096774193548387 0.5344129554655871
43 0.002763200000000021 0 1 0.12096774193548387 0.5384615384615384
44 0.0054862999999999995 0 1 0.12096774193548387 0.5425101214574899
45 0.0030325999999999964 0 0 0.12096774193548387 0.5425101214574899
46 0.003829899999999997 0 0 0.12096774193548387 0.5425101214574899
47 0.0027497000000000216 1 0 0.12903225806451613 0.5425101214574899
48 0.0035047000000000272 0 0 0.12903225806451613 0.5425101214574899
49 0.004040700000000008 1 1 0.13709677419354838 0.5465587044534413
50 0.0036814999999999487 0 1 0.13709677419354838 0.5506072874493927
51 0.0034332999999999725 1 2 0.14516129032258066 0.5587044534412956
52 0.0035522000000000054 0 1 0.14516129032258066 0.562753036437247
53 0.004004600000000025 1 0 0.1532258064516129 0.562753036437247
54 0.003974699999999998 0 0 0.1532258064516129 0.562753036437247
55 0.0038428999999999824 0 0 0.1532258064516129 0.562753036437247
56 0.0038489999999999913 0 0 0.1532258064516129 0.562753036437247
57 0.00398300000000007 0 0 0.1532258064516129 0.562753036437247
58 0.0038027000000000477 0 0 0.1532258064516129 0.562753036437247
59 0.002732900000000038 0 0 0.1532258064516129 0.562753036437247
60 0.002826500000000065 0 0 0.1532258064516129 0.562753036437247
61 0.0025359999999999827 0 1 0.1532258064516129 0.5668016194331984
62 0.003120399999999912 1 1 0.16129032258064516 0.5708502024291497
63 0.0027807999999999167 0 0 0.16129032258064516 0.5708502024291497
64 0.003897999999999957 0 0 0.16129032258064516 0.5708502024291497
65 0.0036123000000000127 1 0 0.1693548387096774 0.5708502024291497
66 0.0031170000000000364 0 0 0.1693548387096774 0.5708502024291497
67 0.0028380999999999545 0 0 0.1693548387096774 0.5708502024291497
68 0.0036783999999999706 0 0 0.1693548387096774 0.5708502024291497
69 0.0027637000000000356 0 0 0.1693548387096774 0.5708502024291497
70 0.0032589000000000645 0 0 0.1693548387096774 0.5708502024291497
71 0.002763799999999983 0 0 0.1693548387096774 0.5708502024291497
72 0.0037888000000000366 1 1 0.1774193548387097 0.5748987854251012
73 0.0037483000000000377 0 0 0.1774193548387097 0.5748987854251012
74 0.002734800000000037 0 0 0.1774193548387097 0.5748987854251012
75 0.002725399999999989 0 1 0.1774193548387097 0.5789473684210527
76 0.00309500000000007 0 0 0.1774193548387097 0.5789473684210527
77 0.0028680000000000927 1 1 0.18548387096774194 0.582995951417004
78 0.0032541000000000375 0 0 0.18548387096774194 0.582995951417004
79 0.002723299999999984 1 0 0.1935483870967742 0.582995951417004
80 0.0031402000000000374 0 1 0.1935483870967742 0.5870445344129555
81 0.003206500000000001 0 0 0.1935483870967742 0.5870445344129555
82 0.0037336000000000036 0 1 0.1935483870967742 0.5910931174089069
83 0.003882500000000011 0 0 0.1935483870967742 0.5910931174089069
84 0.0029183000000000403 1 0 0.20161290322580644 0.5910931174089069
85 0.00275420000000004 0 0 0.20161290322580644 0.5910931174089069
86 0.0032286999999999733 0 0 0.20161290322580644 0.5910931174089069
87 0.0029553999999999414 1 0 0.20967741935483872 0.5910931174089069
88 0.0028624000000000427 1 0 0.21774193548387097 0.5910931174089069
89 0.0026703000000000143 0 0 0.21774193548387097 0.5910931174089069
90 0.0031901000000000845 0 1 0.21774193548387097 0.5951417004048583
91 0.00283230000000001 0 1 0.21774193548387097 0.5991902834008097
92 0.003626800000000041 0 0 0.21774193548387097 0.5991902834008097
93 0.003825699999999932 1 0 0.22580645161290322 0.5991902834008097
94 0.00432279999999996 0 0 0.22580645161290322 0.5991902834008097
95 0.003018500000000035 0 0 0.22580645161290322 0.5991902834008097
96 0.002733899999999956 0 0 0.22580645161290322 0.5991902834008097
97 0.002814800000000006 0 0 0.22580645161290322 0.5991902834008097
98 0.0028352000000000377 1 0 0.23387096774193547 0.5991902834008097
99 0.002766000000000046 1 1 0.24193548387096775 0.6032388663967612
100 0.0032575000000000243 0 0 0.24193548387096775 0.6032388663967612
101 0.0030015999999999377 0 0 0.24193548387096775 0.6032388663967612
102 0.003166000000000002 0 0 0.24193548387096775 0.6032388663967612
103 0.002653100000000075 0 0 0.24193548387096775 0.6032388663967612
104 0.0033693000000000195 0 1 0.24193548387096775 0.6072874493927125
105 0.002867799999999976 1 0 0.25 0.6072874493927125
106 0.002791800000000011 0 0 0.25 0.6072874493927125
107 0.0027156999999999876 0 0 0.25 0.6072874493927125
108 0.0027831000000000383 0 0 0.25 0.6072874493927125
109 0.002661099999999972 1 0 0.25806451612903225 0.6072874493927125
110 0.0030720000000000747 1 1 0.2661290322580645 0.611336032388664
111 0.004361800000000082 0 2 0.2661290322580645 0.6194331983805668
112 0.0039215999999999696 0 0 0.2661290322580645 0.6194331983805668
113 0.004083799999999971 0 0 0.2661290322580645 0.6194331983805668
114 0.004796899999999993 0 0 0.2661290322580645 0.6194331983805668
115 0.002938200000000002 1 0 0.27419354838709675 0.6194331983805668
116 0.0027601999999999904 1 0 0.28225806451612906 0.6194331983805668
117 0.003356899999999996 0 0 0.28225806451612906 0.6194331983805668
118 0.003337699999999999 0 0 0.28225806451612906 0.6194331983805668
119 0.00398720000000008 1 0 0.2903225806451613 0.6194331983805668
120 0.003710299999999944 0 0 0.2903225806451613 0.6194331983805668
121 0.0039285000000000014 0 1 0.2903225806451613 0.6234817813765182
122 0.0042320000000000135 1 2 0.29838709677419356 0.631578947368421
123 0.004100299999999946 0 0 0.29838709677419356 0.631578947368421
124 0.0038989000000000384 0 0 0.29838709677419356 0.631578947368421
125 0.004256999999999955 0 0 0.29838709677419356 0.631578947368421
126 0.004108199999999895 0 0 0.29838709677419356 0.631578947368421
127 0.00388070000000007 0 1 0.29838709677419356 0.6356275303643725
128 0.0033636999999999695 0 0 0.29838709677419356 0.6356275303643725
129 0.0027760000000000007 0 1 0.29838709677419356 0.6396761133603239
130 0.003120900000000093 0 0 0.29838709677419356 0.6396761133603239
131 0.0041535999999999795 0 0 0.29838709677419356 0.6396761133603239
132 0.0034114999999999007 1 0 0.3064516129032258 0.6396761133603239
133 0.00406340000000005 0 0 0.3064516129032258 0.6396761133603239
134 0.004579 1 0 0.31451612903225806 0.6396761133603239
135 0.0037605000000000555 0 0 0.31451612903225806 0.6396761133603239
136 0.002892399999999906 1 0 0.3225806451612903 0.6396761133603239
137 0.0032978000000000174 0 0 0.3225806451612903 0.6396761133603239
138 0.0034562000000000204 1 0 0.33064516129032256 0.6396761133603239
139 0.0032202999999999538 1 1 0.3387096774193548 0.6437246963562753
140 0.002892400000000017 0 1 0.3387096774193548 0.6477732793522267
141 0.003207799999999983 0 0 0.3387096774193548 0.6477732793522267
142 0.003018499999999924 0 1 0.3387096774193548 0.6518218623481782
143 0.0031537999999999844 0 1 0.3387096774193548 0.6558704453441295
144 0.0039435000000001 0 0 0.3387096774193548 0.6558704453441295
145 0.003118000000000065 1 0 0.3467741935483871 0.6558704453441295
146 0.0028485000000000316 0 0 0.3467741935483871 0.6558704453441295
147 0.003439799999999993 1 2 0.3548387096774194 0.6639676113360324
148 0.003248099999999976 1 0 0.3629032258064516 0.6639676113360324
149 0.003037999999999985 1 0 0.3709677419354839 0.6639676113360324
150 0.0027903999999999707 1 1 0.3790322580645161 0.6680161943319838
151 0.003700099999999984 1 1 0.3870967741935484 0.6720647773279352
152 0.002876100000000048 1 2 0.3951612903225806 0.680161943319838
153 0.003660899999999967 0 0 0.3951612903225806 0.680161943319838
154 0.004215500000000039 0 0 0.3951612903225806 0.680161943319838
155 0.0029943000000000053 1 0 0.4032258064516129 0.680161943319838
156 0.003173400000000104 0 1 0.4032258064516129 0.6842105263157895
157 0.0033009999999999984 1 0 0.4112903225806452 0.6842105263157895
158 0.0034271000000000162 0 0 0.4112903225806452 0.6842105263157895
159 0.002923499999999968 0 1 0.4112903225806452 0.6882591093117408
160 0.004665499999999989 0 1 0.4112903225806452 0.6923076923076923
161 0.0042767999999999695 1 0 0.41935483870967744 0.6923076923076923
162 0.0041727999999999765 1 1 0.4274193548387097 0.6963562753036437
163 0.004414699999999994 0 1 0.4274193548387097 0.7004048582995951
164 0.0031119000000000563 0 0 0.4274193548387097 0.7004048582995951
165 0.0035788999999999405 0 0 0.4274193548387097 0.7004048582995951
166 0.004059000000000035 0 0 0.4274193548387097 0.7004048582995951
167 0.004244099999999973 1 1 0.43548387096774194 0.7044534412955465
168 0.004116399999999909 0 0 0.43548387096774194 0.7044534412955465
169 0.0034623000000000292 0 1 0.43548387096774194 0.708502024291498
170 0.0029988999999999155 1 0 0.4435483870967742 0.708502024291498
171 0.0030367000000000033 0 1 0.4435483870967742 0.7125506072874493
172 0.0033311999999999786 0 0 0.4435483870967742 0.7125506072874493
173 0.00289129999999993 0 0 0.4435483870967742 0.7125506072874493
174 0.004524500000000042 0 1 0.4435483870967742 0.7165991902834008
175 0.0036012999999999185 0 0 0.4435483870967742 0.7165991902834008
176 0.003394800000000031 0 0 0.4435483870967742 0.7165991902834008
177 0.003859900000000027 0 0 0.4435483870967742 0.7165991902834008
178 0.003323599999999982 0 0 0.4435483870967742 0.7165991902834008
179 0.003278000000000003 0 0 0.4435483870967742 0.7165991902834008
180 0.003040900000000013 0 0 0.4435483870967742 0.7165991902834008
181 0.003682799999999986 1 0 0.45161290322580644 0.7165991902834008
182 0.003216600000000014 0 0 0.45161290322580644 0.7165991902834008
183 0.004043899999999989 0 1 0.45161290322580644 0.7206477732793523
184 0.003674499999999803 0 0 0.45161290322580644 0.7206477732793523
185 0.0029154999999998488 1 0 0.4596774193548387 0.7206477732793523
186 0.003336400000000017 0 0 0.4596774193548387 0.7206477732793523
187 0.004414699999999883 0 0 0.4596774193548387 0.7206477732793523
188 0.0030474000000000334 0 1 0.4596774193548387 0.7246963562753036
189 0.002971599999999963 0 1 0.4596774193548387 0.728744939271255
190 0.0035309000000001145 0 0 0.4596774193548387 0.728744939271255
191 0.0034296000000000326 0 0 0.4596774193548387 0.728744939271255
192 0.0031284999999998675 1 0 0.46774193548387094 0.728744939271255
193 0.0031718999999998942 0 0 0.46774193548387094 0.728744939271255
194 0.0030584000000000167 0 0 0.46774193548387094 0.728744939271255
195 0.003098500000000115 0 0 0.46774193548387094 0.728744939271255
196 0.0034600000000000186 1 0 0.47580645161290325 0.728744939271255
197 0.0033714000000000244 1 0 0.4838709677419355 0.728744939271255
198 0.003079500000000124 0 0 0.4838709677419355 0.728744939271255
199 0.0031102999999998993 1 0 0.49193548387096775 0.728744939271255
200 0.0034327000000000663 1 1 0.5 0.7327935222672065
201 0.003917100000000007 1 1 0.5080645161290323 0.7368421052631579
202 0.003165399999999874 0 0 0.5080645161290323 0.7368421052631579
203 0.004808999999999841 0 0 0.5080645161290323 0.7368421052631579
204 0.004548699999999961 0 1 0.5080645161290323 0.7408906882591093
205 0.0042357000000001754 0 0 0.5080645161290323 0.7408906882591093
206 0.003160400000000063 1 0 0.5161290322580645 0.7408906882591093
207 0.004383899999999885 0 0 0.5161290322580645 0.7408906882591093
208 0.004791600000000118 1 1 0.5241935483870968 0.7449392712550608
209 0.0031863000000000863 1 1 0.532258064516129 0.7489878542510121
210 0.004385700000000048 0 0 0.532258064516129 0.7489878542510121
211 0.004728500000000135 0 0 0.532258064516129 0.7489878542510121
212 0.0043416000000000565 0 0 0.532258064516129 0.7489878542510121
213 0.003678199999999965 0 0 0.532258064516129 0.7489878542510121
214 0.0035585999999998563 0 2 0.532258064516129 0.757085020242915
215 0.0034529999999999283 0 0 0.532258064516129 0.757085020242915
216 0.004067400000000054 1 0 0.5403225806451613 0.757085020242915
217 0.00322139999999993 1 0 0.5483870967741935 0.757085020242915
218 0.0032183999999999546 0 0 0.5483870967741935 0.757085020242915
219 0.0036983999999999906 0 0 0.5483870967741935 0.757085020242915
220 0.003598999999999908 0 0 0.5483870967741935 0.757085020242915
221 0.003031800000000029 0 1 0.5483870967741935 0.7611336032388664
222 0.003396100000000013 0 0 0.5483870967741935 0.7611336032388664
223 0.003452599999999917 1 0 0.5564516129032258 0.7611336032388664
224 0.0035559999999998926 0 0 0.5564516129032258 0.7611336032388664
225 0.003031800000000029 0 0 0.5564516129032258 0.7611336032388664
226 0.003501999999999894 0 0 0.5564516129032258 0.7611336032388664
227 0.0030324999999999935 0 0 0.5564516129032258 0.7611336032388664
228 0.0038097999999999743 0 0 0.5564516129032258 0.7611336032388664
229 0.0043223999999999485 0 0 0.5564516129032258 0.7611336032388664
230 0.004363699999999859 1 0 0.5645161290322581 0.7611336032388664
231 0.004934900000000075 0 0 0.5645161290322581 0.7611336032388664
232 0.004646200000000045 0 0 0.5645161290322581 0.7611336032388664
233 0.004418000000000033 0 0 0.5645161290322581 0.7611336032388664
234 0.004534299999999991 1 0 0.5725806451612904 0.7611336032388664
235 0.004637399999999792 0 1 0.5725806451612904 0.7651821862348178
236 0.004272199999999948 0 0 0.5725806451612904 0.7651821862348178
237 0.00332650000000001 0 1 0.5725806451612904 0.7692307692307693
238 0.003265700000000038 1 1 0.5806451612903226 0.7732793522267206
239 0.003550200000000059 0 0 0.5806451612903226 0.7732793522267206
240 0.004073800000000016 0 1 0.5806451612903226 0.7773279352226721
241 0.003402200000000022 1 0 0.5887096774193549 0.7773279352226721
242 0.004795400000000116 1 0 0.5967741935483871 0.7773279352226721
243 0.004587000000000119 0 0 0.5967741935483871 0.7773279352226721
244 0.0032052999999998555 0 0 0.5967741935483871 0.7773279352226721
245 0.0066509999999999625 0 1 0.5967741935483871 0.7813765182186235
246 0.003720399999999957 0 0 0.5967741935483871 0.7813765182186235
247 0.003622200000000131 0 1 0.5967741935483871 0.7854251012145749
248 0.004355300000000062 0 0 0.5967741935483871 0.7854251012145749
249 0.0038336000000001036 0 1 0.5967741935483871 0.7894736842105263
250 0.0034613000000001115 1 0 0.6048387096774194 0.7894736842105263
251 0.0032061000000001005 0 0 0.6048387096774194 0.7894736842105263
252 0.003321399999999919 1 1 0.6129032258064516 0.7935222672064778
253 0.003332400000000124 0 0 0.6129032258064516 0.7935222672064778
254 0.0036229000000000955 0 0 0.6129032258064516 0.7935222672064778
255 0.004598099999999938 0 0 0.6129032258064516 0.7935222672064778
256 0.004784399999999911 0 0 0.6129032258064516 0.7935222672064778
257 0.0033955000000001068 0 0 0.6129032258064516 0.7935222672064778
258 0.0035916999999998644 0 0 0.6129032258064516 0.7935222672064778
259 0.005440399999999901 0 0 0.6129032258064516 0.7935222672064778
260 0.004844700000000035 0 0 0.6129032258064516 0.7935222672064778
261 0.0043375999999999415 1 0 0.6209677419354839 0.7935222672064778
262 0.00457989999999997 0 1 0.6209677419354839 0.7975708502024291
263 0.003902000000000072 1 0 0.6290322580645161 0.7975708502024291
264 0.004740399999999978 0 0 0.6290322580645161 0.7975708502024291
265 0.0034130999999999467 0 0 0.6290322580645161 0.7975708502024291
266 0.00364220000000004 1 0 0.6370967741935484 0.7975708502024291
267 0.0030884999999998275 0 0 0.6370967741935484 0.7975708502024291
268 0.0047912000000001065 0 0 0.6370967741935484 0.7975708502024291
269 0.004689000000000165 1 0 0.6451612903225806 0.7975708502024291
270 0.004364699999999999 1 1 0.6532258064516129 0.8016194331983806
271 0.003663799999999995 0 0 0.6532258064516129 0.8016194331983806
272 0.0045496000000000425 1 1 0.6612903225806451 0.805668016194332
273 0.005080799999999996 0 0 0.6612903225806451 0.805668016194332
274 0.0038073999999999053 0 0 0.6612903225806451 0.805668016194332
275 0.003204599999999891 0 0 0.6612903225806451 0.805668016194332
276 0.00375049999999999 0 0 0.6612903225806451 0.805668016194332
277 0.003680100000000186 1 0 0.6693548387096774 0.805668016194332
278 0.003631000000000162 0 0 0.6693548387096774 0.805668016194332
279 0.005008399999999913 1 0 0.6774193548387096 0.805668016194332
280 0.0036178999999998407 1 1 0.6854838709677419 0.8097165991902834
281 0.003213999999999828 1 2 0.6935483870967742 0.8178137651821862
282 0.004585900000000143 0 0 0.6935483870967742 0.8178137651821862
283 0.0034440000000000026 1 0 0.7016129032258065 0.8178137651821862
284 0.0038058999999999177 1 0 0.7096774193548387 0.8178137651821862
285 0.0036316999999999044 1 1 0.717741935483871 0.8218623481781376
286 0.0034423999999999566 0 1 0.717741935483871 0.8259109311740891
287 0.003700900000000118 0 0 0.717741935483871 0.8259109311740891
288 0.0036931000000000047 0 0 0.717741935483871 0.8259109311740891
289 0.003520900000000049 0 0 0.717741935483871 0.8259109311740891
290 0.003549699999999989 0 1 0.717741935483871 0.8299595141700404
291 0.003553200000000034 0 0 0.717741935483871 0.8299595141700404
292 0.003187300000000004 1 2 0.7258064516129032 0.8380566801619433
293 0.004002300000000014 1 1 0.7338709677419355 0.8421052631578947
294 0.004858399999999818 1 2 0.7419354838709677 0.8502024291497976
295 0.0038507000000000957 0 1 0.7419354838709677 0.854251012145749
296 0.00570409999999999 0 0 0.7419354838709677 0.854251012145749
297 0.004288399999999859 0 0 0.7419354838709677 0.854251012145749
298 0.0033647999999999456 0 0 0.7419354838709677 0.854251012145749
299 0.00389179999999989 0 0 0.7419354838709677 0.854251012145749
300 0.00355099999999986 0 0 0.7419354838709677 0.854251012145749
301 0.0033313999999999844 0 1 0.7419354838709677 0.8582995951417004
302 0.003675800000000118 0 0 0.7419354838709677 0.8582995951417004
303 0.003388600000000075 1 0 0.75 0.8582995951417004
304 0.003683300000000056 0 0 0.75 0.8582995951417004
305 0.004151800000000039 0 0 0.75 0.8582995951417004
306 0.0043984000000001355 0 0 0.75 0.8582995951417004
307 0.00388070000000007 1 0 0.7580645161290323 0.8582995951417004
308 0.0035152000000000516 0 0 0.7580645161290323 0.8582995951417004
309 0.004800300000000091 1 0 0.7661290322580645 0.8582995951417004
310 0.0048704000000001635 0 0 0.7661290322580645 0.8582995951417004
311 0.004839600000000166 1 3 0.7741935483870968 0.8704453441295547
312 0.0057974999999999 0 0 0.7741935483870968 0.8704453441295547
313 0.004657499999999981 0 0 0.7741935483870968 0.8704453441295547
314 0.003845199999999993 1 0 0.782258064516129 0.8704453441295547
315 0.003708600000000173 0 0 0.782258064516129 0.8704453441295547
316 0.0035846999999999962 0 0 0.782258064516129 0.8704453441295547
317 0.003465499999999899 0 0 0.782258064516129 0.8704453441295547
318 0.0037929999999999353 0 0 0.782258064516129 0.8704453441295547
319 0.003933399999999976 1 2 0.7903225806451613 0.8785425101214575
320 0.0034860999999999365 1 0 0.7983870967741935 0.8785425101214575
321 0.004557700000000109 0 0 0.7983870967741935 0.8785425101214575
322 0.003773699999999991 0 0 0.7983870967741935 0.8785425101214575
323 0.0037610000000001254 0 0 0.7983870967741935 0.8785425101214575
324 0.0050136000000000625 0 0 0.7983870967741935 0.8785425101214575
325 0.004931699999999983 1 0 0.8064516129032258 0.8785425101214575
326 0.00384859999999998 1 0 0.8145161290322581 0.8785425101214575
327 0.0033982999999999652 0 1 0.8145161290322581 0.8825910931174089
328 0.003627899999999906 0 0 0.8145161290322581 0.8825910931174089
329 0.003762800000000066 0 1 0.8145161290322581 0.8866396761133604
330 0.0037338000000000093 0 0 0.8145161290322581 0.8866396761133604
331 0.0037019000000000357 0 0 0.8145161290322581 0.8866396761133604
332 0.00507919999999995 0 0 0.8145161290322581 0.8866396761133604
333 0.005006999999999984 0 1 0.8145161290322581 0.8906882591093117
334 0.003843800000000064 1 0 0.8225806451612904 0.8906882591093117
335 0.003634799999999938 0 0 0.8225806451612904 0.8906882591093117
336 0.0034951000000000843 0 0 0.8225806451612904 0.8906882591093117
337 0.0039223999999999926 1 0 0.8306451612903226 0.8906882591093117
338 0.004973000000000116 0 0 0.8306451612903226 0.8906882591093117
339 0.0049002999999998575 0 0 0.8306451612903226 0.8906882591093117
340 0.0034202999999999317 0 0 0.8306451612903226 0.8906882591093117
341 0.00413130000000006 1 0 0.8387096774193549 0.8906882591093117
342 0.0039447999999999706 0 0 0.8387096774193549 0.8906882591093117
343 0.0035155000000000047 0 0 0.8387096774193549 0.8906882591093117
344 0.0037954999999998407 0 1 0.8387096774193549 0.8947368421052632
345 0.0038044999999999884 0 1 0.8387096774193549 0.8987854251012146
346 0.0034691000000000027 0 2 0.8387096774193549 0.9068825910931174
347 0.0038970999999998757 1 0 0.8467741935483871 0.9068825910931174
348 0.0034258999999998707 0 1 0.8467741935483871 0.9109311740890689
349 0.003528399999999987 0 0 0.8467741935483871 0.9109311740890689
350 0.0038082999999999867 0 0 0.8467741935483871 0.9109311740890689
351 0.005917600000000078 0 0 0.8467741935483871 0.9109311740890689
352 0.004052299999999898 0 1 0.8467741935483871 0.9149797570850202
353 0.005357800000000079 0 0 0.8467741935483871 0.9149797570850202
354 0.0035197000000000145 0 0 0.8467741935483871 0.9149797570850202
355 0.005429699999999871 0 0 0.8467741935483871 0.9149797570850202
356 0.00518519999999989 0 0 0.8467741935483871 0.9149797570850202
357 0.004450999999999983 0 0 0.8467741935483871 0.9149797570850202
358 0.003580099999999975 0 0 0.8467741935483871 0.9149797570850202
359 0.0036951999999998986 0 0 0.8467741935483871 0.9149797570850202
360 0.0037133000000000305 1 0 0.8548387096774194 0.9149797570850202
361 0.0051642999999998995 0 0 0.8548387096774194 0.9149797570850202
362 0.00524659999999999 0 0 0.8548387096774194 0.9149797570850202
363 0.0050672000000000494 0 1 0.8548387096774194 0.9190283400809717
364 0.004792700000000094 0 0 0.8548387096774194 0.9190283400809717
365 0.005181199999999997 0 1 0.8548387096774194 0.9230769230769231
366 0.0052947000000000966 0 0 0.8548387096774194 0.9230769230769231
367 0.005370899999999956 0 0 0.8548387096774194 0.9230769230769231
368 0.0051522999999999985 0 0 0.8548387096774194 0.9230769230769231
369 0.0062219000000001135 1 2 0.8629032258064516 0.9311740890688259
370 0.004717099999999919 0 0 0.8629032258064516 0.9311740890688259
371 0.0041895999999999045 1 0 0.8709677419354839 0.9311740890688259
372 0.0037722999999998397 0 0 0.8709677419354839 0.9311740890688259
373 0.00338840000000018 1 0 0.8790322580645161 0.9311740890688259
374 0.0037751999999999786 0 0 0.8790322580645161 0.9311740890688259
375 0.0035955000000000847 1 0 0.8870967741935484 0.9311740890688259
376 0.0038434000000000523 0 0 0.8870967741935484 0.9311740890688259
377 0.003958099999999964 0 0 0.8870967741935484 0.9311740890688259
378 0.003802000000000083 0 0 0.8870967741935484 0.9311740890688259
379 0.005393200000000098 0 0 0.8870967741935484 0.9311740890688259
380 0.005256600000000056 0 0 0.8870967741935484 0.9311740890688259
381 0.004661699999999991 0 0 0.8870967741935484 0.9311740890688259
382 0.005050500000000069 0 0 0.8870967741935484 0.9311740890688259
383 0.005362199999999984 0 0 0.8870967741935484 0.9311740890688259
384 0.004378500000000063 1 0 0.8951612903225806 0.9311740890688259
385 0.003448099999999954 1 1 0.9032258064516129 0.9352226720647774
386 0.003985099999999964 1 1 0.9112903225806451 0.9392712550607287
387 0.005148799999999953 1 1 0.9193548387096774 0.9433198380566802
388 0.0049386999999998515 1 0 0.9274193548387096 0.9433198380566802
389 0.005565200000000159 1 0 0.9354838709677419 0.9433198380566802
390 0.004828099999999891 0 0 0.9354838709677419 0.9433198380566802
391 0.005005800000000171 0 0 0.9354838709677419 0.9433198380566802
392 0.003898500000000027 1 0 0.9435483870967742 0.9433198380566802
393 0.004042799999999902 0 1 0.9435483870967742 0.9473684210526315
394 0.0039935999999998195 0 0 0.9435483870967742 0.9473684210526315
395 0.0036810000000000453 0 0 0.9435483870967742 0.9473684210526315
396 0.004312400000000105 0 0 0.9435483870967742 0.9473684210526315
397 0.004090499999999997 0 3 0.9435483870967742 0.9595141700404858
398 0.003950899999999979 0 1 0.9435483870967742 0.9635627530364372
399 0.004012399999999916 1 0 0.9516129032258065 0.9635627530364372
400 0.0034330000000000194 0 0 0.9516129032258065 0.9635627530364372
401 0.00415539999999992 0 0 0.9516129032258065 0.9635627530364372
402 0.004267400000000032 0 0 0.9516129032258065 0.9635627530364372
403 0.00392120000000018 0 1 0.9516129032258065 0.9676113360323887
404 0.004127500000000062 0 0 0.9516129032258065 0.9676113360323887
405 0.004361300000000012 0 0 0.9516129032258065 0.9676113360323887
406 0.003934000000000104 1 1 0.9596774193548387 0.97165991902834
407 0.004337299999999988 0 2 0.9596774193548387 0.979757085020243
408 0.004091000000000067 0 0 0.9596774193548387 0.979757085020243
409 0.003837499999999716 0 0 0.9596774193548387 0.979757085020243
410 0.003817699999999924 0 0 0.9596774193548387 0.979757085020243
411 0.0036101000000003935 0 0 0.9596774193548387 0.979757085020243
412 0.0041663999999999035 1 0 0.967741935483871 0.979757085020243
413 0.0041141000000002315 0 0 0.967741935483871 0.979757085020243
414 0.0036636999999997144 1 0 0.9758064516129032 0.979757085020243
415 0.004163399999999928 0 0 0.9758064516129032 0.979757085020243
416 0.004190799999999939 0 0 0.9758064516129032 0.979757085020243
417 0.004017099999999996 0 0 0.9758064516129032 0.979757085020243
418 0.0040557000000003285 1 0 0.9838709677419355 0.979757085020243
419 0.00468869999999999 0 1 0.9838709677419355 0.9838056680161943
420 0.004210499999999673 0 0 0.9838709677419355 0.9838056680161943
421 0.004399599999999726 1 1 0.9919354838709677 0.9878542510121457
422 0.004025400000000179 0 0 0.9919354838709677 0.9878542510121457
423 0.0041280000000001316 0 0 0.9919354838709677 0.9878542510121457
424 0.005052699999999799 0 0 0.9919354838709677 0.9878542510121457
425 0.003988700000000289 0 0 0.9919354838709677 0.9878542510121457
426 0.004090300000000102 0 0 0.9919354838709677 0.9878542510121457
427 0.003868900000000064 0 0 0.9919354838709677 0.9878542510121457
428 0.004024900000000109 0 0 0.9919354838709677 0.9878542510121457
429 0.0044888000000002926 0 0 0.9919354838709677 0.9878542510121457
430 0.0035271999999997306 0 0 0.9919354838709677 0.9878542510121457
431 0.004149200000000075 0 0 0.9919354838709677 0.9878542510121457
432 0.004280500000000131 0 0 0.9919354838709677 0.9878542510121457
433 0.0036379000000001938 1 1 1.0 0.9919028340080972
434 0.004417099999999952 0 0 1.0 0.9919028340080972
435 0.0038323000000000107 0 1 1.0 0.9959514170040485
436 0.0035872000000001236 0 0 1.0 0.9959514170040485
437 0.0058091000000000115 0 0 1.0 0.9959514170040485
438 0.004037099999999683 0 0 1.0 0.9959514170040485
439 0.005039000000000016 0 0 1.0 0.9959514170040485
440 0.0036935000000002383 0 1 1.0 1.0
