150 0.7 0.3
1 0.0032067000000000068 1 0 0.006711409395973154 0.5016835016835017
2 0.0030934999999999713 1 0 0.013422818791946308 0.5016835016835017
3 0.0035607000000000277 0 0 0.013422818791946308 0.5016835016835017
4 0.003230899999999981 0 0 0.013422818791946308 0.5016835016835017
5 0.0029971999999999777 1 0 0.020134228187919462 0.5016835016835017
6 0.0044156000000000195 1 2 0.026845637583892617 0.5084175084175084
7 0.003285000000000038 1 1 0.03355704697986577 0.5117845117845118
8 0.003836299999999959 0 1 0.03355704697986577 0.5151515151515151
9 0.0041796000000000055 0 0 0.03355704697986577 0.5151515151515151
10 0.003197300000000014 1 0 0.040268456375838924 0.5151515151515151
11 0.003854100000000027 0 0 0.040268456375838924 0.5151515151515151
12 0.0050471000000000266 1 0 0.04697986577181208 0.5151515151515151
13 0.003166900000000028 1 2 0.053691275167785234 0.5218855218855218
14 0.0034488000000000296 1 0 0.06040268456375839 0.5218855218855218
15 0.0036396000000000206 1 0 0.06711409395973154 0.5218855218855218
16 0.003421200000000013 0 1 0.06711409395973154 0.5252525252525253
17 0.003113599999999994 1 0 0.0738255033557047 0.5252525252525253
18 0.004915100000000006 0 2 0.0738255033557047 0.531986531986532
19 0.0034373999999999794 1 0 0.08053691275167785 0.531986531986532
20 0.0037042999999999937 0 1 0.08053691275167785 0.5353535353535354
21 0.004166700000000023 1 2 0.087248322147651 0.5420875420875421
22 0.0036901000000000295 1 1 0.09395973154362416 0.5454545454545454
23 0.004070200000000024 1 0 0.10067114093959731 0.5454545454545454
24 0.0036009999999999653 1 0 0.10738255033557047 0.5454545454545454
25 0.003358099999999975 1 0 0.11409395973154363 0.5454545454545454
26 0.004037500000000027 1 1 0.12080536912751678 0.5488215488215489
27 0.0032198999999999978 1 0 0.12751677852348994 0.5488215488215489
28 0.0038775000000000337 0 0 0.12751677852348994 0.5488215488215489
29 0.0043864000000000125 1 2 0.1342281879194631 0.5555555555555556
30 0.0034433999999999854 1 2 0.14093959731543623 0.5622895622895623
31 0.00430980000000003 1 0 0.1476510067114094 0.5622895622895623
32 0.004492999999999969 1 0 0.15436241610738255 0.5622895622895623
33 0.0034977999999999954 1 1 0.1610738255033557 0.5656565656565656
34 0.0036092999999999265 1 0 0.16778523489932887 0.5656565656565656
35 0.005038300000000051 0 0 0.16778523489932887 0.5656565656565656
36 0.004463100000000053 1 2 0.174496644295302 0.5723905723905723
37 0.004029399999999961 0 0 0.174496644295302 0.5723905723905723
38 0.003232400000000024 0 0 0.174496644295302 0.5723905723905723
39 0.004389199999999982 0 0 0.174496644295302 0.5723905723905723
40 0.004554999999999976 1 2 0.18120805369127516 0.5791245791245792
41 0.003993799999999936 1 1 0.18791946308724833 0.5824915824915825
42 0.004087500000000022 1 0 0.19463087248322147 0.5824915824915825
43 0.0038234999999999797 0 0 0.19463087248322147 0.5824915824915825
44 0.003515599999999952 0 0 0.19463087248322147 0.5824915824915825
45 0.0039004999999999734 1 2 0.20134228187919462 0.5892255892255892
46 0.004079100000000002 1 1 0.2080536912751678 0.5925925925925926
47 0.003797399999999951 1 0 0.21476510067114093 0.5925925925925926
48 0.004111499999999935 1 1 0.2214765100671141 0.5959595959595959
49 0.0035084999999999145 1 2 0.22818791946308725 0.6026936026936027
50 0.004104300000000061 1 1 0.2348993288590604 0.6060606060606061
51 0.00428980000000001 0 2 0.2348993288590604 0.6127946127946128
52 0.003595600000000032 1 0 0.24161073825503357 0.6127946127946128
53 0.004485800000000095 1 3 0.2483221476510067 0.622895622895623
54 0.0039375999999999856 1 0 0.2550335570469799 0.622895622895623
55 0.005085400000000018 1 1 0.26174496644295303 0.6262626262626263
56 0.0036319000000000212 1 0 0.2684563758389262 0.6262626262626263
57 0.00392339999999991 1 0 0.2751677852348993 0.6262626262626263
58 0.005360800000000054 0 1 0.2751677852348993 0.6296296296296297
59 0.0036891000000000007 0 0 0.2751677852348993 0.6296296296296297
60 0.004181400000000002 0 1 0.2751677852348993 0.632996632996633
61 0.004144599999999943 1 0 0.28187919463087246 0.632996632996633
62 0.004074299999999975 1 0 0.28859060402684567 0.632996632996633
63 0.0046119999999999495 1 2 0.2953020134228188 0.6397306397306397
64 0.003784099999999957 1 1 0.30201342281879195 0.6430976430976431
65 0.005849799999999905 0 1 0.30201342281879195 0.6464646464646465
66 0.003972999999999893 0 0 0.30201342281879195 0.6464646464646465
67 0.003816099999999989 1 0 0.3087248322147651 0.6464646464646465
68 0.004259599999999919 1 0 0.31543624161073824 0.6464646464646465
69 0.00571289999999991 1 2 0.3221476510067114 0.6531986531986532
70 0.00440229999999997 0 0 0.3221476510067114 0.6531986531986532
71 0.004274900000000081 1 1 0.3288590604026846 0.6565656565656566
72 0.003705200000000075 0 1 0.3288590604026846 0.6599326599326599
73 0.004061800000000004 0 0 0.3288590604026846 0.6599326599326599
74 0.0037433999999999523 1 0 0.33557046979865773 0.6599326599326599
75 0.0043864000000000125 1 0 0.3422818791946309 0.6599326599326599
76 0.0046439999999999815 1 0 0.348993288590604 0.6599326599326599
77 0.0038715000000000277 0 1 0.348993288590604 0.6632996632996633
78 0.004425500000000082 1 1 0.35570469798657717 0.6666666666666666
79 0.005714600000000014 0 1 0.35570469798657717 0.67003367003367
80 0.004843400000000053 1 0 0.3624161073825503 0.67003367003367
81 0.003804699999999994 1 1 0.3691275167785235 0.6734006734006734
82 0.004276399999999958 1 1 0.37583892617449666 0.6767676767676768
83 0.004958899999999988 1 2 0.3825503355704698 0.6835016835016835
84 0.0038658999999999777 0 1 0.3825503355704698 0.6868686868686869
85 0.0044319999999999915 1 2 0.38926174496644295 0.6936026936026936
86 0.004514599999999924 0 0 0.38926174496644295 0.6936026936026936
87 0.004058600000000023 1 0 0.3959731543624161 0.6936026936026936
88 0.004519599999999957 1 0 0.40268456375838924 0.6936026936026936
89 0.004202799999999951 1 0 0.40939597315436244 0.6936026936026936
90 0.0049844 0 1 0.40939597315436244 0.696969696969697
91 0.005296800000000101 1 0 0.4161073825503356 0.696969696969697
92 0.004606500000000069 0 1 0.4161073825503356 0.7003367003367004
93 0.0048007999999999384 1 1 0.4228187919463087 0.7037037037037037
94 0.004645299999999963 1 1 0.42953020134228187 0.7070707070707071
95 0.004231600000000002 1 0 0.436241610738255 0.7070707070707071
96 0.0041735999999999995 1 0 0.4429530201342282 0.7070707070707071
97 0.004396599999999973 1 2 0.44966442953020136 0.7138047138047138
98 0.0038581000000000865 1 1 0.4563758389261745 0.7171717171717171
99 0.0046727999999999215 1 1 0.46308724832214765 0.7205387205387206
100 0.004950299999999963 1 2 0.4697986577181208 0.7272727272727273
101 0.0040701000000000764 1 1 0.47651006711409394 0.7306397306397306
102 0.005801800000000079 0 0 0.47651006711409394 0.7306397306397306
103 0.0040008000000000266 1 1 0.48322147651006714 0.734006734006734
104 0.005496400000000068 1 0 0.4899328859060403 0.734006734006734
105 0.004359799999999914 1 0 0.4966442953020134 0.734006734006734
106 0.00429349999999995 1 0 0.5033557046979866 0.734006734006734
107 0.004883500000000041 1 1 0.5100671140939598 0.7373737373737373
108 0.004481500000000027 1 0 0.5167785234899329 0.7373737373737373
109 0.0054203000000000445 1 1 0.5234899328859061 0.7407407407407407
110 0.004366100000000039 1 1 0.5302013422818792 0.7441077441077442
111 0.004710199999999998 1 1 0.5369127516778524 0.7474747474747475
112 0.004306900000000002 1 0 0.5436241610738255 0.7474747474747475
113 0.004274499999999959 0 1 0.5436241610738255 0.7508417508417509
114 0.004289900000000069 1 1 0.5503355704697986 0.7542087542087542
115 0.00473889999999999 1 4 0.5570469798657718 0.7676767676767676
116 0.00537450000000006 1 0 0.5637583892617449 0.7676767676767676
117 0.0060651000000000455 1 1 0.5704697986577181 0.7710437710437711
118 0.006828799999999968 1 1 0.5771812080536913 0.7744107744107744
119 0.005973699999999971 1 2 0.5838926174496645 0.7811447811447811
120 0.0048015999999999615 1 1 0.5906040268456376 0.7845117845117845
121 0.004326199999999947 1 2 0.5973154362416108 0.7912457912457912
122 0.0045247999999999955 1 0 0.6040268456375839 0.7912457912457912
123 0.004146300000000047 1 0 0.610738255033557 0.7912457912457912
124 0.0055283000000000415 1 1 0.6174496644295302 0.7946127946127947
125 0.009069100000000052 1 1 0.6241610738255033 0.797979797979798
126 0.004828399999999955 1 1 0.6308724832214765 0.8013468013468014
127 0.004413900000000082 1 1 0.6375838926174496 0.8047138047138047
128 0.005275299999999983 1 1 0.6442953020134228 0.8080808080808081
129 0.005194900000000002 0 0 0.6442953020134228 0.8080808080808081
130 0.005280700000000027 1 0 0.6510067114093959 0.8080808080808081
131 0.0042872000000000465 1 1 0.6577181208053692 0.8114478114478114
132 0.005089900000000203 1 1 0.6644295302013423 0.8148148148148148
133 0.005233599999999949 1 2 0.6711409395973155 0.8215488215488216
134 0.004834900000000086 0 3 0.6711409395973155 0.8316498316498316
135 0.00502350000000007 1 1 0.6778523489932886 0.835016835016835
136 0.004372700000000007 0 0 0.6778523489932886 0.835016835016835
137 0.0051939000000000846 1 0 0.6845637583892618 0.835016835016835
138 0.005135700000000076 0 1 0.6845637583892618 0.8383838383838383
139 0.005540100000000159 1 1 0.6912751677852349 0.8417508417508418
140 0.004755499999999913 1 0 0.697986577181208 0.8417508417508418
141 0.0049711999999999534 1 0 0.7046979865771812 0.8417508417508418
142 0.004700699999999891 1 1 0.7114093959731543 0.8451178451178452
143 0.005122000000000071 0 0 0.7114093959731543 0.8451178451178452
144 0.004333099999999979 1 0 0.7181208053691275 0.8451178451178452
145 0.005032200000000042 1 1 0.7248322147651006 0.8484848484848485
146 0.0066838000000000175 1 0 0.7315436241610739 0.8484848484848485
147 0.007334399999999963 1 0 0.738255033557047 0.8484848484848485
148 0.006624399999999975 1 1 0.7449664429530202 0.8518518518518519
149 0.007338000000000067 1 2 0.7516778523489933 0.8585858585858586
150 0.006307400000000074 1 1 0.7583892617449665 0.8619528619528619
151 0.0048592000000000635 1 2 0.7651006711409396 0.8686868686868687
152 0.005321300000000084 1 1 0.7718120805369127 0.8720538720538721
153 0.005877399999999922 0 0 0.7718120805369127 0.8720538720538721
154 0.005268100000000109 0 0 0.7718120805369127 0.8720538720538721
155 0.005329700000000104 1 1 0.7785234899328859 0.8754208754208754
156 0.0049536000000001135 1 2 0.785234899328859 0.8821548821548821
157 0.0048538999999998556 1 0 0.7919463087248322 0.8821548821548821
158 0.0063949999999999285 1 2 0.7986577181208053 0.8888888888888888
159 0.005834600000000023 1 0 0.8053691275167785 0.8888888888888888
160 0.00698209999999988 0 0 0.8053691275167785 0.8888888888888888
161 0.005828900000000026 1 0 0.8120805369127517 0.8888888888888888
162 0.005287999999999959 1 1 0.8187919463087249 0.8922558922558923
163 0.005068100000000131 1 0 0.825503355704698 0.8922558922558923
164 0.007636500000000046 1 2 0.8322147651006712 0.898989898989899
165 0.005190199999999923 1 4 0.8389261744966443 0.9124579124579124
166 0.006589600000000084 1 0 0.8456375838926175 0.9124579124579124
167 0.00516760000000005 1 0 0.8523489932885906 0.9124579124579124
168 0.005651100000000131 0 1 0.8523489932885906 0.9158249158249159
169 0.005256700000000114 1 0 0.8590604026845637 0.9158249158249159
170 0.005611800000000056 0 2 0.8590604026845637 0.9225589225589226
171 0.0054578999999999045 1 0 0.8657718120805369 0.9225589225589226
172 0.0063790000000001346 1 1 0.87248322147651 0.9259259259259259
173 0.007423999999999875 0 1 0.87248322147651 0.9292929292929293
174 0.006257000000000179 1 0 0.8791946308724832 0.9292929292929293
175 0.0051674999999999915 1 0 0.8859060402684564 0.9292929292929293
176 0.005358900000000055 0 1 0.8859060402684564 0.9326599326599326
177 0.004642800000000058 1 1 0.8926174496644296 0.936026936026936
178 0.0050296000000000785 1 1 0.8993288590604027 0.9393939393939394
179 0.0055618999999997865 1 0 0.9060402684563759 0.9393939393939394
180 0.005346999999999991 1 3 0.912751677852349 0.9494949494949495
181 0.0052155000000000395 0 0 0.912751677852349 0.9494949494949495
182 0.0054163000000000405 0 0 0.912751677852349 0.9494949494949495
183 0.004793700000000012 0 0 0.912751677852349 0.9494949494949495
184 0.004986299999999888 0 0 0.912751677852349 0.9494949494949495
185 0.005663999999999891 1 1 0.9194630872483222 0.9528619528619529
186 0.006046500000000066 1 0 0.9261744966442953 0.9528619528619529
187 0.005084799999999889 0 1 0.9261744966442953 0.9562289562289562
188 0.0062667000000000694 1 0 0.9328859060402684 0.9562289562289562
189 0.004997200000000035 0 1 0.9328859060402684 0.9595959595959596
190 0.007851400000000064 0 0 0.9328859060402684 0.9595959595959596
191 0.0048904000000000725 0 0 0.9328859060402684 0.9595959595959596
192 0.005268800000000073 0 0 0.9328859060402684 0.9595959595959596
193 0.005525599999999908 1 1 0.9395973154362416 0.9629629629629629
194 0.005556499999999964 1 0 0.9463087248322147 0.9629629629629629
195 0.00506619999999991 0 0 0.9463087248322147 0.9629629629629629
196 0.005506200000000128 0 0 0.9463087248322147 0.9629629629629629
197 0.004935700000000098 0 1 0.9463087248322147 0.9663299663299664
198 0.005190899999999887 0 0 0.9463087248322147 0.9663299663299664
199 0.005468199999999923 1 1 0.9530201342281879 0.9696969696969697
200 0.005509200000000103 1 0 0.959731543624161 0.9696969696969697
201 0.0049567999999999834 1 1 0.9664429530201343 0.9730639730639731
202 0.006007399999999885 0 0 0.9664429530201343 0.9730639730639731
203 0.004844499999999918 0 1 0.9664429530201343 0.9764309764309764
204 0.005525800000000025 0 0 0.9664429530201343 0.9764309764309764
205 0.0052354999999999485 0 0 0.9664429530201343 0.9764309764309764
206 0.0050952000000001885 1 1 0.9731543624161074 0.9797979797979798
207 0.004904999999999937 1 0 0.9798657718120806 0.9797979797979798
208 0.006456400000000029 1 2 0.9865771812080537 0.9865319865319865
209 0.005453600000000058 0 1 0.9865771812080537 0.98989898989899
210 0.006054500000000074 1 0 0.9932885906040269 0.98989898989899
211 0.004936399999999841 1 0 1.0 0.98989898989899
212 0.005490400000000006 0 2 1.0 0.9966329966329966
213 0.005468500000000098 0 0 1.0 0.9966329966329966
214 0.005964099999999917 0 0 1.0 0.9966329966329966
215 0.007269600000000098 0 0 1.0 0.9966329966329966
216 0.005587000000000009 0 1 1.0 1.0
