75 0.3 0.7
1 0.001619399999999993 0 0 0.0 0.5034013605442177
2 0.001406300000000027 1 0 0.013513513513513514 0.5034013605442177
3 0.0016107999999999678 0 0 0.013513513513513514 0.5034013605442177
4 0.001908999999999994 0 0 0.013513513513513514 0.5034013605442177
5 0.0023592000000000057 1 1 0.02702702702702703 0.5102040816326531
6 0.0018368000000000273 1 0 0.04054054054054054 0.5102040816326531
7 0.0016070999999999724 0 1 0.04054054054054054 0.5170068027210885
8 0.0016721000000000097 1 1 0.05405405405405406 0.5238095238095238
9 0.0016065000000000107 1 1 0.06756756756756757 0.5306122448979592
10 0.001879400000000031 1 0 0.08108108108108109 0.5306122448979592
11 0.002886400000000011 0 0 0.08108108108108109 0.5306122448979592
12 0.0015342999999999885 0 0 0.08108108108108109 0.5306122448979592
13 0.001791900000000013 0 0 0.08108108108108109 0.5306122448979592
14 0.001773899999999995 1 1 0.0945945945945946 0.5374149659863946
15 0.002000899999999972 0 1 0.0945945945945946 0.54421768707483
16 0.002066200000000018 0 0 0.0945945945945946 0.54421768707483
17 0.0024629000000000456 0 0 0.0945945945945946 0.54421768707483
18 0.0015755000000000075 0 0 0.0945945945945946 0.54421768707483
19 0.002568999999999988 0 0 0.0945945945945946 0.54421768707483
20 0.004653200000000024 0 0 0.0945945945945946 0.54421768707483
21 0.0022454000000000085 1 1 0.10810810810810811 0.5510204081632653
22 0.0017015999999999698 1 0 0.12162162162162163 0.5510204081632653
23 0.0016635999999999873 0 0 0.12162162162162163 0.5510204081632653
24 0.0038296999999999914 1 0 0.13513513513513514 0.5510204081632653
25 0.0016802000000000206 0 0 0.13513513513513514 0.5510204081632653
26 0.0022341000000000166 0 0 0.13513513513513514 0.5510204081632653
27 0.002754599999999996 0 1 0.13513513513513514 0.5578231292517006
28 0.001957500000000001 0 1 0.13513513513513514 0.564625850340136
29 0.0030171999999999977 0 0 0.13513513513513514 0.564625850340136
30 0.0016924999999999857 0 0 0.13513513513513514 0.564625850340136
31 0.0017690000000000206 0 0 0.13513513513513514 0.564625850340136
32 0.0020492000000000288 0 0 0.13513513513513514 0.564625850340136
33 0.002206600000000003 1 1 0.14864864864864866 0.5714285714285714
34 0.0016443999999999903 0 0 0.14864864864864866 0.5714285714285714
35 0.0023719999999999852 1 0 0.16216216216216217 0.5714285714285714
36 0.0016499000000000374 0 0 0.16216216216216217 0.5714285714285714
37 0.0022627000000000064 0 0 0.16216216216216217 0.5714285714285714
38 0.002676600000000029 1 1 0.17567567567567569 0.5782312925170068
39 0.002742300000000031 0 0 0.17567567567567569 0.5782312925170068
40 0.0019177000000000222 0 0 0.17567567567567569 0.5782312925170068
41 0.003525799999999968 0 1 0.17567567567567569 0.5850340136054422
42 0.001644999999999952 0 0 0.17567567567567569 0.5850340136054422
43 0.0025115 1 0 0.1891891891891892 0.5850340136054422
44 0.0021084000000000103 1 1 0.20270270270270271 0.5918367346938775
45 0.0015993000000000257 1 2 0.21621621621621623 0.6054421768707483
46 0.001709499999999975 0 0 0.21621621621621623 0.6054421768707483
47 0.002037399999999967 0 0 0.21621621621621623 0.6054421768707483
48 0.001900999999999986 0 0 0.21621621621621623 0.6054421768707483
49 0.003326999999999969 0 0 0.21621621621621623 0.6054421768707483
50 0.0017701999999999996 0 0 0.21621621621621623 0.6054421768707483
51 0.0017409000000000452 1 1 0.22972972972972974 0.6122448979591837
52 0.0022707000000000144 0 0 0.22972972972972974 0.6122448979591837
53 0.002033399999999963 1 1 0.24324324324324326 0.6190476190476191
54 0.0018356999999999957 1 0 0.25675675675675674 0.6190476190476191
55 0.002110999999999974 0 0 0.25675675675675674 0.6190476190476191
56 0.0025332999999999606 0 0 0.25675675675675674 0.6190476190476191
57 0.0020870000000000055 0 0 0.25675675675675674 0.6190476190476191
58 0.0036259000000000152 1 0 0.2702702702702703 0.6190476190476191
59 0.0024742000000000375 1 2 0.28378378378378377 0.6326530612244898
60 0.002146900000000007 0 0 0.28378378378378377 0.6326530612244898
61 0.0020262000000000335 1 1 0.2972972972972973 0.6394557823129252
62 0.003997399999999984 1 1 0.3108108108108108 0.6462585034013606
63 0.0021412000000000098 0 0 0.3108108108108108 0.6462585034013606
64 0.0019696000000000158 0 1 0.3108108108108108 0.6530612244897959
65 0.0022750999999999744 1 1 0.32432432432432434 0.6598639455782312
66 0.0022398999999999614 0 0 0.32432432432432434 0.6598639455782312
67 0.0023315999999999892 1 1 0.33783783783783783 0.6666666666666666
68 0.002016999999999991 1 0 0.35135135135135137 0.6666666666666666
69 0.0018769000000000147 1 1 0.36486486486486486 0.673469387755102
70 0.0020733999999999475 1 1 0.3783783783783784 0.6802721088435374
71 0.003049000000000024 1 1 0.3918918918918919 0.6870748299319728
72 0.002107799999999993 0 1 0.3918918918918919 0.6938775510204082
73 0.0019728999999999997 0 0 0.3918918918918919 0.6938775510204082
74 0.0018745000000000012 1 1 0.40540540540540543 0.7006802721088435
75 0.0018538000000000165 0 0 0.40540540540540543 0.7006802721088435
76 0.0034080999999999695 1 1 0.4189189189189189 0.7074829931972789
77 0.0018742999999999954 0 0 0.4189189189189189 0.7074829931972789
78 0.0018320999999999477 0 0 0.4189189189189189 0.7074829931972789
79 0.002178200000000019 0 0 0.4189189189189189 0.7074829931972789
80 0.0025156000000000067 1 1 0.43243243243243246 0.7142857142857143
81 0.0034987999999999686 0 0 0.43243243243243246 0.7142857142857143
82 0.002119099999999985 0 0 0.43243243243243246 0.7142857142857143
83 0.0019355000000000344 1 0 0.44594594594594594 0.7142857142857143
84 0.00206769999999995 0 0 0.44594594594594594 0.7142857142857143
85 0.002161000000000024 0 0 0.44594594594594594 0.7142857142857143
86 0.0021778000000000075 1 2 0.4594594594594595 0.7278911564625851
87 0.0019831000000000154 0 0 0.4594594594594595 0.7278911564625851
88 0.00185550000000001 0 0 0.4594594594594595 0.7278911564625851
89 0.002079799999999965 0 0 0.4594594594594595 0.7278911564625851
90 0.0033190000000000164 0 0 0.4594594594594595 0.7278911564625851
91 0.0019495999999999958 1 1 0.47297297297297297 0.7346938775510204
92 0.001917000000000002 1 0 0.4864864864864865 0.7346938775510204
93 0.0022744000000000097 1 0 0.5 0.7346938775510204
94 0.001900299999999966 0 0 0.5 0.7346938775510204
95 0.0037580999999999865 1 1 0.5135135135135135 0.7414965986394558
96 0.002518200000000026 0 0 0.5135135135135135 0.7414965986394558
97 0.0024700000000000277 0 1 0.5135135135135135 0.7482993197278912
98 0.002264900000000014 0 1 0.5135135135135135 0.7551020408163265
99 0.0021058000000000465 0 0 0.5135135135135135 0.7551020408163265
100 0.0021233999999999975 0 0 0.5135135135135135 0.7551020408163265
101 0.001919800000000027 1 1 0.527027027027027 0.7619047619047619
102 0.001867799999999975 0 0 0.527027027027027 0.7619047619047619
103 0.0034769999999999524 0 0 0.527027027027027 0.7619047619047619
104 0.002729099999999929 0 0 0.527027027027027 0.7619047619047619
105 0.0020672000000000468 0 0 0.527027027027027 0.7619047619047619
106 0.0019344000000000028 0 0 0.527027027027027 0.7619047619047619
107 0.002033700000000027 0 0 0.527027027027027 0.7619047619047619
108 0.002206999999999959 1 1 0.5405405405405406 0.7687074829931972
109 0.002610799999999913 1 0 0.5540540540540541 0.7687074829931972
110 0.0017739999999999423 0 0 0.5540540540540541 0.7687074829931972
111 0.0021328000000000458 0 0 0.5540540540540541 0.7687074829931972
112 0.0021873999999999505 0 0 0.5540540540540541 0.7687074829931972
113 0.0023138000000000325 0 0 0.5540540540540541 0.7687074829931972
114 0.002762500000000001 0 1 0.5540540540540541 0.7755102040816326
115 0.0019241999999999315 1 1 0.5675675675675675 0.782312925170068
116 0.0019620000000000193 1 0 0.581081081081081 0.782312925170068
117 0.002487499999999976 0 0 0.581081081081081 0.782312925170068
118 0.002317099999999961 1 0 0.5945945945945946 0.782312925170068
119 0.001942699999999964 1 1 0.6081081081081081 0.7891156462585034
120 0.002005900000000005 0 1 0.6081081081081081 0.7959183673469388
121 0.0018588999999999967 1 1 0.6216216216216216 0.8027210884353742
122 0.0023368000000000277 1 1 0.6351351351351351 0.8095238095238095
123 0.0032271999999999856 0 0 0.6351351351351351 0.8095238095238095
124 0.00257099999999999 0 0 0.6351351351351351 0.8095238095238095
125 0.0031535000000000313 0 0 0.6351351351351351 0.8095238095238095
126 0.002780300000000069 1 1 0.6486486486486487 0.8163265306122449
127 0.002157399999999976 0 0 0.6486486486486487 0.8163265306122449
128 0.0019390999999999714 1 1 0.6621621621621622 0.8231292517006803
129 0.001922199999999985 0 0 0.6621621621621622 0.8231292517006803
130 0.0025479000000000473 0 1 0.6621621621621622 0.8299319727891157
131 0.002112299999999956 0 0 0.6621621621621622 0.8299319727891157
132 0.0024572999999999956 1 1 0.6756756756756757 0.8367346938775511
133 0.00317450000000008 0 0 0.6756756756756757 0.8367346938775511
134 0.001988600000000007 0 0 0.6756756756756757 0.8367346938775511
135 0.002688400000000035 1 1 0.6891891891891891 0.8435374149659864
136 0.0023514000000000035 0 0 0.6891891891891891 0.8435374149659864
137 0.0019713999999999565 0 0 0.6891891891891891 0.8435374149659864
138 0.0020245000000000957 1 0 0.7027027027027027 0.8435374149659864
139 0.0021296000000000648 0 1 0.7027027027027027 0.8503401360544217
140 0.0038889999999999203 1 1 0.7162162162162162 0.8571428571428571
141 0.002188900000000049 0 0 0.7162162162162162 0.8571428571428571
142 0.0023100999999999816 0 0 0.7162162162162162 0.8571428571428571
143 0.002368099999999984 0 0 0.7162162162162162 0.8571428571428571
144 0.0022062999999999944 0 0 0.7162162162162162 0.8571428571428571
145 0.003192399999999984 0 0 0.7162162162162162 0.8571428571428571
146 0.0021532999999999136 0 0 0.7162162162162162 0.8571428571428571
147 0.0020521999999999485 0 0 0.7162162162162162 0.8571428571428571
148 0.0025002000000000635 0 0 0.7162162162162162 0.8571428571428571
149 0.002312300000000045 0 0 0.7162162162162162 0.8571428571428571
150 0.0022670999999999664 0 0 0.7162162162162162 0.8571428571428571
151 0.0019574999999999454 0 0 0.7162162162162162 0.8571428571428571
152 0.0021012999999999726 0 0 0.7162162162162162 0.8571428571428571
153 0.0020923999999999943 1 1 0.7297297297297297 0.8639455782312925
154 0.0025340000000000362 0 0 0.7297297297297297 0.8639455782312925
155 0.002011499999999944 1 0 0.7432432432432432 0.8639455782312925
156 0.0022039000000000364 0 1 0.7432432432432432 0.8707482993197279
157 0.0030316999999999705 0 0 0.7432432432432432 0.8707482993197279
158 0.002648399999999995 0 0 0.7432432432432432 0.8707482993197279
159 0.0024942999999999493 0 0 0.7432432432432432 0.8707482993197279
160 0.002074999999999938 1 0 0.7567567567567568 0.8707482993197279
161 0.0021267999999999843 0 0 0.7567567567567568 0.8707482993197279
162 0.0028610000000000024 0 0 0.7567567567567568 0.8707482993197279
163 0.002347300000000052 1 1 0.7702702702702703 0.8775510204081632
164 0.002428900000000067 0 0 0.7702702702702703 0.8775510204081632
165 0.002067299999999994 0 0 0.7702702702702703 0.8775510204081632
166 0.0022667999999999022 0 1 0.7702702702702703 0.8843537414965986
167 0.002659000000000078 0 0 0.7702702702702703 0.8843537414965986
168 0.0022809999999999775 1 1 0.7837837837837838 0.891156462585034
169 0.0024020000000000152 0 0 0.7837837837837838 0.891156462585034
170 0.003806500000000046 1 1 0.7972972972972973 0.8979591836734694
171 0.0028550999999999993 1 1 0.8108108108108109 0.9047619047619048
172 0.00219210000000003 1 1 0.8243243243243243 0.9115646258503401
173 0.0020135999999999488 0 0 0.8243243243243243 0.9115646258503401
174 0.0021045000000000647 0 0 0.8243243243243243 0.9115646258503401
175 0.0025423999999999447 0 0 0.8243243243243243 0.9115646258503401
176 0.002169099999999924 0 0 0.8243243243243243 0.9115646258503401
177 0.00264909999999996 1 0 0.8378378378378378 0.9115646258503401
178 0.002260600000000057 1 1 0.8513513513513513 0.9183673469387755
179 0.0021519999999999317 0 0 0.8513513513513513 0.9183673469387755
180 0.0024927000000000143 1 1 0.8648648648648649 0.9251700680272109
181 0.0021703000000000694 0 0 0.8648648648648649 0.9251700680272109
182 0.0020019999999999483 0 1 0.8648648648648649 0.9319727891156463
183 0.001977700000000082 0 0 0.8648648648648649 0.9319727891156463
184 0.002044100000000104 1 1 0.8783783783783784 0.9387755102040817
185 0.003036299999999992 1 1 0.8918918918918919 0.9455782312925171
186 0.002113900000000002 0 0 0.8918918918918919 0.9455782312925171
187 0.001984599999999892 0 0 0.8918918918918919 0.9455782312925171
188 0.0023338000000000525 0 0 0.8918918918918919 0.9455782312925171
189 0.0022695999999999827 0 0 0.8918918918918919 0.9455782312925171
190 0.0027671000000000223 0 0 0.8918918918918919 0.9455782312925171
191 0.0022128000000000148 0 0 0.8918918918918919 0.9455782312925171
192 0.0021231999999999918 0 0 0.8918918918918919 0.9455782312925171
193 0.002405700000000066 1 1 0.9054054054054054 0.9523809523809523
194 0.0023769999999999625 0 0 0.9054054054054054 0.9523809523809523
195 0.0026492999999999656 0 0 0.9054054054054054 0.9523809523809523
196 0.002099500000000032 0 0 0.9054054054054054 0.9523809523809523
197 0.0020320000000000338 1 1 0.918918918918919 0.9591836734693877
198 0.0025720000000000187 0 0 0.918918918918919 0.9591836734693877
199 0.0026673999999999864 1 0 0.9324324324324325 0.9591836734693877
200 0.002152900000000013 0 1 0.9324324324324325 0.9659863945578231
201 0.0020487000000000144 1 1 0.9459459459459459 0.9727891156462585
202 0.0020862999999999854 0 0 0.9459459459459459 0.9727891156462585
203 0.003139599999999909 1 0 0.9594594594594594 0.9727891156462585
204 0.0021324999999999816 0 0 0.9594594594594594 0.9727891156462585
205 0.0022662999999999434 1 1 0.972972972972973 0.9795918367346939
206 0.0022924999999999196 0 0 0.972972972972973 0.9795918367346939
207 0.002626499999999976 1 1 0.9864864864864865 0.9863945578231292
208 0.0035827000000000497 0 1 0.9864864864864865 0.9931972789115646
209 0.003407599999999955 0 0 0.9864864864864865 0.9931972789115646
210 0.0031539000000000428 0 0 0.9864864864864865 0.9931972789115646
211 0.002496399999999954 0 0 0.9864864864864865 0.9931972789115646
212 0.002350499999999922 0 0 0.9864864864864865 0.9931972789115646
213 0.0021954000000000695 0 0 0.9864864864864865 0.9931972789115646
214 0.002036299999999991 1 0 1.0 0.9931972789115646
215 0.003669499999999992 0 0 1.0 0.9931972789115646
216 0.002133099999999999 0 0 1.0 0.9931972789115646
217 0.002085700000000079 0 0 1.0 0.9931972789115646
218 0.002637899999999971 0 0 1.0 0.9931972789115646
219 0.00232460000000001 0 0 1.0 0.9931972789115646
220 0.003141700000000025 0 0 1.0 0.9931972789115646
221 0.002203300000000019 0 0 1.0 0.9931972789115646
222 0.0023073999999999595 0 1 1.0 1.0
