10 0.9 0.4
1 0.00045359999999999845 1 0 0.1111111111111111 0.5294117647058824
2 0.0002591999999999872 1 1 0.2222222222222222 0.5882352941176471
3 0.00027390000000002135 1 0 0.3333333333333333 0.5882352941176471
4 0.0003530999999999951 0 1 0.3333333333333333 0.6470588235294118
5 0.0003462000000000187 1 1 0.4444444444444444 0.7058823529411765
6 0.00030489999999999684 1 0 0.5555555555555556 0.7058823529411765
7 0.00033110000000000084 1 1 0.6666666666666666 0.7647058823529411
8 0.00034419999999998896 1 1 0.7777777777777778 0.8235294117647058
9 0.0003782999999999981 1 1 0.8888888888888888 0.8823529411764706
10 0.0003582999999999781 1 0 1.0 0.8823529411764706
11 0.00035129999999999884 0 0 1.0 0.8823529411764706
12 0.0004915000000000058 0 1 1.0 0.9411764705882353
13 0.0005209999999999937 0 0 1.0 0.9411764705882353
14 0.0004759000000000013 0 0 1.0 0.9411764705882353
15 0.0007167000000000145 0 0 1.0 0.9411764705882353
16 0.0004010999999999876 0 1 1.0 1.0
