110 0.4 0.6
1 0.0029362 0 0 0.0 0.5023041474654378
2 0.002397399999999994 0 0 0.0 0.5023041474654378
3 0.0026680000000000037 0 0 0.0 0.5023041474654378
4 0.0023082999999999854 0 0 0.0 0.5023041474654378
5 0.003457800000000011 0 0 0.0 0.5023041474654378
6 0.0024745999999999935 1 0 0.009174311926605505 0.5023041474654378
7 0.0029427000000000203 0 0 0.009174311926605505 0.5023041474654378
8 0.0026178000000000035 0 0 0.009174311926605505 0.5023041474654378
9 0.0022158000000000455 0 0 0.009174311926605505 0.5023041474654378
10 0.0029114000000000084 0 0 0.009174311926605505 0.5023041474654378
11 0.0030619000000000063 0 0 0.009174311926605505 0.5023041474654378
12 0.0036096999999999935 1 1 0.01834862385321101 0.5069124423963134
13 0.002362600000000048 0 0 0.01834862385321101 0.5069124423963134
14 0.0025320000000000342 1 0 0.027522935779816515 0.5069124423963134
15 0.0023720000000000407 0 1 0.027522935779816515 0.511520737327189
16 0.002343700000000004 0 0 0.027522935779816515 0.511520737327189
17 0.0027357000000000076 0 0 0.027522935779816515 0.511520737327189
18 0.0023108000000000017 0 0 0.027522935779816515 0.511520737327189
19 0.00362220000000002 0 0 0.027522935779816515 0.511520737327189
20 0.0031635999999999886 0 0 0.027522935779816515 0.511520737327189
21 0.002672099999999955 1 0 0.03669724770642202 0.511520737327189
22 0.0032424999999999815 1 1 0.045871559633027525 0.5161290322580645
23 0.0030111999999999917 0 0 0.045871559633027525 0.5161290322580645
24 0.002548400000000006 0 0 0.045871559633027525 0.5161290322580645
25 0.0030286999999999953 1 0 0.05504587155963303 0.5161290322580645
26 0.0027094000000000285 1 0 0.06422018348623854 0.5161290322580645
27 0.0025822000000000345 1 0 0.07339449541284404 0.5161290322580645
28 0.002530399999999988 0 0 0.07339449541284404 0.5161290322580645
29 0.0023411999999999877 1 0 0.08256880733944955 0.5161290322580645
30 0.0030490999999999713 0 2 0.08256880733944955 0.5253456221198156
31 0.0024794000000000205 0 0 0.08256880733944955 0.5253456221198156
32 0.0028246000000000104 1 1 0.09174311926605505 0.5299539170506913
33 0.0026500999999999886 0 0 0.09174311926605505 0.5299539170506913
34 0.0023769999999999625 1 0 0.10091743119266056 0.5299539170506913
35 0.0026258000000000115 0 1 0.10091743119266056 0.5345622119815668
36 0.002421400000000018 1 0 0.11009174311926606 0.5345622119815668
37 0.002647500000000025 1 1 0.11926605504587157 0.5391705069124424
38 0.0025729000000000446 1 1 0.12844036697247707 0.543778801843318
39 0.0025052000000000407 1 1 0.13761467889908258 0.5483870967741935
40 0.0027639999999999887 1 1 0.14678899082568808 0.5529953917050692
41 0.0024937999999999905 0 1 0.14678899082568808 0.5576036866359447
42 0.0029741999999999824 1 1 0.1559633027522936 0.5622119815668203
43 0.002598099999999992 0 0 0.1559633027522936 0.5622119815668203
44 0.0031368000000000507 0 1 0.1559633027522936 0.5668202764976958
45 0.002632000000000023 0 1 0.1559633027522936 0.5714285714285714
46 0.0029368999999999645 1 2 0.1651376146788991 0.5806451612903226
47 0.0026499999999999857 1 1 0.1743119266055046 0.5852534562211982
48 0.002544999999999964 0 0 0.1743119266055046 0.5852534562211982
49 0.0028014000000000094 1 1 0.1834862385321101 0.5898617511520737
50 0.0030928000000000067 1 0 0.1926605504587156 0.5898617511520737
51 0.003197599999999967 1 1 0.2018348623853211 0.5944700460829493
52 0.0026379999999999737 1 1 0.21100917431192662 0.5990783410138248
53 0.0028373000000000426 0 0 0.21100917431192662 0.5990783410138248
54 0.002768400000000004 0 0 0.21100917431192662 0.5990783410138248
55 0.0031352000000000046 1 1 0.22018348623853212 0.6036866359447005
56 0.002909600000000012 0 1 0.22018348623853212 0.6082949308755761
57 0.003005800000000003 0 0 0.22018348623853212 0.6082949308755761
58 0.0026477000000000306 0 0 0.22018348623853212 0.6082949308755761
59 0.002743300000000004 0 0 0.22018348623853212 0.6082949308755761
60 0.0028984999999999705 0 0 0.22018348623853212 0.6082949308755761
61 0.002548700000000015 0 0 0.22018348623853212 0.6082949308755761
62 0.0031308000000000447 1 1 0.22935779816513763 0.6129032258064516
63 0.0046823999999999755 0 0 0.22935779816513763 0.6129032258064516
64 0.003007500000000052 0 0 0.22935779816513763 0.6129032258064516
65 0.002875099999999964 1 0 0.23853211009174313 0.6129032258064516
66 0.0028850000000000264 0 0 0.23853211009174313 0.6129032258064516
67 0.0026337000000000166 1 0 0.24770642201834864 0.6129032258064516
68 0.0027254000000000445 0 0 0.24770642201834864 0.6129032258064516
69 0.0025169999999999915 0 0 0.24770642201834864 0.6129032258064516
70 0.0028778000000000414 1 1 0.25688073394495414 0.6175115207373272
71 0.003702500000000053 1 1 0.26605504587155965 0.6221198156682027
72 0.0030538999999999428 1 1 0.27522935779816515 0.6267281105990783
73 0.002865699999999971 0 0 0.27522935779816515 0.6267281105990783
74 0.0029407000000000183 0 0 0.27522935779816515 0.6267281105990783
75 0.0027879000000000653 1 2 0.28440366972477066 0.6359447004608295
76 0.0029318999999999873 1 1 0.29357798165137616 0.6405529953917051
77 0.0031065999999999594 0 1 0.29357798165137616 0.6451612903225806
78 0.002762200000000048 0 0 0.29357798165137616 0.6451612903225806
79 0.002816099999999988 0 0 0.29357798165137616 0.6451612903225806
80 0.002574799999999988 1 0 0.30275229357798167 0.6451612903225806
81 0.0030250000000000554 0 0 0.30275229357798167 0.6451612903225806
82 0.0027779 1 1 0.3119266055045872 0.6497695852534562
83 0.0034197000000000255 1 2 0.3211009174311927 0.6589861751152074
84 0.0026401999999999815 0 0 0.3211009174311927 0.6589861751152074
85 0.0027922000000000224 1 1 0.3302752293577982 0.663594470046083
86 0.0028831999999999747 0 0 0.3302752293577982 0.663594470046083
87 0.0030520000000000547 1 0 0.3394495412844037 0.663594470046083
88 0.003803799999999913 0 1 0.3394495412844037 0.6682027649769585
89 0.00337160000000003 0 0 0.3394495412844037 0.6682027649769585
90 0.003194799999999942 0 0 0.3394495412844037 0.6682027649769585
91 0.0038804999999999534 0 0 0.3394495412844037 0.6682027649769585
92 0.0033847999999999656 1 1 0.3486238532110092 0.6728110599078341
93 0.0032430999999999433 1 0 0.3577981651376147 0.6728110599078341
94 0.003536600000000001 0 0 0.3577981651376147 0.6728110599078341
95 0.0034541000000000155 0 1 0.3577981651376147 0.6774193548387096
96 0.002960100000000021 0 0 0.3577981651376147 0.6774193548387096
97 0.005147200000000018 1 1 0.3669724770642202 0.6820276497695853
98 0.0030191000000000523 0 0 0.3669724770642202 0.6820276497695853
99 0.0028127000000000013 0 0 0.3669724770642202 0.6820276497695853
100 0.002943000000000029 0 0 0.3669724770642202 0.6820276497695853
101 0.0028287999999999647 1 1 0.3761467889908257 0.6866359447004609
102 0.0031971000000000638 0 0 0.3761467889908257 0.6866359447004609
103 0.002903600000000006 0 0 0.3761467889908257 0.6866359447004609
104 0.003559300000000043 1 1 0.3853211009174312 0.6912442396313364
105 0.0031989000000000045 1 0 0.3944954128440367 0.6912442396313364
106 0.003116400000000019 1 0 0.4036697247706422 0.6912442396313364
107 0.0028192000000000217 0 1 0.4036697247706422 0.695852534562212
108 0.0029215999999999687 1 1 0.41284403669724773 0.7004608294930875
109 0.003446999999999978 0 0 0.41284403669724773 0.7004608294930875
110 0.003264400000000056 0 0 0.41284403669724773 0.7004608294930875
111 0.003186199999999917 0 0 0.41284403669724773 0.7004608294930875
112 0.0028778000000000414 0 0 0.41284403669724773 0.7004608294930875
113 0.003042500000000059 0 0 0.41284403669724773 0.7004608294930875
114 0.0032805000000000195 1 1 0.42201834862385323 0.7050691244239631
115 0.003116599999999914 0 0 0.42201834862385323 0.7050691244239631
116 0.003328600000000015 0 0 0.42201834862385323 0.7050691244239631
117 0.003015299999999943 0 0 0.42201834862385323 0.7050691244239631
118 0.00341530000000001 0 1 0.42201834862385323 0.7096774193548387
119 0.004313099999999959 0 0 0.42201834862385323 0.7096774193548387
120 0.004199500000000023 1 0 0.43119266055045874 0.7096774193548387
121 0.004166500000000073 1 1 0.44036697247706424 0.7142857142857143
122 0.0027658000000000404 1 0 0.44954128440366975 0.7142857142857143
123 0.0031506000000000034 1 2 0.45871559633027525 0.7235023041474654
124 0.0031303999999999776 1 1 0.46788990825688076 0.728110599078341
125 0.003618799999999922 1 1 0.47706422018348627 0.7327188940092166
126 0.0031098000000000514 1 1 0.48623853211009177 0.7373271889400922
127 0.003294799999999931 0 0 0.48623853211009177 0.7373271889400922
128 0.002987300000000026 1 1 0.4954128440366973 0.7419354838709677
129 0.003326799999999963 0 0 0.4954128440366973 0.7419354838709677
130 0.003298500000000093 0 0 0.4954128440366973 0.7419354838709677
131 0.0033253000000000865 0 1 0.4954128440366973 0.7465437788018433
132 0.0034009999999999874 0 0 0.4954128440366973 0.7465437788018433
133 0.0032008000000000036 0 0 0.4954128440366973 0.7465437788018433
134 0.0030487999999999627 1 1 0.5045871559633027 0.7511520737327189
135 0.003500599999999965 0 0 0.5045871559633027 0.7511520737327189
136 0.0032233999999999874 0 0 0.5045871559633027 0.7511520737327189
137 0.0031199000000000643 0 0 0.5045871559633027 0.7511520737327189
138 0.0029498000000000024 0 0 0.5045871559633027 0.7511520737327189
139 0.003194499999999989 1 1 0.5137614678899083 0.7557603686635944
140 0.003250499999999934 0 0 0.5137614678899083 0.7557603686635944
141 0.0029610999999999388 1 0 0.5229357798165137 0.7557603686635944
142 0.003185699999999958 0 0 0.5229357798165137 0.7557603686635944
143 0.003074999999999939 1 1 0.5321100917431193 0.7603686635944701
144 0.0030869000000000035 1 2 0.5412844036697247 0.7695852534562212
145 0.0031493000000000215 0 0 0.5412844036697247 0.7695852534562212
146 0.0031942999999999833 0 0 0.5412844036697247 0.7695852534562212
147 0.0037247999999999726 0 0 0.5412844036697247 0.7695852534562212
148 0.002916299999999983 1 1 0.5504587155963303 0.7741935483870968
149 0.0033025999999999334 1 1 0.5596330275229358 0.7788018433179723
150 0.003032900000000005 0 0 0.5596330275229358 0.7788018433179723
151 0.0030578999999999468 0 0 0.5596330275229358 0.7788018433179723
152 0.004398100000000071 0 0 0.5596330275229358 0.7788018433179723
153 0.004465199999999947 1 0 0.5688073394495413 0.7788018433179723
154 0.004564699999999977 0 0 0.5688073394495413 0.7788018433179723
155 0.0035356999999999195 1 1 0.5779816513761468 0.783410138248848
156 0.0039447999999999706 0 1 0.5779816513761468 0.7880184331797235
157 0.0029905999999999544 0 0 0.5779816513761468 0.7880184331797235
158 0.0030958999999999293 0 0 0.5779816513761468 0.7880184331797235
159 0.0032390999999999393 0 0 0.5779816513761468 0.7880184331797235
160 0.003643000000000063 0 0 0.5779816513761468 0.7880184331797235
161 0.0033093000000000705 0 0 0.5779816513761468 0.7880184331797235
162 0.003257999999999983 1 1 0.5871559633027523 0.7926267281105991
163 0.0034936000000000966 0 0 0.5871559633027523 0.7926267281105991
164 0.003383600000000042 0 0 0.5871559633027523 0.7926267281105991
165 0.003954800000000036 1 0 0.5963302752293578 0.7926267281105991
166 0.003398200000000018 1 0 0.6055045871559633 0.7926267281105991
167 0.0035441999999999974 1 1 0.6146788990825688 0.7972350230414746
168 0.0030006999999999673 1 2 0.6238532110091743 0.8064516129032258
169 0.0031722999999999058 1 1 0.6330275229357798 0.8110599078341014
170 0.004068699999999925 0 0 0.6330275229357798 0.8110599078341014
171 0.004775399999999985 1 1 0.6422018348623854 0.815668202764977
172 0.005622299999999969 1 2 0.6513761467889908 0.8248847926267281
173 0.003896699999999975 0 0 0.6513761467889908 0.8248847926267281
174 0.003472099999999978 0 0 0.6513761467889908 0.8248847926267281
175 0.0033130000000000104 0 0 0.6513761467889908 0.8248847926267281
176 0.0033648000000000566 0 0 0.6513761467889908 0.8248847926267281
177 0.003206500000000001 1 1 0.6605504587155964 0.8294930875576036
178 0.003339300000000045 1 1 0.6697247706422018 0.8341013824884793
179 0.0038093000000000155 0 0 0.6697247706422018 0.8341013824884793
180 0.0032314999999999428 1 1 0.6788990825688074 0.8387096774193549
181 0.003523800000000077 0 0 0.6788990825688074 0.8387096774193549
182 0.003084399999999987 0 0 0.6788990825688074 0.8387096774193549
183 0.003399000000000041 1 0 0.6880733944954128 0.8387096774193549
184 0.0032187000000000188 0 1 0.6880733944954128 0.8433179723502304
185 0.0035631000000000412 0 0 0.6880733944954128 0.8433179723502304
186 0.0031864000000000336 0 0 0.6880733944954128 0.8433179723502304
187 0.003879599999999983 1 0 0.6972477064220184 0.8433179723502304
188 0.0031759999999999566 0 0 0.6972477064220184 0.8433179723502304
189 0.003807099999999952 0 0 0.6972477064220184 0.8433179723502304
190 0.0032884999999999165 1 1 0.7064220183486238 0.847926267281106
191 0.0034394999999999287 1 1 0.7155963302752294 0.8525345622119815
192 0.003840599999999972 0 0 0.7155963302752294 0.8525345622119815
193 0.003585200000000066 1 1 0.7247706422018348 0.8571428571428571
194 0.0047407999999999895 0 0 0.7247706422018348 0.8571428571428571
195 0.003328100000000056 0 0 0.7247706422018348 0.8571428571428571
196 0.0033475000000000588 0 0 0.7247706422018348 0.8571428571428571
197 0.0037538000000000293 0 0 0.7247706422018348 0.8571428571428571
198 0.003320900000000071 0 0 0.7247706422018348 0.8571428571428571
199 0.004066499999999973 0 0 0.7247706422018348 0.8571428571428571
200 0.003443799999999997 0 0 0.7247706422018348 0.8571428571428571
201 0.003875099999999909 1 1 0.7339449541284404 0.8617511520737328
202 0.0032995000000000108 0 0 0.7339449541284404 0.8617511520737328
203 0.003610200000000008 1 1 0.7431192660550459 0.8663594470046083
204 0.0032994000000000634 1 1 0.7522935779816514 0.8709677419354839
205 0.003423800000000199 0 0 0.7522935779816514 0.8709677419354839
206 0.003797400000000062 0 0 0.7522935779816514 0.8709677419354839
207 0.0034378999999999937 0 0 0.7522935779816514 0.8709677419354839
208 0.0033105999999998303 0 0 0.7522935779816514 0.8709677419354839
209 0.0034278999999999282 1 2 0.7614678899082569 0.880184331797235
210 0.003412400000000204 1 1 0.7706422018348624 0.8847926267281107
211 0.003401199999999882 0 0 0.7706422018348624 0.8847926267281107
212 0.0036242999999998027 0 0 0.7706422018348624 0.8847926267281107
213 0.004025900000000027 0 0 0.7706422018348624 0.8847926267281107
214 0.003743000000000052 1 1 0.7798165137614679 0.8894009216589862
215 0.004152099999999992 1 0 0.7889908256880734 0.8894009216589862
216 0.003289400000000109 0 1 0.7889908256880734 0.8940092165898618
217 0.00432980000000005 0 0 0.7889908256880734 0.8940092165898618
218 0.00351849999999998 1 1 0.7981651376146789 0.8986175115207373
219 0.003826799999999908 1 0 0.8073394495412844 0.8986175115207373
220 0.0032783000000000673 0 0 0.8073394495412844 0.8986175115207373
221 0.0037020999999999304 0 1 0.8073394495412844 0.9032258064516129
222 0.0038249999999999673 1 0 0.8165137614678899 0.9032258064516129
223 0.003717699999999935 1 1 0.8256880733944955 0.9078341013824884
224 0.003668600000000133 1 1 0.8348623853211009 0.9124423963133641
225 0.005193999999999921 0 1 0.8348623853211009 0.9170506912442397
226 0.003452599999999917 0 0 0.8348623853211009 0.9170506912442397
227 0.003939600000000043 1 1 0.8440366972477065 0.9216589861751152
228 0.003485399999999972 1 1 0.8532110091743119 0.9262672811059908
229 0.003811100000000067 1 1 0.8623853211009175 0.9308755760368663
230 0.0034804999999999975 0 0 0.8623853211009175 0.9308755760368663
231 0.0038569999999999993 0 0 0.8623853211009175 0.9308755760368663
232 0.0039017999999999553 0 0 0.8623853211009175 0.9308755760368663
233 0.003531799999999974 0 0 0.8623853211009175 0.9308755760368663
234 0.004780499999999854 0 0 0.8623853211009175 0.9308755760368663
235 0.006286000000000014 0 0 0.8623853211009175 0.9308755760368663
236 0.004936099999999888 1 0 0.8715596330275229 0.9308755760368663
237 0.003750999999999838 1 2 0.8807339449541285 0.9400921658986175
238 0.005443099999999923 0 0 0.8807339449541285 0.9400921658986175
239 0.003888899999999973 1 1 0.8899082568807339 0.9447004608294931
240 0.003770200000000168 1 1 0.8990825688073395 0.9493087557603687
241 0.0036543999999998356 0 0 0.8990825688073395 0.9493087557603687
242 0.0035482000000000014 0 0 0.8990825688073395 0.9493087557603687
243 0.0034528000000000336 0 0 0.8990825688073395 0.9493087557603687
244 0.00475749999999997 0 0 0.8990825688073395 0.9493087557603687
245 0.003671599999999886 1 1 0.908256880733945 0.9539170506912442
246 0.003652099999999825 1 0 0.9174311926605505 0.9539170506912442
247 0.0037507000000001067 0 0 0.9174311926605505 0.9539170506912442
248 0.004221199999999925 0 0 0.9174311926605505 0.9539170506912442
249 0.0039001999999999093 0 0 0.9174311926605505 0.9539170506912442
250 0.00343899999999997 1 1 0.926605504587156 0.9585253456221198
251 0.003612699999999913 0 0 0.926605504587156 0.9585253456221198
252 0.00420379999999998 1 1 0.9357798165137615 0.9631336405529954
253 0.0038616000000000206 0 0 0.9357798165137615 0.9631336405529954
254 0.003722500000000073 0 0 0.9357798165137615 0.9631336405529954
255 0.00705089999999986 1 1 0.944954128440367 0.967741935483871
256 0.003838299999999961 1 1 0.9541284403669725 0.9723502304147466
257 0.0037282000000000703 0 0 0.9541284403669725 0.9723502304147466
258 0.00409130000000002 0 0 0.9541284403669725 0.9723502304147466
259 0.003665400000000041 1 2 0.963302752293578 0.9815668202764977
260 0.004282100000000177 0 0 0.963302752293578 0.9815668202764977
261 0.003963300000000114 1 1 0.9724770642201835 0.9861751152073732
262 0.003696400000000155 0 0 0.9724770642201835 0.9861751152073732
263 0.003482800000000008 0 0 0.9724770642201835 0.9861751152073732
264 0.004217299999999868 0 0 0.9724770642201835 0.9861751152073732
265 0.004244499999999984 0 0 0.9724770642201835 0.9861751152073732
266 0.003780100000000175 0 0 0.9724770642201835 0.9861751152073732
267 0.0037040000000001516 1 1 0.981651376146789 0.9907834101382489
268 0.0037088000000000676 1 1 0.9908256880733946 0.9953917050691244
269 0.004174899999999981 0 0 0.9908256880733946 0.9953917050691244
270 0.0037551999999998475 0 0 0.9908256880733946 0.9953917050691244
271 0.005111400000000099 1 1 1.0 1.0
