70 0.2 0.9
1 0.0013747999999999816 0 0 0.0 0.5036496350364964
2 0.001426899999999981 0 0 0.0 0.5036496350364964
3 0.0013942999999999872 0 0 0.0 0.5036496350364964
4 0.0013060000000000016 0 0 0.0 0.5036496350364964
5 0.0013365999999999933 1 0 0.014492753623188406 0.5036496350364964
6 0.0013523000000000007 0 0 0.014492753623188406 0.5036496350364964
7 0.0013456000000000023 0 0 0.014492753623188406 0.5036496350364964
8 0.0013240000000000196 0 0 0.014492753623188406 0.5036496350364964
9 0.0013354999999999895 0 0 0.014492753623188406 0.5036496350364964
10 0.0013364999999999905 0 0 0.014492753623188406 0.5036496350364964
11 0.0013809999999999933 0 0 0.014492753623188406 0.5036496350364964
12 0.0012868999999999797 0 0 0.014492753623188406 0.5036496350364964
13 0.0014132000000000033 0 0 0.014492753623188406 0.5036496350364964
14 0.001603399999999977 0 0 0.014492753623188406 0.5036496350364964
15 0.0013981999999999883 1 1 0.028985507246376812 0.5109489051094891
16 0.001360100000000003 0 0 0.028985507246376812 0.5109489051094891
17 0.0016289000000000164 0 0 0.028985507246376812 0.5109489051094891
18 0.001409599999999983 1 1 0.043478260869565216 0.5182481751824818
19 0.0013814000000000048 0 0 0.043478260869565216 0.5182481751824818
20 0.001478000000000007 1 0 0.057971014492753624 0.5182481751824818
21 0.0015514000000000083 1 1 0.07246376811594203 0.5255474452554745
22 0.0014531999999999878 0 0 0.07246376811594203 0.5255474452554745
23 0.0013951999999999853 0 0 0.07246376811594203 0.5255474452554745
24 0.001459099999999991 1 1 0.08695652173913043 0.5328467153284672
25 0.0014044 0 0 0.08695652173913043 0.5328467153284672
26 0.001400499999999999 0 0 0.08695652173913043 0.5328467153284672
27 0.0014885000000000037 0 0 0.08695652173913043 0.5328467153284672
28 0.0014336999999999822 0 0 0.08695652173913043 0.5328467153284672
29 0.0014206000000000218 0 0 0.08695652173913043 0.5328467153284672
30 0.001410500000000009 0 0 0.08695652173913043 0.5328467153284672
31 0.0014506999999999992 0 0 0.08695652173913043 0.5328467153284672
32 0.0014465999999999923 0 0 0.08695652173913043 0.5328467153284672
33 0.0014470000000000038 0 0 0.08695652173913043 0.5328467153284672
34 0.0014209000000000027 0 0 0.08695652173913043 0.5328467153284672
35 0.001486100000000018 1 1 0.10144927536231885 0.5401459854014599
36 0.0014602999999999977 0 1 0.10144927536231885 0.5474452554744526
37 0.0014471999999999818 0 0 0.10144927536231885 0.5474452554744526
38 0.001523400000000008 0 0 0.10144927536231885 0.5474452554744526
39 0.0013554999999999817 0 0 0.10144927536231885 0.5474452554744526
40 0.0013679999999999803 0 0 0.10144927536231885 0.5474452554744526
41 0.0013917999999999986 1 1 0.11594202898550725 0.5547445255474452
42 0.0016639999999999988 1 1 0.13043478260869565 0.5620437956204379
43 0.002502599999999966 0 0 0.13043478260869565 0.5620437956204379
44 0.0014004000000000238 0 0 0.13043478260869565 0.5620437956204379
45 0.0013999000000000095 0 0 0.13043478260869565 0.5620437956204379
46 0.00146099999999999 0 0 0.13043478260869565 0.5620437956204379
47 0.0014356999999999842 0 0 0.13043478260869565 0.5620437956204379
48 0.0014722000000000346 0 0 0.13043478260869565 0.5620437956204379
49 0.0015865999999999936 0 0 0.13043478260869565 0.5620437956204379
50 0.001473900000000028 0 0 0.13043478260869565 0.5620437956204379
51 0.0013679999999999803 0 0 0.13043478260869565 0.5620437956204379
52 0.001447099999999979 0 0 0.13043478260869565 0.5620437956204379
53 0.0014829000000000092 0 0 0.13043478260869565 0.5620437956204379
54 0.0016844999999999777 1 1 0.14492753623188406 0.5693430656934306
55 0.0015189999999999926 0 0 0.14492753623188406 0.5693430656934306
56 0.0014701000000000297 0 0 0.14492753623188406 0.5693430656934306
57 0.001489399999999974 1 1 0.15942028985507245 0.5766423357664233
58 0.0016812000000000493 0 0 0.15942028985507245 0.5766423357664233
59 0.0015370000000000106 1 1 0.17391304347826086 0.583941605839416
60 0.0015200000000000213 0 0 0.17391304347826086 0.583941605839416
61 0.001541899999999985 0 0 0.17391304347826086 0.583941605839416
62 0.001649899999999982 0 0 0.17391304347826086 0.583941605839416
63 0.0015092000000000438 0 0 0.17391304347826086 0.583941605839416
64 0.0014380000000000503 0 0 0.17391304347826086 0.583941605839416
65 0.001533899999999977 0 0 0.17391304347826086 0.583941605839416
66 0.0015912999999999622 0 0 0.17391304347826086 0.583941605839416
67 0.0014889000000000152 0 0 0.17391304347826086 0.583941605839416
68 0.0015552999999999817 0 0 0.17391304347826086 0.583941605839416
69 0.0015748999999999902 1 1 0.18840579710144928 0.5912408759124088
70 0.0016742000000000146 1 1 0.2028985507246377 0.5985401459854015
71 0.0015521000000000007 1 1 0.21739130434782608 0.6058394160583942
72 0.0015600999999999532 0 0 0.21739130434782608 0.6058394160583942
73 0.0015419999999999878 1 1 0.2318840579710145 0.6131386861313869
74 0.0016096999999999917 0 0 0.2318840579710145 0.6131386861313869
75 0.001589399999999963 0 0 0.2318840579710145 0.6131386861313869
76 0.001404599999999978 1 0 0.2463768115942029 0.6131386861313869
77 0.0014309000000000127 0 0 0.2463768115942029 0.6131386861313869
78 0.0014955000000000385 1 1 0.2608695652173913 0.6204379562043796
79 0.0016589000000000187 1 1 0.2753623188405797 0.6277372262773723
80 0.0015805999999999876 0 0 0.2753623188405797 0.6277372262773723
81 0.0014971999999999763 0 0 0.2753623188405797 0.6277372262773723
82 0.0021585000000000076 0 0 0.2753623188405797 0.6277372262773723
83 0.0022808999999999746 0 1 0.2753623188405797 0.635036496350365
84 0.0020406000000000035 0 0 0.2753623188405797 0.635036496350365
85 0.0020548999999999706 1 0 0.2898550724637681 0.635036496350365
86 0.001913100000000001 0 0 0.2898550724637681 0.635036496350365
87 0.0019377999999999895 1 2 0.30434782608695654 0.6496350364963503
88 0.0016441999999999846 0 0 0.30434782608695654 0.6496350364963503
89 0.0015989999999999616 0 0 0.30434782608695654 0.6496350364963503
90 0.002111300000000038 0 0 0.30434782608695654 0.6496350364963503
91 0.0021459999999999813 0 0 0.30434782608695654 0.6496350364963503
92 0.0022163000000000044 0 0 0.30434782608695654 0.6496350364963503
93 0.002058300000000013 0 0 0.30434782608695654 0.6496350364963503
94 0.0015117000000000047 0 0 0.30434782608695654 0.6496350364963503
95 0.0016048999999999647 1 1 0.3188405797101449 0.656934306569343
96 0.0020849000000000006 0 0 0.3188405797101449 0.656934306569343
97 0.002112999999999976 0 0 0.3188405797101449 0.656934306569343
98 0.001548999999999967 0 0 0.3188405797101449 0.656934306569343
99 0.0014977999999999936 0 0 0.3188405797101449 0.656934306569343
100 0.0015884000000000453 0 0 0.3188405797101449 0.656934306569343
101 0.0014936999999999867 0 0 0.3188405797101449 0.656934306569343
102 0.0015717000000000092 1 1 0.3333333333333333 0.6642335766423357
103 0.00161420000000001 0 0 0.3333333333333333 0.6642335766423357
104 0.001519899999999963 0 0 0.3333333333333333 0.6642335766423357
105 0.0015459999999999918 0 0 0.3333333333333333 0.6642335766423357
106 0.0016190999999999844 0 0 0.3333333333333333 0.6642335766423357
107 0.0015684999999999727 0 0 0.3333333333333333 0.6642335766423357
108 0.0016047999999999618 0 0 0.3333333333333333 0.6642335766423357
109 0.0015350000000000086 0 0 0.3333333333333333 0.6642335766423357
110 0.0015544000000000113 0 0 0.3333333333333333 0.6642335766423357
111 0.001611499999999988 0 0 0.3333333333333333 0.6642335766423357
112 0.0015909000000000062 0 0 0.3333333333333333 0.6642335766423357
113 0.0015985000000000027 0 0 0.3333333333333333 0.6642335766423357
114 0.0015697000000000072 0 0 0.3333333333333333 0.6642335766423357
115 0.0015368000000000048 0 0 0.3333333333333333 0.6642335766423357
116 0.0015459999999999918 0 0 0.3333333333333333 0.6642335766423357
117 0.002076599999999984 0 0 0.3333333333333333 0.6642335766423357
118 0.002114899999999975 0 0 0.3333333333333333 0.6642335766423357
119 0.0021363000000000354 0 0 0.3333333333333333 0.6642335766423357
120 0.0020769999999999955 0 0 0.3333333333333333 0.6642335766423357
121 0.0021567000000000114 0 0 0.3333333333333333 0.6642335766423357
122 0.0021193999999999935 0 0 0.3333333333333333 0.6642335766423357
123 0.0020889000000000046 0 0 0.3333333333333333 0.6642335766423357
124 0.001634699999999989 1 1 0.34782608695652173 0.6715328467153284
125 0.0016482999999999914 1 1 0.36231884057971014 0.6788321167883211
126 0.001595499999999972 0 0 0.36231884057971014 0.6788321167883211
127 0.0015519999999999978 0 0 0.36231884057971014 0.6788321167883211
128 0.0015800000000000258 1 1 0.37681159420289856 0.6861313868613139
129 0.0016705999999999666 1 1 0.391304347826087 0.6934306569343066
130 0.0018923000000000134 1 1 0.4057971014492754 0.7007299270072993
131 0.0017638000000000376 0 0 0.4057971014492754 0.7007299270072993
132 0.0017168000000000183 1 1 0.42028985507246375 0.708029197080292
133 0.0017519999999999758 0 0 0.42028985507246375 0.708029197080292
134 0.00173230000000002 0 0 0.42028985507246375 0.708029197080292
135 0.0016396999999999662 0 0 0.42028985507246375 0.708029197080292
136 0.00177670000000002 0 0 0.42028985507246375 0.708029197080292
137 0.0016065000000000107 0 0 0.42028985507246375 0.708029197080292
138 0.0018383999999999623 0 0 0.42028985507246375 0.708029197080292
139 0.0017531999999999548 0 0 0.42028985507246375 0.708029197080292
140 0.001752599999999993 0 0 0.42028985507246375 0.708029197080292
141 0.0018074000000000146 0 0 0.42028985507246375 0.708029197080292
142 0.0016136999999999957 0 0 0.42028985507246375 0.708029197080292
143 0.00168790000000002 0 0 0.42028985507246375 0.708029197080292
144 0.0017488999999999977 0 0 0.42028985507246375 0.708029197080292
145 0.0018543999999999783 0 0 0.42028985507246375 0.708029197080292
146 0.0016831999999999958 0 0 0.42028985507246375 0.708029197080292
147 0.001784299999999961 1 1 0.43478260869565216 0.7153284671532847
148 0.0018259999999999943 0 0 0.43478260869565216 0.7153284671532847
149 0.0018676999999999722 1 1 0.4492753623188406 0.7226277372262774
150 0.001576199999999972 0 0 0.4492753623188406 0.7226277372262774
151 0.0017204000000000108 0 0 0.4492753623188406 0.7226277372262774
152 0.001773799999999992 0 0 0.4492753623188406 0.7226277372262774
153 0.0016873000000000027 0 0 0.4492753623188406 0.7226277372262774
154 0.0016260999999999637 0 0 0.4492753623188406 0.7226277372262774
155 0.0015525000000000122 0 0 0.4492753623188406 0.7226277372262774
156 0.0016218000000000066 0 0 0.4492753623188406 0.7226277372262774
157 0.0016076000000000423 0 0 0.4492753623188406 0.7226277372262774
158 0.0016176999999999997 0 0 0.4492753623188406 0.7226277372262774
159 0.0015932000000000168 0 0 0.4492753623188406 0.7226277372262774
160 0.0015920999999999852 0 0 0.4492753623188406 0.7226277372262774
161 0.001793800000000012 1 1 0.463768115942029 0.7299270072992701
162 0.0017268000000000283 0 0 0.463768115942029 0.7299270072992701
163 0.0017424000000000328 0 0 0.463768115942029 0.7299270072992701
164 0.0016937000000000202 0 0 0.463768115942029 0.7299270072992701
165 0.0016974000000000156 0 0 0.463768115942029 0.7299270072992701
166 0.0015252000000000043 0 0 0.463768115942029 0.7299270072992701
167 0.0017215999999999898 1 1 0.4782608695652174 0.7372262773722628
168 0.0017358000000000096 0 0 0.4782608695652174 0.7372262773722628
169 0.001648700000000003 0 0 0.4782608695652174 0.7372262773722628
170 0.0019156000000000173 0 0 0.4782608695652174 0.7372262773722628
171 0.0016381999999999786 0 0 0.4782608695652174 0.7372262773722628
172 0.0017775999999999903 0 0 0.4782608695652174 0.7372262773722628
173 0.0017156999999999867 0 0 0.4782608695652174 0.7372262773722628
174 0.0016431000000000084 0 0 0.4782608695652174 0.7372262773722628
175 0.0027385000000000326 0 0 0.4782608695652174 0.7372262773722628
176 0.0017997000000000707 0 0 0.4782608695652174 0.7372262773722628
177 0.0018335000000000434 1 1 0.4927536231884058 0.7445255474452555
178 0.0016743999999999648 1 1 0.5072463768115942 0.7518248175182481
179 0.0019095000000000084 0 0 0.5072463768115942 0.7518248175182481
180 0.0016657999999999396 0 0 0.5072463768115942 0.7518248175182481
181 0.001707800000000037 0 0 0.5072463768115942 0.7518248175182481
182 0.001757899999999979 0 0 0.5072463768115942 0.7518248175182481
183 0.0016023000000000565 0 0 0.5072463768115942 0.7518248175182481
184 0.0015981000000000467 0 0 0.5072463768115942 0.7518248175182481
185 0.001679000000000097 0 0 0.5072463768115942 0.7518248175182481
186 0.0016644999999999577 0 0 0.5072463768115942 0.7518248175182481
187 0.001767800000000097 0 0 0.5072463768115942 0.7518248175182481
188 0.001847799999999955 0 0 0.5072463768115942 0.7518248175182481
189 0.0018341000000000607 0 0 0.5072463768115942 0.7518248175182481
190 0.0017520999999999232 1 1 0.5217391304347826 0.7591240875912408
191 0.0016684000000000143 0 0 0.5217391304347826 0.7591240875912408
192 0.001670999999999978 0 0 0.5217391304347826 0.7591240875912408
193 0.0018551999999999458 1 1 0.5362318840579711 0.7664233576642335
194 0.0017400000000000748 0 0 0.5362318840579711 0.7664233576642335
195 0.0033944000000000196 0 0 0.5362318840579711 0.7664233576642335
196 0.0017696000000000378 1 1 0.5507246376811594 0.7737226277372263
197 0.001906999999999992 1 1 0.5652173913043478 0.781021897810219
198 0.002053900000000053 0 0 0.5652173913043478 0.781021897810219
199 0.0017041999999999335 0 0 0.5652173913043478 0.781021897810219
200 0.0021642000000000605 0 0 0.5652173913043478 0.781021897810219
201 0.0016692000000000373 0 0 0.5652173913043478 0.781021897810219
202 0.0016668000000000793 0 0 0.5652173913043478 0.781021897810219
203 0.0017040000000000388 0 0 0.5652173913043478 0.781021897810219
204 0.001767000000000074 0 0 0.5652173913043478 0.781021897810219
205 0.0017099999999999893 0 0 0.5652173913043478 0.781021897810219
206 0.001769100000000079 0 0 0.5652173913043478 0.781021897810219
207 0.0016381000000000867 0 0 0.5652173913043478 0.781021897810219
208 0.0018706000000000556 0 0 0.5652173913043478 0.781021897810219
209 0.0017797000000000507 0 0 0.5652173913043478 0.781021897810219
210 0.0018364000000000713 0 0 0.5652173913043478 0.781021897810219
211 0.001809399999999961 0 0 0.5652173913043478 0.781021897810219
212 0.001760600000000001 0 0 0.5652173913043478 0.781021897810219
213 0.001798200000000083 0 0 0.5652173913043478 0.781021897810219
214 0.0016624000000000638 0 0 0.5652173913043478 0.781021897810219
215 0.0017021000000000397 0 0 0.5652173913043478 0.781021897810219
216 0.0019489000000000312 1 1 0.5797101449275363 0.7883211678832117
217 0.0017473000000000072 0 0 0.5797101449275363 0.7883211678832117
218 0.0017709000000000197 0 0 0.5797101449275363 0.7883211678832117
219 0.0018111000000000654 0 0 0.5797101449275363 0.7883211678832117
220 0.0017200000000000548 0 0 0.5797101449275363 0.7883211678832117
221 0.0017815000000001024 1 1 0.5942028985507246 0.7956204379562044
222 0.001909099999999997 1 1 0.6086956521739131 0.8029197080291971
223 0.0017518999999999174 1 1 0.6231884057971014 0.8102189781021898
224 0.001818199999999992 0 0 0.6231884057971014 0.8102189781021898
225 0.001755799999999974 0 0 0.6231884057971014 0.8102189781021898
226 0.001882999999999968 1 1 0.6376811594202898 0.8175182481751825
227 0.0018486999999999254 0 0 0.6376811594202898 0.8175182481751825
228 0.0018564000000000913 0 0 0.6376811594202898 0.8175182481751825
229 0.0017159999999999398 0 0 0.6376811594202898 0.8175182481751825
230 0.0017761999999998945 1 1 0.6521739130434783 0.8248175182481752
231 0.0017241000000000062 0 0 0.6521739130434783 0.8248175182481752
232 0.0017937000000000092 0 0 0.6521739130434783 0.8248175182481752
233 0.0019662999999999764 1 1 0.6666666666666666 0.8321167883211679
234 0.0019527000000000294 1 0 0.6811594202898551 0.8321167883211679
235 0.0017582999999999904 0 1 0.6811594202898551 0.8394160583941606
236 0.0017476999999999077 0 0 0.6811594202898551 0.8394160583941606
237 0.0017935000000000034 0 0 0.6811594202898551 0.8394160583941606
238 0.0018962000000000145 0 0 0.6811594202898551 0.8394160583941606
239 0.0017804000000000153 0 0 0.6811594202898551 0.8394160583941606
240 0.001792600000000033 0 0 0.6811594202898551 0.8394160583941606
241 0.0018569000000000502 0 0 0.6811594202898551 0.8394160583941606
242 0.0018610000000000015 0 0 0.6811594202898551 0.8394160583941606
243 0.001723799999999942 0 0 0.6811594202898551 0.8394160583941606
244 0.0017608999999999542 1 1 0.6956521739130435 0.8467153284671532
245 0.0019025000000000292 0 0 0.6956521739130435 0.8467153284671532
246 0.0016871999999999998 1 1 0.7101449275362319 0.8540145985401459
247 0.0018367000000000244 0 0 0.7101449275362319 0.8540145985401459
248 0.001784299999999961 0 0 0.7101449275362319 0.8540145985401459
249 0.0017840000000000078 0 0 0.7101449275362319 0.8540145985401459
250 0.001848300000000025 0 0 0.7101449275362319 0.8540145985401459
251 0.001762700000000006 1 1 0.7246376811594203 0.8613138686131386
252 0.0017471000000000014 0 0 0.7246376811594203 0.8613138686131386
253 0.0018208000000000668 0 0 0.7246376811594203 0.8613138686131386
254 0.001794700000000038 0 0 0.7246376811594203 0.8613138686131386
255 0.0018654999999999644 1 1 0.7391304347826086 0.8686131386861314
256 0.001728599999999969 0 0 0.7391304347826086 0.8686131386861314
257 0.0021624000000000088 1 1 0.7536231884057971 0.8759124087591241
258 0.002006400000000075 0 0 0.7536231884057971 0.8759124087591241
259 0.001774199999999948 0 0 0.7536231884057971 0.8759124087591241
260 0.0018110999999999544 0 0 0.7536231884057971 0.8759124087591241
261 0.0019466000000000205 0 0 0.7536231884057971 0.8759124087591241
262 0.001895800000000003 0 0 0.7536231884057971 0.8759124087591241
263 0.0018383999999999068 0 0 0.7536231884057971 0.8759124087591241
264 0.0019060000000000743 0 0 0.7536231884057971 0.8759124087591241
265 0.0018038999999999694 0 0 0.7536231884057971 0.8759124087591241
266 0.001829100000000028 0 0 0.7536231884057971 0.8759124087591241
267 0.001814700000000058 0 0 0.7536231884057971 0.8759124087591241
268 0.0019095000000000084 0 0 0.7536231884057971 0.8759124087591241
269 0.0017500999999999767 0 0 0.7536231884057971 0.8759124087591241
270 0.0018087999999999438 0 0 0.7536231884057971 0.8759124087591241
271 0.0018935999999999398 0 0 0.7536231884057971 0.8759124087591241
272 0.0018096999999999142 0 0 0.7536231884057971 0.8759124087591241
273 0.0018065999999999915 0 0 0.7536231884057971 0.8759124087591241
274 0.0019407999999999648 0 0 0.7536231884057971 0.8759124087591241
275 0.0019358999999999904 0 0 0.7536231884057971 0.8759124087591241
276 0.00178059999999991 1 1 0.7681159420289855 0.8832116788321168
277 0.0017922000000000216 0 0 0.7681159420289855 0.8832116788321168
278 0.001890700000000023 0 0 0.7681159420289855 0.8832116788321168
279 0.0017614999999999714 1 1 0.782608695652174 0.8905109489051095
280 0.0019822999999999924 0 0 0.782608695652174 0.8905109489051095
281 0.001950999999999925 0 0 0.782608695652174 0.8905109489051095
282 0.0019084000000000323 0 0 0.782608695652174 0.8905109489051095
283 0.0019263999999999948 0 0 0.782608695652174 0.8905109489051095
284 0.0019973000000000907 0 0 0.782608695652174 0.8905109489051095
285 0.0017588000000000603 0 0 0.782608695652174 0.8905109489051095
286 0.001797099999999996 0 0 0.782608695652174 0.8905109489051095
287 0.0018937999999999455 1 1 0.7971014492753623 0.8978102189781022
288 0.0018490000000001006 0 0 0.7971014492753623 0.8978102189781022
289 0.0018647999999999998 0 0 0.7971014492753623 0.8978102189781022
290 0.0018527999999999878 0 0 0.7971014492753623 0.8978102189781022
291 0.0017962000000000256 0 0 0.7971014492753623 0.8978102189781022
292 0.0018540999999999697 0 0 0.7971014492753623 0.8978102189781022
293 0.0018220999999999377 1 1 0.8115942028985508 0.9051094890510949
294 0.0018722000000001016 0 0 0.8115942028985508 0.9051094890510949
295 0.0017903000000000224 0 0 0.8115942028985508 0.9051094890510949
296 0.0019576000000000038 0 0 0.8115942028985508 0.9051094890510949
297 0.0020341000000000387 0 0 0.8115942028985508 0.9051094890510949
298 0.0018712000000000728 0 0 0.8115942028985508 0.9051094890510949
299 0.0017897000000000052 0 0 0.8115942028985508 0.9051094890510949
300 0.001763499999999918 0 0 0.8115942028985508 0.9051094890510949
301 0.0020280000000000298 1 0 0.8260869565217391 0.9051094890510949
302 0.0020511000000000834 1 1 0.8405797101449275 0.9124087591240876
303 0.001977899999999977 0 1 0.8405797101449275 0.9197080291970803
304 0.0021075999999999873 0 0 0.8405797101449275 0.9197080291970803
305 0.001977899999999977 0 0 0.8405797101449275 0.9197080291970803
306 0.0019900999999999947 1 1 0.855072463768116 0.927007299270073
307 0.0019263999999999948 0 0 0.855072463768116 0.927007299270073
308 0.00206329999999999 0 0 0.855072463768116 0.927007299270073
309 0.0018983999999999668 0 0 0.855072463768116 0.927007299270073
310 0.0018491999999999953 0 0 0.855072463768116 0.927007299270073
311 0.001976599999999995 1 1 0.8695652173913043 0.9343065693430657
312 0.0019194000000000155 0 0 0.8695652173913043 0.9343065693430657
313 0.002000600000000019 0 0 0.8695652173913043 0.9343065693430657
314 0.0020092999999999916 0 0 0.8695652173913043 0.9343065693430657
315 0.0020333000000000157 0 0 0.8695652173913043 0.9343065693430657
316 0.0020194000000000045 1 1 0.8840579710144928 0.9416058394160584
317 0.0020012999999999836 1 1 0.8985507246376812 0.948905109489051
318 0.0018841000000000552 0 0 0.8985507246376812 0.948905109489051
319 0.0019023000000000234 0 0 0.8985507246376812 0.948905109489051
320 0.0018576999999999622 0 0 0.8985507246376812 0.948905109489051
321 0.0018430999999999864 0 0 0.8985507246376812 0.948905109489051
322 0.0018188000000000093 0 0 0.8985507246376812 0.948905109489051
323 0.0018854999999999844 0 0 0.8985507246376812 0.948905109489051
324 0.0020415999999999768 0 0 0.8985507246376812 0.948905109489051
325 0.0019657999999999065 0 0 0.8985507246376812 0.948905109489051
326 0.0022316999999999476 0 0 0.8985507246376812 0.948905109489051
327 0.002089699999999972 0 0 0.8985507246376812 0.948905109489051
328 0.0020995999999999793 0 0 0.8985507246376812 0.948905109489051
329 0.002017099999999994 0 0 0.8985507246376812 0.948905109489051
330 0.0021069000000000226 0 0 0.8985507246376812 0.948905109489051
331 0.002215300000000031 0 0 0.8985507246376812 0.948905109489051
332 0.002175300000000102 0 0 0.8985507246376812 0.948905109489051
333 0.0021383000000000374 0 0 0.8985507246376812 0.948905109489051
334 0.0018599000000000254 1 1 0.9130434782608695 0.9562043795620438
335 0.0019231000000000664 0 0 0.9130434782608695 0.9562043795620438
336 0.0022788000000000252 0 0 0.9130434782608695 0.9562043795620438
337 0.0019462999999999564 0 0 0.9130434782608695 0.9562043795620438
338 0.002036299999999991 1 1 0.927536231884058 0.9635036496350365
339 0.0020084999999999686 0 0 0.927536231884058 0.9635036496350365
340 0.0018991999999999898 0 0 0.927536231884058 0.9635036496350365
341 0.002674499999999913 0 0 0.927536231884058 0.9635036496350365
342 0.0027673999999999754 1 0 0.9420289855072463 0.9635036496350365
343 0.0027193999999999274 0 1 0.9420289855072463 0.9708029197080292
344 0.0020341000000000387 1 1 0.9565217391304348 0.9781021897810219
345 0.002123299999999939 0 0 0.9565217391304348 0.9781021897810219
346 0.0021438999999999764 0 0 0.9565217391304348 0.9781021897810219
347 0.0021085000000000687 1 1 0.9710144927536232 0.9854014598540146
348 0.0021396999999999666 0 0 0.9710144927536232 0.9854014598540146
349 0.002077899999999966 0 0 0.9710144927536232 0.9854014598540146
350 0.0020262999999999254 0 0 0.9710144927536232 0.9854014598540146
351 0.0022343000000000224 0 0 0.9710144927536232 0.9854014598540146
352 0.0020249999999999435 0 0 0.9710144927536232 0.9854014598540146
353 0.0019255000000000244 0 0 0.9710144927536232 0.9854014598540146
354 0.0020906000000000535 0 0 0.9710144927536232 0.9854014598540146
355 0.0021626000000000145 1 1 0.9855072463768116 0.9927007299270073
356 0.0019255000000000244 0 0 0.9855072463768116 0.9927007299270073
357 0.00218700000000005 0 0 0.9855072463768116 0.9927007299270073
358 0.002131800000000017 0 0 0.9855072463768116 0.9927007299270073
359 0.002171000000000034 0 0 0.9855072463768116 0.9927007299270073
360 0.0022516000000000203 1 1 1.0 1.0
