75 0.7 0.3
1 0.0015812000000000048 1 0 0.013513513513513514 0.5034013605442177
2 0.0016976000000000213 1 1 0.02702702702702703 0.5102040816326531
3 0.0018735000000000002 1 1 0.04054054054054054 0.5170068027210885
4 0.0017581999999999876 1 0 0.05405405405405406 0.5170068027210885
5 0.0015586999999999962 1 0 0.06756756756756757 0.5170068027210885
6 0.0015853999999999868 1 1 0.08108108108108109 0.5238095238095238
7 0.0014930999999999972 1 0 0.0945945945945946 0.5238095238095238
8 0.0015539999999999998 1 1 0.10810810810810811 0.5306122448979592
9 0.0017825999999999953 1 0 0.12162162162162163 0.5306122448979592
10 0.0020497999999999905 1 1 0.13513513513513514 0.5374149659863946
11 0.001757099999999956 1 0 0.14864864864864866 0.5374149659863946
12 0.0016250999999999904 1 2 0.16216216216216217 0.5510204081632653
13 0.0016890000000000516 1 1 0.17567567567567569 0.5578231292517006
14 0.0021500000000000408 1 1 0.1891891891891892 0.564625850340136
15 0.001726200000000011 1 3 0.20270270270270271 0.5850340136054422
16 0.001962900000000045 0 2 0.20270270270270271 0.5986394557823129
17 0.001757500000000023 1 1 0.21621621621621623 0.6054421768707483
18 0.0017923999999999718 0 0 0.21621621621621623 0.6054421768707483
19 0.0015958999999999834 0 0 0.21621621621621623 0.6054421768707483
20 0.002046300000000001 1 0 0.22972972972972974 0.6054421768707483
21 0.002074100000000023 1 0 0.24324324324324326 0.6054421768707483
22 0.001761899999999983 1 0 0.25675675675675674 0.6054421768707483
23 0.00176670000000001 1 0 0.2702702702702703 0.6054421768707483
24 0.0017221999999999515 1 1 0.28378378378378377 0.6122448979591837
25 0.0017212000000000338 1 3 0.2972972972972973 0.6326530612244898
26 0.0019879999999999898 0 0 0.2972972972972973 0.6326530612244898
27 0.0029445000000000165 1 0 0.3108108108108108 0.6326530612244898
28 0.0019375000000000364 1 0 0.32432432432432434 0.6326530612244898
29 0.0019153000000000087 1 0 0.33783783783783783 0.6326530612244898
30 0.002275399999999983 1 5 0.35135135135135137 0.6666666666666666
31 0.0026336000000000137 0 0 0.35135135135135137 0.6666666666666666
32 0.002494099999999999 1 0 0.36486486486486486 0.6666666666666666
33 0.0025262999999999813 1 1 0.3783783783783784 0.673469387755102
34 0.002333500000000044 0 1 0.3783783783783784 0.6802721088435374
35 0.0020485000000000086 0 0 0.3783783783783784 0.6802721088435374
36 0.001910999999999996 1 0 0.3918918918918919 0.6802721088435374
37 0.0019743999999999873 0 0 0.3918918918918919 0.6802721088435374
38 0.001790999999999987 1 1 0.40540540540540543 0.6870748299319728
39 0.0017481000000000302 0 0 0.40540540540540543 0.6870748299319728
40 0.002319099999999963 1 1 0.4189189189189189 0.6938775510204082
41 0.002301400000000009 1 1 0.43243243243243246 0.7006802721088435
42 0.0019475999999999938 1 1 0.44594594594594594 0.7074829931972789
43 0.0026643000000000083 1 0 0.4594594594594595 0.7074829931972789
44 0.0020823999999999843 1 0 0.47297297297297297 0.7074829931972789
45 0.003956200000000021 0 1 0.47297297297297297 0.7142857142857143
46 0.002014899999999986 0 1 0.47297297297297297 0.7210884353741497
47 0.0019095000000000084 1 0 0.4864864864864865 0.7210884353741497
48 0.0022167999999999632 1 0 0.5 0.7210884353741497
49 0.0022422000000000275 1 1 0.5135135135135135 0.7278911564625851
50 0.0025036999999999976 0 0 0.5135135135135135 0.7278911564625851
51 0.0024553999999999965 1 0 0.527027027027027 0.7278911564625851
52 0.0019848000000000088 1 2 0.5405405405405406 0.7414965986394558
53 0.0025712999999999986 0 1 0.5405405405405406 0.7482993197278912
54 0.003107599999999988 1 1 0.5540540540540541 0.7551020408163265
55 0.0021147999999999723 1 0 0.5675675675675675 0.7551020408163265
56 0.001992500000000008 0 0 0.5675675675675675 0.7551020408163265
57 0.0019647999999999888 1 1 0.581081081081081 0.7619047619047619
58 0.0023622000000000365 1 3 0.5945945945945946 0.782312925170068
59 0.002955000000000041 1 0 0.6081081081081081 0.782312925170068
60 0.0020196000000000103 1 0 0.6216216216216216 0.782312925170068
61 0.002653799999999984 1 1 0.6351351351351351 0.7891156462585034
62 0.0025004000000000137 0 2 0.6351351351351351 0.8027210884353742
63 0.0027015999999999707 1 1 0.6486486486486487 0.8095238095238095
64 0.0024584000000000272 1 0 0.6621621621621622 0.8095238095238095
65 0.002263000000000015 0 2 0.6621621621621622 0.8231292517006803
66 0.0026901000000000286 0 0 0.6621621621621622 0.8231292517006803
67 0.002372599999999947 1 0 0.6756756756756757 0.8231292517006803
68 0.002139399999999958 0 1 0.6756756756756757 0.8299319727891157
69 0.0028619999999999757 1 2 0.6891891891891891 0.8435374149659864
70 0.002127499999999949 1 0 0.7027027027027027 0.8435374149659864
71 0.002574999999999994 1 0 0.7162162162162162 0.8435374149659864
72 0.0027107000000000103 0 1 0.7162162162162162 0.8503401360544217
73 0.0022938000000000125 1 0 0.7297297297297297 0.8503401360544217
74 0.002068599999999976 0 0 0.7297297297297297 0.8503401360544217
75 0.002165800000000051 0 0 0.7297297297297297 0.8503401360544217
76 0.0029621999999999704 0 1 0.7297297297297297 0.8571428571428571
77 0.0024300999999999906 0 0 0.7297297297297297 0.8571428571428571
78 0.002507399999999993 0 0 0.7297297297297297 0.8571428571428571
79 0.002640399999999987 0 1 0.7297297297297297 0.8639455782312925
80 0.0024049999999999905 1 1 0.7432432432432432 0.8707482993197279
81 0.0023688000000000042 1 1 0.7567567567567568 0.8775510204081632
82 0.002405400000000002 1 0 0.7702702702702703 0.8775510204081632
83 0.00207750000000001 1 0 0.7837837837837838 0.8775510204081632
84 0.002747300000000008 0 1 0.7837837837837838 0.8843537414965986
85 0.0033042999999999823 1 1 0.7972972972972973 0.891156462585034
86 0.0032179999999999986 1 0 0.8108108108108109 0.891156462585034
87 0.002993599999999985 1 0 0.8243243243243243 0.891156462585034
88 0.0036821000000000215 1 1 0.8378378378378378 0.8979591836734694
89 0.0021748000000000323 1 0 0.8513513513513513 0.8979591836734694
90 0.0022234999999999894 1 3 0.8648648648648649 0.9183673469387755
91 0.003299200000000002 1 0 0.8783783783783784 0.9183673469387755
92 0.0023060999999999776 0 0 0.8783783783783784 0.9183673469387755
93 0.003169399999999989 0 0 0.8783783783783784 0.9183673469387755
94 0.002329799999999993 1 1 0.8918918918918919 0.9251700680272109
95 0.002504599999999968 0 1 0.8918918918918919 0.9319727891156463
96 0.002932699999999955 1 0 0.9054054054054054 0.9319727891156463
97 0.0027146000000000114 1 1 0.918918918918919 0.9387755102040817
98 0.0044119999999999715 0 0 0.918918918918919 0.9387755102040817
99 0.00467850000000003 1 1 0.9324324324324325 0.9455782312925171
100 0.002701700000000029 0 0 0.9324324324324325 0.9455782312925171
101 0.0031825000000000325 1 1 0.9459459459459459 0.9523809523809523
102 0.0022916000000000047 0 0 0.9459459459459459 0.9523809523809523
103 0.0037681999999999993 1 2 0.9594594594594594 0.9659863945578231
104 0.002628599999999981 0 0 0.9594594594594594 0.9659863945578231
105 0.0027247999999999717 1 0 0.972972972972973 0.9659863945578231
106 0.0028588999999999976 1 1 0.9864864864864865 0.9727891156462585
107 0.003661999999999943 0 2 0.9864864864864865 0.9863945578231292
108 0.0023844000000000642 0 1 0.9864864864864865 0.9931972789115646
109 0.0023824000000000067 1 1 1.0 1.0
