110 0.1 0.8
1 0.002278100000000005 0 0 0.0 0.5023041474654378
2 0.0022145999999999832 0 0 0.0 0.5023041474654378
3 0.0023191999999999935 0 0 0.0 0.5023041474654378
4 0.0022820000000000062 0 0 0.0 0.5023041474654378
5 0.0021799000000000124 0 0 0.0 0.5023041474654378
6 0.0022604999999999986 0 0 0.0 0.5023041474654378
7 0.002159800000000045 0 0 0.0 0.5023041474654378
8 0.00243289999999996 0 0 0.0 0.5023041474654378
9 0.0022184999999999566 0 0 0.0 0.5023041474654378
10 0.0024235999999999702 1 0 0.009174311926605505 0.5023041474654378
11 0.0021607000000000154 0 0 0.009174311926605505 0.5023041474654378
12 0.002284300000000017 0 0 0.009174311926605505 0.5023041474654378
13 0.002170900000000031 0 0 0.009174311926605505 0.5023041474654378
14 0.002623500000000001 0 0 0.009174311926605505 0.5023041474654378
15 0.002278300000000011 0 0 0.009174311926605505 0.5023041474654378
16 0.0020879000000000314 0 0 0.009174311926605505 0.5023041474654378
17 0.0021763999999999672 0 0 0.009174311926605505 0.5023041474654378
18 0.002140900000000001 0 0 0.009174311926605505 0.5023041474654378
19 0.0023231000000000224 1 1 0.01834862385321101 0.5069124423963134
20 0.0022478999999999694 0 0 0.01834862385321101 0.5069124423963134
21 0.002422599999999997 0 0 0.01834862385321101 0.5069124423963134
22 0.002219699999999991 0 0 0.01834862385321101 0.5069124423963134
23 0.0023033999999999555 0 0 0.01834862385321101 0.5069124423963134
24 0.0022358999999999574 0 0 0.01834862385321101 0.5069124423963134
25 0.002338600000000024 0 0 0.01834862385321101 0.5069124423963134
26 0.0023067999999999977 1 1 0.027522935779816515 0.511520737327189
27 0.0021591999999999723 0 0 0.027522935779816515 0.511520737327189
28 0.002152900000000013 0 0 0.027522935779816515 0.511520737327189
29 0.0021418999999999744 0 0 0.027522935779816515 0.511520737327189
30 0.0021883999999999793 1 1 0.03669724770642202 0.5161290322580645
31 0.0022627000000000064 0 0 0.03669724770642202 0.5161290322580645
32 0.0021887999999999908 0 0 0.03669724770642202 0.5161290322580645
33 0.002367100000000011 0 0 0.03669724770642202 0.5161290322580645
34 0.00315329999999997 0 0 0.03669724770642202 0.5161290322580645
35 0.0021909999999999985 0 0 0.03669724770642202 0.5161290322580645
36 0.0022141999999999995 1 0 0.045871559633027525 0.5161290322580645
37 0.0021966000000000485 0 0 0.045871559633027525 0.5161290322580645
38 0.0022583000000000464 0 0 0.045871559633027525 0.5161290322580645
39 0.00219649999999999 0 0 0.045871559633027525 0.5161290322580645
40 0.0021699000000000024 0 0 0.045871559633027525 0.5161290322580645
41 0.0024269000000000096 0 0 0.045871559633027525 0.5161290322580645
42 0.0023040999999999756 0 0 0.045871559633027525 0.5161290322580645
43 0.0021384999999999876 0 0 0.045871559633027525 0.5161290322580645
44 0.0022070000000000145 0 0 0.045871559633027525 0.5161290322580645
45 0.002297400000000005 0 0 0.045871559633027525 0.5161290322580645
46 0.0023643999999999887 0 0 0.045871559633027525 0.5161290322580645
47 0.0022036000000000278 0 0 0.045871559633027525 0.5161290322580645
48 0.0023043999999999842 0 0 0.045871559633027525 0.5161290322580645
49 0.0022929999999999895 1 0 0.05504587155963303 0.5161290322580645
50 0.002363000000000004 0 1 0.05504587155963303 0.5207373271889401
51 0.0025320999999999816 0 0 0.05504587155963303 0.5207373271889401
52 0.002271399999999979 0 0 0.05504587155963303 0.5207373271889401
53 0.0022186999999999624 0 0 0.05504587155963303 0.5207373271889401
54 0.002368099999999984 0 0 0.05504587155963303 0.5207373271889401
55 0.0023765000000000036 0 0 0.05504587155963303 0.5207373271889401
56 0.002291500000000002 0 0 0.05504587155963303 0.5207373271889401
57 0.002139100000000005 0 0 0.05504587155963303 0.5207373271889401
58 0.003176499999999971 0 1 0.05504587155963303 0.5253456221198156
59 0.003158800000000017 0 0 0.05504587155963303 0.5253456221198156
60 0.0034791000000000127 0 0 0.05504587155963303 0.5253456221198156
61 0.0038890000000000313 0 0 0.05504587155963303 0.5253456221198156
62 0.0035905999999999993 0 0 0.05504587155963303 0.5253456221198156
63 0.002336700000000025 0 0 0.05504587155963303 0.5253456221198156
64 0.0022980000000000222 0 0 0.05504587155963303 0.5253456221198156
65 0.002731499999999998 1 1 0.06422018348623854 0.5299539170506913
66 0.002451099999999984 0 0 0.06422018348623854 0.5299539170506913
67 0.002346999999999988 0 0 0.06422018348623854 0.5299539170506913
68 0.0024863999999999997 0 0 0.06422018348623854 0.5299539170506913
69 0.002234600000000031 0 0 0.06422018348623854 0.5299539170506913
70 0.0023409000000000346 0 0 0.06422018348623854 0.5299539170506913
71 0.002310699999999999 0 0 0.06422018348623854 0.5299539170506913
72 0.0022133999999999765 0 0 0.06422018348623854 0.5299539170506913
73 0.0022826000000000235 0 0 0.06422018348623854 0.5299539170506913
74 0.0022558999999999774 0 0 0.06422018348623854 0.5299539170506913
75 0.0025119000000000113 0 0 0.06422018348623854 0.5299539170506913
76 0.0023795999999999817 0 0 0.06422018348623854 0.5299539170506913
77 0.002252199999999982 0 0 0.06422018348623854 0.5299539170506913
78 0.0022832000000000408 0 0 0.06422018348623854 0.5299539170506913
79 0.00223140000000005 0 0 0.06422018348623854 0.5299539170506913
80 0.0023275999999999852 0 0 0.06422018348623854 0.5299539170506913
81 0.00232530000000003 0 0 0.06422018348623854 0.5299539170506913
82 0.0023736000000000312 0 0 0.06422018348623854 0.5299539170506913
83 0.002285399999999993 0 0 0.06422018348623854 0.5299539170506913
84 0.0024116000000000137 0 0 0.06422018348623854 0.5299539170506913
85 0.0024014000000000535 0 0 0.06422018348623854 0.5299539170506913
86 0.003090499999999996 0 0 0.06422018348623854 0.5299539170506913
87 0.003154900000000016 0 0 0.06422018348623854 0.5299539170506913
88 0.0031454999999999678 0 0 0.06422018348623854 0.5299539170506913
89 0.0030850000000000044 0 0 0.06422018348623854 0.5299539170506913
90 0.0032128000000000156 0 0 0.06422018348623854 0.5299539170506913
91 0.00317820000000002 0 0 0.06422018348623854 0.5299539170506913
92 0.0031757000000000035 0 0 0.06422018348623854 0.5299539170506913
93 0.003022799999999992 0 0 0.06422018348623854 0.5299539170506913
94 0.0023212000000000232 0 0 0.06422018348623854 0.5299539170506913
95 0.002278699999999967 0 0 0.06422018348623854 0.5299539170506913
96 0.0023302000000000045 0 0 0.06422018348623854 0.5299539170506913
97 0.002361399999999958 0 0 0.06422018348623854 0.5299539170506913
98 0.002294999999999936 0 0 0.06422018348623854 0.5299539170506913
99 0.0022004999999999386 0 0 0.06422018348623854 0.5299539170506913
100 0.0023529999999999385 0 0 0.06422018348623854 0.5299539170506913
101 0.0021657999999999955 0 0 0.06422018348623854 0.5299539170506913
102 0.002269899999999936 0 0 0.06422018348623854 0.5299539170506913
103 0.0022563999999999362 0 0 0.06422018348623854 0.5299539170506913
104 0.0023031000000000024 0 0 0.06422018348623854 0.5299539170506913
105 0.002387299999999981 0 0 0.06422018348623854 0.5299539170506913
106 0.00227949999999999 0 0 0.06422018348623854 0.5299539170506913
107 0.0021380000000000843 0 0 0.06422018348623854 0.5299539170506913
108 0.0022887000000000324 0 0 0.06422018348623854 0.5299539170506913
109 0.0024055000000000604 0 0 0.06422018348623854 0.5299539170506913
110 0.0023028999999999966 0 0 0.06422018348623854 0.5299539170506913
111 0.0022679000000001004 1 1 0.07339449541284404 0.5345622119815668
112 0.002241699999999902 0 0 0.07339449541284404 0.5345622119815668
113 0.0023800000000000487 0 0 0.07339449541284404 0.5345622119815668
114 0.002184599999999981 0 0 0.07339449541284404 0.5345622119815668
115 0.002193900000000082 0 0 0.07339449541284404 0.5345622119815668
116 0.0024990999999999763 0 0 0.07339449541284404 0.5345622119815668
117 0.0021999999999999797 0 0 0.07339449541284404 0.5345622119815668
118 0.002189399999999897 0 0 0.07339449541284404 0.5345622119815668
119 0.002383499999999983 0 0 0.07339449541284404 0.5345622119815668
120 0.0023394000000001025 0 0 0.07339449541284404 0.5345622119815668
121 0.0022603999999999402 0 0 0.07339449541284404 0.5345622119815668
122 0.0022613000000000216 0 0 0.07339449541284404 0.5345622119815668
123 0.0022140999999999966 0 0 0.07339449541284404 0.5345622119815668
124 0.0022691999999999712 0 0 0.07339449541284404 0.5345622119815668
125 0.0022147999999999612 0 0 0.07339449541284404 0.5345622119815668
126 0.0025478999999999363 0 0 0.07339449541284404 0.5345622119815668
127 0.002336299999999958 0 0 0.07339449541284404 0.5345622119815668
128 0.0022554000000000185 0 0 0.07339449541284404 0.5345622119815668
129 0.002222200000000063 0 0 0.07339449541284404 0.5345622119815668
130 0.002283800000000058 0 0 0.07339449541284404 0.5345622119815668
131 0.002189099999999944 0 0 0.07339449541284404 0.5345622119815668
132 0.003276900000000027 0 0 0.07339449541284404 0.5345622119815668
133 0.0031683000000000128 0 0 0.07339449541284404 0.5345622119815668
134 0.002433100000000077 0 0 0.07339449541284404 0.5345622119815668
135 0.0023032000000000608 1 1 0.08256880733944955 0.5391705069124424
136 0.002185400000000004 0 0 0.08256880733944955 0.5391705069124424
137 0.002421400000000018 0 0 0.08256880733944955 0.5391705069124424
138 0.002558199999999955 0 0 0.08256880733944955 0.5391705069124424
139 0.0022974999999999524 0 0 0.08256880733944955 0.5391705069124424
140 0.002278200000000008 0 0 0.08256880733944955 0.5391705069124424
141 0.0022556999999999716 0 0 0.08256880733944955 0.5391705069124424
142 0.0024454999999999893 0 0 0.08256880733944955 0.5391705069124424
143 0.002426699999999893 0 0 0.08256880733944955 0.5391705069124424
144 0.0022012999999999616 0 0 0.08256880733944955 0.5391705069124424
145 0.002493899999999938 0 0 0.08256880733944955 0.5391705069124424
146 0.0023634000000000155 0 0 0.08256880733944955 0.5391705069124424
147 0.0024535999999999447 0 0 0.08256880733944955 0.5391705069124424
148 0.0022311999999999887 0 0 0.08256880733944955 0.5391705069124424
149 0.0023303000000000074 0 0 0.08256880733944955 0.5391705069124424
150 0.002430500000000002 0 0 0.08256880733944955 0.5391705069124424
151 0.002342999999999984 0 0 0.08256880733944955 0.5391705069124424
152 0.0022915999999999492 0 0 0.08256880733944955 0.5391705069124424
153 0.002416599999999991 0 0 0.08256880733944955 0.5391705069124424
154 0.0023784000000000027 0 0 0.08256880733944955 0.5391705069124424
155 0.002225699999999997 0 0 0.08256880733944955 0.5391705069124424
156 0.002540600000000004 0 0 0.08256880733944955 0.5391705069124424
157 0.0022380000000000733 0 0 0.08256880733944955 0.5391705069124424
158 0.002428299999999939 0 0 0.08256880733944955 0.5391705069124424
159 0.002249900000000027 0 0 0.08256880733944955 0.5391705069124424
160 0.002246499999999929 0 0 0.08256880733944955 0.5391705069124424
161 0.002549899999999994 0 0 0.08256880733944955 0.5391705069124424
162 0.0022420000000000773 0 0 0.08256880733944955 0.5391705069124424
163 0.002434199999999942 0 0 0.08256880733944955 0.5391705069124424
164 0.0023482000000000225 0 0 0.08256880733944955 0.5391705069124424
165 0.0022687999999999597 0 0 0.08256880733944955 0.5391705069124424
166 0.0021801999999999655 0 0 0.08256880733944955 0.5391705069124424
167 0.0021820999999999646 0 0 0.08256880733944955 0.5391705069124424
168 0.0023625999999999925 0 0 0.08256880733944955 0.5391705069124424
169 0.002442200000000061 0 0 0.08256880733944955 0.5391705069124424
170 0.0024207000000000534 0 0 0.08256880733944955 0.5391705069124424
171 0.002273100000000028 0 0 0.08256880733944955 0.5391705069124424
172 0.002274499999999957 0 0 0.08256880733944955 0.5391705069124424
173 0.0021706000000000225 0 0 0.08256880733944955 0.5391705069124424
174 0.002156599999999953 1 0 0.09174311926605505 0.5391705069124424
175 0.0023644999999999916 0 0 0.09174311926605505 0.5391705069124424
176 0.0022927000000000364 1 1 0.10091743119266056 0.543778801843318
177 0.002567299999999939 0 0 0.10091743119266056 0.543778801843318
178 0.0024239999999999817 0 0 0.10091743119266056 0.543778801843318
179 0.0023085000000000466 0 1 0.10091743119266056 0.5483870967741935
180 0.002288100000000015 0 0 0.10091743119266056 0.5483870967741935
181 0.00239849999999997 0 0 0.10091743119266056 0.5483870967741935
182 0.002213099999999968 0 0 0.10091743119266056 0.5483870967741935
183 0.0023471000000000464 0 0 0.10091743119266056 0.5483870967741935
184 0.002367299999999961 0 0 0.10091743119266056 0.5483870967741935
185 0.002495599999999931 0 0 0.10091743119266056 0.5483870967741935
186 0.0024530000000000385 0 0 0.10091743119266056 0.5483870967741935
187 0.002260099999999987 0 0 0.10091743119266056 0.5483870967741935
188 0.0024617999999999585 0 0 0.10091743119266056 0.5483870967741935
189 0.0023104000000000458 0 0 0.10091743119266056 0.5483870967741935
190 0.0024290000000000145 0 0 0.10091743119266056 0.5483870967741935
191 0.0023376000000000507 0 0 0.10091743119266056 0.5483870967741935
192 0.0024486999999999703 0 0 0.10091743119266056 0.5483870967741935
193 0.00225949999999997 0 0 0.10091743119266056 0.5483870967741935
194 0.002199300000000015 0 0 0.10091743119266056 0.5483870967741935
195 0.0022711999999999177 0 0 0.10091743119266056 0.5483870967741935
196 0.0022751999999999217 0 0 0.10091743119266056 0.5483870967741935
197 0.0022343999999999697 1 0 0.11009174311926606 0.5483870967741935
198 0.002242199999999972 0 0 0.11009174311926606 0.5483870967741935
199 0.0025717000000000656 0 0 0.11009174311926606 0.5483870967741935
200 0.002358199999999977 0 1 0.11009174311926606 0.5529953917050692
201 0.002468099999999973 0 0 0.11009174311926606 0.5529953917050692
202 0.0023988999999999816 0 0 0.11009174311926606 0.5529953917050692
203 0.002570799999999984 0 0 0.11009174311926606 0.5529953917050692
204 0.0024391999999999747 0 0 0.11009174311926606 0.5529953917050692
205 0.0024079000000000184 0 0 0.11009174311926606 0.5529953917050692
206 0.002484099999999989 0 0 0.11009174311926606 0.5529953917050692
207 0.0024070999999999954 0 0 0.11009174311926606 0.5529953917050692
208 0.002151499999999973 0 0 0.11009174311926606 0.5529953917050692
209 0.0023004999999999276 0 0 0.11009174311926606 0.5529953917050692
210 0.002360099999999976 1 1 0.11926605504587157 0.5576036866359447
211 0.0022975000000000634 0 0 0.11926605504587157 0.5576036866359447
212 0.002390699999999968 0 0 0.11926605504587157 0.5576036866359447
213 0.002409900000000076 0 0 0.11926605504587157 0.5576036866359447
214 0.0023916999999999966 0 0 0.11926605504587157 0.5576036866359447
215 0.0023204000000000002 0 0 0.11926605504587157 0.5576036866359447
216 0.0024242000000000985 1 1 0.12844036697247707 0.5622119815668203
217 0.002569699999999897 0 0 0.12844036697247707 0.5622119815668203
218 0.0023980999999999586 0 0 0.12844036697247707 0.5622119815668203
219 0.0024492999999999876 0 0 0.12844036697247707 0.5622119815668203
220 0.0024661000000000266 0 0 0.12844036697247707 0.5622119815668203
221 0.002220600000000017 0 0 0.12844036697247707 0.5622119815668203
222 0.002570700000000037 1 1 0.13761467889908258 0.5668202764976958
223 0.0023885000000000156 0 0 0.13761467889908258 0.5668202764976958
224 0.002407300000000001 0 0 0.13761467889908258 0.5668202764976958
225 0.0023524000000000322 0 0 0.13761467889908258 0.5668202764976958
226 0.002198499999999992 0 0 0.13761467889908258 0.5668202764976958
227 0.00223949999999995 0 0 0.13761467889908258 0.5668202764976958
228 0.002372900000000011 0 0 0.13761467889908258 0.5668202764976958
229 0.002288599999999974 0 0 0.13761467889908258 0.5668202764976958
230 0.002268900000000018 0 0 0.13761467889908258 0.5668202764976958
231 0.0022936000000000067 0 0 0.13761467889908258 0.5668202764976958
232 0.0024045000000000316 0 0 0.13761467889908258 0.5668202764976958
233 0.0023746000000000045 0 0 0.13761467889908258 0.5668202764976958
234 0.0024223999999999357 0 0 0.13761467889908258 0.5668202764976958
235 0.0022799000000000014 1 0 0.14678899082568808 0.5668202764976958
236 0.0023783000000000554 0 0 0.14678899082568808 0.5668202764976958
237 0.002374999999999905 0 0 0.14678899082568808 0.5668202764976958
238 0.0023655999999999677 0 0 0.14678899082568808 0.5668202764976958
239 0.0022734999999999284 0 0 0.14678899082568808 0.5668202764976958
240 0.0023613000000000106 0 0 0.14678899082568808 0.5668202764976958
241 0.0023210000000000175 1 1 0.1559633027522936 0.5714285714285714
242 0.0025222999999999773 1 1 0.1651376146788991 0.576036866359447
243 0.002355299999999949 0 0 0.1651376146788991 0.576036866359447
244 0.002475800000000028 0 0 0.1651376146788991 0.576036866359447
245 0.002341700000000002 0 0 0.1651376146788991 0.576036866359447
246 0.0023572000000000592 1 1 0.1743119266055046 0.5806451612903226
247 0.00246729999999995 0 0 0.1743119266055046 0.5806451612903226
248 0.0024244999999999406 1 1 0.1834862385321101 0.5852534562211982
249 0.002540600000000004 0 0 0.1834862385321101 0.5852534562211982
250 0.0023763999999999452 0 0 0.1834862385321101 0.5852534562211982
251 0.002346699999999924 0 0 0.1834862385321101 0.5852534562211982
252 0.002256099999999983 0 0 0.1834862385321101 0.5852534562211982
253 0.0023750999999999634 0 1 0.1834862385321101 0.5898617511520737
254 0.0025599000000000594 1 1 0.1926605504587156 0.5944700460829493
255 0.002503499999999992 0 0 0.1926605504587156 0.5944700460829493
256 0.0024372999999999756 0 0 0.1926605504587156 0.5944700460829493
257 0.002584399999999931 0 0 0.1926605504587156 0.5944700460829493
258 0.0024030999999999914 1 1 0.2018348623853211 0.5990783410138248
259 0.0023661000000000376 0 0 0.2018348623853211 0.5990783410138248
260 0.0033571000000000017 1 1 0.21100917431192662 0.6036866359447005
261 0.0034551000000000442 0 0 0.21100917431192662 0.6036866359447005
262 0.0033910999999999802 0 0 0.21100917431192662 0.6036866359447005
263 0.0034016000000000046 0 0 0.21100917431192662 0.6036866359447005
264 0.0032940999999999665 0 0 0.21100917431192662 0.6036866359447005
265 0.002430700000000008 0 0 0.21100917431192662 0.6036866359447005
266 0.0024007999999999807 0 0 0.21100917431192662 0.6036866359447005
267 0.002450999999999981 0 0 0.21100917431192662 0.6036866359447005
268 0.002756899999999951 0 0 0.21100917431192662 0.6036866359447005
269 0.002577199999999946 0 0 0.21100917431192662 0.6036866359447005
270 0.0024222999999999884 0 0 0.21100917431192662 0.6036866359447005
271 0.0029837000000000335 1 1 0.22018348623853212 0.6082949308755761
272 0.0023583999999999827 0 0 0.22018348623853212 0.6082949308755761
273 0.002530200000000038 0 0 0.22018348623853212 0.6082949308755761
274 0.0024326999999999543 0 0 0.22018348623853212 0.6082949308755761
275 0.003376100000000104 0 0 0.22018348623853212 0.6082949308755761
276 0.003170199999999901 0 0 0.22018348623853212 0.6082949308755761
277 0.0033743000000000523 0 0 0.22018348623853212 0.6082949308755761
278 0.002484899999999901 0 0 0.22018348623853212 0.6082949308755761
279 0.0024661000000000266 0 0 0.22018348623853212 0.6082949308755761
280 0.00232969999999999 0 0 0.22018348623853212 0.6082949308755761
281 0.0025660000000000682 0 0 0.22018348623853212 0.6082949308755761
282 0.003419799999999973 0 0 0.22018348623853212 0.6082949308755761
283 0.003288899999999928 0 0 0.22018348623853212 0.6082949308755761
284 0.003646299999999991 0 0 0.22018348623853212 0.6082949308755761
285 0.0029520000000000657 0 0 0.22018348623853212 0.6082949308755761
286 0.0025207000000000424 0 0 0.22018348623853212 0.6082949308755761
287 0.0024541000000000146 0 0 0.22018348623853212 0.6082949308755761
288 0.002406199999999803 0 0 0.22018348623853212 0.6082949308755761
289 0.002444600000000019 1 1 0.22935779816513763 0.6129032258064516
290 0.0024649999999999395 0 0 0.22935779816513763 0.6129032258064516
291 0.002517399999999892 0 0 0.22935779816513763 0.6129032258064516
292 0.002361400000000069 0 0 0.22935779816513763 0.6129032258064516
293 0.002446199999999843 0 0 0.22935779816513763 0.6129032258064516
294 0.002384300000000117 0 0 0.22935779816513763 0.6129032258064516
295 0.002458700000000036 1 1 0.23853211009174313 0.6175115207373272
296 0.0024612999999999996 0 0 0.23853211009174313 0.6175115207373272
297 0.003445399999999932 0 0 0.23853211009174313 0.6175115207373272
298 0.003450799999999976 0 0 0.23853211009174313 0.6175115207373272
299 0.0034057999999999033 0 0 0.23853211009174313 0.6175115207373272
300 0.0034151999999998406 0 0 0.23853211009174313 0.6175115207373272
301 0.002529199999999898 1 1 0.24770642201834864 0.6221198156682027
302 0.0025496000000000407 0 0 0.24770642201834864 0.6221198156682027
303 0.002524300000000146 0 0 0.24770642201834864 0.6221198156682027
304 0.0024519000000000624 0 0 0.24770642201834864 0.6221198156682027
305 0.0023748999999999576 0 0 0.24770642201834864 0.6221198156682027
306 0.00253239999999999 0 0 0.24770642201834864 0.6221198156682027
307 0.0024726999999999943 1 1 0.25688073394495414 0.6267281105990783
308 0.002451499999999829 1 1 0.26605504587155965 0.631336405529954
309 0.0025488000000000177 1 1 0.27522935779816515 0.6359447004608295
310 0.0025212000000001122 1 1 0.28440366972477066 0.6405529953917051
311 0.002625100000000158 1 0 0.29357798165137616 0.6405529953917051
312 0.0023503000000000274 0 0 0.29357798165137616 0.6405529953917051
313 0.0026256000000000057 0 0 0.29357798165137616 0.6405529953917051
314 0.002491599999999927 0 0 0.29357798165137616 0.6405529953917051
315 0.002461899999999906 0 0 0.29357798165137616 0.6405529953917051
316 0.0024709000000000536 0 0 0.29357798165137616 0.6405529953917051
317 0.002385400000000093 0 0 0.29357798165137616 0.6405529953917051
318 0.002602500000000063 0 0 0.29357798165137616 0.6405529953917051
319 0.0026237000000000066 0 0 0.29357798165137616 0.6405529953917051
320 0.002563499999999941 0 1 0.29357798165137616 0.6451612903225806
321 0.0024735000000000174 0 0 0.29357798165137616 0.6451612903225806
322 0.00244970000000011 0 0 0.29357798165137616 0.6451612903225806
323 0.002637699999999965 0 0 0.29357798165137616 0.6451612903225806
324 0.002363300000000068 0 0 0.29357798165137616 0.6451612903225806
325 0.0025079999999999547 0 0 0.29357798165137616 0.6451612903225806
326 0.0025294999999998513 0 0 0.29357798165137616 0.6451612903225806
327 0.002711299999999861 1 1 0.30275229357798167 0.6497695852534562
328 0.0025800000000000267 0 0 0.30275229357798167 0.6497695852534562
329 0.002604100000000109 1 1 0.3119266055045872 0.6543778801843319
330 0.002412900000000162 0 0 0.3119266055045872 0.6543778801843319
331 0.0024672000000001137 1 1 0.3211009174311927 0.6589861751152074
332 0.0024964000000000652 0 0 0.3211009174311927 0.6589861751152074
333 0.0024519999999998987 0 0 0.3211009174311927 0.6589861751152074
334 0.002423300000000017 0 0 0.3211009174311927 0.6589861751152074
335 0.002590699999999835 0 0 0.3211009174311927 0.6589861751152074
336 0.002792100000000186 0 0 0.3211009174311927 0.6589861751152074
337 0.0024196999999999136 0 0 0.3211009174311927 0.6589861751152074
338 0.0031307000000000418 0 0 0.3211009174311927 0.6589861751152074
339 0.0026952000000000087 0 0 0.3211009174311927 0.6589861751152074
340 0.0025526999999998523 0 0 0.3211009174311927 0.6589861751152074
341 0.0024893000000001386 0 0 0.3211009174311927 0.6589861751152074
342 0.0026524000000001102 0 0 0.3211009174311927 0.6589861751152074
343 0.0026532999999999696 0 0 0.3211009174311927 0.6589861751152074
344 0.002675800000000006 0 0 0.3211009174311927 0.6589861751152074
345 0.0023541000000000256 0 0 0.3211009174311927 0.6589861751152074
346 0.002603599999999817 1 0 0.3302752293577982 0.6589861751152074
347 0.0025701000000000196 0 0 0.3302752293577982 0.6589861751152074
348 0.0024284000000001082 0 0 0.3302752293577982 0.6589861751152074
349 0.002545699999999984 0 0 0.3302752293577982 0.6589861751152074
350 0.002984300000000051 1 1 0.3394495412844037 0.663594470046083
351 0.002538699999999894 0 0 0.3394495412844037 0.663594470046083
352 0.0024405000000000676 0 0 0.3394495412844037 0.663594470046083
353 0.0028664000000000467 0 0 0.3394495412844037 0.663594470046083
354 0.0025420000000000442 0 0 0.3394495412844037 0.663594470046083
355 0.004328700000000074 0 0 0.3394495412844037 0.663594470046083
356 0.003020599999999929 0 0 0.3394495412844037 0.663594470046083
357 0.003723099999999979 0 0 0.3394495412844037 0.663594470046083
358 0.0032927999999998736 0 0 0.3394495412844037 0.663594470046083
359 0.0034937999999999914 0 0 0.3394495412844037 0.663594470046083
360 0.002371799999999924 0 0 0.3394495412844037 0.663594470046083
361 0.0025424000000000557 0 0 0.3394495412844037 0.663594470046083
362 0.0025151999999999397 0 0 0.3394495412844037 0.663594470046083
363 0.0026706000000000785 0 0 0.3394495412844037 0.663594470046083
364 0.0027102999999999433 0 0 0.3394495412844037 0.663594470046083
365 0.002755800000000086 0 1 0.3394495412844037 0.6682027649769585
366 0.002853100000000053 0 0 0.3394495412844037 0.6682027649769585
367 0.002511299999999883 0 0 0.3394495412844037 0.6682027649769585
368 0.002688899999999883 0 0 0.3394495412844037 0.6682027649769585
369 0.0028890000000001415 0 0 0.3394495412844037 0.6682027649769585
370 0.0035073999999999383 0 0 0.3394495412844037 0.6682027649769585
371 0.003514000000000017 0 0 0.3394495412844037 0.6682027649769585
372 0.003846199999999911 1 1 0.3486238532110092 0.6728110599078341
373 0.0036218999999999557 0 0 0.3486238532110092 0.6728110599078341
374 0.002711599999999814 0 0 0.3486238532110092 0.6728110599078341
375 0.002620599999999973 0 0 0.3486238532110092 0.6728110599078341
376 0.002618999999999927 0 0 0.3486238532110092 0.6728110599078341
377 0.0026893000000001166 0 0 0.3486238532110092 0.6728110599078341
378 0.002527500000000016 0 0 0.3486238532110092 0.6728110599078341
379 0.0025880000000000347 0 0 0.3486238532110092 0.6728110599078341
380 0.002657099999999968 0 0 0.3486238532110092 0.6728110599078341
381 0.002538700000000116 1 0 0.3577981651376147 0.6728110599078341
382 0.002825100000000136 0 0 0.3577981651376147 0.6728110599078341
383 0.0026663000000000103 0 0 0.3577981651376147 0.6728110599078341
384 0.002650500000000111 0 0 0.3577981651376147 0.6728110599078341
385 0.0024857999999998714 0 1 0.3577981651376147 0.6774193548387096
386 0.0026380999999999766 0 0 0.3577981651376147 0.6774193548387096
387 0.002601400000000087 0 0 0.3577981651376147 0.6774193548387096
388 0.0027504000000000417 0 0 0.3577981651376147 0.6774193548387096
389 0.002694500000000044 0 0 0.3577981651376147 0.6774193548387096
390 0.002492600000000067 0 0 0.3577981651376147 0.6774193548387096
391 0.0025782999999999223 0 0 0.3577981651376147 0.6774193548387096
392 0.0025701000000000196 0 0 0.3577981651376147 0.6774193548387096
393 0.0026245000000000296 0 0 0.3577981651376147 0.6774193548387096
394 0.0025844000000001532 0 0 0.3577981651376147 0.6774193548387096
395 0.0025338000000001415 1 0 0.3669724770642202 0.6774193548387096
396 0.002632599999999874 0 0 0.3669724770642202 0.6774193548387096
397 0.0024956999999998786 0 0 0.3669724770642202 0.6774193548387096
398 0.002557900000000002 0 0 0.3669724770642202 0.6774193548387096
399 0.0026071999999999207 0 1 0.3669724770642202 0.6820276497695853
400 0.0025958999999999843 0 0 0.3669724770642202 0.6820276497695853
401 0.002660099999999943 0 0 0.3669724770642202 0.6820276497695853
402 0.002559800000000001 0 0 0.3669724770642202 0.6820276497695853
403 0.002687000000000106 0 0 0.3669724770642202 0.6820276497695853
404 0.002713399999999977 0 0 0.3669724770642202 0.6820276497695853
405 0.002664900000000081 0 0 0.3669724770642202 0.6820276497695853
406 0.0024546000000000845 0 0 0.3669724770642202 0.6820276497695853
407 0.0024660999999999156 0 0 0.3669724770642202 0.6820276497695853
408 0.0025420999999998806 0 0 0.3669724770642202 0.6820276497695853
409 0.002791299999999941 0 0 0.3669724770642202 0.6820276497695853
410 0.0025298000000000265 0 0 0.3669724770642202 0.6820276497695853
411 0.0025839000000000834 0 0 0.3669724770642202 0.6820276497695853
412 0.0026609999999998024 0 0 0.3669724770642202 0.6820276497695853
413 0.002570699999999926 0 0 0.3669724770642202 0.6820276497695853
414 0.002603499999999981 0 0 0.3669724770642202 0.6820276497695853
415 0.002765200000000023 0 0 0.3669724770642202 0.6820276497695853
416 0.002457900000000013 0 0 0.3669724770642202 0.6820276497695853
417 0.004590700000000059 0 0 0.3669724770642202 0.6820276497695853
418 0.002746200000000032 0 0 0.3669724770642202 0.6820276497695853
419 0.002579800000000132 0 0 0.3669724770642202 0.6820276497695853
420 0.00294989999999995 0 0 0.3669724770642202 0.6820276497695853
421 0.0026904000000000927 0 0 0.3669724770642202 0.6820276497695853
422 0.003816400000000053 0 0 0.3669724770642202 0.6820276497695853
423 0.0035401999999999934 0 0 0.3669724770642202 0.6820276497695853
424 0.002452299999999852 0 0 0.3669724770642202 0.6820276497695853
425 0.0036636000000001 0 0 0.3669724770642202 0.6820276497695853
426 0.0026385999999998244 0 0 0.3669724770642202 0.6820276497695853
427 0.0025167999999999857 0 0 0.3669724770642202 0.6820276497695853
428 0.0027222999999998443 0 0 0.3669724770642202 0.6820276497695853
429 0.002668899999999974 0 0 0.3669724770642202 0.6820276497695853
430 0.0043151999999999635 0 0 0.3669724770642202 0.6820276497695853
431 0.0025002999999999 1 1 0.3761467889908257 0.6866359447004609
432 0.003334199999999843 0 0 0.3761467889908257 0.6866359447004609
433 0.0035312000000000676 0 0 0.3761467889908257 0.6866359447004609
434 0.00370780000000015 0 0 0.3761467889908257 0.6866359447004609
435 0.002632100000000026 0 0 0.3761467889908257 0.6866359447004609
436 0.0027194000000001495 0 0 0.3761467889908257 0.6866359447004609
437 0.002640099999999812 0 0 0.3761467889908257 0.6866359447004609
438 0.0025692999999999966 0 0 0.3761467889908257 0.6866359447004609
439 0.002459299999999942 0 0 0.3761467889908257 0.6866359447004609
440 0.002671799999999891 0 0 0.3761467889908257 0.6866359447004609
441 0.0025810000000001665 0 0 0.3761467889908257 0.6866359447004609
442 0.0024964000000000652 0 0 0.3761467889908257 0.6866359447004609
443 0.0025104000000000237 0 0 0.3761467889908257 0.6866359447004609
444 0.002548599999999901 0 0 0.3761467889908257 0.6866359447004609
445 0.002451599999999887 0 0 0.3761467889908257 0.6866359447004609
446 0.002712599999999954 0 0 0.3761467889908257 0.6866359447004609
447 0.002616399999999963 0 0 0.3761467889908257 0.6866359447004609
448 0.0025717000000000656 0 0 0.3761467889908257 0.6866359447004609
449 0.002634500000000095 0 0 0.3761467889908257 0.6866359447004609
450 0.0028261000000000536 0 0 0.3761467889908257 0.6866359447004609
451 0.0026823999999998627 0 0 0.3761467889908257 0.6866359447004609
452 0.0025903000000000453 0 0 0.3761467889908257 0.6866359447004609
453 0.003002700000000136 0 0 0.3761467889908257 0.6866359447004609
454 0.002590699999999835 0 0 0.3761467889908257 0.6866359447004609
455 0.002891000000000199 0 0 0.3761467889908257 0.6866359447004609
456 0.0027455000000000673 0 0 0.3761467889908257 0.6866359447004609
457 0.0026488000000000067 1 0 0.3853211009174312 0.6866359447004609
458 0.0026893000000001166 0 0 0.3853211009174312 0.6866359447004609
459 0.0024733000000001226 0 0 0.3853211009174312 0.6866359447004609
460 0.002584900000000001 0 0 0.3853211009174312 0.6866359447004609
461 0.002615299999999987 0 0 0.3853211009174312 0.6866359447004609
462 0.00258999999999987 0 0 0.3853211009174312 0.6866359447004609
463 0.0025695999999999497 0 0 0.3853211009174312 0.6866359447004609
464 0.002499800000000052 0 0 0.3853211009174312 0.6866359447004609
465 0.0026071000000000843 0 0 0.3853211009174312 0.6866359447004609
466 0.002471799999999913 0 0 0.3853211009174312 0.6866359447004609
467 0.0025842000000000365 0 1 0.3853211009174312 0.6912442396313364
468 0.0024512000000000977 0 0 0.3853211009174312 0.6912442396313364
469 0.0025028999999998636 0 0 0.3853211009174312 0.6912442396313364
470 0.0027304000000001327 0 0 0.3853211009174312 0.6912442396313364
471 0.002642699999999998 0 0 0.3853211009174312 0.6912442396313364
472 0.00252119999999989 0 0 0.3853211009174312 0.6912442396313364
473 0.0027565000000000506 0 0 0.3853211009174312 0.6912442396313364
474 0.0026359999999998607 1 0 0.3944954128440367 0.6912442396313364
475 0.0026850000000000485 0 0 0.3944954128440367 0.6912442396313364
476 0.002734500000000084 0 0 0.3944954128440367 0.6912442396313364
477 0.003438199999999947 0 0 0.3944954128440367 0.6912442396313364
478 0.003560599999999914 0 0 0.3944954128440367 0.6912442396313364
479 0.0034749000000000585 0 0 0.3944954128440367 0.6912442396313364
480 0.003602799999999906 1 1 0.4036697247706422 0.695852534562212
481 0.003677699999999895 0 0 0.4036697247706422 0.695852534562212
482 0.003558800000000195 0 0 0.4036697247706422 0.695852534562212
483 0.0035890000000000644 0 1 0.4036697247706422 0.7004608294930875
484 0.003550200000000059 0 0 0.4036697247706422 0.7004608294930875
485 0.002596099999999879 0 0 0.4036697247706422 0.7004608294930875
486 0.002646699999999891 0 0 0.4036697247706422 0.7004608294930875
487 0.0027766999999998543 0 0 0.4036697247706422 0.7004608294930875
488 0.0026298000000000155 1 1 0.41284403669724773 0.7050691244239631
489 0.0026062999999998393 0 0 0.41284403669724773 0.7050691244239631
490 0.0025064000000001307 0 0 0.41284403669724773 0.7050691244239631
491 0.003519899999999909 0 0 0.41284403669724773 0.7050691244239631
492 0.0036314000000001734 0 0 0.41284403669724773 0.7050691244239631
493 0.0036087000000000202 0 0 0.41284403669724773 0.7050691244239631
494 0.0036338000000000203 1 1 0.42201834862385323 0.7096774193548387
495 0.0036432000000001796 1 1 0.43119266055045874 0.7142857142857143
496 0.0027729999999999144 0 0 0.43119266055045874 0.7142857142857143
497 0.002690199999999976 0 0 0.43119266055045874 0.7142857142857143
498 0.002644299999999822 0 0 0.43119266055045874 0.7142857142857143
499 0.003752899999999837 0 0 0.43119266055045874 0.7142857142857143
500 0.0024325000000000596 0 0 0.43119266055045874 0.7142857142857143
501 0.0026066000000000145 0 0 0.43119266055045874 0.7142857142857143
502 0.0026800000000000157 0 0 0.43119266055045874 0.7142857142857143
503 0.0035125000000000295 0 0 0.43119266055045874 0.7142857142857143
504 0.003693999999999864 0 0 0.43119266055045874 0.7142857142857143
505 0.0037089999999999623 0 0 0.43119266055045874 0.7142857142857143
506 0.0037384000000000306 0 0 0.43119266055045874 0.7142857142857143
507 0.0026756000000001112 0 0 0.43119266055045874 0.7142857142857143
508 0.002716299999999894 0 0 0.43119266055045874 0.7142857142857143
509 0.002731499999999887 0 0 0.43119266055045874 0.7142857142857143
510 0.0025070999999998733 0 0 0.43119266055045874 0.7142857142857143
511 0.002666000000000057 0 0 0.43119266055045874 0.7142857142857143
512 0.002584600000000048 0 0 0.43119266055045874 0.7142857142857143
513 0.002593099999999904 0 0 0.43119266055045874 0.7142857142857143
514 0.0025252999999998416 0 0 0.43119266055045874 0.7142857142857143
515 0.002717999999999998 0 0 0.43119266055045874 0.7142857142857143
516 0.002749099999999949 1 1 0.44036697247706424 0.7188940092165899
517 0.0026239999999999597 0 0 0.44036697247706424 0.7188940092165899
518 0.0026431000000000093 0 0 0.44036697247706424 0.7188940092165899
519 0.0027847000000000843 0 0 0.44036697247706424 0.7188940092165899
520 0.002734700000000201 0 0 0.44036697247706424 0.7188940092165899
521 0.002623799999999843 0 0 0.44036697247706424 0.7188940092165899
522 0.0027815999999998287 0 0 0.44036697247706424 0.7188940092165899
523 0.002800300000000089 0 0 0.44036697247706424 0.7188940092165899
524 0.0024378000000000455 0 0 0.44036697247706424 0.7188940092165899
525 0.0025298000000000265 0 0 0.44036697247706424 0.7188940092165899
526 0.00264859999999989 0 0 0.44036697247706424 0.7188940092165899
527 0.0027626000000000595 0 0 0.44036697247706424 0.7188940092165899
528 0.002452300000000074 0 0 0.44036697247706424 0.7188940092165899
529 0.0027255999999999947 0 0 0.44036697247706424 0.7188940092165899
530 0.0027736000000000427 0 0 0.44036697247706424 0.7188940092165899
531 0.002918999999999894 0 0 0.44036697247706424 0.7188940092165899
532 0.002719499999999986 0 0 0.44036697247706424 0.7188940092165899
533 0.002877699999999983 0 0 0.44036697247706424 0.7188940092165899
534 0.0027573000000000736 0 0 0.44036697247706424 0.7188940092165899
535 0.0029984000000000677 0 0 0.44036697247706424 0.7188940092165899
536 0.002741700000000069 0 0 0.44036697247706424 0.7188940092165899
537 0.002562499999999801 1 1 0.44954128440366975 0.7235023041474654
538 0.002574700000000041 0 0 0.44954128440366975 0.7235023041474654
539 0.0025991000000000763 0 0 0.44954128440366975 0.7235023041474654
540 0.002930499999999947 0 0 0.44954128440366975 0.7235023041474654
541 0.002710999999999908 0 0 0.44954128440366975 0.7235023041474654
542 0.00259419999999988 0 0 0.44954128440366975 0.7235023041474654
543 0.0028687000000000573 1 1 0.45871559633027525 0.728110599078341
544 0.0026201999999999614 1 1 0.46788990825688076 0.7327188940092166
545 0.0026815000000000033 0 0 0.46788990825688076 0.7327188940092166
546 0.0026190999999999853 0 0 0.46788990825688076 0.7327188940092166
547 0.0025893000000001276 0 0 0.46788990825688076 0.7327188940092166
548 0.002805700000000133 1 1 0.47706422018348627 0.7373271889400922
549 0.0026189000000000906 0 0 0.47706422018348627 0.7373271889400922
550 0.0024990999999998653 0 0 0.47706422018348627 0.7373271889400922
551 0.002570799999999984 0 0 0.47706422018348627 0.7373271889400922
552 0.002633099999999944 0 0 0.47706422018348627 0.7373271889400922
553 0.002569199999999938 0 0 0.47706422018348627 0.7373271889400922
554 0.0025497999999999355 0 0 0.47706422018348627 0.7373271889400922
555 0.0027791000000001453 0 0 0.47706422018348627 0.7373271889400922
556 0.0026064000000001197 0 0 0.47706422018348627 0.7373271889400922
557 0.0025469000000000186 0 0 0.47706422018348627 0.7373271889400922
558 0.002590199999999987 0 0 0.47706422018348627 0.7373271889400922
559 0.002855599999999958 1 1 0.48623853211009177 0.7419354838709677
560 0.002790499999999918 0 0 0.48623853211009177 0.7419354838709677
561 0.002747000000000055 0 0 0.48623853211009177 0.7419354838709677
562 0.0027676999999999286 0 0 0.48623853211009177 0.7419354838709677
563 0.0026631999999999767 0 0 0.48623853211009177 0.7419354838709677
564 0.002627799999999958 0 0 0.48623853211009177 0.7419354838709677
565 0.002611599999999825 0 0 0.48623853211009177 0.7419354838709677
566 0.0028817999999999344 0 0 0.48623853211009177 0.7419354838709677
567 0.0025657999999999515 0 0 0.48623853211009177 0.7419354838709677
568 0.002692899999999998 0 0 0.48623853211009177 0.7419354838709677
569 0.0025948999999998446 0 0 0.48623853211009177 0.7419354838709677
570 0.0027268999999998655 0 0 0.48623853211009177 0.7419354838709677
571 0.002652600000000005 0 0 0.48623853211009177 0.7419354838709677
572 0.002644099999999927 0 0 0.48623853211009177 0.7419354838709677
573 0.0027565000000000506 0 0 0.48623853211009177 0.7419354838709677
574 0.002743299999999893 0 0 0.48623853211009177 0.7419354838709677
575 0.002647499999999914 0 0 0.48623853211009177 0.7419354838709677
576 0.002604100000000109 0 0 0.48623853211009177 0.7419354838709677
577 0.002603600000000039 0 0 0.48623853211009177 0.7419354838709677
578 0.0026333000000000606 0 0 0.48623853211009177 0.7419354838709677
579 0.0026132000000000932 1 1 0.4954128440366973 0.7465437788018433
580 0.0025540000000001672 0 0 0.4954128440366973 0.7465437788018433
581 0.0027695000000000913 0 0 0.4954128440366973 0.7465437788018433
582 0.0027298000000000044 0 0 0.4954128440366973 0.7465437788018433
583 0.002657999999999827 0 0 0.4954128440366973 0.7465437788018433
584 0.002623800000000065 0 0 0.4954128440366973 0.7465437788018433
585 0.002693899999999916 0 0 0.4954128440366973 0.7465437788018433
586 0.0026143999999999057 0 0 0.4954128440366973 0.7465437788018433
587 0.002706199999999992 0 0 0.4954128440366973 0.7465437788018433
588 0.0026201999999999614 0 0 0.4954128440366973 0.7465437788018433
589 0.0025775999999999577 0 0 0.4954128440366973 0.7465437788018433
590 0.002756299999999934 1 1 0.5045871559633027 0.7511520737327189
591 0.002849899999999961 0 0 0.5045871559633027 0.7511520737327189
592 0.002595000000000125 0 0 0.5045871559633027 0.7511520737327189
593 0.002867300000000128 0 0 0.5045871559633027 0.7511520737327189
594 0.0026703999999999617 0 0 0.5045871559633027 0.7511520737327189
595 0.0027775999999999357 0 0 0.5045871559633027 0.7511520737327189
596 0.0025804999999998746 0 0 0.5045871559633027 0.7511520737327189
597 0.0027474000000000665 0 0 0.5045871559633027 0.7511520737327189
598 0.0026338000000001305 0 0 0.5045871559633027 0.7511520737327189
599 0.002693999999999974 0 0 0.5045871559633027 0.7511520737327189
600 0.0026289999999999925 0 0 0.5045871559633027 0.7511520737327189
601 0.0026680000000001147 0 0 0.5045871559633027 0.7511520737327189
602 0.0027007999999999477 0 0 0.5045871559633027 0.7511520737327189
603 0.002679500000000168 0 0 0.5045871559633027 0.7511520737327189
604 0.0026988999999999486 0 0 0.5045871559633027 0.7511520737327189
605 0.0027068999999999566 0 0 0.5045871559633027 0.7511520737327189
606 0.002735000000000154 0 0 0.5045871559633027 0.7511520737327189
607 0.002796599999999927 0 0 0.5045871559633027 0.7511520737327189
608 0.0026753999999999944 0 0 0.5045871559633027 0.7511520737327189
609 0.002762200000000048 0 0 0.5045871559633027 0.7511520737327189
610 0.0026420999999998696 0 0 0.5045871559633027 0.7511520737327189
611 0.0028213000000001376 0 0 0.5045871559633027 0.7511520737327189
612 0.0025562000000001195 0 0 0.5045871559633027 0.7511520737327189
613 0.0026154000000000455 0 0 0.5045871559633027 0.7511520737327189
614 0.00288810000000006 0 0 0.5045871559633027 0.7511520737327189
615 0.002650999999999959 0 0 0.5045871559633027 0.7511520737327189
616 0.0025314000000000725 0 0 0.5045871559633027 0.7511520737327189
617 0.0029236999999997515 0 0 0.5045871559633027 0.7511520737327189
618 0.00260220000000011 0 0 0.5045871559633027 0.7511520737327189
619 0.0026948999999998335 0 0 0.5045871559633027 0.7511520737327189
620 0.0032314999999996097 0 0 0.5045871559633027 0.7511520737327189
621 0.0028918999999998363 1 1 0.5137614678899083 0.7557603686635944
622 0.0028600000000000847 0 0 0.5137614678899083 0.7557603686635944
623 0.0027181000000000566 0 0 0.5137614678899083 0.7557603686635944
624 0.00263049999999998 0 0 0.5137614678899083 0.7557603686635944
625 0.0026305999999998164 0 0 0.5137614678899083 0.7557603686635944
626 0.002650699999999784 0 0 0.5137614678899083 0.7557603686635944
627 0.0026908999999997185 0 0 0.5137614678899083 0.7557603686635944
628 0.003001699999999996 0 0 0.5137614678899083 0.7557603686635944
629 0.0028252000000001942 0 0 0.5137614678899083 0.7557603686635944
630 0.002732100000000237 0 0 0.5137614678899083 0.7557603686635944
631 0.0026975000000000193 0 0 0.5137614678899083 0.7557603686635944
632 0.0025762000000000285 1 1 0.5229357798165137 0.7603686635944701
633 0.0028786000000002865 0 0 0.5229357798165137 0.7603686635944701
634 0.002800099999999972 0 0 0.5229357798165137 0.7603686635944701
635 0.002866999999999731 0 0 0.5229357798165137 0.7603686635944701
636 0.002747299999999786 1 1 0.5321100917431193 0.7649769585253456
637 0.00292110000000001 0 0 0.5321100917431193 0.7649769585253456
638 0.0026101000000000596 0 0 0.5321100917431193 0.7649769585253456
639 0.0026586000000001775 0 0 0.5321100917431193 0.7649769585253456
640 0.0026292000000003313 0 0 0.5321100917431193 0.7649769585253456
641 0.0026759999999996786 0 0 0.5321100917431193 0.7649769585253456
642 0.003031299999999959 0 0 0.5321100917431193 0.7649769585253456
643 0.0028470999999998803 0 0 0.5321100917431193 0.7649769585253456
644 0.002747799999999856 0 0 0.5321100917431193 0.7649769585253456
645 0.002633400000000119 0 0 0.5321100917431193 0.7649769585253456
646 0.0028784000000001697 0 0 0.5321100917431193 0.7649769585253456
647 0.0028098000000000845 0 0 0.5321100917431193 0.7649769585253456
648 0.0029365000000001196 0 0 0.5321100917431193 0.7649769585253456
649 0.0028224000000003358 0 0 0.5321100917431193 0.7649769585253456
650 0.002758700000000225 0 0 0.5321100917431193 0.7649769585253456
651 0.002858799999999828 0 0 0.5321100917431193 0.7649769585253456
652 0.0027825999999997464 0 0 0.5321100917431193 0.7649769585253456
653 0.0030192000000002217 0 0 0.5321100917431193 0.7649769585253456
654 0.002842699999999976 0 0 0.5321100917431193 0.7649769585253456
655 0.002594799999999786 0 0 0.5321100917431193 0.7649769585253456
656 0.003016600000000036 0 0 0.5321100917431193 0.7649769585253456
657 0.00274619999999981 0 0 0.5321100917431193 0.7649769585253456
658 0.002617199999999986 1 1 0.5412844036697247 0.7695852534562212
659 0.002792300000000303 0 0 0.5412844036697247 0.7695852534562212
660 0.002781399999999934 0 0 0.5412844036697247 0.7695852534562212
661 0.0026538000000000395 0 0 0.5412844036697247 0.7695852534562212
662 0.0028094999999996872 0 0 0.5412844036697247 0.7695852534562212
663 0.0026646999999999643 0 0 0.5412844036697247 0.7695852534562212
664 0.00265979999999999 0 0 0.5412844036697247 0.7695852534562212
665 0.002751500000000018 0 0 0.5412844036697247 0.7695852534562212
666 0.002707300000000412 0 0 0.5412844036697247 0.7695852534562212
667 0.003025400000000289 0 0 0.5412844036697247 0.7695852534562212
668 0.0027232000000001477 0 0 0.5412844036697247 0.7695852534562212
669 0.0027826000000001905 0 0 0.5412844036697247 0.7695852534562212
670 0.00276059999999978 0 0 0.5412844036697247 0.7695852534562212
671 0.0026878999999997433 1 1 0.5504587155963303 0.7741935483870968
672 0.002964599999999873 0 0 0.5504587155963303 0.7741935483870968
673 0.002861900000000084 1 1 0.5596330275229358 0.7788018433179723
674 0.0029764999999999375 0 0 0.5596330275229358 0.7788018433179723
675 0.0027710999999999153 0 0 0.5596330275229358 0.7788018433179723
676 0.0027230999999998673 0 0 0.5596330275229358 0.7788018433179723
677 0.0026296000000001207 0 0 0.5596330275229358 0.7788018433179723
678 0.0030092999999999925 0 0 0.5596330275229358 0.7788018433179723
679 0.0030742999999997522 0 0 0.5596330275229358 0.7788018433179723
680 0.002960300000000249 0 0 0.5596330275229358 0.7788018433179723
681 0.0029735999999997986 0 0 0.5596330275229358 0.7788018433179723
682 0.002819500000000197 0 0 0.5596330275229358 0.7788018433179723
683 0.002886200000000283 0 0 0.5596330275229358 0.7788018433179723
684 0.002892899999999976 0 0 0.5596330275229358 0.7788018433179723
685 0.0028468000000003713 1 1 0.5688073394495413 0.783410138248848
686 0.003134199999999865 0 0 0.5688073394495413 0.783410138248848
687 0.0027094999999999203 0 0 0.5688073394495413 0.783410138248848
688 0.0026367999999998837 0 0 0.5688073394495413 0.783410138248848
689 0.0028911000000002574 0 0 0.5688073394495413 0.783410138248848
690 0.0026738000000001705 0 0 0.5688073394495413 0.783410138248848
691 0.0026629000000002456 0 0 0.5688073394495413 0.783410138248848
692 0.0028777999999998194 1 0 0.5779816513761468 0.783410138248848
693 0.0027064000000001087 0 0 0.5779816513761468 0.783410138248848
694 0.002939800000000048 0 0 0.5779816513761468 0.783410138248848
695 0.002633100000000166 0 0 0.5779816513761468 0.783410138248848
696 0.00292110000000001 0 0 0.5779816513761468 0.783410138248848
697 0.0026950999999999503 0 0 0.5779816513761468 0.783410138248848
698 0.002741700000000069 0 0 0.5779816513761468 0.783410138248848
699 0.002642499999999881 0 1 0.5779816513761468 0.7880184331797235
700 0.0026126999999998013 0 0 0.5779816513761468 0.7880184331797235
701 0.0027629000000000126 0 0 0.5779816513761468 0.7880184331797235
702 0.0028144000000001057 0 0 0.5779816513761468 0.7880184331797235
703 0.0029262999999999373 0 0 0.5779816513761468 0.7880184331797235
704 0.002735299999999885 0 0 0.5779816513761468 0.7880184331797235
705 0.002711800000000153 0 0 0.5779816513761468 0.7880184331797235
706 0.0027433999999999514 1 1 0.5871559633027523 0.7926267281105991
707 0.0027007999999999477 0 0 0.5871559633027523 0.7926267281105991
708 0.002717700000000267 1 1 0.5963302752293578 0.7972350230414746
709 0.002951499999999996 0 0 0.5963302752293578 0.7972350230414746
710 0.0031295999999998436 0 0 0.5963302752293578 0.7972350230414746
711 0.0029090000000002725 0 0 0.5963302752293578 0.7972350230414746
712 0.002814799999999895 0 0 0.5963302752293578 0.7972350230414746
713 0.002859500000000015 0 0 0.5963302752293578 0.7972350230414746
714 0.0026886999999997663 0 0 0.5963302752293578 0.7972350230414746
715 0.0026922000000002555 0 0 0.5963302752293578 0.7972350230414746
716 0.002870499999999776 0 0 0.5963302752293578 0.7972350230414746
717 0.0027252999999998195 0 0 0.5963302752293578 0.7972350230414746
718 0.0028814999999999813 0 0 0.5963302752293578 0.7972350230414746
719 0.0027557000000002496 0 0 0.5963302752293578 0.7972350230414746
720 0.002903499999999948 0 0 0.5963302752293578 0.7972350230414746
721 0.0030316999999997485 0 0 0.5963302752293578 0.7972350230414746
722 0.0036258000000000123 0 0 0.5963302752293578 0.7972350230414746
723 0.003737399999999891 1 1 0.6055045871559633 0.8018433179723502
724 0.0027885000000003046 0 0 0.6055045871559633 0.8018433179723502
725 0.003849400000000003 0 0 0.6055045871559633 0.8018433179723502
726 0.003828399999999732 0 0 0.6055045871559633 0.8018433179723502
727 0.004063000000000372 0 0 0.6055045871559633 0.8018433179723502
728 0.003962599999999927 0 0 0.6055045871559633 0.8018433179723502
729 0.003981899999999872 0 0 0.6055045871559633 0.8018433179723502
730 0.0037704000000000626 0 0 0.6055045871559633 0.8018433179723502
731 0.004010499999999695 0 0 0.6055045871559633 0.8018433179723502
732 0.0037898000000002874 0 0 0.6055045871559633 0.8018433179723502
733 0.003982200000000269 0 0 0.6055045871559633 0.8018433179723502
734 0.003913900000000137 1 1 0.6146788990825688 0.8064516129032258
735 0.004031400000000129 0 0 0.6146788990825688 0.8064516129032258
736 0.003932999999999964 0 0 0.6146788990825688 0.8064516129032258
737 0.003321399999999919 0 0 0.6146788990825688 0.8064516129032258
738 0.002749399999999902 0 0 0.6146788990825688 0.8064516129032258
739 0.002763499999999919 0 0 0.6146788990825688 0.8064516129032258
740 0.004838700000000085 0 0 0.6146788990825688 0.8064516129032258
741 0.0028450999999996007 0 0 0.6146788990825688 0.8064516129032258
742 0.004237100000000105 0 0 0.6146788990825688 0.8064516129032258
743 0.004035100000000291 0 0 0.6146788990825688 0.8064516129032258
744 0.002962500000000201 0 0 0.6146788990825688 0.8064516129032258
745 0.005099799999999988 0 0 0.6146788990825688 0.8064516129032258
746 0.002832300000000121 0 0 0.6146788990825688 0.8064516129032258
747 0.0028114000000001305 0 0 0.6146788990825688 0.8064516129032258
748 0.0027805000000000746 0 0 0.6146788990825688 0.8064516129032258
749 0.0029234000000002425 0 0 0.6146788990825688 0.8064516129032258
750 0.0030372999999999095 0 0 0.6146788990825688 0.8064516129032258
751 0.002892099999999953 1 0 0.6238532110091743 0.8064516129032258
752 0.0028502999999999723 0 0 0.6238532110091743 0.8064516129032258
753 0.0027938000000000685 0 0 0.6238532110091743 0.8064516129032258
754 0.002772600000000125 0 0 0.6238532110091743 0.8064516129032258
755 0.0028455999999996706 0 1 0.6238532110091743 0.8110599078341014
756 0.0028941000000002326 0 0 0.6238532110091743 0.8110599078341014
757 0.0027479999999999727 0 0 0.6238532110091743 0.8110599078341014
758 0.0028236999999999846 0 0 0.6238532110091743 0.8110599078341014
759 0.002784600000000026 0 0 0.6238532110091743 0.8110599078341014
760 0.0026269000000000986 0 0 0.6238532110091743 0.8110599078341014
761 0.00278350000000005 0 0 0.6238532110091743 0.8110599078341014
762 0.0029304000000003327 0 0 0.6238532110091743 0.8110599078341014
763 0.002825899999999937 0 0 0.6238532110091743 0.8110599078341014
764 0.002778799999999748 0 0 0.6238532110091743 0.8110599078341014
765 0.002862999999999616 0 0 0.6238532110091743 0.8110599078341014
766 0.0028022999999999243 0 0 0.6238532110091743 0.8110599078341014
767 0.003133200000000169 0 0 0.6238532110091743 0.8110599078341014
768 0.0027079999999997106 0 0 0.6238532110091743 0.8110599078341014
769 0.002804300000000204 0 0 0.6238532110091743 0.8110599078341014
770 0.0029034000000001114 0 0 0.6238532110091743 0.8110599078341014
771 0.003402299999999858 0 0 0.6238532110091743 0.8110599078341014
772 0.002850000000000019 0 0 0.6238532110091743 0.8110599078341014
773 0.002908600000000039 0 0 0.6238532110091743 0.8110599078341014
774 0.0029015000000001123 0 0 0.6238532110091743 0.8110599078341014
775 0.002939599999999931 1 0 0.6330275229357798 0.8110599078341014
776 0.004174599999999806 0 0 0.6330275229357798 0.8110599078341014
777 0.0044927999999999635 1 2 0.6422018348623854 0.8202764976958525
778 0.0027878999999999543 0 0 0.6422018348623854 0.8202764976958525
779 0.0027593999999999674 0 0 0.6422018348623854 0.8202764976958525
780 0.002948599999999857 0 0 0.6422018348623854 0.8202764976958525
781 0.0029862999999998863 0 0 0.6422018348623854 0.8202764976958525
782 0.0029903000000000013 0 0 0.6422018348623854 0.8202764976958525
783 0.0030465999999997884 0 0 0.6422018348623854 0.8202764976958525
784 0.002948599999999857 0 0 0.6422018348623854 0.8202764976958525
785 0.0029164999999999885 0 0 0.6422018348623854 0.8202764976958525
786 0.0029639999999999667 0 0 0.6422018348623854 0.8202764976958525
787 0.002767799999999987 1 1 0.6513761467889908 0.8248847926267281
788 0.00288440000000012 0 0 0.6513761467889908 0.8248847926267281
789 0.0029400000000001647 0 0 0.6513761467889908 0.8248847926267281
790 0.0028146000000002225 0 0 0.6513761467889908 0.8248847926267281
791 0.002850200000000136 0 0 0.6513761467889908 0.8248847926267281
792 0.0033590999999999482 1 1 0.6605504587155964 0.8294930875576036
793 0.002978999999999843 0 0 0.6605504587155964 0.8294930875576036
794 0.0027897999999999534 0 0 0.6605504587155964 0.8294930875576036
795 0.0028495999999997856 0 0 0.6605504587155964 0.8294930875576036
796 0.00298620000000005 0 0 0.6605504587155964 0.8294930875576036
797 0.0028642999999997087 0 0 0.6605504587155964 0.8294930875576036
798 0.002905700000000344 0 0 0.6605504587155964 0.8294930875576036
799 0.0028306999999996307 0 0 0.6605504587155964 0.8294930875576036
800 0.0027612000000001302 0 0 0.6605504587155964 0.8294930875576036
801 0.0029497999999996694 0 0 0.6605504587155964 0.8294930875576036
802 0.0028055999999998527 0 0 0.6605504587155964 0.8294930875576036
803 0.002885999999999722 1 0 0.6697247706422018 0.8294930875576036
804 0.0028421000000000696 0 0 0.6697247706422018 0.8294930875576036
805 0.0028728000000000087 0 0 0.6697247706422018 0.8294930875576036
806 0.002954799999999924 0 0 0.6697247706422018 0.8294930875576036
807 0.0029159999999999187 0 0 0.6697247706422018 0.8294930875576036
808 0.002848899999999599 0 0 0.6697247706422018 0.8294930875576036
809 0.0027666000000001745 0 0 0.6697247706422018 0.8294930875576036
810 0.0028359999999998386 0 0 0.6697247706422018 0.8294930875576036
811 0.002898200000000184 0 0 0.6697247706422018 0.8294930875576036
812 0.003373200000000409 1 0 0.6788990825688074 0.8294930875576036
813 0.0028760000000001007 0 0 0.6788990825688074 0.8294930875576036
814 0.002803300000000064 0 0 0.6788990825688074 0.8294930875576036
815 0.0028207000000000093 0 2 0.6788990825688074 0.8387096774193549
816 0.002788600000000141 0 0 0.6788990825688074 0.8387096774193549
817 0.0029656000000000127 0 0 0.6788990825688074 0.8387096774193549
818 0.002801199999999948 0 0 0.6788990825688074 0.8387096774193549
819 0.005064899999999817 0 0 0.6788990825688074 0.8387096774193549
820 0.003848899999999933 0 0 0.6788990825688074 0.8387096774193549
821 0.0039909000000002415 0 0 0.6788990825688074 0.8387096774193549
822 0.003972599999999993 0 0 0.6788990825688074 0.8387096774193549
823 0.0027156999999999876 0 0 0.6788990825688074 0.8387096774193549
824 0.002832100000000004 0 0 0.6788990825688074 0.8387096774193549
825 0.002782799999999863 0 0 0.6788990825688074 0.8387096774193549
826 0.0027736000000002647 0 0 0.6788990825688074 0.8387096774193549
827 0.003056899999999807 0 0 0.6788990825688074 0.8387096774193549
828 0.002730199999999794 0 0 0.6788990825688074 0.8387096774193549
829 0.002872900000000289 0 0 0.6788990825688074 0.8387096774193549
830 0.0033553999999997863 0 0 0.6788990825688074 0.8387096774193549
831 0.00273980000000007 0 0 0.6788990825688074 0.8387096774193549
832 0.0033962999999999077 1 0 0.6880733944954128 0.8387096774193549
833 0.0028068999999999455 0 0 0.6880733944954128 0.8387096774193549
834 0.003419300000000014 0 0 0.6880733944954128 0.8387096774193549
835 0.002990000000000048 0 0 0.6880733944954128 0.8387096774193549
836 0.002965200000000223 0 0 0.6880733944954128 0.8387096774193549
837 0.0027336000000000027 0 0 0.6880733944954128 0.8387096774193549
838 0.0031151000000000373 1 1 0.6972477064220184 0.8433179723502304
839 0.0030124999999996405 0 0 0.6972477064220184 0.8433179723502304
840 0.002778499999999795 1 1 0.7064220183486238 0.847926267281106
841 0.002988900000000072 0 0 0.7064220183486238 0.847926267281106
842 0.003021700000000127 0 1 0.7064220183486238 0.8525345622119815
843 0.0028951999999997646 0 0 0.7064220183486238 0.8525345622119815
844 0.0029575000000003904 0 0 0.7064220183486238 0.8525345622119815
845 0.002915599999999685 0 0 0.7064220183486238 0.8525345622119815
846 0.0029369999999997454 0 0 0.7064220183486238 0.8525345622119815
847 0.002863599999999966 0 0 0.7064220183486238 0.8525345622119815
848 0.002902799999999761 0 0 0.7064220183486238 0.8525345622119815
849 0.003689400000000287 0 0 0.7064220183486238 0.8525345622119815
850 0.002991299999999697 0 0 0.7064220183486238 0.8525345622119815
851 0.0029112000000002247 0 0 0.7064220183486238 0.8525345622119815
852 0.0028340999999998395 0 0 0.7064220183486238 0.8525345622119815
853 0.002744900000000161 0 0 0.7064220183486238 0.8525345622119815
854 0.002866700000000222 0 0 0.7064220183486238 0.8525345622119815
855 0.0030047999999998076 0 0 0.7064220183486238 0.8525345622119815
856 0.0029303000000000523 0 0 0.7064220183486238 0.8525345622119815
857 0.002816900000000011 0 0 0.7064220183486238 0.8525345622119815
858 0.0029217999999997524 0 0 0.7064220183486238 0.8525345622119815
859 0.0029567999999997596 0 0 0.7064220183486238 0.8525345622119815
860 0.0028799999999997716 0 0 0.7064220183486238 0.8525345622119815
861 0.00279000000000007 0 0 0.7064220183486238 0.8525345622119815
862 0.0028394000000000474 0 0 0.7064220183486238 0.8525345622119815
863 0.0029826000000001684 0 0 0.7064220183486238 0.8525345622119815
864 0.003030499999999936 0 0 0.7064220183486238 0.8525345622119815
865 0.0028496000000002297 0 0 0.7064220183486238 0.8525345622119815
866 0.0029327000000001213 0 0 0.7064220183486238 0.8525345622119815
867 0.002941900000000164 0 0 0.7064220183486238 0.8525345622119815
868 0.0026920000000001387 0 0 0.7064220183486238 0.8525345622119815
869 0.0038362000000002894 1 1 0.7155963302752294 0.8571428571428571
870 0.003976700000000388 0 0 0.7155963302752294 0.8571428571428571
871 0.004101400000000144 1 1 0.7247706422018348 0.8617511520737328
872 0.003926199999999991 0 0 0.7247706422018348 0.8617511520737328
873 0.0038551 0 0 0.7247706422018348 0.8617511520737328
874 0.0029471000000000913 0 0 0.7247706422018348 0.8617511520737328
875 0.0031632000000003657 0 0 0.7247706422018348 0.8617511520737328
876 0.003066000000000013 0 0 0.7247706422018348 0.8617511520737328
877 0.0027295000000000513 0 0 0.7247706422018348 0.8617511520737328
878 0.003331800000000218 0 0 0.7247706422018348 0.8617511520737328
879 0.0027768000000003568 0 0 0.7247706422018348 0.8617511520737328
880 0.003178800000000148 0 0 0.7247706422018348 0.8617511520737328
881 0.0028207999999998457 0 0 0.7247706422018348 0.8617511520737328
882 0.0029759999999998676 0 0 0.7247706422018348 0.8617511520737328
883 0.0029474999999998808 0 0 0.7247706422018348 0.8617511520737328
884 0.0029079000000002964 0 0 0.7247706422018348 0.8617511520737328
885 0.002867799999999754 0 0 0.7247706422018348 0.8617511520737328
886 0.0028540999999999705 0 0 0.7247706422018348 0.8617511520737328
887 0.0031262999999999153 0 0 0.7247706422018348 0.8617511520737328
888 0.0029273999999999134 0 0 0.7247706422018348 0.8617511520737328
889 0.0029522000000001825 0 0 0.7247706422018348 0.8617511520737328
890 0.0027962000000001375 0 0 0.7247706422018348 0.8617511520737328
891 0.0029102999999999213 0 0 0.7247706422018348 0.8617511520737328
892 0.002966199999999919 0 0 0.7247706422018348 0.8617511520737328
893 0.0029631000000001073 0 0 0.7247706422018348 0.8617511520737328
894 0.004025299999999898 0 0 0.7247706422018348 0.8617511520737328
895 0.004198200000000263 0 0 0.7247706422018348 0.8617511520737328
896 0.003909499999999788 1 0 0.7339449541284404 0.8617511520737328
897 0.0040936000000000305 0 0 0.7339449541284404 0.8617511520737328
898 0.002920299999999987 0 0 0.7339449541284404 0.8617511520737328
899 0.002912100000000084 1 1 0.7431192660550459 0.8663594470046083
900 0.0029905999999999544 0 1 0.7431192660550459 0.8709677419354839
901 0.0028784000000001697 0 0 0.7431192660550459 0.8709677419354839
902 0.003415799999999969 0 0 0.7431192660550459 0.8709677419354839
903 0.0028594000000001785 0 0 0.7431192660550459 0.8709677419354839
904 0.002931799999999818 1 1 0.7522935779816514 0.8755760368663594
905 0.0028500999999998555 1 1 0.7614678899082569 0.880184331797235
906 0.0028513999999999484 0 0 0.7614678899082569 0.880184331797235
907 0.0030999999999998806 0 0 0.7614678899082569 0.880184331797235
908 0.0032029000000002306 0 0 0.7614678899082569 0.880184331797235
909 0.004127800000000015 0 0 0.7614678899082569 0.880184331797235
910 0.004127500000000062 1 0 0.7706422018348624 0.880184331797235
911 0.004110199999999953 0 0 0.7706422018348624 0.880184331797235
912 0.0043128000000001165 0 0 0.7706422018348624 0.880184331797235
913 0.004168900000000253 0 1 0.7706422018348624 0.8847926267281107
914 0.003023800000000243 0 0 0.7706422018348624 0.8847926267281107
915 0.002940399999999954 0 0 0.7706422018348624 0.8847926267281107
916 0.002951599999999832 0 0 0.7706422018348624 0.8847926267281107
917 0.003339299999999934 0 0 0.7706422018348624 0.8847926267281107
918 0.003017700000000012 0 0 0.7706422018348624 0.8847926267281107
919 0.002924099999999985 0 0 0.7706422018348624 0.8847926267281107
920 0.0029308999999999585 0 0 0.7706422018348624 0.8847926267281107
921 0.002921399999999963 0 0 0.7706422018348624 0.8847926267281107
922 0.0029725000000002666 1 1 0.7798165137614679 0.8894009216589862
923 0.0030535999999998786 0 0 0.7798165137614679 0.8894009216589862
924 0.0031949000000000005 0 0 0.7798165137614679 0.8894009216589862
925 0.0028608000000001077 0 0 0.7798165137614679 0.8894009216589862
926 0.003111300000000039 0 0 0.7798165137614679 0.8894009216589862
927 0.0028966999999999743 0 0 0.7798165137614679 0.8894009216589862
928 0.00374629999999998 0 0 0.7798165137614679 0.8894009216589862
929 0.0035855999999996335 0 0 0.7798165137614679 0.8894009216589862
930 0.004169800000000112 0 0 0.7798165137614679 0.8894009216589862
931 0.004281900000000061 0 0 0.7798165137614679 0.8894009216589862
932 0.004145200000000404 0 0 0.7798165137614679 0.8894009216589862
933 0.004285299999999825 0 0 0.7798165137614679 0.8894009216589862
934 0.003199599999999858 0 0 0.7798165137614679 0.8894009216589862
935 0.0033746999999997307 0 0 0.7798165137614679 0.8894009216589862
936 0.0030044999999998545 0 0 0.7798165137614679 0.8894009216589862
937 0.0028970000000003715 0 0 0.7798165137614679 0.8894009216589862
938 0.0031837000000001225 0 0 0.7798165137614679 0.8894009216589862
939 0.0028839999999998867 0 0 0.7798165137614679 0.8894009216589862
940 0.002965199999999779 0 0 0.7798165137614679 0.8894009216589862
941 0.003065100000000154 0 0 0.7798165137614679 0.8894009216589862
942 0.002912900000000107 0 0 0.7798165137614679 0.8894009216589862
943 0.003122999999999987 0 0 0.7798165137614679 0.8894009216589862
944 0.0031172999999999895 0 0 0.7798165137614679 0.8894009216589862
945 0.0030746999999999858 1 1 0.7889908256880734 0.8940092165898618
946 0.0029612999999999445 0 0 0.7889908256880734 0.8940092165898618
947 0.003120100000000292 0 0 0.7889908256880734 0.8940092165898618
948 0.0029056999999999 0 0 0.7889908256880734 0.8940092165898618
949 0.0030906000000001654 0 0 0.7889908256880734 0.8940092165898618
950 0.0028140000000003162 0 0 0.7889908256880734 0.8940092165898618
951 0.0031594000000003675 0 0 0.7889908256880734 0.8940092165898618
952 0.002916099999999755 0 0 0.7889908256880734 0.8940092165898618
953 0.002820900000000126 0 0 0.7889908256880734 0.8940092165898618
954 0.0032796999999997745 0 0 0.7889908256880734 0.8940092165898618
955 0.003139299999999956 0 0 0.7889908256880734 0.8940092165898618
956 0.003207000000000182 0 0 0.7889908256880734 0.8940092165898618
957 0.0030234999999998458 0 0 0.7889908256880734 0.8940092165898618
958 0.0030300000000003102 0 0 0.7889908256880734 0.8940092165898618
959 0.0033498000000000694 1 1 0.7981651376146789 0.8986175115207373
960 0.0032720000000003857 1 1 0.8073394495412844 0.9032258064516129
961 0.0035595000000001598 0 0 0.8073394495412844 0.9032258064516129
962 0.003077999999999914 0 0 0.8073394495412844 0.9032258064516129
963 0.004136700000000104 0 0 0.8073394495412844 0.9032258064516129
964 0.003143600000000024 0 0 0.8073394495412844 0.9032258064516129
965 0.0028583000000002023 0 0 0.8073394495412844 0.9032258064516129
966 0.004251899999999864 0 0 0.8073394495412844 0.9032258064516129
967 0.003900699999999979 0 0 0.8073394495412844 0.9032258064516129
968 0.0042303999999999675 1 0 0.8165137614678899 0.9032258064516129
969 0.004220600000000019 0 0 0.8165137614678899 0.9032258064516129
970 0.004255099999999956 0 1 0.8165137614678899 0.9078341013824884
971 0.003063000000000038 0 0 0.8165137614678899 0.9078341013824884
972 0.003009400000000273 0 0 0.8165137614678899 0.9078341013824884
973 0.003226500000000243 0 0 0.8165137614678899 0.9078341013824884
974 0.004141100000000009 1 1 0.8256880733944955 0.9124423963133641
975 0.004019500000000065 0 0 0.8256880733944955 0.9124423963133641
976 0.004267800000000044 0 0 0.8256880733944955 0.9124423963133641
977 0.004357199999999839 0 0 0.8256880733944955 0.9124423963133641
978 0.003750800000000165 0 0 0.8256880733944955 0.9124423963133641
979 0.0030207999999998236 0 0 0.8256880733944955 0.9124423963133641
980 0.0032228999999999175 0 0 0.8256880733944955 0.9124423963133641
981 0.004164000000000279 0 0 0.8256880733944955 0.9124423963133641
982 0.004090000000000149 0 0 0.8256880733944955 0.9124423963133641
983 0.0029981000000001146 0 0 0.8256880733944955 0.9124423963133641
984 0.003033999999999981 0 0 0.8256880733944955 0.9124423963133641
985 0.0029529999999997614 0 0 0.8256880733944955 0.9124423963133641
986 0.003363000000000227 1 1 0.8348623853211009 0.9170506912442397
987 0.0030418999999999308 0 0 0.8348623853211009 0.9170506912442397
988 0.003205100000000183 0 0 0.8348623853211009 0.9170506912442397
989 0.0031597000000003206 0 0 0.8348623853211009 0.9170506912442397
990 0.0033028999999999975 0 0 0.8348623853211009 0.9170506912442397
991 0.0028725000000000556 0 0 0.8348623853211009 0.9170506912442397
992 0.0029192000000000107 0 0 0.8348623853211009 0.9170506912442397
993 0.002867000000000175 0 0 0.8348623853211009 0.9170506912442397
994 0.003077900000000078 0 0 0.8348623853211009 0.9170506912442397
995 0.0031783999999999146 0 0 0.8348623853211009 0.9170506912442397
996 0.003008400000000133 1 1 0.8440366972477065 0.9216589861751152
997 0.0032741000000000575 0 0 0.8440366972477065 0.9216589861751152
998 0.002937199999999862 0 0 0.8440366972477065 0.9216589861751152
999 0.0032242999999998467 0 0 0.8440366972477065 0.9216589861751152
1000 0.003155299999999972 0 0 0.8440366972477065 0.9216589861751152
1001 0.003263300000000413 0 0 0.8440366972477065 0.9216589861751152
1002 0.0031501000000000445 0 0 0.8440366972477065 0.9216589861751152
1003 0.003977100000000178 1 1 0.8532110091743119 0.9262672811059908
1004 0.004071000000000158 0 0 0.8532110091743119 0.9262672811059908
1005 0.004138000000000197 0 0 0.8532110091743119 0.9262672811059908
1006 0.004307300000000236 0 0 0.8532110091743119 0.9262672811059908
1007 0.00408110000000006 0 0 0.8532110091743119 0.9262672811059908
1008 0.0032365000000003086 0 0 0.8532110091743119 0.9262672811059908
1009 0.0034028999999997644 0 0 0.8532110091743119 0.9262672811059908
1010 0.002894700000000139 0 0 0.8532110091743119 0.9262672811059908
1011 0.003508599999999973 0 0 0.8532110091743119 0.9262672811059908
1012 0.0028929999999998124 0 0 0.8532110091743119 0.9262672811059908
1013 0.0034461000000001185 0 0 0.8532110091743119 0.9262672811059908
1014 0.0029684000000003152 0 0 0.8532110091743119 0.9262672811059908
1015 0.003372900000000012 0 0 0.8532110091743119 0.9262672811059908
1016 0.003051600000000043 0 0 0.8532110091743119 0.9262672811059908
1017 0.0034639000000002973 0 0 0.8532110091743119 0.9262672811059908
1018 0.0028871999999999787 0 0 0.8532110091743119 0.9262672811059908
1019 0.003212100000000273 0 0 0.8532110091743119 0.9262672811059908
1020 0.0030116999999996175 0 0 0.8532110091743119 0.9262672811059908
1021 0.0031585999999999004 0 0 0.8532110091743119 0.9262672811059908
1022 0.0032366999999999813 0 0 0.8532110091743119 0.9262672811059908
1023 0.00303640000000005 0 0 0.8532110091743119 0.9262672811059908
1024 0.002984899999999957 0 0 0.8532110091743119 0.9262672811059908
1025 0.003146999999999789 0 0 0.8532110091743119 0.9262672811059908
1026 0.0031594999999997597 0 0 0.8532110091743119 0.9262672811059908
1027 0.0030402000000000484 0 0 0.8532110091743119 0.9262672811059908
1028 0.0029415999999997666 0 0 0.8532110091743119 0.9262672811059908
1029 0.003070799999999707 0 0 0.8532110091743119 0.9262672811059908
1030 0.0031709000000001986 0 0 0.8532110091743119 0.9262672811059908
1031 0.00289930000000016 0 0 0.8532110091743119 0.9262672811059908
1032 0.002948599999999857 0 0 0.8532110091743119 0.9262672811059908
1033 0.0039207999999999466 0 0 0.8532110091743119 0.9262672811059908
1034 0.004360900000000001 0 0 0.8532110091743119 0.9262672811059908
1035 0.0037288000000001986 0 0 0.8532110091743119 0.9262672811059908
1036 0.0030852999999999575 1 1 0.8623853211009175 0.9308755760368663
1037 0.003471800000000247 0 0 0.8623853211009175 0.9308755760368663
1038 0.0030013000000002066 0 0 0.8623853211009175 0.9308755760368663
1039 0.0033962000000000714 0 0 0.8623853211009175 0.9308755760368663
1040 0.00321019999999983 0 0 0.8623853211009175 0.9308755760368663
1041 0.003194499999999767 1 1 0.8715596330275229 0.9354838709677419
1042 0.00294250000000007 0 0 0.8715596330275229 0.9354838709677419
1043 0.003126799999999985 0 0 0.8715596330275229 0.9354838709677419
1044 0.0029799000000001463 0 0 0.8715596330275229 0.9354838709677419
1045 0.0031001999999999974 0 0 0.8715596330275229 0.9354838709677419
1046 0.0030757000000001256 0 0 0.8715596330275229 0.9354838709677419
1047 0.003467600000000015 0 0 0.8715596330275229 0.9354838709677419
1048 0.0029440000000002797 0 0 0.8715596330275229 0.9354838709677419
1049 0.0033471999999998836 1 0 0.8807339449541285 0.9354838709677419
1050 0.0031471000000000693 0 0 0.8807339449541285 0.9354838709677419
1051 0.0034904000000000046 0 1 0.8807339449541285 0.9400921658986175
1052 0.0029366999999997923 0 0 0.8807339449541285 0.9400921658986175
1053 0.003367799999999921 0 0 0.8807339449541285 0.9400921658986175
1054 0.003208400000000111 0 0 0.8807339449541285 0.9400921658986175
1055 0.0036145999999996903 0 0 0.8807339449541285 0.9400921658986175
1056 0.0031711000000003153 0 0 0.8807339449541285 0.9400921658986175
1057 0.0032589000000000645 0 0 0.8807339449541285 0.9400921658986175
1058 0.002867800000000198 1 1 0.8899082568807339 0.9447004608294931
1059 0.003131299999999726 0 0 0.8899082568807339 0.9447004608294931
1060 0.00288379999999977 0 0 0.8899082568807339 0.9447004608294931
1061 0.0032744000000000106 1 1 0.8990825688073395 0.9493087557603687
1062 0.0033251000000000808 0 0 0.8990825688073395 0.9493087557603687
1063 0.0035813000000000095 0 0 0.8990825688073395 0.9493087557603687
1064 0.002975600000000078 0 0 0.8990825688073395 0.9493087557603687
1065 0.0031114999999997117 0 0 0.8990825688073395 0.9493087557603687
1066 0.0031368000000000507 0 0 0.8990825688073395 0.9493087557603687
1067 0.003345700000000118 0 0 0.8990825688073395 0.9493087557603687
1068 0.003274999999999917 0 0 0.8990825688073395 0.9493087557603687
1069 0.0031429000000002816 0 0 0.8990825688073395 0.9493087557603687
1070 0.0029892999999998615 0 0 0.8990825688073395 0.9493087557603687
1071 0.0033343000000001233 0 0 0.8990825688073395 0.9493087557603687
1072 0.00302939999999996 0 0 0.8990825688073395 0.9493087557603687
1073 0.003455299999999717 0 0 0.8990825688073395 0.9493087557603687
1074 0.003035300000000074 0 0 0.8990825688073395 0.9493087557603687
1075 0.0034762999999999877 0 0 0.8990825688073395 0.9493087557603687
1076 0.003126799999999985 0 0 0.8990825688073395 0.9493087557603687
1077 0.0030272000000000077 0 0 0.8990825688073395 0.9493087557603687
1078 0.003079500000000124 1 1 0.908256880733945 0.9539170506912442
1079 0.003051500000000207 0 0 0.908256880733945 0.9539170506912442
1080 0.0030706999999998708 0 0 0.908256880733945 0.9539170506912442
1081 0.0030508999999998565 0 0 0.908256880733945 0.9539170506912442
1082 0.003107299999999924 0 0 0.908256880733945 0.9539170506912442
1083 0.0030372999999999095 0 0 0.908256880733945 0.9539170506912442
1084 0.003062499999999968 0 0 0.908256880733945 0.9539170506912442
1085 0.0033083000000000418 0 0 0.908256880733945 0.9539170506912442
1086 0.0030175000000003394 0 0 0.908256880733945 0.9539170506912442
1087 0.0030209999999999404 0 0 0.908256880733945 0.9539170506912442
1088 0.0031087000000002973 0 0 0.908256880733945 0.9539170506912442
1089 0.002906799999999876 0 0 0.908256880733945 0.9539170506912442
1090 0.0030687000000000353 0 0 0.908256880733945 0.9539170506912442
1091 0.003017199999999942 0 0 0.908256880733945 0.9539170506912442
1092 0.003363299999999736 0 0 0.908256880733945 0.9539170506912442
1093 0.0031951999999999536 0 0 0.908256880733945 0.9539170506912442
1094 0.003162800000000132 0 0 0.908256880733945 0.9539170506912442
1095 0.0032301000000001245 0 0 0.908256880733945 0.9539170506912442
1096 0.0031927999999998846 0 0 0.908256880733945 0.9539170506912442
1097 0.002945200000000092 0 0 0.908256880733945 0.9539170506912442
1098 0.0031319000000000763 0 0 0.908256880733945 0.9539170506912442
1099 0.0029856000000001437 0 0 0.908256880733945 0.9539170506912442
1100 0.0030405000000000015 0 0 0.908256880733945 0.9539170506912442
1101 0.0031098000000002735 0 0 0.908256880733945 0.9539170506912442
1102 0.003232399999999913 0 0 0.908256880733945 0.9539170506912442
1103 0.003265199999999968 1 1 0.9174311926605505 0.9585253456221198
1104 0.003161400000000203 0 0 0.9174311926605505 0.9585253456221198
1105 0.0031623999999998986 0 0 0.9174311926605505 0.9585253456221198
1106 0.0031456000000003037 0 0 0.9174311926605505 0.9585253456221198
1107 0.003272300000000339 0 0 0.9174311926605505 0.9585253456221198
1108 0.0030660999999998495 0 0 0.9174311926605505 0.9585253456221198
1109 0.00304329999999986 0 0 0.9174311926605505 0.9585253456221198
1110 0.0036025999999997893 0 0 0.9174311926605505 0.9585253456221198
1111 0.002932599999999841 0 0 0.9174311926605505 0.9585253456221198
1112 0.0033387000000000278 0 0 0.9174311926605505 0.9585253456221198
1113 0.0030664000000002467 0 0 0.9174311926605505 0.9585253456221198
1114 0.0032570000000000654 0 0 0.9174311926605505 0.9585253456221198
1115 0.0030407999999999547 0 0 0.9174311926605505 0.9585253456221198
1116 0.002973700000000079 0 0 0.9174311926605505 0.9585253456221198
1117 0.0030423000000001643 0 0 0.9174311926605505 0.9585253456221198
1118 0.003060099999999899 0 0 0.9174311926605505 0.9585253456221198
1119 0.0031593999999999234 0 0 0.9174311926605505 0.9585253456221198
1120 0.003095300000000023 0 0 0.9174311926605505 0.9585253456221198
1121 0.003324099999999941 0 0 0.9174311926605505 0.9585253456221198
1122 0.0030833999999999584 1 1 0.926605504587156 0.9631336405529954
1123 0.0032071999999998546 0 0 0.926605504587156 0.9631336405529954
1124 0.0030671999999998256 0 0 0.926605504587156 0.9631336405529954
1125 0.0033254999999998702 0 0 0.926605504587156 0.9631336405529954
1126 0.0029040000000000177 0 0 0.926605504587156 0.9631336405529954
1127 0.003210700000000344 0 0 0.926605504587156 0.9631336405529954
1128 0.003177700000000172 0 0 0.926605504587156 0.9631336405529954
1129 0.0029191000000001743 0 0 0.926605504587156 0.9631336405529954
1130 0.0029298999999998188 0 0 0.926605504587156 0.9631336405529954
1131 0.003017700000000012 0 0 0.926605504587156 0.9631336405529954
1132 0.0029813000000000756 0 0 0.926605504587156 0.9631336405529954
1133 0.0030632000000001547 0 0 0.926605504587156 0.9631336405529954
1134 0.0034643000000000868 0 0 0.926605504587156 0.9631336405529954
1135 0.0031566999999999013 0 0 0.926605504587156 0.9631336405529954
1136 0.00302200000000008 0 0 0.926605504587156 0.9631336405529954
1137 0.003550799999999743 0 0 0.926605504587156 0.9631336405529954
1138 0.0031683000000000128 1 1 0.9357798165137615 0.967741935483871
1139 0.0033096000000001347 0 0 0.9357798165137615 0.967741935483871
1140 0.0029711999999997296 0 0 0.9357798165137615 0.967741935483871
1141 0.003220300000000176 0 0 0.9357798165137615 0.967741935483871
1142 0.0030030999999999253 0 0 0.9357798165137615 0.967741935483871
1143 0.0032279000000001723 0 0 0.9357798165137615 0.967741935483871
1144 0.0030997000000003716 0 0 0.9357798165137615 0.967741935483871
1145 0.0033101000000002045 0 0 0.9357798165137615 0.967741935483871
1146 0.0030394000000000254 0 0 0.9357798165137615 0.967741935483871
1147 0.003272400000000175 0 0 0.9357798165137615 0.967741935483871
1148 0.00330359999999974 0 0 0.9357798165137615 0.967741935483871
1149 0.0033265999999998463 0 0 0.9357798165137615 0.967741935483871
1150 0.0032154000000002014 0 0 0.9357798165137615 0.967741935483871
1151 0.003597999999999768 0 0 0.9357798165137615 0.967741935483871
1152 0.0029064000000000867 0 0 0.9357798165137615 0.967741935483871
1153 0.00320279999999995 0 0 0.9357798165137615 0.967741935483871
1154 0.003364900000000226 0 0 0.9357798165137615 0.967741935483871
1155 0.0030973000000003026 0 0 0.9357798165137615 0.967741935483871
1156 0.0029510999999997622 0 0 0.9357798165137615 0.967741935483871
1157 0.0030421000000000475 0 0 0.9357798165137615 0.967741935483871
1158 0.0032831999999998196 0 0 0.9357798165137615 0.967741935483871
1159 0.0033671000000001783 1 1 0.944954128440367 0.9723502304147466
1160 0.0030079999999998996 0 0 0.944954128440367 0.9723502304147466
1161 0.0032581000000000415 0 0 0.944954128440367 0.9723502304147466
1162 0.0033293000000003126 0 0 0.944954128440367 0.9723502304147466
1163 0.003287799999999841 0 0 0.944954128440367 0.9723502304147466
1164 0.003491799999999934 0 0 0.944954128440367 0.9723502304147466
1165 0.0032647999999997346 0 0 0.944954128440367 0.9723502304147466
1166 0.003249999999999975 0 0 0.944954128440367 0.9723502304147466
1167 0.003038199999999769 0 0 0.944954128440367 0.9723502304147466
1168 0.0031647999999999676 1 1 0.9541284403669725 0.9769585253456221
1169 0.0031424000000002117 1 1 0.963302752293578 0.9815668202764977
1170 0.0029689999999997774 0 0 0.963302752293578 0.9815668202764977
1171 0.004446200000000289 1 1 0.9724770642201835 0.9861751152073732
1172 0.003951599999999722 0 0 0.9724770642201835 0.9861751152073732
1173 0.0032833000000001 0 0 0.9724770642201835 0.9861751152073732
1174 0.003306499999999879 0 0 0.9724770642201835 0.9861751152073732
1175 0.003321399999999919 0 0 0.9724770642201835 0.9861751152073732
1176 0.003241200000000166 0 0 0.9724770642201835 0.9861751152073732
1177 0.0031750999999999863 0 0 0.9724770642201835 0.9861751152073732
1178 0.003258800000000228 0 0 0.9724770642201835 0.9861751152073732
1179 0.0033525000000000915 1 0 0.981651376146789 0.9861751152073732
1180 0.0031717000000002216 0 0 0.981651376146789 0.9861751152073732
1181 0.0033716999999997554 0 1 0.981651376146789 0.9907834101382489
1182 0.0031560000000001587 0 0 0.981651376146789 0.9907834101382489
1183 0.0032337999999998424 0 0 0.981651376146789 0.9907834101382489
1184 0.0030130000000001544 0 0 0.981651376146789 0.9907834101382489
1185 0.003105699999999878 0 0 0.981651376146789 0.9907834101382489
1186 0.00437770000000004 1 1 0.9908256880733946 0.9953917050691244
1187 0.004661000000000026 0 0 0.9908256880733946 0.9953917050691244
1188 0.003132599999999819 0 0 0.9908256880733946 0.9953917050691244
1189 0.003010799999999758 0 0 0.9908256880733946 0.9953917050691244
1190 0.0032033999999998564 1 1 1.0 1.0
