50 0.2 0.5
1 0.0010982999999999965 1 0 0.02040816326530612 0.5051546391752577
2 0.0010685 0 0 0.02040816326530612 0.5051546391752577
3 0.001594299999999993 0 0 0.02040816326530612 0.5051546391752577
4 0.0015702999999999967 0 0 0.02040816326530612 0.5051546391752577
5 0.001336999999999977 0 0 0.02040816326530612 0.5051546391752577
6 0.0017548000000000008 0 0 0.02040816326530612 0.5051546391752577
7 0.001156100000000021 0 0 0.02040816326530612 0.5051546391752577
8 0.0009438999999999975 0 0 0.02040816326530612 0.5051546391752577
9 0.0010280000000000011 0 0 0.02040816326530612 0.5051546391752577
10 0.0010126000000000024 0 0 0.02040816326530612 0.5051546391752577
11 0.0010358000000000034 0 0 0.02040816326530612 0.5051546391752577
12 0.0010264999999999858 0 0 0.02040816326530612 0.5051546391752577
13 0.0016837999999999853 1 1 0.04081632653061224 0.5154639175257731
14 0.002213899999999991 0 0 0.04081632653061224 0.5154639175257731
15 0.0015708999999999862 0 0 0.04081632653061224 0.5154639175257731
16 0.002176299999999992 0 0 0.04081632653061224 0.5154639175257731
17 0.001065300000000019 0 0 0.04081632653061224 0.5154639175257731
18 0.0010150000000000159 1 1 0.061224489795918366 0.5257731958762887
19 0.0010738999999999888 1 0 0.08163265306122448 0.5257731958762887
20 0.0010014999999999885 0 0 0.08163265306122448 0.5257731958762887
21 0.0019679999999999975 1 1 0.10204081632653061 0.5360824742268041
22 0.0011693999999999871 0 0 0.10204081632653061 0.5360824742268041
23 0.0013446000000000013 0 0 0.10204081632653061 0.5360824742268041
24 0.00193500000000002 0 0 0.10204081632653061 0.5360824742268041
25 0.0015068000000000026 0 0 0.10204081632653061 0.5360824742268041
26 0.002064499999999997 1 1 0.12244897959183673 0.5463917525773195
27 0.003035900000000008 0 1 0.12244897959183673 0.5567010309278351
28 0.0011241000000000168 1 0 0.14285714285714285 0.5567010309278351
29 0.0010197000000000123 0 0 0.14285714285714285 0.5567010309278351
30 0.0010492999999999753 0 0 0.14285714285714285 0.5567010309278351
31 0.001467900000000022 0 0 0.14285714285714285 0.5567010309278351
32 0.001461099999999993 0 0 0.14285714285714285 0.5567010309278351
33 0.0018391999999999853 0 0 0.14285714285714285 0.5567010309278351
34 0.0013071000000000055 0 0 0.14285714285714285 0.5567010309278351
35 0.002088599999999996 1 0 0.16326530612244897 0.5567010309278351
36 0.0012697999999999876 0 0 0.16326530612244897 0.5567010309278351
37 0.0013825000000000087 0 1 0.16326530612244897 0.5670103092783505
38 0.0019286000000000025 0 0 0.16326530612244897 0.5670103092783505
39 0.0019769000000000037 0 0 0.16326530612244897 0.5670103092783505
40 0.001749899999999971 0 0 0.16326530612244897 0.5670103092783505
41 0.0016178000000000026 1 1 0.1836734693877551 0.5773195876288659
42 0.0011326999999999865 0 0 0.1836734693877551 0.5773195876288659
43 0.0010876999999999692 0 0 0.1836734693877551 0.5773195876288659
44 0.001024299999999978 0 0 0.1836734693877551 0.5773195876288659
45 0.0010438000000000391 0 0 0.1836734693877551 0.5773195876288659
46 0.0010839999999999739 0 1 0.1836734693877551 0.5876288659793815
47 0.0010982999999999965 0 0 0.1836734693877551 0.5876288659793815
48 0.0017265000000000197 0 0 0.1836734693877551 0.5876288659793815
49 0.0011161000000000088 0 0 0.1836734693877551 0.5876288659793815
50 0.0010736000000000079 0 0 0.1836734693877551 0.5876288659793815
51 0.0010860000000000314 0 0 0.1836734693877551 0.5876288659793815
52 0.0010576999999999948 0 0 0.1836734693877551 0.5876288659793815
53 0.0013771999999999673 0 0 0.1836734693877551 0.5876288659793815
54 0.0014969999999999706 1 1 0.20408163265306123 0.5979381443298969
55 0.001037900000000036 0 0 0.20408163265306123 0.5979381443298969
56 0.0021796000000000038 0 0 0.20408163265306123 0.5979381443298969
57 0.0012086000000000041 0 0 0.20408163265306123 0.5979381443298969
58 0.001551899999999995 1 0 0.22448979591836735 0.5979381443298969
59 0.0016603000000000034 1 0 0.24489795918367346 0.5979381443298969
60 0.001325799999999988 0 0 0.24489795918367346 0.5979381443298969
61 0.0014886000000000066 1 0 0.2653061224489796 0.5979381443298969
62 0.0012288999999999772 0 0 0.2653061224489796 0.5979381443298969
63 0.002153399999999972 0 0 0.2653061224489796 0.5979381443298969
64 0.002132899999999993 0 0 0.2653061224489796 0.5979381443298969
65 0.0010862999999999845 0 0 0.2653061224489796 0.5979381443298969
66 0.000995500000000038 0 0 0.2653061224489796 0.5979381443298969
67 0.0011175999999999964 0 0 0.2653061224489796 0.5979381443298969
68 0.0013082999999999845 1 0 0.2857142857142857 0.5979381443298969
69 0.0013363999999999598 0 1 0.2857142857142857 0.6082474226804123
70 0.0020356999999999736 0 0 0.2857142857142857 0.6082474226804123
71 0.001779500000000045 1 2 0.30612244897959184 0.6288659793814433
72 0.0016321000000000252 1 0 0.32653061224489793 0.6288659793814433
73 0.0014177000000000217 0 0 0.32653061224489793 0.6288659793814433
74 0.0012653000000000247 0 0 0.32653061224489793 0.6288659793814433
75 0.0013874000000000386 0 0 0.32653061224489793 0.6288659793814433
76 0.0015700000000000158 1 0 0.3469387755102041 0.6288659793814433
77 0.0017201000000000022 0 0 0.3469387755102041 0.6288659793814433
78 0.0011252999999999957 0 0 0.3469387755102041 0.6288659793814433
79 0.0011730999999999825 0 0 0.3469387755102041 0.6288659793814433
80 0.0012704000000000049 1 1 0.3673469387755102 0.6391752577319587
81 0.0016371000000000024 0 0 0.3673469387755102 0.6391752577319587
82 0.001274200000000003 0 1 0.3673469387755102 0.6494845360824743
83 0.0014079999999999648 0 1 0.3673469387755102 0.6597938144329897
84 0.0012019999999999809 0 0 0.3673469387755102 0.6597938144329897
85 0.00282790000000005 0 2 0.3673469387755102 0.6804123711340206
86 0.0011948999999999987 0 0 0.3673469387755102 0.6804123711340206
87 0.0012696000000000374 0 0 0.3673469387755102 0.6804123711340206
88 0.0013119999999999798 1 1 0.3877551020408163 0.6907216494845361
89 0.002006999999999981 0 0 0.3877551020408163 0.6907216494845361
90 0.001976100000000036 0 0 0.3877551020408163 0.6907216494845361
91 0.0013305000000000122 0 0 0.3877551020408163 0.6907216494845361
92 0.001664700000000019 0 0 0.3877551020408163 0.6907216494845361
93 0.0018392999999999882 1 0 0.40816326530612246 0.6907216494845361
94 0.0014838999999999825 0 0 0.40816326530612246 0.6907216494845361
95 0.0011781999999999626 0 0 0.40816326530612246 0.6907216494845361
96 0.0011782000000000181 0 0 0.40816326530612246 0.6907216494845361
97 0.002097400000000027 0 1 0.40816326530612246 0.7010309278350515
98 0.0011861000000000232 0 0 0.40816326530612246 0.7010309278350515
99 0.001239900000000016 1 1 0.42857142857142855 0.711340206185567
100 0.0012085000000000012 0 0 0.42857142857142855 0.711340206185567
101 0.0016244000000000258 1 1 0.4489795918367347 0.7216494845360825
102 0.0014672000000000018 1 1 0.46938775510204084 0.7319587628865979
103 0.0012952999999999992 0 0 0.46938775510204084 0.7319587628865979
104 0.0013083999999999874 0 0 0.46938775510204084 0.7319587628865979
105 0.0022573000000000176 0 0 0.46938775510204084 0.7319587628865979
106 0.0011726000000000236 0 0 0.46938775510204084 0.7319587628865979
107 0.0011747000000000285 0 0 0.46938775510204084 0.7319587628865979
108 0.0011956000000000189 0 0 0.46938775510204084 0.7319587628865979
109 0.0011942999999999815 0 0 0.46938775510204084 0.7319587628865979
110 0.0016105000000000147 0 0 0.46938775510204084 0.7319587628865979
111 0.001526699999999992 0 0 0.46938775510204084 0.7319587628865979
112 0.0011799999999999589 0 0 0.46938775510204084 0.7319587628865979
113 0.0020971999999999658 0 0 0.46938775510204084 0.7319587628865979
114 0.0015045000000000197 1 1 0.4897959183673469 0.7422680412371134
115 0.0012878000000000056 0 0 0.4897959183673469 0.7422680412371134
116 0.001324600000000009 1 0 0.5102040816326531 0.7422680412371134
117 0.0017075000000000284 0 1 0.5102040816326531 0.7525773195876289
118 0.0016625000000000112 0 0 0.5102040816326531 0.7525773195876289
119 0.00133270000000002 0 0 0.5102040816326531 0.7525773195876289
120 0.0013324999999999587 1 0 0.5306122448979592 0.7525773195876289
121 0.001351900000000017 1 0 0.5510204081632653 0.7525773195876289
122 0.00131779999999998 0 0 0.5510204081632653 0.7525773195876289
123 0.0012705000000000077 0 0 0.5510204081632653 0.7525773195876289
124 0.0013317000000000467 1 0 0.5714285714285714 0.7525773195876289
125 0.0013050000000000006 1 1 0.5918367346938775 0.7628865979381443
126 0.0023385999999999685 0 0 0.5918367346938775 0.7628865979381443
127 0.0013711999999999613 1 1 0.6122448979591837 0.7731958762886598
128 0.0013817000000000412 0 0 0.6122448979591837 0.7731958762886598
129 0.001381000000000021 1 2 0.6326530612244898 0.7938144329896907
130 0.002121099999999987 0 0 0.6326530612244898 0.7938144329896907
131 0.0017813999999999885 0 0 0.6326530612244898 0.7938144329896907
132 0.0012305000000000232 1 1 0.6530612244897959 0.8041237113402062
133 0.0021189000000000346 0 0 0.6530612244897959 0.8041237113402062
134 0.0016192999999999902 0 0 0.6530612244897959 0.8041237113402062
135 0.0013822 0 1 0.6530612244897959 0.8144329896907216
136 0.001829000000000025 0 1 0.6530612244897959 0.8247422680412371
137 0.0026433999999999624 1 1 0.673469387755102 0.8350515463917526
138 0.001455800000000007 0 0 0.673469387755102 0.8350515463917526
139 0.0013866000000000156 0 0 0.673469387755102 0.8350515463917526
140 0.0014410000000000256 0 0 0.673469387755102 0.8350515463917526
141 0.0014451999999999798 0 0 0.673469387755102 0.8350515463917526
142 0.001325500000000035 0 0 0.673469387755102 0.8350515463917526
143 0.0012343000000000215 0 0 0.673469387755102 0.8350515463917526
144 0.0012840999999999547 0 0 0.673469387755102 0.8350515463917526
145 0.002214899999999964 0 0 0.673469387755102 0.8350515463917526
146 0.001548999999999967 0 0 0.673469387755102 0.8350515463917526
147 0.0013573000000000057 0 0 0.673469387755102 0.8350515463917526
148 0.0013853000000000337 0 0 0.673469387755102 0.8350515463917526
149 0.0019479000000000024 0 0 0.673469387755102 0.8350515463917526
150 0.001629400000000003 0 0 0.673469387755102 0.8350515463917526
151 0.0013302000000000036 0 0 0.673469387755102 0.8350515463917526
152 0.0022397999999999585 0 0 0.673469387755102 0.8350515463917526
153 0.0017551000000000094 0 0 0.673469387755102 0.8350515463917526
154 0.001484199999999991 0 0 0.673469387755102 0.8350515463917526
155 0.0013373999999999886 0 0 0.673469387755102 0.8350515463917526
156 0.001932299999999998 0 0 0.673469387755102 0.8350515463917526
157 0.001586199999999982 0 0 0.673469387755102 0.8350515463917526
158 0.0013807000000000125 0 0 0.673469387755102 0.8350515463917526
159 0.0019112000000000018 0 0 0.673469387755102 0.8350515463917526
160 0.0013740999999999892 0 0 0.673469387755102 0.8350515463917526
161 0.001339800000000002 0 0 0.673469387755102 0.8350515463917526
162 0.0012490000000000001 0 0 0.673469387755102 0.8350515463917526
163 0.0012761000000000022 0 0 0.673469387755102 0.8350515463917526
164 0.0018376999999999977 1 0 0.6938775510204082 0.8350515463917526
165 0.0016622000000000026 0 0 0.6938775510204082 0.8350515463917526
166 0.0013149000000000077 1 0 0.7142857142857143 0.8350515463917526
167 0.0013311999999999768 0 1 0.7142857142857143 0.845360824742268
168 0.0013482000000000216 0 0 0.7142857142857143 0.845360824742268
169 0.001296599999999981 0 0 0.7142857142857143 0.845360824742268
170 0.0013736000000000304 0 0 0.7142857142857143 0.845360824742268
171 0.0013664999999999927 0 0 0.7142857142857143 0.845360824742268
172 0.0027275999999999967 1 0 0.7346938775510204 0.845360824742268
173 0.001793900000000015 1 1 0.7551020408163265 0.8556701030927835
174 0.0025766999999999873 0 0 0.7551020408163265 0.8556701030927835
175 0.002154700000000065 0 1 0.7551020408163265 0.865979381443299
176 0.0015806999999999904 0 0 0.7551020408163265 0.865979381443299
177 0.0015360999999999292 0 0 0.7551020408163265 0.865979381443299
178 0.002003000000000088 0 0 0.7551020408163265 0.865979381443299
179 0.0014307999999999543 1 1 0.7755102040816326 0.8762886597938144
180 0.0014391000000000265 0 0 0.7755102040816326 0.8762886597938144
181 0.001332600000000017 0 0 0.7755102040816326 0.8762886597938144
182 0.0026671999999999807 0 0 0.7755102040816326 0.8762886597938144
183 0.0015356000000000813 1 0 0.7959183673469388 0.8762886597938144
184 0.0016614999999999824 1 0 0.8163265306122449 0.8762886597938144
185 0.0014538000000000606 1 2 0.8367346938775511 0.8969072164948454
186 0.0014720999999999762 0 0 0.8367346938775511 0.8969072164948454
187 0.0014110999999999985 0 0 0.8367346938775511 0.8969072164948454
188 0.0013364999999999627 0 1 0.8367346938775511 0.9072164948453608
189 0.00187550000000003 0 0 0.8367346938775511 0.9072164948453608
190 0.0016625000000000112 0 0 0.8367346938775511 0.9072164948453608
191 0.0024256000000000277 1 1 0.8571428571428571 0.9175257731958762
192 0.001489399999999974 0 0 0.8571428571428571 0.9175257731958762
193 0.0015597000000000527 0 0 0.8571428571428571 0.9175257731958762
194 0.0014113000000000042 0 0 0.8571428571428571 0.9175257731958762
195 0.0019160999999999762 0 0 0.8571428571428571 0.9175257731958762
196 0.002036600000000055 1 0 0.8775510204081632 0.9175257731958762
197 0.001465099999999997 1 1 0.8979591836734694 0.9278350515463918
198 0.0014123999999999803 0 0 0.8979591836734694 0.9278350515463918
199 0.001576600000000039 0 0 0.8979591836734694 0.9278350515463918
200 0.001711800000000041 0 1 0.8979591836734694 0.9381443298969072
201 0.0018797000000000397 0 0 0.8979591836734694 0.9381443298969072
202 0.0014851999999999643 0 0 0.8979591836734694 0.9381443298969072
203 0.0024373000000000866 0 0 0.8979591836734694 0.9381443298969072
204 0.00142589999999998 0 0 0.8979591836734694 0.9381443298969072
205 0.001500599999999963 0 0 0.8979591836734694 0.9381443298969072
206 0.002006200000000069 0 0 0.8979591836734694 0.9381443298969072
207 0.0018540999999999697 0 1 0.8979591836734694 0.9484536082474226
208 0.0015667999999999793 0 0 0.8979591836734694 0.9484536082474226
209 0.001486699999999952 0 0 0.8979591836734694 0.9484536082474226
210 0.0014208999999999472 0 0 0.8979591836734694 0.9484536082474226
211 0.0014389000000000207 1 0 0.9183673469387755 0.9484536082474226
212 0.001559499999999936 0 0 0.9183673469387755 0.9484536082474226
213 0.0013924000000000714 1 1 0.9387755102040817 0.9587628865979382
214 0.002477399999999963 0 0 0.9387755102040817 0.9587628865979382
215 0.001617399999999991 0 0 0.9387755102040817 0.9587628865979382
216 0.001414200000000032 0 0 0.9387755102040817 0.9587628865979382
217 0.0016064000000000078 0 1 0.9387755102040817 0.9690721649484536
218 0.001615800000000056 0 0 0.9387755102040817 0.9690721649484536
219 0.001950200000000013 0 0 0.9387755102040817 0.9690721649484536
220 0.002266699999999955 1 1 0.9591836734693877 0.979381443298969
221 0.0016834000000000016 0 0 0.9591836734693877 0.979381443298969
222 0.0014501000000000097 0 0 0.9591836734693877 0.979381443298969
223 0.0013948000000000293 0 0 0.9591836734693877 0.979381443298969
224 0.0018041999999999225 0 0 0.9591836734693877 0.979381443298969
225 0.001774700000000018 0 0 0.9591836734693877 0.979381443298969
226 0.0015161999999999676 1 0 0.9795918367346939 0.979381443298969
227 0.0014317000000000357 0 0 0.9795918367346939 0.979381443298969
228 0.0015167999999999848 0 0 0.9795918367346939 0.979381443298969
229 0.0015444000000000013 1 0 1.0 0.979381443298969
230 0.0014191000000000065 0 0 1.0 0.979381443298969
231 0.0014743999999999868 0 0 1.0 0.979381443298969
232 0.0023934999999999373 0 0 1.0 0.979381443298969
233 0.002133099999999999 0 0 1.0 0.979381443298969
234 0.0023447999999999247 0 0 1.0 0.979381443298969
235 0.0027430999999999983 0 0 1.0 0.979381443298969
236 0.0018415000000000514 0 0 1.0 0.979381443298969
237 0.0022635999999999212 0 0 1.0 0.979381443298969
238 0.0017540999999999807 0 0 1.0 0.979381443298969
239 0.001769900000000102 0 0 1.0 0.979381443298969
240 0.0023087999999999997 0 0 1.0 0.979381443298969
241 0.0016051999999999733 0 0 1.0 0.979381443298969
242 0.0019041000000000752 0 0 1.0 0.979381443298969
243 0.0020236000000000143 0 0 1.0 0.979381443298969
244 0.0025644000000000222 0 0 1.0 0.979381443298969
245 0.0013236000000000914 0 0 1.0 0.979381443298969
246 0.0013434000000001056 0 0 1.0 0.979381443298969
247 0.0024004999999999166 0 1 1.0 0.9896907216494846
248 0.0023563999999999252 0 0 1.0 0.9896907216494846
249 0.0019844999999999446 0 0 1.0 0.9896907216494846
250 0.0014399000000000495 0 0 1.0 0.9896907216494846
251 0.001394199999999901 0 0 1.0 0.9896907216494846
252 0.0013677000000000827 0 0 1.0 0.9896907216494846
253 0.0018288999999999112 0 1 1.0 1.0
