200 0.7 0.6
1 0.004466599999999987 1 0 0.005025125628140704 0.5012594458438288
2 0.0063469999999999915 0 0 0.005025125628140704 0.5012594458438288
3 0.006398100000000073 0 0 0.005025125628140704 0.5012594458438288
4 0.006367099999999959 1 0 0.010050251256281407 0.5012594458438288
5 0.006069099999999938 1 2 0.01507537688442211 0.5062972292191436
6 0.006393700000000058 1 1 0.020100502512562814 0.5088161209068011
7 0.006347600000000009 1 1 0.02512562814070352 0.5113350125944585
8 0.006186000000000025 1 1 0.03015075376884422 0.5138539042821159
9 0.006107299999999927 1 0 0.035175879396984924 0.5138539042821159
10 0.006418900000000005 1 2 0.04020100502512563 0.5188916876574308
11 0.0065798000000000245 1 0 0.04522613065326633 0.5188916876574308
12 0.006572200000000028 1 1 0.05025125628140704 0.5214105793450882
13 0.004545400000000033 1 0 0.05527638190954774 0.5214105793450882
14 0.004604500000000011 1 2 0.06030150753768844 0.5264483627204031
15 0.00472819999999996 1 2 0.06532663316582915 0.5314861460957179
16 0.004740599999999984 0 0 0.06532663316582915 0.5314861460957179
17 0.005007699999999948 1 1 0.07035175879396985 0.5340050377833753
18 0.005069700000000066 1 1 0.07537688442211055 0.5365239294710328
19 0.004673099999999986 1 0 0.08040201005025126 0.5365239294710328
20 0.005106900000000025 0 1 0.08040201005025126 0.5390428211586902
21 0.004585799999999973 1 0 0.08542713567839195 0.5390428211586902
22 0.004477900000000035 0 0 0.08542713567839195 0.5390428211586902
23 0.005009199999999936 0 0 0.08542713567839195 0.5390428211586902
24 0.004848899999999934 1 0 0.09045226130653267 0.5390428211586902
25 0.00475239999999999 1 2 0.09547738693467336 0.5440806045340051
26 0.004794099999999912 1 2 0.10050251256281408 0.5491183879093199
27 0.00477749999999999 0 0 0.10050251256281408 0.5491183879093199
28 0.0047352000000000505 1 1 0.10552763819095477 0.5516372795969773
29 0.0048247999999999625 1 0 0.11055276381909548 0.5516372795969773
30 0.004809000000000063 1 1 0.11557788944723618 0.5541561712846348
31 0.004797799999999963 1 1 0.12060301507537688 0.5566750629722922
32 0.005339700000000058 0 0 0.12060301507537688 0.5566750629722922
33 0.0053339000000000025 1 2 0.12562814070351758 0.5617128463476071
34 0.004826699999999962 1 1 0.1306532663316583 0.5642317380352645
35 0.004731600000000058 1 1 0.135678391959799 0.5667506297229219
36 0.004851300000000003 1 1 0.1407035175879397 0.5692695214105793
37 0.0049175999999999664 1 1 0.1457286432160804 0.5717884130982368
38 0.004931300000000083 1 1 0.1507537688442211 0.5743073047858942
39 0.005135100000000059 1 0 0.15577889447236182 0.5743073047858942
40 0.004911499999999958 1 2 0.16080402010050251 0.5793450881612091
41 0.00504389999999999 1 0 0.1658291457286432 0.5793450881612091
42 0.00479750000000001 1 0 0.1708542713567839 0.5793450881612091
43 0.005016499999999979 1 1 0.17587939698492464 0.5818639798488665
44 0.0048544000000000365 0 2 0.17587939698492464 0.5869017632241813
45 0.004905199999999943 1 1 0.18090452261306533 0.5894206549118388
46 0.005084199999999983 1 0 0.18592964824120603 0.5894206549118388
47 0.005244000000000026 1 0 0.19095477386934673 0.5894206549118388
48 0.005050600000000016 1 1 0.19597989949748743 0.5919395465994962
49 0.005356999999999945 1 0 0.20100502512562815 0.5919395465994962
50 0.005091999999999985 0 3 0.20100502512562815 0.5994962216624685
51 0.005110999999999977 1 1 0.20603015075376885 0.6020151133501259
52 0.005443799999999999 1 0 0.21105527638190955 0.6020151133501259
53 0.005289600000000005 0 1 0.21105527638190955 0.6045340050377834
54 0.005181999999999909 1 1 0.21608040201005024 0.6070528967254408
55 0.00520200000000004 0 0 0.21608040201005024 0.6070528967254408
56 0.005125500000000005 1 1 0.22110552763819097 0.6095717884130982
57 0.005244400000000038 0 0 0.22110552763819097 0.6095717884130982
58 0.005010599999999976 1 1 0.22613065326633167 0.6120906801007556
59 0.005307300000000015 1 1 0.23115577889447236 0.6146095717884131
60 0.005248900000000001 1 1 0.23618090452261306 0.6171284634760705
61 0.00561529999999999 0 0 0.23618090452261306 0.6171284634760705
62 0.004978700000000003 1 1 0.24120603015075376 0.6196473551637279
63 0.005189800000000022 1 0 0.24623115577889448 0.6196473551637279
64 0.005210300000000001 1 1 0.25125628140703515 0.6221662468513854
65 0.005230000000000068 1 2 0.2562814070351759 0.6272040302267002
66 0.005319200000000079 1 1 0.2613065326633166 0.6297229219143576
67 0.005298899999999995 1 0 0.2663316582914573 0.6297229219143576
68 0.0053946999999999745 1 2 0.271356783919598 0.6347607052896725
69 0.005380400000000063 0 0 0.271356783919598 0.6347607052896725
70 0.005816700000000008 1 1 0.27638190954773867 0.6372795969773299
71 0.005384200000000061 1 1 0.2814070351758794 0.6397984886649875
72 0.005533999999999928 1 0 0.2864321608040201 0.6397984886649875
73 0.006167299999999987 0 1 0.2864321608040201 0.6423173803526449
74 0.005424000000000095 0 0 0.2864321608040201 0.6423173803526449
75 0.00560459999999996 0 0 0.2864321608040201 0.6423173803526449
76 0.0060234999999999594 0 0 0.2864321608040201 0.6423173803526449
77 0.005453600000000058 1 0 0.2914572864321608 0.6423173803526449
78 0.005400100000000019 1 1 0.2964824120603015 0.6448362720403022
79 0.005299399999999954 0 0 0.2964824120603015 0.6448362720403022
80 0.005281300000000044 1 1 0.3015075376884422 0.6473551637279596
81 0.005404499999999923 1 2 0.3065326633165829 0.6523929471032746
82 0.005648700000000062 1 1 0.31155778894472363 0.654911838790932
83 0.005802799999999997 1 0 0.3165829145728643 0.654911838790932
84 0.0058867000000000225 0 0 0.3165829145728643 0.654911838790932
85 0.005477799999999977 1 1 0.32160804020100503 0.6574307304785895
86 0.005305800000000027 1 1 0.32663316582914576 0.6599496221662469
87 0.005561399999999939 0 1 0.32663316582914576 0.6624685138539043
88 0.005532800000000004 1 1 0.3316582914572864 0.6649874055415617
89 0.00576600000000016 0 0 0.3316582914572864 0.6649874055415617
90 0.007935200000000142 0 0 0.3316582914572864 0.6649874055415617
91 0.007826799999999912 1 1 0.33668341708542715 0.6675062972292192
92 0.0075465000000001226 1 0 0.3417085427135678 0.6675062972292192
93 0.008055900000000005 1 1 0.34673366834170855 0.6700251889168766
94 0.007002299999999906 1 1 0.35175879396984927 0.672544080604534
95 0.005923799999999924 0 0 0.35175879396984927 0.672544080604534
96 0.0061035000000000394 0 1 0.35175879396984927 0.6750629722921915
97 0.00555899999999987 0 0 0.35175879396984927 0.6750629722921915
98 0.005700599999999945 1 1 0.35678391959798994 0.6775818639798489
99 0.00551910000000011 0 0 0.35678391959798994 0.6775818639798489
100 0.01195999999999997 0 0 0.35678391959798994 0.6775818639798489
101 0.00987720000000003 0 0 0.35678391959798994 0.6775818639798489
102 0.011657899999999888 0 0 0.35678391959798994 0.6775818639798489
103 0.010074899999999998 1 1 0.36180904522613067 0.6801007556675063
104 0.006489199999999862 1 0 0.36683417085427134 0.6801007556675063
105 0.006158099999999944 1 1 0.37185929648241206 0.6826196473551638
106 0.0061475000000001945 0 0 0.37185929648241206 0.6826196473551638
107 0.0058589 1 1 0.3768844221105528 0.6851385390428212
108 0.005766299999999891 1 2 0.38190954773869346 0.690176322418136
109 0.006446299999999905 1 0 0.3869346733668342 0.690176322418136
110 0.008053499999999936 1 0 0.39195979899497485 0.690176322418136
111 0.005827999999999944 0 2 0.39195979899497485 0.6952141057934509
112 0.006238799999999989 0 0 0.39195979899497485 0.6952141057934509
113 0.005723300000000098 1 1 0.3969849246231156 0.6977329974811083
114 0.005832099999999896 1 1 0.4020100502512563 0.7002518891687658
115 0.006002899999999922 1 0 0.40703517587939697 0.7002518891687658
116 0.00595330000000005 1 1 0.4120603015075377 0.7027707808564232
117 0.006136700000000106 1 1 0.41708542713567837 0.7052896725440806
118 0.006049300000000146 0 0 0.41708542713567837 0.7052896725440806
119 0.005798099999999806 1 1 0.4221105527638191 0.707808564231738
120 0.00607050000000009 0 1 0.4221105527638191 0.7103274559193955
121 0.005848800000000098 1 1 0.4271356783919598 0.7128463476070529
122 0.0058087 1 1 0.4321608040201005 0.7153652392947103
123 0.005915699999999857 1 1 0.4371859296482412 0.7178841309823678
124 0.00578309999999993 1 1 0.44221105527638194 0.7204030226700252
125 0.005834099999999953 0 0 0.44221105527638194 0.7204030226700252
126 0.005580499999999988 1 1 0.4472361809045226 0.7229219143576826
127 0.005479300000000187 0 0 0.4472361809045226 0.7229219143576826
128 0.005642999999999843 0 0 0.4472361809045226 0.7229219143576826
129 0.005670199999999959 0 0 0.4472361809045226 0.7229219143576826
130 0.005560599999999916 0 0 0.4472361809045226 0.7229219143576826
131 0.006067900000000126 1 1 0.45226130653266333 0.72544080604534
132 0.005554599999999965 1 1 0.457286432160804 0.7279596977329975
133 0.005462999999999996 1 0 0.4623115577889447 0.7279596977329975
134 0.005745000000000111 1 1 0.46733668341708545 0.7304785894206549
135 0.005843299999999996 1 1 0.4723618090452261 0.7329974811083123
136 0.0059339000000000475 0 1 0.4723618090452261 0.7355163727959698
137 0.005864299999999822 1 1 0.47738693467336685 0.7380352644836272
138 0.006462399999999979 1 1 0.4824120603015075 0.7405541561712846
139 0.006117499999999998 0 0 0.4824120603015075 0.7405541561712846
140 0.005832999999999977 0 0 0.4824120603015075 0.7405541561712846
141 0.006213500000000094 1 0 0.48743718592964824 0.7405541561712846
142 0.006343899999999847 0 0 0.48743718592964824 0.7405541561712846
143 0.005881600000000153 1 1 0.49246231155778897 0.743073047858942
144 0.005900600000000145 0 1 0.49246231155778897 0.7455919395465995
145 0.005955800000000178 0 0 0.49246231155778897 0.7455919395465995
146 0.00596540000000001 0 0 0.49246231155778897 0.7455919395465995
147 0.00596400000000008 1 0 0.49748743718592964 0.7455919395465995
148 0.005800699999999992 0 0 0.49748743718592964 0.7455919395465995
149 0.005848599999999982 0 0 0.49748743718592964 0.7455919395465995
150 0.008233500000000005 0 1 0.49748743718592964 0.7481108312342569
151 0.008622399999999919 1 0 0.5025125628140703 0.7481108312342569
152 0.008303699999999914 1 1 0.507537688442211 0.7506297229219143
153 0.008362999999999898 0 0 0.507537688442211 0.7506297229219143
154 0.0058043000000000955 1 1 0.5125628140703518 0.7531486146095718
155 0.006043400000000032 1 2 0.5175879396984925 0.7581863979848866
156 0.006078600000000156 0 0 0.5175879396984925 0.7581863979848866
157 0.005904799999999932 1 1 0.5226130653266332 0.760705289672544
158 0.006240199999999918 1 0 0.5276381909547738 0.760705289672544
159 0.006045799999999879 1 1 0.5326633165829145 0.7632241813602015
160 0.006164000000000058 0 0 0.5326633165829145 0.7632241813602015
161 0.006877900000000103 1 2 0.5376884422110553 0.7682619647355163
162 0.006208500000000061 1 1 0.542713567839196 0.7707808564231738
163 0.006434400000000062 1 0 0.5477386934673367 0.7707808564231738
164 0.00626250000000006 0 1 0.5477386934673367 0.7732997481108312
165 0.0064078000000000745 1 0 0.5527638190954773 0.7732997481108312
166 0.006572900000000104 1 2 0.5577889447236181 0.7783375314861462
167 0.006375699999999984 1 0 0.5628140703517588 0.7783375314861462
168 0.006509300000000051 1 0 0.5678391959798995 0.7783375314861462
169 0.006309899999999979 1 3 0.5728643216080402 0.7858942065491183
170 0.0063622000000000956 0 0 0.5728643216080402 0.7858942065491183
171 0.006191199999999952 1 1 0.5778894472361809 0.7884130982367759
172 0.006318900000000127 0 0 0.5778894472361809 0.7884130982367759
173 0.006279600000000052 1 1 0.5829145728643216 0.7909319899244333
174 0.006395200000000045 1 0 0.5879396984924623 0.7909319899244333
175 0.0065142000000000255 1 2 0.592964824120603 0.7959697732997482
176 0.006353300000000006 0 0 0.592964824120603 0.7959697732997482
177 0.006666699999999803 1 0 0.5979899497487438 0.7959697732997482
178 0.0064982000000000095 1 0 0.6030150753768844 0.7959697732997482
179 0.006624500000000033 1 3 0.6080402010050251 0.8035264483627204
180 0.00648509999999991 1 0 0.6130653266331658 0.8035264483627204
181 0.006251400000000018 0 1 0.6130653266331658 0.8060453400503779
182 0.006271899999999997 0 0 0.6130653266331658 0.8060453400503779
183 0.006564400000000026 0 0 0.6130653266331658 0.8060453400503779
184 0.006597900000000045 1 1 0.6180904522613065 0.8085642317380353
185 0.0062294000000000516 1 1 0.6231155778894473 0.8110831234256927
186 0.00647120000000001 1 0 0.628140703517588 0.8110831234256927
187 0.008998000000000062 1 1 0.6331658291457286 0.8136020151133502
188 0.008665499999999993 0 0 0.6331658291457286 0.8136020151133502
189 0.009071300000000004 1 1 0.6381909547738693 0.8161209068010076
190 0.008626000000000023 1 0 0.6432160804020101 0.8161209068010076
191 0.008883699999999939 0 0 0.6432160804020101 0.8161209068010076
192 0.009380500000000014 1 2 0.6482412060301508 0.8211586901763224
193 0.009082400000000046 1 1 0.6532663316582915 0.8236775818639799
194 0.008784399999999914 0 1 0.6532663316582915 0.8261964735516373
195 0.009387699999999999 0 0 0.6532663316582915 0.8261964735516373
196 0.008384900000000028 1 1 0.6582914572864321 0.8287153652392947
197 0.010689300000000124 1 1 0.6633165829145728 0.8312342569269522
198 0.008677000000000046 1 1 0.6683417085427136 0.8337531486146096
199 0.009360999999999953 1 1 0.6733668341708543 0.836272040302267
200 0.009290199999999915 1 0 0.678391959798995 0.836272040302267
201 0.007326000000000166 1 2 0.6834170854271356 0.8413098236775819
202 0.006773899999999999 1 1 0.6884422110552764 0.8438287153652393
203 0.006745199999999896 1 1 0.6934673366834171 0.8463476070528967
204 0.006744300000000036 1 0 0.6984924623115578 0.8463476070528967
205 0.006737100000000051 1 1 0.7035175879396985 0.8488664987405542
206 0.006881499999999985 1 2 0.7085427135678392 0.853904282115869
207 0.007167099999999982 1 0 0.7135678391959799 0.853904282115869
208 0.009528199999999876 1 1 0.7185929648241206 0.8564231738035264
209 0.006984700000000066 0 0 0.7185929648241206 0.8564231738035264
210 0.006853999999999916 1 1 0.7236180904522613 0.8589420654911839
211 0.006862099999999982 0 0 0.7236180904522613 0.8589420654911839
212 0.006809999999999983 1 1 0.7286432160804021 0.8614609571788413
213 0.0067014000000000795 1 1 0.7336683417085427 0.8639798488664987
214 0.006586699999999945 1 1 0.7386934673366834 0.8664987405541562
215 0.00722529999999999 1 0 0.7437185929648241 0.8664987405541562
216 0.009652100000000052 1 2 0.7487437185929648 0.871536523929471
217 0.009704700000000122 1 2 0.7537688442211056 0.8765743073047859
218 0.00972839999999997 1 0 0.7587939698492462 0.8765743073047859
219 0.007115599999999889 1 1 0.7638190954773869 0.8790931989924433
220 0.0070069999999999855 1 1 0.7688442211055276 0.8816120906801007
221 0.006865999999999817 1 1 0.7738693467336684 0.8841309823677582
222 0.006763199999999969 0 0 0.7738693467336684 0.8841309823677582
223 0.0068061999999999845 1 2 0.7788944723618091 0.889168765743073
224 0.006875799999999765 1 1 0.7839195979899497 0.8916876574307305
225 0.006713100000000249 0 0 0.7839195979899497 0.8916876574307305
226 0.006486000000000214 1 0 0.7889447236180904 0.8916876574307305
227 0.006825700000000268 1 1 0.7939698492462312 0.8942065491183879
228 0.0066014000000000905 1 1 0.7989949748743719 0.8967254408060453
229 0.012130200000000091 1 2 0.8040201005025126 0.9017632241813602
230 0.006707899999999878 1 1 0.8090452261306532 0.9042821158690176
231 0.006961200000000112 1 1 0.8140703517587939 0.906801007556675
232 0.006889800000000168 0 0 0.8140703517587939 0.906801007556675
233 0.006833000000000311 1 1 0.8190954773869347 0.9093198992443325
234 0.010621700000000178 1 1 0.8241206030150754 0.9118387909319899
235 0.007039199999999912 0 0 0.8241206030150754 0.9118387909319899
236 0.00702270000000027 1 0 0.8291457286432161 0.9118387909319899
237 0.007002400000000186 1 1 0.8341708542713567 0.9143576826196473
238 0.0069094000000000655 0 0 0.8341708542713567 0.9143576826196473
239 0.009993999999999836 0 1 0.8341708542713567 0.9168765743073047
240 0.008750500000000105 1 1 0.8391959798994975 0.9193954659949622
241 0.007602200000000003 1 0 0.8442211055276382 0.9193954659949622
242 0.007091700000000145 1 0 0.8492462311557789 0.9193954659949622
243 0.00695710000000016 1 1 0.8542713567839196 0.9219143576826196
244 0.007109300000000207 0 1 0.8542713567839196 0.924433249370277
245 0.012328299999999626 1 0 0.8592964824120602 0.924433249370277
246 0.006889900000000004 1 2 0.864321608040201 0.929471032745592
247 0.0070133999999999475 1 1 0.8693467336683417 0.9319899244332494
248 0.007486199999999776 1 1 0.8743718592964824 0.9345088161209067
249 0.007252100000000095 1 1 0.8793969849246231 0.9370277078085643
250 0.006810699999999947 1 1 0.8844221105527639 0.9395465994962217
251 0.007327499999999709 1 2 0.8894472361809045 0.9445843828715366
252 0.007195100000000121 1 0 0.8944723618090452 0.9445843828715366
253 0.007787099999999825 1 0 0.8994974874371859 0.9445843828715366
254 0.00791279999999972 1 3 0.9045226130653267 0.9521410579345088
255 0.007530700000000223 1 1 0.9095477386934674 0.9546599496221663
256 0.007273200000000202 0 0 0.9095477386934674 0.9546599496221663
257 0.007321999999999829 1 0 0.914572864321608 0.9546599496221663
258 0.007182999999999939 1 2 0.9195979899497487 0.9596977329974811
259 0.007368900000000345 0 0 0.9195979899497487 0.9596977329974811
260 0.0072928999999999355 0 0 0.9195979899497487 0.9596977329974811
261 0.007259700000000091 1 0 0.9246231155778895 0.9596977329974811
262 0.007094300000000331 1 0 0.9296482412060302 0.9596977329974811
263 0.0073273000000000366 0 1 0.9296482412060302 0.9622166246851386
264 0.0070190000000001085 0 0 0.9296482412060302 0.9622166246851386
265 0.007039699999999982 1 0 0.9346733668341709 0.9622166246851386
266 0.007374599999999898 1 3 0.9396984924623115 0.9697732997481109
267 0.010460699999999878 0 0 0.9396984924623115 0.9697732997481109
268 0.009887300000000376 0 0 0.9396984924623115 0.9697732997481109
269 0.0072000999999999316 1 0 0.9447236180904522 0.9697732997481109
270 0.0073392999999999375 1 1 0.949748743718593 0.9722921914357683
271 0.007406899999999883 0 0 0.949748743718593 0.9722921914357683
272 0.007524699999999829 1 1 0.9547738693467337 0.9748110831234257
273 0.007561300000000326 0 1 0.9547738693467337 0.9773299748110831
274 0.007300700000000049 1 0 0.9597989949748744 0.9773299748110831
275 0.007529099999999733 1 2 0.964824120603015 0.982367758186398
276 0.0074689000000001116 1 1 0.9698492462311558 0.9848866498740554
277 0.008274200000000231 0 0 0.9698492462311558 0.9848866498740554
278 0.007411400000000068 1 1 0.9748743718592965 0.9874055415617129
279 0.008245599999999964 1 1 0.9798994974874372 0.9899244332493703
280 0.0077840999999998495 1 1 0.9849246231155779 0.9924433249370277
281 0.007484700000000011 1 0 0.9899497487437185 0.9924433249370277
282 0.007674300000000134 0 1 0.9899497487437185 0.9949622166246851
283 0.007503200000000376 0 0 0.9899497487437185 0.9949622166246851
284 0.0075176999999997385 1 0 0.9949748743718593 0.9949622166246851
285 0.007634599999999825 1 1 1.0 0.9974811083123426
286 0.0077856999999998955 0 0 1.0 0.9974811083123426
287 0.008229500000000112 0 1 1.0 1.0
