90 0.5 0.8
1 0.0018425999999999998 1 0 0.011235955056179775 0.5028248587570622
2 0.0017013999999999918 1 1 0.02247191011235955 0.5084745762711864
3 0.0020397999999999805 0 0 0.02247191011235955 0.5084745762711864
4 0.0019801999999999875 1 1 0.033707865168539325 0.5141242937853108
5 0.001869599999999999 0 0 0.033707865168539325 0.5141242937853108
6 0.0017905000000000004 0 0 0.033707865168539325 0.5141242937853108
7 0.0018841999999999748 0 0 0.033707865168539325 0.5141242937853108
8 0.001920299999999986 1 1 0.0449438202247191 0.519774011299435
9 0.001906999999999992 0 0 0.0449438202247191 0.519774011299435
10 0.0018395999999999968 1 0 0.056179775280898875 0.519774011299435
11 0.0019833999999999963 1 2 0.06741573033707865 0.5310734463276836
12 0.0022911999999999932 0 0 0.06741573033707865 0.5310734463276836
13 0.0018147000000000024 1 1 0.07865168539325842 0.536723163841808
14 0.0019731000000000054 0 0 0.07865168539325842 0.536723163841808
15 0.0018630999999999787 1 1 0.0898876404494382 0.5423728813559322
16 0.001977699999999999 1 1 0.10112359550561797 0.5480225988700564
17 0.0020011000000000057 1 1 0.11235955056179775 0.5536723163841808
18 0.0023521999999999987 0 0 0.11235955056179775 0.5536723163841808
19 0.0018335000000000434 1 1 0.12359550561797752 0.559322033898305
20 0.001999899999999999 1 0 0.1348314606741573 0.559322033898305
21 0.0019220000000000348 0 0 0.1348314606741573 0.559322033898305
22 0.001941499999999985 1 1 0.14606741573033707 0.5649717514124294
23 0.0020225999999999855 1 0 0.15730337078651685 0.5649717514124294
24 0.002036299999999991 0 2 0.15730337078651685 0.576271186440678
25 0.0019200000000000328 0 0 0.15730337078651685 0.576271186440678
26 0.0020098999999999534 1 1 0.16853932584269662 0.5819209039548022
27 0.0020723999999999743 1 1 0.1797752808988764 0.5875706214689266
28 0.0024079000000000184 1 1 0.19101123595505617 0.5932203389830508
29 0.002039800000000036 0 0 0.19101123595505617 0.5932203389830508
30 0.0020696000000000048 0 0 0.19101123595505617 0.5932203389830508
31 0.0019217999999999735 1 0 0.20224719101123595 0.5932203389830508
32 0.0021293000000000006 0 0 0.20224719101123595 0.5932203389830508
33 0.0020396000000000303 0 0 0.20224719101123595 0.5932203389830508
34 0.001977400000000018 1 1 0.21348314606741572 0.5988700564971752
35 0.002198499999999992 1 1 0.2247191011235955 0.6045197740112994
36 0.0021062000000000025 0 0 0.2247191011235955 0.6045197740112994
37 0.002027900000000027 1 1 0.23595505617977527 0.6101694915254238
38 0.0022447999999999912 1 0 0.24719101123595505 0.6101694915254238
39 0.001975400000000016 0 2 0.24719101123595505 0.6214689265536724
40 0.002025100000000002 0 0 0.24719101123595505 0.6214689265536724
41 0.0021340000000000248 0 0 0.24719101123595505 0.6214689265536724
42 0.002207099999999962 1 1 0.25842696629213485 0.6271186440677966
43 0.0024363000000000024 1 1 0.2696629213483146 0.632768361581921
44 0.002259100000000014 1 0 0.2808988764044944 0.632768361581921
45 0.002546700000000013 0 0 0.2808988764044944 0.632768361581921
46 0.0021194999999999964 1 1 0.29213483146067415 0.6384180790960452
47 0.002095300000000022 0 0 0.29213483146067415 0.6384180790960452
48 0.0025251000000000023 1 2 0.30337078651685395 0.6497175141242938
49 0.0023846000000000145 0 0 0.30337078651685395 0.6497175141242938
50 0.002238700000000038 1 1 0.3146067415730337 0.655367231638418
51 0.0023384999999999656 1 1 0.3258426966292135 0.6610169491525424
52 0.0024925000000000086 1 1 0.33707865168539325 0.6666666666666666
53 0.0022485999999999895 1 1 0.34831460674157305 0.672316384180791
54 0.0019698000000000215 1 1 0.3595505617977528 0.6779661016949152
55 0.0023080000000000322 0 0 0.3595505617977528 0.6779661016949152
56 0.002103500000000036 0 0 0.3595505617977528 0.6779661016949152
57 0.002052100000000001 1 0 0.3707865168539326 0.6779661016949152
58 0.002345700000000006 0 0 0.3707865168539326 0.6779661016949152
59 0.002563800000000005 0 0 0.3707865168539326 0.6779661016949152
60 0.0023675000000000224 0 0 0.3707865168539326 0.6779661016949152
61 0.0024348000000000147 1 1 0.38202247191011235 0.6836158192090396
62 0.0020679999999999588 0 0 0.38202247191011235 0.6836158192090396
63 0.002126700000000037 0 0 0.38202247191011235 0.6836158192090396
64 0.0022788999999999726 0 0 0.38202247191011235 0.6836158192090396
65 0.0025180999999999676 1 2 0.39325842696629215 0.6949152542372882
66 0.0025192999999999466 1 1 0.4044943820224719 0.7005649717514124
67 0.0023353999999999875 1 1 0.4157303370786517 0.7062146892655368
68 0.0021175999999999973 1 1 0.42696629213483145 0.711864406779661
69 0.002360299999999982 0 0 0.42696629213483145 0.711864406779661
70 0.0022668000000000132 1 1 0.43820224719101125 0.7175141242937854
71 0.002312499999999995 1 1 0.449438202247191 0.7231638418079096
72 0.0022699999999999942 1 1 0.4606741573033708 0.7288135593220338
73 0.0022055999999999742 0 0 0.4606741573033708 0.7288135593220338
74 0.0023362000000000105 0 0 0.4606741573033708 0.7288135593220338
75 0.0025161999999999685 1 1 0.47191011235955055 0.7344632768361582
76 0.0023179999999999867 1 1 0.48314606741573035 0.7401129943502824
77 0.0024965000000000126 1 1 0.4943820224719101 0.7457627118644068
78 0.002801900000000024 1 1 0.5056179775280899 0.751412429378531
79 0.002549799999999991 1 0 0.5168539325842697 0.751412429378531
80 0.0024432999999999816 1 1 0.5280898876404494 0.7570621468926554
81 0.0025650000000000395 0 1 0.5280898876404494 0.7627118644067796
82 0.002489499999999978 0 0 0.5280898876404494 0.7627118644067796
83 0.0024079000000000184 0 0 0.5280898876404494 0.7627118644067796
84 0.0024792000000000147 1 1 0.5393258426966292 0.768361581920904
85 0.0025199000000000193 1 1 0.550561797752809 0.7740112994350282
86 0.0025392000000000192 1 1 0.5617977528089888 0.7796610169491526
87 0.0025417000000000356 0 0 0.5617977528089888 0.7796610169491526
88 0.0024090999999999974 1 1 0.5730337078651685 0.7853107344632768
89 0.0024635000000000074 1 0 0.5842696629213483 0.7853107344632768
90 0.002448600000000023 0 0 0.5842696629213483 0.7853107344632768
91 0.0024415999999999882 0 0 0.5842696629213483 0.7853107344632768
92 0.0024056000000000077 0 0 0.5842696629213483 0.7853107344632768
93 0.0024058000000000135 1 2 0.5955056179775281 0.7966101694915254
94 0.0023626999999999954 0 0 0.5955056179775281 0.7966101694915254
95 0.0024356000000000377 0 0 0.5955056179775281 0.7966101694915254
96 0.0023150000000000115 1 1 0.6067415730337079 0.8022598870056498
97 0.002483499999999972 0 0 0.6067415730337079 0.8022598870056498
98 0.0025106000000000295 0 0 0.6067415730337079 0.8022598870056498
99 0.002500599999999964 0 0 0.6067415730337079 0.8022598870056498
100 0.0025937999999999795 1 1 0.6179775280898876 0.807909604519774
101 0.00243850000000001 0 0 0.6179775280898876 0.807909604519774
102 0.0024596000000000062 0 0 0.6179775280898876 0.807909604519774
103 0.002605000000000024 0 0 0.6179775280898876 0.807909604519774
104 0.00254660000000001 1 1 0.6292134831460674 0.8135593220338984
105 0.002680899999999986 1 1 0.6404494382022472 0.8192090395480226
106 0.002535300000000018 1 0 0.651685393258427 0.8192090395480226
107 0.002560500000000021 1 1 0.6629213483146067 0.8248587570621468
108 0.0024654000000000065 0 1 0.6629213483146067 0.8305084745762712
109 0.002897099999999986 1 1 0.6741573033707865 0.8361581920903954
110 0.002687099999999998 1 1 0.6853932584269663 0.8418079096045198
111 0.002430500000000002 0 0 0.6853932584269663 0.8418079096045198
112 0.0026132000000000377 1 1 0.6966292134831461 0.847457627118644
113 0.002581999999999973 0 0 0.6966292134831461 0.847457627118644
114 0.0024768000000000012 1 1 0.7078651685393258 0.8531073446327684
115 0.0026116999999999946 0 0 0.7078651685393258 0.8531073446327684
116 0.002689499999999956 1 1 0.7191011235955056 0.8587570621468926
117 0.0029679999999999707 1 1 0.7303370786516854 0.864406779661017
118 0.002612300000000012 1 0 0.7415730337078652 0.864406779661017
119 0.00256730000000005 0 0 0.7415730337078652 0.864406779661017
120 0.002596599999999949 1 2 0.7528089887640449 0.8757062146892656
121 0.002942699999999965 1 1 0.7640449438202247 0.8813559322033898
122 0.0026802000000000215 1 1 0.7752808988764045 0.8870056497175142
123 0.002631599999999956 0 0 0.7752808988764045 0.8870056497175142
124 0.002731599999999945 1 0 0.7865168539325843 0.8870056497175142
125 0.002739599999999953 0 0 0.7865168539325843 0.8870056497175142
126 0.0027223000000000663 1 1 0.797752808988764 0.8926553672316384
127 0.002997400000000039 1 1 0.8089887640449438 0.8983050847457628
128 0.002735799999999955 0 1 0.8089887640449438 0.903954802259887
129 0.0028028999999999415 1 1 0.8202247191011236 0.9096045197740112
130 0.0028042000000000344 1 1 0.8314606741573034 0.9152542372881356
131 0.002730799999999922 1 1 0.8426966292134831 0.9209039548022598
132 0.0026519999999999877 1 1 0.8539325842696629 0.9265536723163842
133 0.0029495999999999967 1 0 0.8651685393258427 0.9265536723163842
134 0.002935000000000021 1 2 0.8764044943820225 0.9378531073446328
135 0.002899500000000055 1 1 0.8876404494382022 0.943502824858757
136 0.002835600000000049 1 1 0.898876404494382 0.9491525423728814
137 0.0027727000000000723 0 0 0.898876404494382 0.9491525423728814
138 0.003042199999999995 0 0 0.898876404494382 0.9491525423728814
139 0.0029900999999999955 0 0 0.898876404494382 0.9491525423728814
140 0.002974799999999944 1 1 0.9101123595505618 0.9548022598870056
141 0.002720600000000073 0 0 0.9101123595505618 0.9548022598870056
142 0.0028642000000000944 0 0 0.9101123595505618 0.9548022598870056
143 0.002912099999999973 1 1 0.9213483146067416 0.96045197740113
144 0.0031770999999999328 1 1 0.9325842696629213 0.9661016949152542
145 0.0029922999999999478 1 1 0.9438202247191011 0.9717514124293786
146 0.0032570000000000654 1 1 0.9550561797752809 0.9774011299435028
147 0.0029572999999999405 0 0 0.9550561797752809 0.9774011299435028
148 0.0030599000000000043 1 0 0.9662921348314607 0.9774011299435028
149 0.002820099999999992 0 0 0.9662921348314607 0.9774011299435028
150 0.0027127999999999597 0 1 0.9662921348314607 0.9830508474576272
151 0.0029421000000000586 0 0 0.9662921348314607 0.9830508474576272
152 0.0028032000000000057 1 0 0.9775280898876404 0.9830508474576272
153 0.002889699999999995 0 1 0.9775280898876404 0.9887005649717514
154 0.0030345999999999984 1 1 0.9887640449438202 0.9943502824858758
155 0.0030111000000000443 0 0 0.9887640449438202 0.9943502824858758
156 0.0029129999999999434 0 0 0.9887640449438202 0.9943502824858758
157 0.0031092999999999815 1 1 1.0 1.0
