200 0.8 0.7
1 0.004162899999999969 1 0 0.005025125628140704 0.5012594458438288
2 0.004454899999999984 1 1 0.010050251256281407 0.5037783375314862
3 0.004507399999999995 1 1 0.01507537688442211 0.5062972292191436
4 0.004339800000000005 0 0 0.01507537688442211 0.5062972292191436
5 0.0045671999999999935 1 1 0.020100502512562814 0.5088161209068011
6 0.004113599999999995 0 0 0.020100502512562814 0.5088161209068011
7 0.004225800000000002 1 1 0.02512562814070352 0.5113350125944585
8 0.004187200000000002 0 0 0.02512562814070352 0.5113350125944585
9 0.004593000000000069 0 0 0.02512562814070352 0.5113350125944585
10 0.004185300000000058 1 1 0.03015075376884422 0.5138539042821159
11 0.004164900000000027 1 1 0.035175879396984924 0.5163727959697733
12 0.004605699999999935 1 0 0.04020100502512563 0.5163727959697733
13 0.004646499999999998 1 2 0.04522613065326633 0.5214105793450882
14 0.004553400000000041 1 1 0.05025125628140704 0.5239294710327456
15 0.0044087999999999905 1 0 0.05527638190954774 0.5239294710327456
16 0.004708099999999993 1 2 0.06030150753768844 0.5289672544080605
17 0.00470169999999992 0 0 0.06030150753768844 0.5289672544080605
18 0.004608599999999963 1 0 0.06532663316582915 0.5289672544080605
19 0.004397300000000048 1 1 0.07035175879396985 0.5314861460957179
20 0.004210599999999953 1 2 0.07537688442211055 0.5365239294710328
21 0.004735900000000015 1 1 0.08040201005025126 0.5390428211586902
22 0.004816200000000048 1 0 0.08542713567839195 0.5390428211586902
23 0.004365999999999981 1 2 0.09045226130653267 0.5440806045340051
24 0.0048327999999999705 1 1 0.09547738693467336 0.5465994962216625
25 0.0048703999999999414 1 1 0.10050251256281408 0.5491183879093199
26 0.004786300000000021 0 0 0.10050251256281408 0.5491183879093199
27 0.004886900000000027 1 1 0.10552763819095477 0.5516372795969773
28 0.004862900000000003 1 1 0.11055276381909548 0.5541561712846348
29 0.004832100000000006 1 0 0.11557788944723618 0.5541561712846348
30 0.004673699999999892 1 1 0.12060301507537688 0.5566750629722922
31 0.004902999999999991 1 1 0.12562814070351758 0.5591939546599496
32 0.004921300000000017 1 1 0.1306532663316583 0.5617128463476071
33 0.004415500000000017 1 2 0.135678391959799 0.5667506297229219
34 0.006232899999999986 1 0 0.1407035175879397 0.5667506297229219
35 0.006490600000000013 1 1 0.1457286432160804 0.5692695214105793
36 0.006461300000000003 0 0 0.1457286432160804 0.5692695214105793
37 0.00653439999999994 0 1 0.1457286432160804 0.5717884130982368
38 0.0062099000000001014 0 0 0.1457286432160804 0.5717884130982368
39 0.004406099999999968 1 0 0.1507537688442211 0.5717884130982368
40 0.00463990000000003 1 1 0.15577889447236182 0.5743073047858942
41 0.004708999999999963 1 2 0.16080402010050251 0.5793450881612091
42 0.00454549999999998 1 1 0.1658291457286432 0.5818639798488665
43 0.00451160000000006 0 0 0.1658291457286432 0.5818639798488665
44 0.0047159999999999425 1 1 0.1708542713567839 0.5843828715365239
45 0.005967400000000067 1 0 0.17587939698492464 0.5843828715365239
46 0.004816399999999943 1 2 0.18090452261306533 0.5894206549118388
47 0.004966499999999985 1 1 0.18592964824120603 0.5919395465994962
48 0.00486209999999998 1 1 0.19095477386934673 0.5944584382871536
49 0.004970699999999995 1 0 0.19597989949748743 0.5944584382871536
50 0.004672400000000021 1 2 0.20100502512562815 0.5994962216624685
51 0.004638199999999926 1 1 0.20603015075376885 0.6020151133501259
52 0.004631799999999964 1 0 0.21105527638190955 0.6020151133501259
53 0.004598600000000008 0 1 0.21105527638190955 0.6045340050377834
54 0.004637800000000025 1 1 0.21608040201005024 0.6070528967254408
55 0.004656899999999964 1 1 0.22110552763819097 0.6095717884130982
56 0.02206050000000004 1 0 0.22613065326633167 0.6095717884130982
57 0.009828199999999954 1 1 0.23115577889447236 0.6120906801007556
58 0.006919699999999973 1 1 0.23618090452261306 0.6146095717884131
59 0.005855900000000025 1 1 0.24120603015075376 0.6171284634760705
60 0.005085999999999924 1 1 0.24623115577889448 0.6196473551637279
61 0.0047271999999999315 1 1 0.25125628140703515 0.6221662468513854
62 0.0050683000000000256 1 2 0.2562814070351759 0.6272040302267002
63 0.005018599999999984 1 1 0.2613065326633166 0.6297229219143576
64 0.004758299999999993 1 1 0.2663316582914573 0.6322418136020151
65 0.004766599999999954 1 0 0.271356783919598 0.6322418136020151
66 0.005107799999999996 1 1 0.27638190954773867 0.6347607052896725
67 0.004928199999999938 0 1 0.27638190954773867 0.6372795969773299
68 0.005462599999999984 1 0 0.2814070351758794 0.6372795969773299
69 0.00484119999999999 0 0 0.2814070351758794 0.6372795969773299
70 0.005315200000000075 1 2 0.2864321608040201 0.6423173803526449
71 0.004793999999999965 0 0 0.2864321608040201 0.6423173803526449
72 0.004975400000000185 1 0 0.2914572864321608 0.6423173803526449
73 0.005137699999999912 1 2 0.2964824120603015 0.6473551637279596
74 0.004948500000000022 1 1 0.3015075376884422 0.6498740554156172
75 0.0050578999999999485 1 1 0.3065326633165829 0.6523929471032746
76 0.005039100000000074 1 1 0.31155778894472363 0.654911838790932
77 0.004902099999999798 0 0 0.31155778894472363 0.654911838790932
78 0.004939000000000027 1 1 0.3165829145728643 0.6574307304785895
79 0.004937199999999864 0 0 0.3165829145728643 0.6574307304785895
80 0.00501459999999998 1 1 0.32160804020100503 0.6599496221662469
81 0.00542319999999985 1 1 0.32663316582914576 0.6624685138539043
82 0.005696100000000204 1 0 0.3316582914572864 0.6624685138539043
83 0.0053995000000000015 1 0 0.33668341708542715 0.6624685138539043
84 0.00549770000000005 1 2 0.3417085427135678 0.6675062972292192
85 0.00569569999999997 0 1 0.3417085427135678 0.6700251889168766
86 0.005697300000000016 1 1 0.34673366834170855 0.672544080604534
87 0.0051307000000000436 1 1 0.35175879396984927 0.6750629722921915
88 0.00530419999999987 1 0 0.35678391959798994 0.6750629722921915
89 0.005714999999999915 1 0 0.36180904522613067 0.6750629722921915
90 0.005597300000000027 1 1 0.36683417085427134 0.6775818639798489
91 0.00559109999999996 0 2 0.36683417085427134 0.6826196473551638
92 0.005820599999999843 1 1 0.37185929648241206 0.6851385390428212
93 0.005770099999999889 1 1 0.3768844221105528 0.6876574307304786
94 0.00516289999999997 1 1 0.38190954773869346 0.690176322418136
95 0.005875299999999806 0 0 0.38190954773869346 0.690176322418136
96 0.005499999999999838 1 1 0.3869346733668342 0.6926952141057935
97 0.005443100000000145 1 1 0.39195979899497485 0.6952141057934509
98 0.00584450000000003 1 1 0.3969849246231156 0.6977329974811083
99 0.005431900000000045 1 1 0.4020100502512563 0.7002518891687658
100 0.009678599999999982 1 1 0.40703517587939697 0.7027707808564232
101 0.005636799999999997 0 0 0.40703517587939697 0.7027707808564232
102 0.005735800000000069 0 0 0.40703517587939697 0.7027707808564232
103 0.0058818999999998844 1 1 0.4120603015075377 0.7052896725440806
104 0.005871799999999983 0 0 0.4120603015075377 0.7052896725440806
105 0.005820900000000018 1 1 0.41708542713567837 0.707808564231738
106 0.005832800000000082 1 1 0.4221105527638191 0.7103274559193955
107 0.005446000000000062 1 0 0.4271356783919598 0.7103274559193955
108 0.0059750999999999 1 1 0.4321608040201005 0.7128463476070529
109 0.005645399999999912 0 0 0.4321608040201005 0.7128463476070529
110 0.005715899999999996 1 1 0.4371859296482412 0.7153652392947103
111 0.0053723000000001075 1 1 0.44221105527638194 0.7178841309823678
112 0.006001499999999993 1 2 0.4472361809045226 0.7229219143576826
113 0.005963299999999894 1 0 0.45226130653266333 0.7229219143576826
114 0.00570690000000007 1 1 0.457286432160804 0.72544080604534
115 0.006122900000000042 1 1 0.4623115577889447 0.7279596977329975
116 0.006104399999999899 1 1 0.46733668341708545 0.7304785894206549
117 0.006248099999999868 1 2 0.4723618090452261 0.7355163727959698
118 0.005705199999999966 1 1 0.47738693467336685 0.7380352644836272
119 0.005440099999999948 1 1 0.4824120603015075 0.7405541561712846
120 0.005425999999999931 1 0 0.48743718592964824 0.7405541561712846
121 0.00559059999999989 0 1 0.48743718592964824 0.743073047858942
122 0.005473600000000189 1 0 0.49246231155778897 0.743073047858942
123 0.005533299999999963 1 2 0.49748743718592964 0.7481108312342569
124 0.005735999999999963 1 1 0.5025125628140703 0.7506297229219143
125 0.005482600000000115 1 1 0.507537688442211 0.7531486146095718
126 0.005395200000000155 1 1 0.5125628140703518 0.7556675062972292
127 0.005637399999999904 1 1 0.5175879396984925 0.7581863979848866
128 0.005453700000000117 1 0 0.5226130653266332 0.7581863979848866
129 0.005483200000000021 1 2 0.5276381909547738 0.7632241813602015
130 0.005577699999999908 1 1 0.5326633165829145 0.7657430730478589
131 0.005661999999999834 1 1 0.5376884422110553 0.7682619647355163
132 0.005503399999999825 0 0 0.5376884422110553 0.7682619647355163
133 0.005503599999999942 0 0 0.5376884422110553 0.7682619647355163
134 0.005630199999999919 1 1 0.542713567839196 0.7707808564231738
135 0.005536599999999892 1 1 0.5477386934673367 0.7732997481108312
136 0.0056194999999998885 1 1 0.5527638190954773 0.7758186397984886
137 0.005829299999999815 1 1 0.5577889447236181 0.7783375314861462
138 0.005682100000000023 1 1 0.5628140703517588 0.7808564231738035
139 0.005690100000000031 1 1 0.5678391959798995 0.783375314861461
140 0.006065600000000115 1 1 0.5728643216080402 0.7858942065491183
141 0.00610529999999998 1 1 0.5778894472361809 0.7884130982367759
142 0.005929199999999968 1 1 0.5829145728643216 0.7909319899244333
143 0.006021400000000066 1 1 0.5879396984924623 0.7934508816120907
144 0.005797400000000064 1 1 0.592964824120603 0.7959697732997482
145 0.005767700000000042 1 0 0.5979899497487438 0.7959697732997482
146 0.005748099999999923 1 2 0.6030150753768844 0.801007556675063
147 0.006143200000000126 1 0 0.6080402010050251 0.801007556675063
148 0.006009799999999954 1 1 0.6130653266331658 0.8035264483627204
149 0.006024800000000052 1 2 0.6180904522613065 0.8085642317380353
150 0.005902999999999992 1 1 0.6231155778894473 0.8110831234256927
151 0.005943099999999868 0 0 0.6231155778894473 0.8110831234256927
152 0.0057530999999999555 1 0 0.628140703517588 0.8110831234256927
153 0.005927800000000039 1 1 0.6331658291457286 0.8136020151133502
154 0.005832199999999954 1 0 0.6381909547738693 0.8136020151133502
155 0.005775400000000097 0 1 0.6381909547738693 0.8161209068010076
156 0.0057787000000000255 1 0 0.6432160804020101 0.8161209068010076
157 0.0057611000000001855 0 2 0.6432160804020101 0.8211586901763224
158 0.005884900000000082 0 0 0.6432160804020101 0.8211586901763224
159 0.005861400000000128 1 1 0.6482412060301508 0.8236775818639799
160 0.0060307000000001665 0 0 0.6482412060301508 0.8236775818639799
161 0.00608809999999993 1 1 0.6532663316582915 0.8261964735516373
162 0.006356499999999876 1 0 0.6582914572864321 0.8261964735516373
163 0.006254900000000063 0 1 0.6582914572864321 0.8287153652392947
164 0.005777300000000096 0 0 0.6582914572864321 0.8287153652392947
165 0.005980099999999933 0 0 0.6582914572864321 0.8287153652392947
166 0.005956199999999967 1 1 0.6633165829145728 0.8312342569269522
167 0.005938299999999952 0 0 0.6633165829145728 0.8312342569269522
168 0.005920499999999995 1 0 0.6683417085427136 0.8312342569269522
169 0.006726400000000021 1 1 0.6733668341708543 0.8337531486146096
170 0.005914399999999986 0 1 0.6733668341708543 0.836272040302267
171 0.005948199999999959 1 1 0.678391959798995 0.8387909319899244
172 0.006048199999999948 1 1 0.6834170854271356 0.8413098236775819
173 0.0061283000000000865 1 1 0.6884422110552764 0.8438287153652393
174 0.006049799999999994 0 0 0.6884422110552764 0.8438287153652393
175 0.006144200000000044 1 1 0.6934673366834171 0.8463476070528967
176 0.0059499999999999 1 0 0.6984924623115578 0.8463476070528967
177 0.006053400000000098 1 1 0.7035175879396985 0.8488664987405542
178 0.006332800000000027 1 2 0.7085427135678392 0.853904282115869
179 0.00600770000000006 0 0 0.7085427135678392 0.853904282115869
180 0.006169299999999822 1 0 0.7135678391959799 0.853904282115869
181 0.010880299999999954 1 1 0.7185929648241206 0.8564231738035264
182 0.008841700000000063 1 2 0.7236180904522613 0.8614609571788413
183 0.008904600000000151 1 1 0.7286432160804021 0.8639798488664987
184 0.008812400000000054 1 0 0.7336683417085427 0.8639798488664987
185 0.00904230000000017 0 1 0.7336683417085427 0.8664987405541562
186 0.00889350000000011 1 1 0.7386934673366834 0.8690176322418136
187 0.007948500000000136 1 1 0.7437185929648241 0.871536523929471
188 0.008557700000000112 1 1 0.7487437185929648 0.8740554156171285
189 0.009072799999999992 1 1 0.7537688442211056 0.8765743073047859
190 0.006430299999999889 1 1 0.7587939698492462 0.8790931989924433
191 0.006239800000000129 1 1 0.7638190954773869 0.8816120906801007
192 0.008516799999999991 1 1 0.7688442211055276 0.8841309823677582
193 0.008563600000000005 0 0 0.7688442211055276 0.8841309823677582
194 0.006557600000000052 1 1 0.7738693467336684 0.8866498740554156
195 0.00621129999999992 1 1 0.7788944723618091 0.889168765743073
196 0.006195700000000137 1 1 0.7839195979899497 0.8916876574307305
197 0.006394800000000034 1 1 0.7889447236180904 0.8942065491183879
198 0.006385799999999886 1 1 0.7939698492462312 0.8967254408060453
199 0.006320300000000056 1 0 0.7989949748743719 0.8967254408060453
200 0.0064165999999998835 1 1 0.8040201005025126 0.8992443324937027
201 0.006273799999999996 1 2 0.8090452261306532 0.9042821158690176
202 0.006515999999999966 1 1 0.8140703517587939 0.906801007556675
203 0.009345700000000123 1 1 0.8190954773869347 0.9093198992443325
204 0.009238199999999974 1 1 0.8241206030150754 0.9118387909319899
205 0.009170500000000192 1 1 0.8291457286432161 0.9143576826196473
206 0.00690640000000009 1 1 0.8341708542713567 0.9168765743073047
207 0.006388800000000083 1 1 0.8391959798994975 0.9193954659949622
208 0.006801999999999975 1 1 0.8442211055276382 0.9219143576826196
209 0.009165800000000113 1 1 0.8492462311557789 0.924433249370277
210 0.009322799999999853 1 1 0.8542713567839196 0.9269521410579346
211 0.00649730000000015 0 0 0.8542713567839196 0.9269521410579346
212 0.0065317999999998655 1 1 0.8592964824120602 0.929471032745592
213 0.006604500000000124 1 1 0.864321608040201 0.9319899244332494
214 0.006511300000000109 1 1 0.8693467336683417 0.9345088161209067
215 0.006521699999999964 1 0 0.8743718592964824 0.9345088161209067
216 0.007131999999999916 1 2 0.8793969849246231 0.9395465994962217
217 0.006661699999999993 0 0 0.8793969849246231 0.9395465994962217
218 0.006798599999999988 1 0 0.8844221105527639 0.9395465994962217
219 0.007215699999999936 1 1 0.8894472361809045 0.9420654911838791
220 0.0065805000000001 1 2 0.8944723618090452 0.947103274559194
221 0.0069357999999999365 0 0 0.8944723618090452 0.947103274559194
222 0.006619400000000386 1 0 0.8994974874371859 0.947103274559194
223 0.007203200000000187 0 0 0.8994974874371859 0.947103274559194
224 0.0067238000000000575 1 1 0.9045226130653267 0.9496221662468514
225 0.006645199999999907 1 2 0.9095477386934674 0.9546599496221663
226 0.0070424999999998406 1 0 0.914572864321608 0.9546599496221663
227 0.006712700000000016 1 0 0.9195979899497487 0.9546599496221663
228 0.009362800000000338 1 2 0.9246231155778895 0.9596977329974811
229 0.006949700000000281 1 1 0.9296482412060302 0.9622166246851386
230 0.006752300000000044 1 2 0.9346733668341709 0.9672544080604534
231 0.006733700000000287 1 1 0.9396984924623115 0.9697732997481109
232 0.006764500000000062 0 0 0.9396984924623115 0.9697732997481109
233 0.006787600000000005 1 1 0.9447236180904522 0.9722921914357683
234 0.006809300000000018 1 1 0.949748743718593 0.9748110831234257
235 0.006765699999999875 1 1 0.9547738693467337 0.9773299748110831
236 0.006737900000000074 1 1 0.9597989949748744 0.9798488664987406
237 0.006829100000000032 1 0 0.964824120603015 0.9798488664987406
238 0.006684200000000029 1 1 0.9698492462311558 0.982367758186398
239 0.0071616999999997155 0 0 0.9698492462311558 0.982367758186398
240 0.006897200000000048 1 0 0.9748743718592965 0.982367758186398
241 0.00676830000000006 0 2 0.9748743718592965 0.9874055415617129
242 0.006945899999999838 1 1 0.9798994974874372 0.9899244332493703
243 0.006809800000000088 1 0 0.9849246231155779 0.9899244332493703
244 0.009985299999999864 0 0 0.9849246231155779 0.9899244332493703
245 0.011039299999999752 1 2 0.9899497487437185 0.9949622166246851
246 0.007142400000000215 0 0 0.9899497487437185 0.9949622166246851
247 0.0069480999999997906 1 1 0.9949748743718593 0.9974811083123426
248 0.009940100000000118 1 1 1.0 1.0
