50 0.6 0.5
1 0.0010256999999999905 0 0 0.0 0.5051546391752577
2 0.001027299999999981 0 0 0.0 0.5051546391752577
3 0.0011473999999999929 1 0 0.02040816326530612 0.5051546391752577
4 0.0011607999999999896 1 0 0.04081632653061224 0.5051546391752577
5 0.0012366999999999795 1 1 0.061224489795918366 0.5154639175257731
6 0.0009884000000000004 0 0 0.061224489795918366 0.5154639175257731
7 0.0011243999999999976 0 1 0.061224489795918366 0.5257731958762887
8 0.0019982000000000055 1 0 0.08163265306122448 0.5257731958762887
9 0.0013517999999999863 1 1 0.10204081632653061 0.5360824742268041
10 0.0011656999999999917 1 1 0.12244897959183673 0.5463917525773195
11 0.0012093999999999994 1 1 0.14285714285714285 0.5567010309278351
12 0.0011527000000000065 1 1 0.16326530612244897 0.5670103092783505
13 0.0013577999999999923 0 0 0.16326530612244897 0.5670103092783505
14 0.001310699999999998 1 0 0.1836734693877551 0.5670103092783505
15 0.001239099999999993 0 0 0.1836734693877551 0.5670103092783505
16 0.001523400000000008 0 0 0.1836734693877551 0.5670103092783505
17 0.0011600999999999972 0 1 0.1836734693877551 0.5773195876288659
18 0.0010973000000000233 1 1 0.20408163265306123 0.5876288659793815
19 0.0011339999999999961 1 2 0.22448979591836735 0.6082474226804123
20 0.0011099999999999999 0 0 0.22448979591836735 0.6082474226804123
21 0.0011672000000000071 1 1 0.24489795918367346 0.6185567010309279
22 0.0019929000000000197 1 1 0.2653061224489796 0.6288659793814433
23 0.0015422999999999965 1 0 0.2857142857142857 0.6288659793814433
24 0.0015506999999999882 0 0 0.2857142857142857 0.6288659793814433
25 0.001260199999999989 1 1 0.30612244897959184 0.6391752577319587
26 0.0015895999999999966 0 0 0.30612244897959184 0.6391752577319587
27 0.001284399999999991 0 0 0.30612244897959184 0.6391752577319587
28 0.001444799999999996 0 1 0.30612244897959184 0.6494845360824743
29 0.0011129000000000278 1 0 0.32653061224489793 0.6494845360824743
30 0.0016343999999999803 1 1 0.3469387755102041 0.6597938144329897
31 0.0013431999999999888 0 0 0.3469387755102041 0.6597938144329897
32 0.0012053000000000202 1 1 0.3673469387755102 0.6701030927835051
33 0.0011520000000000419 1 0 0.3877551020408163 0.6701030927835051
34 0.0011462000000000416 1 2 0.40816326530612246 0.6907216494845361
35 0.0012305000000000232 1 1 0.42857142857142855 0.7010309278350515
36 0.0020285999999999915 1 1 0.4489795918367347 0.711340206185567
37 0.0014800999999999842 0 0 0.4489795918367347 0.711340206185567
38 0.001256299999999988 1 1 0.46938775510204084 0.7216494845360825
39 0.002494699999999961 1 1 0.4897959183673469 0.7319587628865979
40 0.0013343000000000105 0 0 0.4897959183673469 0.7319587628865979
41 0.0011674000000000406 0 0 0.4897959183673469 0.7319587628865979
42 0.0011999000000000315 0 1 0.4897959183673469 0.7422680412371134
43 0.0017795999999999923 0 0 0.4897959183673469 0.7422680412371134
44 0.0014393000000000322 1 0 0.5102040816326531 0.7422680412371134
45 0.0024425999999999615 1 2 0.5306122448979592 0.7628865979381443
46 0.0012822000000000111 1 1 0.5510204081632653 0.7731958762886598
47 0.0020628000000000313 1 1 0.5714285714285714 0.7835051546391752
48 0.0020663999999999683 0 0 0.5714285714285714 0.7835051546391752
49 0.0018098999999999754 1 1 0.5918367346938775 0.7938144329896907
50 0.0021400000000000308 1 1 0.6122448979591837 0.8041237113402062
51 0.0014296999999999782 1 0 0.6326530612244898 0.8041237113402062
52 0.0012899000000000105 1 0 0.6530612244897959 0.8041237113402062
53 0.001373000000000013 1 0 0.673469387755102 0.8041237113402062
54 0.001597000000000015 1 1 0.6938775510204082 0.8144329896907216
55 0.0017016999999999727 1 2 0.7142857142857143 0.8350515463917526
56 0.0016152999999999862 0 0 0.7142857142857143 0.8350515463917526
57 0.0014015 0 1 0.7142857142857143 0.845360824742268
58 0.0027792999999999846 0 0 0.7142857142857143 0.845360824742268
59 0.0013733000000000217 1 0 0.7346938775510204 0.845360824742268
60 0.001413799999999965 0 2 0.7346938775510204 0.865979381443299
61 0.0015281999999999796 1 0 0.7551020408163265 0.865979381443299
62 0.0016772999999999927 1 1 0.7755102040816326 0.8762886597938144
63 0.0019373000000000307 1 0 0.7959183673469388 0.8762886597938144
64 0.0016228999999999827 1 2 0.8163265306122449 0.8969072164948454
65 0.0014857000000000342 0 0 0.8163265306122449 0.8969072164948454
66 0.0015363999999999933 0 0 0.8163265306122449 0.8969072164948454
67 0.0014519999999999533 0 0 0.8163265306122449 0.8969072164948454
68 0.0014402000000000026 1 0 0.8367346938775511 0.8969072164948454
69 0.0017192000000000318 1 2 0.8571428571428571 0.9175257731958762
70 0.002211899999999989 1 0 0.8775510204081632 0.9175257731958762
71 0.0021216000000000013 1 1 0.8979591836734694 0.9278350515463918
72 0.0021637999999999935 0 2 0.8979591836734694 0.9484536082474226
73 0.001977600000000024 1 1 0.9183673469387755 0.9587628865979382
74 0.001602199999999998 1 0 0.9387755102040817 0.9587628865979382
75 0.0030870000000000064 1 0 0.9591836734693877 0.9587628865979382
76 0.0015588000000000268 0 0 0.9591836734693877 0.9587628865979382
77 0.0016575999999999813 1 1 0.9795918367346939 0.9690721649484536
78 0.0015755000000000075 0 1 0.9795918367346939 0.979381443298969
79 0.0019025999999999765 0 0 0.9795918367346939 0.979381443298969
80 0.0018468999999999847 1 1 1.0 0.9896907216494846
81 0.001751500000000017 0 0 1.0 0.9896907216494846
82 0.0016689000000000287 0 1 1.0 1.0
