200 1.0 0.1
1 0.0064429999999999765 1 0 0.005025125628140704 0.5012594458438288
2 0.006100899999999965 1 0 0.010050251256281407 0.5012594458438288
3 0.006084799999999946 1 0 0.01507537688442211 0.5012594458438288
4 0.005152099999999993 1 1 0.020100502512562814 0.5037783375314862
5 0.004517100000000052 1 0 0.02512562814070352 0.5037783375314862
6 0.004737300000000055 1 0 0.03015075376884422 0.5037783375314862
7 0.00460130000000003 1 2 0.035175879396984924 0.5088161209068011
8 0.0048914999999999376 1 0 0.04020100502512563 0.5088161209068011
9 0.004429699999999981 1 0 0.04522613065326633 0.5088161209068011
10 0.005752100000000038 1 0 0.05025125628140704 0.5088161209068011
11 0.00471710000000003 1 1 0.05527638190954774 0.5113350125944585
12 0.005119300000000049 1 1 0.06030150753768844 0.5138539042821159
13 0.004777299999999984 1 2 0.06532663316582915 0.5188916876574308
14 0.004828900000000025 1 1 0.07035175879396985 0.5214105793450882
15 0.004775500000000044 1 2 0.07537688442211055 0.5264483627204031
16 0.0049200000000000355 1 0 0.08040201005025126 0.5264483627204031
17 0.004693899999999918 1 0 0.08542713567839195 0.5264483627204031
18 0.004644899999999952 1 0 0.09045226130653267 0.5264483627204031
19 0.004755900000000035 1 2 0.09547738693467336 0.5314861460957179
20 0.004742799999999936 1 0 0.10050251256281408 0.5314861460957179
21 0.004852199999999973 1 0 0.10552763819095477 0.5314861460957179
22 0.005152099999999993 1 2 0.11055276381909548 0.5365239294710328
23 0.004669399999999935 1 1 0.11557788944723618 0.5390428211586902
24 0.004710500000000062 1 1 0.12060301507537688 0.5415617128463476
25 0.0048576000000000175 1 0 0.12562814070351758 0.5415617128463476
26 0.004878999999999967 1 1 0.1306532663316583 0.5440806045340051
27 0.004947099999999982 1 1 0.135678391959799 0.5465994962216625
28 0.004820099999999994 1 0 0.1407035175879397 0.5465994962216625
29 0.004910999999999999 1 1 0.1457286432160804 0.5491183879093199
30 0.004738200000000026 1 0 0.1507537688442211 0.5491183879093199
31 0.004781500000000105 1 0 0.15577889447236182 0.5491183879093199
32 0.00488120000000003 1 1 0.16080402010050251 0.5516372795969773
33 0.004952700000000032 1 1 0.1658291457286432 0.5541561712846348
34 0.004968400000000095 1 1 0.1708542713567839 0.5566750629722922
35 0.004968700000000048 1 3 0.17587939698492464 0.5642317380352645
36 0.005261399999999972 1 1 0.18090452261306533 0.5667506297229219
37 0.0050883000000000456 1 0 0.18592964824120603 0.5667506297229219
38 0.004944400000000071 1 0 0.19095477386934673 0.5667506297229219
39 0.004980099999999932 1 0 0.19597989949748743 0.5667506297229219
40 0.004928900000000014 1 1 0.20100502512562815 0.5692695214105793
41 0.0068510000000000515 1 1 0.20603015075376885 0.5717884130982368
42 0.006417200000000012 1 1 0.21105527638190955 0.5743073047858942
43 0.004947800000000058 1 1 0.21608040201005024 0.5768261964735516
44 0.00705279999999997 1 2 0.22110552763819097 0.5818639798488665
45 0.005236899999999989 1 2 0.22613065326633167 0.5869017632241813
46 0.005164100000000005 1 1 0.23115577889447236 0.5894206549118388
47 0.004983100000000018 1 1 0.23618090452261306 0.5919395465994962
48 0.0052178999999999975 1 1 0.24120603015075376 0.5944584382871536
49 0.005249799999999971 1 3 0.24623115577889448 0.6020151133501259
50 0.005786599999999975 1 1 0.25125628140703515 0.6045340050377834
51 0.005361599999999966 1 1 0.2562814070351759 0.6070528967254408
52 0.005304199999999981 1 1 0.2613065326633166 0.6095717884130982
53 0.00520569999999998 1 1 0.2663316582914573 0.6120906801007556
54 0.005261300000000024 1 0 0.271356783919598 0.6120906801007556
55 0.005444400000000016 1 1 0.27638190954773867 0.6146095717884131
56 0.005387099999999978 1 1 0.2814070351758794 0.6171284634760705
57 0.005760899999999958 1 2 0.2864321608040201 0.6221662468513854
58 0.006112400000000018 1 1 0.2914572864321608 0.6246851385390428
59 0.006254599999999999 1 1 0.2964824120603015 0.6272040302267002
60 0.008930800000000017 1 2 0.3015075376884422 0.6322418136020151
61 0.005354100000000028 1 2 0.3065326633165829 0.6372795969773299
62 0.005513400000000002 1 0 0.31155778894472363 0.6372795969773299
63 0.005702800000000008 1 1 0.3165829145728643 0.6397984886649875
64 0.005356499999999986 1 1 0.32160804020100503 0.6423173803526449
65 0.005529800000000029 1 1 0.32663316582914576 0.6448362720403022
66 0.005501599999999995 1 3 0.3316582914572864 0.6523929471032746
67 0.005267999999999939 1 1 0.33668341708542715 0.654911838790932
68 0.005458300000000027 1 0 0.3417085427135678 0.654911838790932
69 0.00566409999999995 1 1 0.34673366834170855 0.6574307304785895
70 0.005643000000000065 1 2 0.35175879396984927 0.6624685138539043
71 0.006164900000000029 1 0 0.35678391959798994 0.6624685138539043
72 0.005762900000000015 1 1 0.36180904522613067 0.6649874055415617
73 0.005933500000000036 1 1 0.36683417085427134 0.6675062972292192
74 0.005684899999999993 1 0 0.37185929648241206 0.6675062972292192
75 0.0056386999999999965 1 2 0.3768844221105528 0.672544080604534
76 0.005719600000000047 1 1 0.38190954773869346 0.6750629722921915
77 0.005611599999999939 1 2 0.3869346733668342 0.6801007556675063
78 0.005791799999999903 1 0 0.39195979899497485 0.6801007556675063
79 0.005935200000000029 1 1 0.3969849246231156 0.6826196473551638
80 0.005901299999999998 1 1 0.4020100502512563 0.6851385390428212
81 0.005643000000000065 1 0 0.40703517587939697 0.6851385390428212
82 0.005742400000000036 1 3 0.4120603015075377 0.6926952141057935
83 0.00556370000000006 1 0 0.41708542713567837 0.6926952141057935
84 0.005692400000000042 1 0 0.4221105527638191 0.6926952141057935
85 0.006003900000000062 1 1 0.4271356783919598 0.6952141057934509
86 0.006089699999999976 1 2 0.4321608040201005 0.7002518891687658
87 0.006034800000000007 1 2 0.4371859296482412 0.7052896725440806
88 0.005812099999999987 1 0 0.44221105527638194 0.7052896725440806
89 0.008027000000000006 1 1 0.4472361809045226 0.707808564231738
90 0.008173599999999892 1 0 0.45226130653266333 0.707808564231738
91 0.008010800000000096 1 3 0.457286432160804 0.7153652392947103
92 0.008285399999999887 1 0 0.4623115577889447 0.7153652392947103
93 0.008259599999999923 1 0 0.46733668341708545 0.7153652392947103
94 0.005672899999999981 1 1 0.4723618090452261 0.7178841309823678
95 0.005865199999999904 1 1 0.47738693467336685 0.7204030226700252
96 0.006086099999999872 1 2 0.4824120603015075 0.72544080604534
97 0.00571379999999988 1 2 0.48743718592964824 0.7304785894206549
98 0.006017500000000009 1 1 0.49246231155778897 0.7329974811083123
99 0.00580219999999998 1 1 0.49748743718592964 0.7355163727959698
100 0.010322900000000024 1 2 0.5025125628140703 0.7405541561712846
101 0.00599330000000009 1 2 0.507537688442211 0.7455919395465995
102 0.005811100000000069 1 2 0.5125628140703518 0.7506297229219143
103 0.005906599999999873 1 0 0.5175879396984925 0.7506297229219143
104 0.007794300000000032 1 0 0.5226130653266332 0.7506297229219143
105 0.005916899999999892 1 0 0.5276381909547738 0.7506297229219143
106 0.00630200000000003 1 1 0.5326633165829145 0.7531486146095718
107 0.006410600000000155 1 2 0.5376884422110553 0.7581863979848866
108 0.0083453 1 0 0.542713567839196 0.7581863979848866
109 0.006219100000000033 1 1 0.5477386934673367 0.760705289672544
110 0.006021899999999913 1 0 0.5527638190954773 0.760705289672544
111 0.006229299999999993 1 1 0.5577889447236181 0.7632241813602015
112 0.008079600000000076 1 1 0.5628140703517588 0.7657430730478589
113 0.006158399999999897 1 0 0.5678391959798995 0.7657430730478589
114 0.006097699999999984 1 1 0.5728643216080402 0.7682619647355163
115 0.007253399999999965 1 2 0.5778894472361809 0.7732997481108312
116 0.007907200000000003 1 1 0.5829145728643216 0.7758186397984886
117 0.008274099999999951 1 3 0.5879396984924623 0.783375314861461
118 0.008494400000000013 1 0 0.592964824120603 0.783375314861461
119 0.008312899999999956 1 1 0.5979899497487438 0.7858942065491183
120 0.008767799999999992 1 1 0.6030150753768844 0.7884130982367759
121 0.008682999999999996 1 0 0.6080402010050251 0.7884130982367759
122 0.006488800000000072 1 0 0.6130653266331658 0.7884130982367759
123 0.007659800000000105 1 1 0.6180904522613065 0.7909319899244333
124 0.008016900000000104 1 3 0.6231155778894473 0.7984886649874056
125 0.006409899999999968 1 0 0.628140703517588 0.7984886649874056
126 0.006475100000000067 1 0 0.6331658291457286 0.7984886649874056
127 0.006780800000000031 1 0 0.6381909547738693 0.7984886649874056
128 0.00677939999999988 1 1 0.6432160804020101 0.801007556675063
129 0.0069213999999999665 1 1 0.6482412060301508 0.8035264483627204
130 0.008631899999999915 1 0 0.6532663316582915 0.8035264483627204
131 0.008786499999999808 1 0 0.6582914572864321 0.8035264483627204
132 0.00873400000000002 1 1 0.6633165829145728 0.8060453400503779
133 0.008579899999999974 1 3 0.6683417085427136 0.8136020151133502
134 0.008592900000000014 1 1 0.6733668341708543 0.8161209068010076
135 0.009002500000000024 1 0 0.678391959798995 0.8161209068010076
136 0.00884750000000012 1 2 0.6834170854271356 0.8211586901763224
137 0.008843500000000004 1 0 0.6884422110552764 0.8211586901763224
138 0.009096699999999958 1 0 0.6934673366834171 0.8211586901763224
139 0.00670039999999994 1 0 0.6984924623115578 0.8211586901763224
140 0.006415099999999896 1 0 0.7035175879396985 0.8211586901763224
141 0.008556199999999903 1 1 0.7085427135678392 0.8236775818639799
142 0.008872800000000014 1 1 0.7135678391959799 0.8261964735516373
143 0.008764800000000017 1 0 0.7185929648241206 0.8261964735516373
144 0.00683379999999989 1 2 0.7236180904522613 0.8312342569269522
145 0.006732100000000019 1 1 0.7286432160804021 0.8337531486146096
146 0.006756100000000043 1 0 0.7336683417085427 0.8337531486146096
147 0.007169300000000156 1 2 0.7386934673366834 0.8387909319899244
148 0.007111499999999937 1 2 0.7437185929648241 0.8438287153652393
149 0.007133800000000079 1 2 0.7487437185929648 0.8488664987405542
150 0.006958799999999821 1 1 0.7537688442211056 0.8513853904282116
151 0.0067173999999998735 1 1 0.7587939698492462 0.853904282115869
152 0.006822000000000106 1 1 0.7638190954773869 0.8564231738035264
153 0.00657619999999981 1 1 0.7688442211055276 0.8589420654911839
154 0.007084099999999927 1 1 0.7738693467336684 0.8614609571788413
155 0.0066797999999999025 1 3 0.7788944723618091 0.8690176322418136
156 0.006788699999999981 1 0 0.7839195979899497 0.8690176322418136
157 0.006804899999999892 1 2 0.7889447236180904 0.8740554156171285
158 0.00765949999999993 1 1 0.7939698492462312 0.8765743073047859
159 0.007644200000000101 1 1 0.7989949748743719 0.8790931989924433
160 0.007291900000000018 1 0 0.8040201005025126 0.8790931989924433
161 0.007026399999999988 1 0 0.8090452261306532 0.8790931989924433
162 0.006988100000000053 1 2 0.8140703517587939 0.8841309823677582
163 0.008710900000000077 1 1 0.8190954773869347 0.8866498740554156
164 0.007623500000000005 1 3 0.8241206030150754 0.8942065491183879
165 0.006712800000000074 1 2 0.8291457286432161 0.8992443324937027
166 0.006787899999999958 1 2 0.8341708542713567 0.9042821158690176
167 0.009879500000000041 1 0 0.8391959798994975 0.9042821158690176
168 0.0070006000000000235 1 1 0.8442211055276382 0.906801007556675
169 0.008811399999999914 1 2 0.8492462311557789 0.9118387909319899
170 0.006821500000000036 1 0 0.8542713567839196 0.9118387909319899
171 0.00713089999999994 1 0 0.8592964824120602 0.9118387909319899
172 0.00712030000000019 1 1 0.864321608040201 0.9143576826196473
173 0.0073593000000000686 1 0 0.8693467336683417 0.9143576826196473
174 0.007149199999999967 1 1 0.8743718592964824 0.9168765743073047
175 0.006886500000000018 1 0 0.8793969849246231 0.9168765743073047
176 0.007143600000000028 1 2 0.8844221105527639 0.9219143576826196
177 0.007016799999999934 1 0 0.8894472361809045 0.9219143576826196
178 0.007180100000000023 1 0 0.8944723618090452 0.9219143576826196
179 0.008927600000000036 1 0 0.8994974874371859 0.9219143576826196
180 0.012475199999999909 1 3 0.9045226130653267 0.929471032745592
181 0.011208500000000177 1 1 0.9095477386934674 0.9319899244332494
182 0.007746900000000112 1 0 0.914572864321608 0.9319899244332494
183 0.008159699999999992 1 2 0.9195979899497487 0.9370277078085643
184 0.008910299999999927 1 2 0.9246231155778895 0.9420654911838791
185 0.007996200000000009 1 1 0.9296482412060302 0.9445843828715366
186 0.007826700000000075 1 3 0.9346733668341709 0.9521410579345088
187 0.007563200000000103 1 0 0.9396984924623115 0.9521410579345088
188 0.0076761000000000745 1 2 0.9447236180904522 0.9571788413098237
189 0.008059299999999991 1 0 0.949748743718593 0.9571788413098237
190 0.007702799999999899 1 0 0.9547738693467337 0.9571788413098237
191 0.010616799999999982 1 0 0.9597989949748744 0.9571788413098237
192 0.010234100000000135 1 0 0.964824120603015 0.9571788413098237
193 0.007777499999999993 1 2 0.9698492462311558 0.9622166246851386
194 0.007308400000000104 1 1 0.9748743718592965 0.964735516372796
195 0.007118500000000028 1 0 0.9798994974874372 0.964735516372796
196 0.0072008999999999546 1 1 0.9849246231155779 0.9672544080604534
197 0.007400000000000073 1 0 0.9899497487437185 0.9672544080604534
198 0.007469500000000018 1 0 0.9949748743718593 0.9672544080604534
199 0.008848399999999979 1 1 1.0 0.9697732997481109
200 0.0075889000000000095 0 0 1.0 0.9697732997481109
201 0.007572400000000146 0 1 1.0 0.9722921914357683
202 0.0075305000000001066 0 1 1.0 0.9748110831234257
203 0.007222899999999921 0 0 1.0 0.9748110831234257
204 0.007610099999999953 0 3 1.0 0.982367758186398
205 0.007397499999999946 0 2 1.0 0.9874055415617129
206 0.0075088999999999295 0 1 1.0 0.9899244332493703
207 0.00845359999999995 0 0 1.0 0.9899244332493703
208 0.010042899999999966 0 0 1.0 0.9899244332493703
209 0.009653300000000087 0 0 1.0 0.9899244332493703
210 0.009796300000000091 0 1 1.0 0.9924433249370277
211 0.00965360000000004 0 1 1.0 0.9949622166246851
212 0.009915200000000013 0 0 1.0 0.9949622166246851
213 0.007504299999999908 0 0 1.0 0.9949622166246851
214 0.007387100000000313 0 0 1.0 0.9949622166246851
215 0.007330099999999895 0 0 1.0 0.9949622166246851
216 0.007480499999999779 0 0 1.0 0.9949622166246851
217 0.007397999999999794 0 0 1.0 0.9949622166246851
218 0.007274100000000061 0 0 1.0 0.9949622166246851
219 0.0101602999999999 0 1 1.0 0.9974811083123426
220 0.010107500000000158 0 0 1.0 0.9974811083123426
221 0.009920099999999987 0 0 1.0 0.9974811083123426
222 0.010190699999999886 0 0 1.0 0.9974811083123426
223 0.010527200000000292 0 0 1.0 0.9974811083123426
224 0.0074424999999997965 0 0 1.0 0.9974811083123426
225 0.007459399999999672 0 0 1.0 0.9974811083123426
226 0.010064300000000248 0 0 1.0 0.9974811083123426
227 0.010369299999999804 0 0 1.0 0.9974811083123426
228 0.010629100000000058 0 0 1.0 0.9974811083123426
229 0.010214200000000062 0 0 1.0 0.9974811083123426
230 0.009979200000000077 0 1 1.0 1.0
