60 0.2 0.9
1 0.0013282000000000016 0 0 0.0 0.5042735042735043
2 0.0013916999999999957 0 0 0.0 0.5042735042735043
3 0.0011716999999999977 0 0 0.0 0.5042735042735043
4 0.0015892000000000128 1 0 0.01694915254237288 0.5042735042735043
5 0.0012285999999999964 0 0 0.01694915254237288 0.5042735042735043
6 0.0011123000000000105 0 0 0.01694915254237288 0.5042735042735043
7 0.0011140000000000039 0 0 0.01694915254237288 0.5042735042735043
8 0.0012418999999999902 0 0 0.01694915254237288 0.5042735042735043
9 0.0020847999999999978 1 1 0.03389830508474576 0.5128205128205128
10 0.0018600000000000005 0 0 0.03389830508474576 0.5128205128205128
11 0.0024190000000000045 0 0 0.03389830508474576 0.5128205128205128
12 0.0015297999999999978 1 1 0.05084745762711865 0.5213675213675214
13 0.0023201999999999945 0 0 0.05084745762711865 0.5213675213675214
14 0.0012152999999999747 1 1 0.06779661016949153 0.5299145299145299
15 0.0018066999999999944 1 1 0.0847457627118644 0.5384615384615384
16 0.0018379000000000034 0 0 0.0847457627118644 0.5384615384615384
17 0.0016525000000000012 0 0 0.0847457627118644 0.5384615384615384
18 0.0012939999999999618 0 0 0.0847457627118644 0.5384615384615384
19 0.001305500000000015 1 1 0.1016949152542373 0.5470085470085471
20 0.0015667999999999793 0 0 0.1016949152542373 0.5470085470085471
21 0.0013822 0 0 0.1016949152542373 0.5470085470085471
22 0.001293500000000003 0 0 0.1016949152542373 0.5470085470085471
23 0.0019381000000000537 0 0 0.1016949152542373 0.5470085470085471
24 0.0012188999999999672 0 0 0.1016949152542373 0.5470085470085471
25 0.0012089000000000127 0 0 0.1016949152542373 0.5470085470085471
26 0.0012786000000000186 1 1 0.11864406779661017 0.5555555555555556
27 0.0015930999999999584 0 0 0.11864406779661017 0.5555555555555556
28 0.0017291999999999863 0 0 0.11864406779661017 0.5555555555555556
29 0.001936199999999999 0 0 0.11864406779661017 0.5555555555555556
30 0.0020800000000000263 1 1 0.13559322033898305 0.5641025641025641
31 0.0013121999999999856 1 1 0.15254237288135594 0.5726495726495726
32 0.001239900000000016 0 0 0.15254237288135594 0.5726495726495726
33 0.0012784999999999602 0 0 0.15254237288135594 0.5726495726495726
34 0.001351099999999994 0 0 0.15254237288135594 0.5726495726495726
35 0.0015023999999999593 0 0 0.15254237288135594 0.5726495726495726
36 0.0018741999999999925 0 0 0.15254237288135594 0.5726495726495726
37 0.001452600000000026 1 1 0.1694915254237288 0.5811965811965812
38 0.001359100000000002 0 0 0.1694915254237288 0.5811965811965812
39 0.003280200000000011 0 0 0.1694915254237288 0.5811965811965812
40 0.0022639999999999882 0 0 0.1694915254237288 0.5811965811965812
41 0.0021630999999999734 0 0 0.1694915254237288 0.5811965811965812
42 0.0019598000000000115 1 1 0.1864406779661017 0.5897435897435898
43 0.0013228000000000129 0 0 0.1864406779661017 0.5897435897435898
44 0.001646599999999998 0 0 0.1864406779661017 0.5897435897435898
45 0.001651400000000025 0 0 0.1864406779661017 0.5897435897435898
46 0.0014873000000000247 0 0 0.1864406779661017 0.5897435897435898
47 0.0012863999999999653 0 0 0.1864406779661017 0.5897435897435898
48 0.001623899999999956 0 0 0.1864406779661017 0.5897435897435898
49 0.0014740999999999782 0 0 0.1864406779661017 0.5897435897435898
50 0.0012820000000000054 0 0 0.1864406779661017 0.5897435897435898
51 0.001295400000000002 0 0 0.1864406779661017 0.5897435897435898
52 0.001298599999999983 0 0 0.1864406779661017 0.5897435897435898
53 0.0018629000000000007 0 0 0.1864406779661017 0.5897435897435898
54 0.0022729999999999695 1 1 0.2033898305084746 0.5982905982905983
55 0.00189499999999998 0 0 0.2033898305084746 0.5982905982905983
56 0.0020430999999999644 0 0 0.2033898305084746 0.5982905982905983
57 0.001732699999999976 0 0 0.2033898305084746 0.5982905982905983
58 0.0020266999999999924 0 0 0.2033898305084746 0.5982905982905983
59 0.0020165999999999795 0 0 0.2033898305084746 0.5982905982905983
60 0.001462999999999992 0 0 0.2033898305084746 0.5982905982905983
61 0.0013426999999999745 0 0 0.2033898305084746 0.5982905982905983
62 0.0013545999999999836 1 1 0.22033898305084745 0.6068376068376068
63 0.0014820999999999862 0 0 0.22033898305084745 0.6068376068376068
64 0.001957399999999998 0 0 0.22033898305084745 0.6068376068376068
65 0.001755099999999954 0 0 0.22033898305084745 0.6068376068376068
66 0.0018911000000000344 0 0 0.22033898305084745 0.6068376068376068
67 0.001811499999999966 1 1 0.23728813559322035 0.6153846153846154
68 0.0012937000000000087 0 0 0.23728813559322035 0.6153846153846154
69 0.00158349999999996 0 0 0.23728813559322035 0.6153846153846154
70 0.001968599999999987 0 0 0.23728813559322035 0.6153846153846154
71 0.0017379000000000144 1 1 0.2542372881355932 0.6239316239316239
72 0.0016101000000000032 0 0 0.2542372881355932 0.6239316239316239
73 0.0019413000000000347 1 1 0.2711864406779661 0.6324786324786325
74 0.0021777000000000046 0 0 0.2711864406779661 0.6324786324786325
75 0.0014432000000000333 0 0 0.2711864406779661 0.6324786324786325
76 0.0021575999999999818 0 0 0.2711864406779661 0.6324786324786325
77 0.0015375999999999723 0 0 0.2711864406779661 0.6324786324786325
78 0.001890999999999976 0 0 0.2711864406779661 0.6324786324786325
79 0.0013669000000000042 1 1 0.288135593220339 0.6410256410256411
80 0.0021973999999999605 1 1 0.3050847457627119 0.6495726495726496
81 0.001489499999999977 0 0 0.3050847457627119 0.6495726495726496
82 0.0013224000000000014 0 0 0.3050847457627119 0.6495726495726496
83 0.0014066000000000356 0 0 0.3050847457627119 0.6495726495726496
84 0.0022169000000000216 0 0 0.3050847457627119 0.6495726495726496
85 0.0015614999999999934 1 1 0.3220338983050847 0.6581196581196581
86 0.001460199999999967 1 1 0.3389830508474576 0.6666666666666666
87 0.0014412999999999787 1 1 0.3559322033898305 0.6752136752136753
88 0.0024623999999999757 0 0 0.3559322033898305 0.6752136752136753
89 0.0014530000000000376 0 0 0.3559322033898305 0.6752136752136753
90 0.001420699999999997 0 0 0.3559322033898305 0.6752136752136753
91 0.0018799999999999928 0 0 0.3559322033898305 0.6752136752136753
92 0.0013675999999999688 0 0 0.3559322033898305 0.6752136752136753
93 0.0013411999999999868 0 0 0.3559322033898305 0.6752136752136753
94 0.0014863999999999988 1 1 0.3728813559322034 0.6837606837606838
95 0.0019196000000000213 0 0 0.3728813559322034 0.6837606837606838
96 0.0017002000000000406 0 0 0.3728813559322034 0.6837606837606838
97 0.0014192000000000093 0 0 0.3728813559322034 0.6837606837606838
98 0.0020917000000000296 0 0 0.3728813559322034 0.6837606837606838
99 0.0014161999999999786 0 0 0.3728813559322034 0.6837606837606838
100 0.0014021000000000172 0 0 0.3728813559322034 0.6837606837606838
101 0.0014272999999999647 0 0 0.3728813559322034 0.6837606837606838
102 0.001670600000000022 0 0 0.3728813559322034 0.6837606837606838
103 0.001691100000000001 0 0 0.3728813559322034 0.6837606837606838
104 0.0014352999999999727 0 0 0.3728813559322034 0.6837606837606838
105 0.0014863999999999988 0 0 0.3728813559322034 0.6837606837606838
106 0.0015204999999999802 0 0 0.3728813559322034 0.6837606837606838
107 0.0019670999999999994 0 0 0.3728813559322034 0.6837606837606838
108 0.0019084999999999797 0 0 0.3728813559322034 0.6837606837606838
109 0.0019739000000000284 1 1 0.3898305084745763 0.6923076923076923
110 0.001966499999999982 0 0 0.3898305084745763 0.6923076923076923
111 0.0013800999999999952 0 0 0.3898305084745763 0.6923076923076923
112 0.0022030000000000105 0 0 0.3898305084745763 0.6923076923076923
113 0.0022405999999999815 1 1 0.4067796610169492 0.7008547008547008
114 0.001883899999999994 0 0 0.4067796610169492 0.7008547008547008
115 0.0019267000000000034 0 0 0.4067796610169492 0.7008547008547008
116 0.0023422000000000165 0 0 0.4067796610169492 0.7008547008547008
117 0.001369800000000032 1 0 0.423728813559322 0.7008547008547008
118 0.0014296999999999782 0 0 0.423728813559322 0.7008547008547008
119 0.0014315999999999773 1 1 0.4406779661016949 0.7094017094017094
120 0.0021919000000000244 0 1 0.4406779661016949 0.717948717948718
121 0.0018032000000000048 1 1 0.4576271186440678 0.7264957264957265
122 0.0018861000000000017 1 1 0.4745762711864407 0.7350427350427351
123 0.0015857999999999706 0 0 0.4745762711864407 0.7350427350427351
124 0.0014532999999999907 0 0 0.4745762711864407 0.7350427350427351
125 0.0015884999999999927 0 0 0.4745762711864407 0.7350427350427351
126 0.0016612999999999767 0 0 0.4745762711864407 0.7350427350427351
127 0.0016815999999999498 0 0 0.4745762711864407 0.7350427350427351
128 0.0015502000000000016 0 0 0.4745762711864407 0.7350427350427351
129 0.0017459999999999698 0 0 0.4745762711864407 0.7350427350427351
130 0.0023516999999999566 1 1 0.4915254237288136 0.7435897435897436
131 0.0019842999999999944 0 0 0.4915254237288136 0.7435897435897436
132 0.0020870000000000055 0 0 0.4915254237288136 0.7435897435897436
133 0.0023199999999999887 0 0 0.4915254237288136 0.7435897435897436
134 0.0026776999999999496 0 0 0.4915254237288136 0.7435897435897436
135 0.0034300999999999915 0 0 0.4915254237288136 0.7435897435897436
136 0.0019763999999999893 0 0 0.4915254237288136 0.7435897435897436
137 0.0017315999999999998 0 0 0.4915254237288136 0.7435897435897436
138 0.0023586999999999914 0 0 0.4915254237288136 0.7435897435897436
139 0.0019147999999999943 0 0 0.4915254237288136 0.7435897435897436
140 0.0020552000000000348 0 0 0.4915254237288136 0.7435897435897436
141 0.0022588000000000052 0 0 0.4915254237288136 0.7435897435897436
142 0.0021316999999999586 1 0 0.5084745762711864 0.7435897435897436
143 0.002161699999999933 0 0 0.5084745762711864 0.7435897435897436
144 0.001725399999999988 0 0 0.5084745762711864 0.7435897435897436
145 0.0014591999999999938 0 0 0.5084745762711864 0.7435897435897436
146 0.001457399999999942 0 0 0.5084745762711864 0.7435897435897436
147 0.002738200000000024 0 0 0.5084745762711864 0.7435897435897436
148 0.0022447000000000994 0 0 0.5084745762711864 0.7435897435897436
149 0.0015036999999999967 0 0 0.5084745762711864 0.7435897435897436
150 0.003106999999999971 0 0 0.5084745762711864 0.7435897435897436
151 0.0016280000000000738 1 1 0.5254237288135594 0.7521367521367521
152 0.001926199999999989 0 0 0.5254237288135594 0.7521367521367521
153 0.0020504000000000078 0 0 0.5254237288135594 0.7521367521367521
154 0.002010699999999921 0 0 0.5254237288135594 0.7521367521367521
155 0.0015576999999999952 1 1 0.5423728813559322 0.7606837606837606
156 0.0019225999999999965 1 1 0.559322033898305 0.7692307692307693
157 0.0017856000000000538 0 0 0.559322033898305 0.7692307692307693
158 0.0016174999999999384 0 0 0.559322033898305 0.7692307692307693
159 0.002541899999999986 0 0 0.559322033898305 0.7692307692307693
160 0.0016393999999999576 0 0 0.559322033898305 0.7692307692307693
161 0.0017017999999999756 0 1 0.559322033898305 0.7777777777777778
162 0.002578799999999992 0 0 0.559322033898305 0.7777777777777778
163 0.0018418000000000045 0 0 0.559322033898305 0.7777777777777778
164 0.001407799999999959 0 0 0.559322033898305 0.7777777777777778
165 0.002171799999999946 0 0 0.559322033898305 0.7777777777777778
166 0.002416899999999944 0 0 0.559322033898305 0.7777777777777778
167 0.0019740999999999786 0 0 0.559322033898305 0.7777777777777778
168 0.0023060000000000302 0 0 0.559322033898305 0.7777777777777778
169 0.0018617999999999135 0 0 0.559322033898305 0.7777777777777778
170 0.0014673000000000602 0 0 0.559322033898305 0.7777777777777778
171 0.0015290000000000026 0 0 0.559322033898305 0.7777777777777778
172 0.0016704000000000718 0 0 0.559322033898305 0.7777777777777778
173 0.0018488999999999312 0 0 0.559322033898305 0.7777777777777778
174 0.0018325000000000147 0 0 0.559322033898305 0.7777777777777778
175 0.0014461000000000057 0 0 0.559322033898305 0.7777777777777778
176 0.002371299999999965 1 1 0.576271186440678 0.7863247863247863
177 0.001959500000000003 0 0 0.576271186440678 0.7863247863247863
178 0.0021166999999999714 0 0 0.576271186440678 0.7863247863247863
179 0.0019768000000000008 0 0 0.576271186440678 0.7863247863247863
180 0.002170200000000011 0 0 0.576271186440678 0.7863247863247863
181 0.002140599999999937 0 0 0.576271186440678 0.7863247863247863
182 0.0023368000000000277 0 0 0.576271186440678 0.7863247863247863
183 0.0020103000000000204 0 0 0.576271186440678 0.7863247863247863
184 0.0021515999999999202 0 0 0.576271186440678 0.7863247863247863
185 0.0019663999999999238 0 0 0.576271186440678 0.7863247863247863
186 0.0015359999999999818 1 0 0.5932203389830508 0.7863247863247863
187 0.002479799999999921 1 1 0.6101694915254238 0.7948717948717948
188 0.002118500000000023 0 0 0.6101694915254238 0.7948717948717948
189 0.00227389999999994 0 0 0.6101694915254238 0.7948717948717948
190 0.0024541000000000146 0 0 0.6101694915254238 0.7948717948717948
191 0.0015779999999999683 0 0 0.6101694915254238 0.7948717948717948
192 0.001643799999999973 0 0 0.6101694915254238 0.7948717948717948
193 0.0016137999999999986 1 1 0.6271186440677966 0.8034188034188035
194 0.002653400000000028 0 0 0.6271186440677966 0.8034188034188035
195 0.002351300000000056 0 0 0.6271186440677966 0.8034188034188035
196 0.0018620000000000303 1 0 0.6440677966101694 0.8034188034188035
197 0.001567800000000008 0 0 0.6440677966101694 0.8034188034188035
198 0.0016369999999999996 0 1 0.6440677966101694 0.811965811965812
199 0.001529900000000084 0 0 0.6440677966101694 0.811965811965812
200 0.0021638999999999964 1 2 0.6610169491525424 0.8290598290598291
201 0.0018694999999999684 0 0 0.6610169491525424 0.8290598290598291
202 0.0017264000000000168 0 0 0.6610169491525424 0.8290598290598291
203 0.0018527999999999878 0 0 0.6610169491525424 0.8290598290598291
204 0.002394699999999972 0 0 0.6610169491525424 0.8290598290598291
205 0.0016057999999999906 1 1 0.6779661016949152 0.8376068376068376
206 0.0033466999999999247 0 0 0.6779661016949152 0.8376068376068376
207 0.0024404000000000092 0 0 0.6779661016949152 0.8376068376068376
208 0.003329699999999991 0 0 0.6779661016949152 0.8376068376068376
209 0.0020240000000000258 0 0 0.6779661016949152 0.8376068376068376
210 0.0031053000000000885 1 1 0.6949152542372882 0.8461538461538461
211 0.0029936000000000407 0 0 0.6949152542372882 0.8461538461538461
212 0.0017941000000000207 0 0 0.6949152542372882 0.8461538461538461
213 0.0018127999999999478 0 0 0.6949152542372882 0.8461538461538461
214 0.002523500000000012 0 0 0.6949152542372882 0.8461538461538461
215 0.0017614999999999714 1 1 0.711864406779661 0.8547008547008547
216 0.0018955999999999973 0 0 0.711864406779661 0.8547008547008547
217 0.0024497999999999465 0 0 0.711864406779661 0.8547008547008547
218 0.002358699999999936 0 0 0.711864406779661 0.8547008547008547
219 0.002545400000000031 0 0 0.711864406779661 0.8547008547008547
220 0.0016892000000000573 1 1 0.7288135593220338 0.8632478632478633
221 0.001831799999999939 1 1 0.7457627118644068 0.8717948717948718
222 0.001944599999999963 1 0 0.7627118644067796 0.8717948717948718
223 0.002096899999999957 1 1 0.7796610169491526 0.8803418803418803
224 0.0018058000000000796 0 0 0.7796610169491526 0.8803418803418803
225 0.0022417999999999605 0 0 0.7796610169491526 0.8803418803418803
226 0.0016376000000000168 0 0 0.7796610169491526 0.8803418803418803
227 0.0015886999999999984 0 0 0.7796610169491526 0.8803418803418803
228 0.0034305999999999504 0 1 0.7796610169491526 0.8888888888888888
229 0.002319799999999983 0 0 0.7796610169491526 0.8888888888888888
230 0.0018387999999999183 0 0 0.7796610169491526 0.8888888888888888
231 0.0026246999999999243 0 0 0.7796610169491526 0.8888888888888888
232 0.0017303000000000734 0 0 0.7796610169491526 0.8888888888888888
233 0.001653900000000097 0 0 0.7796610169491526 0.8888888888888888
234 0.0018626000000000476 0 0 0.7796610169491526 0.8888888888888888
235 0.001988600000000007 0 0 0.7796610169491526 0.8888888888888888
236 0.0016752000000000988 0 0 0.7796610169491526 0.8888888888888888
237 0.0017817999999999445 0 0 0.7796610169491526 0.8888888888888888
238 0.001828600000000069 0 0 0.7796610169491526 0.8888888888888888
239 0.0017448999999999382 0 0 0.7796610169491526 0.8888888888888888
240 0.00163789999999997 0 0 0.7796610169491526 0.8888888888888888
241 0.002726200000000012 0 0 0.7796610169491526 0.8888888888888888
242 0.0016116000000000463 1 1 0.7966101694915254 0.8974358974358975
243 0.0016640999999999462 0 0 0.7966101694915254 0.8974358974358975
244 0.0023885000000000156 1 1 0.8135593220338984 0.905982905982906
245 0.0027334999999999443 1 1 0.8305084745762712 0.9145299145299145
246 0.0024225999999999415 0 0 0.8305084745762712 0.9145299145299145
247 0.0030561999999999534 0 0 0.8305084745762712 0.9145299145299145
248 0.0025351000000000123 1 0 0.847457627118644 0.9145299145299145
249 0.002105400000000035 0 0 0.847457627118644 0.9145299145299145
250 0.002011800000000008 0 0 0.847457627118644 0.9145299145299145
251 0.0020467999999999043 0 0 0.847457627118644 0.9145299145299145
252 0.0024471999999999827 1 1 0.864406779661017 0.9230769230769231
253 0.0018610000000000015 1 1 0.8813559322033898 0.9316239316239316
254 0.0026485000000000536 0 0 0.8813559322033898 0.9316239316239316
255 0.0029751000000000083 0 0 0.8813559322033898 0.9316239316239316
256 0.002180599999999977 0 1 0.8813559322033898 0.9401709401709402
257 0.0028281 0 0 0.8813559322033898 0.9401709401709402
258 0.0021088000000000218 0 0 0.8813559322033898 0.9401709401709402
259 0.0024359999999999937 0 0 0.8813559322033898 0.9401709401709402
260 0.002379799999999932 0 0 0.8813559322033898 0.9401709401709402
261 0.002542700000000009 0 0 0.8813559322033898 0.9401709401709402
262 0.002738499999999977 0 0 0.8813559322033898 0.9401709401709402
263 0.0017614999999999714 0 0 0.8813559322033898 0.9401709401709402
264 0.01780549999999992 0 0 0.8813559322033898 0.9401709401709402
265 0.003783800000000004 0 0 0.8813559322033898 0.9401709401709402
266 0.0017156000000000393 1 1 0.8983050847457628 0.9487179487179487
267 0.0035733000000000015 1 1 0.9152542372881356 0.9572649572649573
268 0.0029285000000000005 0 0 0.9152542372881356 0.9572649572649573
269 0.0025244999999999296 0 0 0.9152542372881356 0.9572649572649573
270 0.002659500000000037 0 0 0.9152542372881356 0.9572649572649573
271 0.0017336000000000018 0 0 0.9152542372881356 0.9572649572649573
272 0.0018289000000000222 0 0 0.9152542372881356 0.9572649572649573
273 0.0017477000000000187 0 0 0.9152542372881356 0.9572649572649573
274 0.001662200000000058 1 1 0.9322033898305084 0.9658119658119658
275 0.0033695000000000253 0 0 0.9322033898305084 0.9658119658119658
276 0.0017880000000000118 0 0 0.9322033898305084 0.9658119658119658
277 0.0016913000000000622 0 0 0.9322033898305084 0.9658119658119658
278 0.0019795999999999703 0 0 0.9322033898305084 0.9658119658119658
279 0.0021527999999999547 0 0 0.9322033898305084 0.9658119658119658
280 0.0022158999999999374 0 0 0.9322033898305084 0.9658119658119658
281 0.0030038999999999483 1 1 0.9491525423728814 0.9743589743589743
282 0.0024060000000000192 0 0 0.9491525423728814 0.9743589743589743
283 0.0025490000000000235 0 0 0.9491525423728814 0.9743589743589743
284 0.002479499999999968 0 0 0.9491525423728814 0.9743589743589743
285 0.00186059999999999 0 0 0.9491525423728814 0.9743589743589743
286 0.001912599999999931 0 0 0.9491525423728814 0.9743589743589743
287 0.0017521000000000342 0 0 0.9491525423728814 0.9743589743589743
288 0.0017555999999999683 0 0 0.9491525423728814 0.9743589743589743
289 0.0035903999999999936 0 0 0.9491525423728814 0.9743589743589743
290 0.0017249999999999766 0 0 0.9491525423728814 0.9743589743589743
291 0.0018844000000000083 1 1 0.9661016949152542 0.9829059829059829
292 0.0024594000000000005 0 0 0.9661016949152542 0.9829059829059829
293 0.0021484999999999976 0 0 0.9661016949152542 0.9829059829059829
294 0.003016899999999989 0 0 0.9661016949152542 0.9829059829059829
295 0.0026426000000000505 0 0 0.9661016949152542 0.9829059829059829
296 0.0018599000000000254 0 0 0.9661016949152542 0.9829059829059829
297 0.00247149999999996 0 0 0.9661016949152542 0.9829059829059829
298 0.0020335999999999688 0 0 0.9661016949152542 0.9829059829059829
299 0.0025513999999999815 0 0 0.9661016949152542 0.9829059829059829
300 0.003307600000000077 0 0 0.9661016949152542 0.9829059829059829
301 0.0035034999999999927 1 1 0.9830508474576272 0.9914529914529915
302 0.0030345999999999984 0 0 0.9830508474576272 0.9914529914529915
303 0.0021495999999999738 0 0 0.9830508474576272 0.9914529914529915
304 0.0018702999999999914 1 1 1.0 1.0
