30 0.1 1.0
1 0.0014971999999999763 0 0 0.0 0.5087719298245614
2 0.0007820000000000049 0 0 0.0 0.5087719298245614
3 0.0006295000000000051 0 0 0.0 0.5087719298245614
4 0.0006248999999999838 0 0 0.0 0.5087719298245614
5 0.0006445000000000201 1 0 0.034482758620689655 0.5087719298245614
6 0.0006232000000000182 0 0 0.034482758620689655 0.5087719298245614
7 0.0006176999999999988 0 0 0.034482758620689655 0.5087719298245614
8 0.0006067999999999907 0 0 0.034482758620689655 0.5087719298245614
9 0.0006551000000000196 0 0 0.034482758620689655 0.5087719298245614
10 0.0009122000000000019 0 0 0.034482758620689655 0.5087719298245614
11 0.0008036000000000154 0 0 0.034482758620689655 0.5087719298245614
12 0.0007926999999999795 0 0 0.034482758620689655 0.5087719298245614
13 0.0008084999999999898 0 0 0.034482758620689655 0.5087719298245614
14 0.0006348999999999938 0 0 0.034482758620689655 0.5087719298245614
15 0.000655700000000009 0 0 0.034482758620689655 0.5087719298245614
16 0.0006192000000000142 0 0 0.034482758620689655 0.5087719298245614
17 0.0013152999999999915 0 0 0.034482758620689655 0.5087719298245614
18 0.0005999999999999894 0 0 0.034482758620689655 0.5087719298245614
19 0.0006808999999999843 0 0 0.034482758620689655 0.5087719298245614
20 0.0005689000000000111 0 0 0.034482758620689655 0.5087719298245614
21 0.0006478000000000039 0 0 0.034482758620689655 0.5087719298245614
22 0.0006279000000000146 0 0 0.034482758620689655 0.5087719298245614
23 0.0009977999999999931 1 1 0.06896551724137931 0.5263157894736842
24 0.0013325000000000142 1 1 0.10344827586206896 0.543859649122807
25 0.0010500999999999983 0 0 0.10344827586206896 0.543859649122807
26 0.0009618000000000126 0 0 0.10344827586206896 0.543859649122807
27 0.0009809000000000068 0 0 0.10344827586206896 0.543859649122807
28 0.0009570999999999885 1 1 0.13793103448275862 0.5614035087719298
29 0.0007064999999999988 1 1 0.1724137931034483 0.5789473684210527
30 0.0006550999999999918 0 0 0.1724137931034483 0.5789473684210527
31 0.0006472000000000144 0 0 0.1724137931034483 0.5789473684210527
32 0.0005838999999999983 0 0 0.1724137931034483 0.5789473684210527
33 0.0007146000000000097 0 0 0.1724137931034483 0.5789473684210527
34 0.00068109999999999 0 0 0.1724137931034483 0.5789473684210527
35 0.0007448999999999928 0 0 0.1724137931034483 0.5789473684210527
36 0.0010594000000000159 0 0 0.1724137931034483 0.5789473684210527
37 0.0006764999999999965 0 0 0.1724137931034483 0.5789473684210527
38 0.000915100000000002 0 0 0.1724137931034483 0.5789473684210527
39 0.0007106999999999808 0 0 0.1724137931034483 0.5789473684210527
40 0.000769700000000012 1 1 0.20689655172413793 0.5964912280701754
41 0.0006888000000000172 1 1 0.2413793103448276 0.6140350877192983
42 0.0006685999999999914 0 0 0.2413793103448276 0.6140350877192983
43 0.0007285999999999959 0 0 0.2413793103448276 0.6140350877192983
44 0.0006927000000000183 0 0 0.2413793103448276 0.6140350877192983
45 0.0006919999999999982 1 1 0.27586206896551724 0.631578947368421
46 0.0011281000000000208 0 0 0.27586206896551724 0.631578947368421
47 0.0007107999999999837 1 1 0.3103448275862069 0.6491228070175439
48 0.0008348999999999995 0 0 0.3103448275862069 0.6491228070175439
49 0.0007574999999999943 0 0 0.3103448275862069 0.6491228070175439
50 0.0007088999999999845 0 0 0.3103448275862069 0.6491228070175439
51 0.0007030000000000092 1 1 0.3448275862068966 0.6666666666666666
52 0.0007227999999999957 0 0 0.3448275862068966 0.6666666666666666
53 0.0008205000000000018 0 0 0.3448275862068966 0.6666666666666666
54 0.0009984999999999855 0 0 0.3448275862068966 0.6666666666666666
55 0.0007836999999999983 1 1 0.3793103448275862 0.6842105263157895
56 0.0007098000000000104 0 0 0.3793103448275862 0.6842105263157895
57 0.0007351999999999914 0 0 0.3793103448275862 0.6842105263157895
58 0.0006601999999999997 0 0 0.3793103448275862 0.6842105263157895
59 0.0010042000000000106 1 1 0.41379310344827586 0.7017543859649122
60 0.0007880000000000109 0 0 0.41379310344827586 0.7017543859649122
61 0.0009633000000000003 0 0 0.41379310344827586 0.7017543859649122
62 0.000939300000000004 0 0 0.41379310344827586 0.7017543859649122
63 0.0009291999999999911 0 0 0.41379310344827586 0.7017543859649122
64 0.0009435000000000415 0 0 0.41379310344827586 0.7017543859649122
65 0.0013507999999999853 0 0 0.41379310344827586 0.7017543859649122
66 0.0010459999999999914 0 0 0.41379310344827586 0.7017543859649122
67 0.0007207999999999659 0 0 0.41379310344827586 0.7017543859649122
68 0.0007028000000000034 0 0 0.41379310344827586 0.7017543859649122
69 0.0007473000000000063 0 0 0.41379310344827586 0.7017543859649122
70 0.0008403999999999634 0 0 0.41379310344827586 0.7017543859649122
71 0.000724699999999967 1 1 0.4482758620689655 0.7192982456140351
72 0.0009162000000000337 0 0 0.4482758620689655 0.7192982456140351
73 0.0006973000000000118 0 0 0.4482758620689655 0.7192982456140351
74 0.0008091999999999544 0 0 0.4482758620689655 0.7192982456140351
75 0.0008258999999999905 0 0 0.4482758620689655 0.7192982456140351
76 0.000771500000000036 1 1 0.4827586206896552 0.7368421052631579
77 0.000699900000000031 0 0 0.4827586206896552 0.7368421052631579
78 0.0008307999999999649 1 1 0.5172413793103449 0.7543859649122807
79 0.0006927999999999934 0 0 0.5172413793103449 0.7543859649122807
80 0.0011399999999999744 0 0 0.5172413793103449 0.7543859649122807
81 0.000954300000000019 0 0 0.5172413793103449 0.7543859649122807
82 0.0007439000000000195 0 0 0.5172413793103449 0.7543859649122807
83 0.000743500000000008 0 0 0.5172413793103449 0.7543859649122807
84 0.0007421000000000233 0 0 0.5172413793103449 0.7543859649122807
85 0.0017024999999999957 0 0 0.5172413793103449 0.7543859649122807
86 0.000697100000000006 0 0 0.5172413793103449 0.7543859649122807
87 0.0007190999999999725 0 0 0.5172413793103449 0.7543859649122807
88 0.0007450999999999985 0 0 0.5172413793103449 0.7543859649122807
89 0.0007129999999999637 0 0 0.5172413793103449 0.7543859649122807
90 0.0007259000000000015 0 0 0.5172413793103449 0.7543859649122807
91 0.0007708000000000159 1 1 0.5517241379310345 0.7719298245614035
92 0.0009136999999999618 0 0 0.5517241379310345 0.7719298245614035
93 0.0013548999999999922 0 0 0.5517241379310345 0.7719298245614035
94 0.0009238000000000302 1 1 0.5862068965517241 0.7894736842105263
95 0.0009614000000000011 0 0 0.5862068965517241 0.7894736842105263
96 0.0008403999999999634 0 0 0.5862068965517241 0.7894736842105263
97 0.0008252999999999733 1 1 0.6206896551724138 0.8070175438596491
98 0.0019158999999999704 0 0 0.6206896551724138 0.8070175438596491
99 0.0010516999999999888 0 0 0.6206896551724138 0.8070175438596491
100 0.000778299999999954 0 0 0.6206896551724138 0.8070175438596491
101 0.0007708000000000159 0 0 0.6206896551724138 0.8070175438596491
102 0.0007520000000000304 0 0 0.6206896551724138 0.8070175438596491
103 0.0014712000000000058 0 0 0.6206896551724138 0.8070175438596491
104 0.0012624999999999997 0 0 0.6206896551724138 0.8070175438596491
105 0.0009828000000000059 0 0 0.6206896551724138 0.8070175438596491
106 0.000849100000000047 0 0 0.6206896551724138 0.8070175438596491
107 0.0009193999999999591 0 0 0.6206896551724138 0.8070175438596491
108 0.000852300000000028 0 0 0.6206896551724138 0.8070175438596491
109 0.0007656000000000329 0 0 0.6206896551724138 0.8070175438596491
110 0.0007384999999999753 0 0 0.6206896551724138 0.8070175438596491
111 0.0007703000000000015 0 0 0.6206896551724138 0.8070175438596491
112 0.0007333999999999952 0 0 0.6206896551724138 0.8070175438596491
113 0.0007657999999999832 0 0 0.6206896551724138 0.8070175438596491
114 0.000699900000000031 0 0 0.6206896551724138 0.8070175438596491
115 0.0007807999999999704 0 0 0.6206896551724138 0.8070175438596491
116 0.0009892000000000234 0 0 0.6206896551724138 0.8070175438596491
117 0.0011692999999999842 1 1 0.6551724137931034 0.8245614035087719
118 0.0007384000000000279 0 0 0.6551724137931034 0.8245614035087719
119 0.000705100000000014 0 0 0.6551724137931034 0.8245614035087719
120 0.0007695999999999814 1 1 0.6896551724137931 0.8421052631578947
121 0.0007665000000000033 0 0 0.6896551724137931 0.8421052631578947
122 0.0012016999999999722 0 0 0.6896551724137931 0.8421052631578947
123 0.0011185000000000223 0 0 0.6896551724137931 0.8421052631578947
124 0.0010204999999999798 1 1 0.7241379310344828 0.8596491228070176
125 0.0008560999999999708 0 0 0.7241379310344828 0.8596491228070176
126 0.001079500000000011 0 0 0.7241379310344828 0.8596491228070176
127 0.0010961000000000443 0 0 0.7241379310344828 0.8596491228070176
128 0.0011808999999999847 0 0 0.7241379310344828 0.8596491228070176
129 0.0007762000000000047 0 0 0.7241379310344828 0.8596491228070176
130 0.0007454000000000072 0 0 0.7241379310344828 0.8596491228070176
131 0.0007464000000000359 0 0 0.7241379310344828 0.8596491228070176
132 0.0007588000000000039 0 0 0.7241379310344828 0.8596491228070176
133 0.0008400999999999548 0 0 0.7241379310344828 0.8596491228070176
134 0.0007606000000000002 0 0 0.7241379310344828 0.8596491228070176
135 0.0008272999999999753 0 0 0.7241379310344828 0.8596491228070176
136 0.0013354999999999895 0 0 0.7241379310344828 0.8596491228070176
137 0.0008169000000000093 0 0 0.7241379310344828 0.8596491228070176
138 0.0009239999999999804 0 0 0.7241379310344828 0.8596491228070176
139 0.0008233999999999742 0 0 0.7241379310344828 0.8596491228070176
140 0.0007747999999999644 0 0 0.7241379310344828 0.8596491228070176
141 0.0008261999999999992 0 0 0.7241379310344828 0.8596491228070176
142 0.0013482000000000216 0 0 0.7241379310344828 0.8596491228070176
143 0.0013335999999999903 0 0 0.7241379310344828 0.8596491228070176
144 0.0008775999999999784 0 0 0.7241379310344828 0.8596491228070176
145 0.0008719999999999839 0 0 0.7241379310344828 0.8596491228070176
146 0.0007399000000000155 0 0 0.7241379310344828 0.8596491228070176
147 0.0007919999999999594 0 0 0.7241379310344828 0.8596491228070176
148 0.0008417000000000008 0 0 0.7241379310344828 0.8596491228070176
149 0.0007828999999999753 0 0 0.7241379310344828 0.8596491228070176
150 0.0007747999999999644 0 0 0.7241379310344828 0.8596491228070176
151 0.0008004999999999818 0 0 0.7241379310344828 0.8596491228070176
152 0.0007474000000000092 1 1 0.7586206896551724 0.8771929824561403
153 0.0008061000000000318 0 0 0.7586206896551724 0.8771929824561403
154 0.0008132000000000139 0 0 0.7586206896551724 0.8771929824561403
155 0.0015936999999999757 0 0 0.7586206896551724 0.8771929824561403
156 0.0007865000000000233 0 0 0.7586206896551724 0.8771929824561403
157 0.0009763999999999884 0 0 0.7586206896551724 0.8771929824561403
158 0.0009075000000000055 0 0 0.7586206896551724 0.8771929824561403
159 0.0009442000000000061 0 0 0.7586206896551724 0.8771929824561403
160 0.0012492000000000059 0 0 0.7586206896551724 0.8771929824561403
161 0.0008419000000000065 0 0 0.7586206896551724 0.8771929824561403
162 0.0010338999999999765 0 0 0.7586206896551724 0.8771929824561403
163 0.000997099999999973 1 1 0.7931034482758621 0.8947368421052632
164 0.0010345999999999966 0 0 0.7931034482758621 0.8947368421052632
165 0.0010833000000000093 0 0 0.7931034482758621 0.8947368421052632
166 0.0011298000000000141 0 0 0.7931034482758621 0.8947368421052632
167 0.001123099999999988 0 0 0.7931034482758621 0.8947368421052632
168 0.0008093000000000128 0 0 0.7931034482758621 0.8947368421052632
169 0.000791499999999945 0 0 0.7931034482758621 0.8947368421052632
170 0.0008902000000000077 0 0 0.7931034482758621 0.8947368421052632
171 0.0009404000000000079 0 0 0.7931034482758621 0.8947368421052632
172 0.0006997999999999727 0 0 0.7931034482758621 0.8947368421052632
173 0.0009024000000000254 1 1 0.8275862068965517 0.9122807017543859
174 0.0009350000000000191 0 0 0.8275862068965517 0.9122807017543859
175 0.0009688999999999948 0 0 0.8275862068965517 0.9122807017543859
176 0.000968699999999989 0 0 0.8275862068965517 0.9122807017543859
177 0.0008224000000000009 0 0 0.8275862068965517 0.9122807017543859
178 0.001264199999999993 0 0 0.8275862068965517 0.9122807017543859
179 0.0011345000000000383 0 0 0.8275862068965517 0.9122807017543859
180 0.0011560999999999932 0 0 0.8275862068965517 0.9122807017543859
181 0.0014799999999999813 1 1 0.8620689655172413 0.9298245614035088
182 0.0007957000000000103 0 0 0.8620689655172413 0.9298245614035088
183 0.0007351999999999914 0 0 0.8620689655172413 0.9298245614035088
184 0.0007900000000000129 0 0 0.8620689655172413 0.9298245614035088
185 0.0009772000000000114 0 0 0.8620689655172413 0.9298245614035088
186 0.0012288999999999772 0 0 0.8620689655172413 0.9298245614035088
187 0.0013429000000000357 1 1 0.896551724137931 0.9473684210526315
188 0.0009670000000000512 1 1 0.9310344827586207 0.9649122807017544
189 0.000934299999999999 0 0 0.9310344827586207 0.9649122807017544
190 0.000947100000000034 0 0 0.9310344827586207 0.9649122807017544
191 0.0008017000000000163 0 0 0.9310344827586207 0.9649122807017544
192 0.0008220999999999923 0 0 0.9310344827586207 0.9649122807017544
193 0.000832699999999964 0 0 0.9310344827586207 0.9649122807017544
194 0.000829100000000027 0 0 0.9310344827586207 0.9649122807017544
195 0.0008796999999999833 0 0 0.9310344827586207 0.9649122807017544
196 0.002038299999999993 0 0 0.9310344827586207 0.9649122807017544
197 0.0009067999999999854 0 0 0.9310344827586207 0.9649122807017544
198 0.0008327000000000195 0 0 0.9310344827586207 0.9649122807017544
199 0.000791900000000012 1 1 0.9655172413793104 0.9824561403508771
200 0.0007711999999999719 0 0 0.9655172413793104 0.9824561403508771
201 0.000858300000000034 0 0 0.9655172413793104 0.9824561403508771
202 0.000810299999999986 0 0 0.9655172413793104 0.9824561403508771
203 0.0010922999999999905 0 0 0.9655172413793104 0.9824561403508771
204 0.0010187999999999864 0 0 0.9655172413793104 0.9824561403508771
205 0.0011068000000000189 1 1 1.0 1.0
