80 0.9 0.1
1 0.003173399999999993 0 0 0.0 0.5031847133757962
2 0.001600000000000018 1 0 0.012658227848101266 0.5031847133757962
3 0.0016104000000000118 1 0 0.02531645569620253 0.5031847133757962
4 0.0015354999999999952 0 0 0.02531645569620253 0.5031847133757962
5 0.0016191000000000122 1 0 0.0379746835443038 0.5031847133757962
6 0.0016188999999999787 0 1 0.0379746835443038 0.5095541401273885
7 0.0016317999999999888 1 1 0.05063291139240506 0.5159235668789809
8 0.0016363000000000072 1 0 0.06329113924050633 0.5159235668789809
9 0.0016857999999999873 0 0 0.06329113924050633 0.5159235668789809
10 0.0015815999999999886 1 0 0.0759493670886076 0.5159235668789809
11 0.0018270999999999982 1 0 0.08860759493670886 0.5159235668789809
12 0.001776799999999995 1 0 0.10126582278481013 0.5159235668789809
13 0.0017201000000000022 1 1 0.11392405063291139 0.5222929936305732
14 0.0016888999999999932 1 0 0.12658227848101267 0.5222929936305732
15 0.001662799999999992 1 1 0.13924050632911392 0.5286624203821656
16 0.0016834000000000016 1 0 0.1518987341772152 0.5286624203821656
17 0.0016187000000000007 1 0 0.16455696202531644 0.5286624203821656
18 0.0017761000000000027 1 0 0.17721518987341772 0.5286624203821656
19 0.001717499999999983 0 1 0.17721518987341772 0.535031847133758
20 0.0015909000000000062 1 2 0.189873417721519 0.5477707006369427
21 0.001738500000000004 1 0 0.20253164556962025 0.5477707006369427
22 0.0017888999999999822 1 1 0.21518987341772153 0.554140127388535
23 0.0017034999999999967 1 0 0.22784810126582278 0.554140127388535
24 0.0016081000000000012 0 0 0.22784810126582278 0.554140127388535
25 0.001752599999999993 1 1 0.24050632911392406 0.5605095541401274
26 0.001639699999999994 1 0 0.25316455696202533 0.5605095541401274
27 0.0017925000000000024 1 0 0.26582278481012656 0.5605095541401274
28 0.0017827999999999733 1 1 0.27848101265822783 0.5668789808917197
29 0.0018357999999999985 1 1 0.2911392405063291 0.5732484076433121
30 0.001907900000000018 1 1 0.3037974683544304 0.5796178343949044
31 0.0018880000000000008 1 1 0.31645569620253167 0.5859872611464968
32 0.0019157999999999675 1 3 0.3291139240506329 0.6050955414012739
33 0.0019716000000000178 1 3 0.34177215189873417 0.6242038216560509
34 0.0019623999999999753 1 0 0.35443037974683544 0.6242038216560509
35 0.0023859999999999992 1 1 0.3670886075949367 0.6305732484076433
36 0.0019650999999999974 1 1 0.379746835443038 0.6369426751592356
37 0.0019832999999999656 1 1 0.3924050632911392 0.643312101910828
38 0.0018441999999999625 0 1 0.3924050632911392 0.6496815286624203
39 0.001993300000000031 1 3 0.4050632911392405 0.6687898089171974
40 0.0018791000000000224 1 0 0.4177215189873418 0.6687898089171974
41 0.001864599999999994 1 0 0.43037974683544306 0.6687898089171974
42 0.002357800000000021 1 1 0.4430379746835443 0.6751592356687898
43 0.0020726000000000355 1 1 0.45569620253164556 0.6815286624203821
44 0.0019943000000000044 1 0 0.46835443037974683 0.6815286624203821
45 0.002129900000000018 1 1 0.4810126582278481 0.6878980891719745
46 0.0019891000000000214 1 0 0.4936708860759494 0.6878980891719745
47 0.002094499999999999 1 0 0.5063291139240507 0.6878980891719745
48 0.0020091999999999888 1 1 0.5189873417721519 0.6942675159235668
49 0.0021952000000000083 1 0 0.5316455696202531 0.6942675159235668
50 0.0021181000000000116 1 0 0.5443037974683544 0.6942675159235668
51 0.0020568000000000253 1 2 0.5569620253164557 0.7070063694267515
52 0.0024220999999999826 0 4 0.5569620253164557 0.732484076433121
53 0.0030455999999999817 1 2 0.569620253164557 0.7452229299363057
54 0.002915100000000004 1 0 0.5822784810126582 0.7452229299363057
55 0.002069500000000002 1 0 0.5949367088607594 0.7452229299363057
56 0.0022176000000000418 1 2 0.6075949367088608 0.7579617834394905
57 0.0021932000000000063 1 1 0.620253164556962 0.7643312101910829
58 0.0022255999999999942 0 1 0.620253164556962 0.7707006369426752
59 0.002167100000000033 1 1 0.6329113924050633 0.7770700636942676
60 0.002249700000000021 1 2 0.6455696202531646 0.7898089171974523
61 0.0021598999999999924 1 0 0.6582278481012658 0.7898089171974523
62 0.002185400000000004 1 0 0.6708860759493671 0.7898089171974523
63 0.002288699999999977 1 2 0.6835443037974683 0.802547770700637
64 0.0023321000000000036 1 1 0.6962025316455697 0.8089171974522293
65 0.0021394000000000135 1 2 0.7088607594936709 0.821656050955414
66 0.0022163000000000044 1 1 0.7215189873417721 0.8280254777070064
67 0.0023791999999999702 1 1 0.7341772151898734 0.8343949044585988
68 0.0025402999999999953 1 0 0.7468354430379747 0.8343949044585988
69 0.002309799999999973 1 0 0.759493670886076 0.8343949044585988
70 0.0022375000000000034 1 0 0.7721518987341772 0.8343949044585988
71 0.002237800000000012 1 0 0.7848101265822784 0.8343949044585988
72 0.0023868000000000222 1 1 0.7974683544303798 0.8407643312101911
73 0.0023183999999999982 1 2 0.810126582278481 0.8535031847133758
74 0.0024752000000000107 1 0 0.8227848101265823 0.8535031847133758
75 0.0023666999999999994 1 1 0.8354430379746836 0.8598726114649682
76 0.002442600000000017 1 0 0.8481012658227848 0.8598726114649682
77 0.003413300000000008 1 1 0.8607594936708861 0.8662420382165605
78 0.0033366999999999702 1 0 0.8734177215189873 0.8662420382165605
79 0.0032441000000000275 1 0 0.8860759493670886 0.8662420382165605
80 0.0034000999999999615 1 1 0.8987341772151899 0.8726114649681529
81 0.003312200000000043 1 2 0.9113924050632911 0.8853503184713376
82 0.0025378000000000345 1 1 0.9240506329113924 0.89171974522293
83 0.0024964000000000097 1 1 0.9367088607594937 0.8980891719745223
84 0.002463800000000016 0 0 0.9367088607594937 0.8980891719745223
85 0.002849299999999999 1 1 0.9493670886075949 0.9044585987261147
86 0.002692299999999981 1 2 0.9620253164556962 0.9171974522292994
87 0.0024151000000000034 1 1 0.9746835443037974 0.9235668789808917
88 0.0033754000000000284 0 0 0.9746835443037974 0.9235668789808917
89 0.0035039999999999516 1 0 0.9873417721518988 0.9235668789808917
90 0.003563800000000006 1 0 1.0 0.9235668789808917
91 0.0025967000000000073 0 1 1.0 0.9299363057324841
92 0.002919100000000008 0 0 1.0 0.9299363057324841
93 0.002494900000000022 0 4 1.0 0.9554140127388535
94 0.0024524000000000212 0 0 1.0 0.9554140127388535
95 0.0028928000000000287 0 0 1.0 0.9554140127388535
96 0.0025307999999999997 0 1 1.0 0.9617834394904459
97 0.002892600000000023 0 1 1.0 0.9681528662420382
98 0.0027568000000000037 0 3 1.0 0.9872611464968153
99 0.003618599999999972 0 0 1.0 0.9872611464968153
100 0.0037226999999999677 0 0 1.0 0.9872611464968153
101 0.003729199999999988 0 0 1.0 0.9872611464968153
102 0.0037004999999999955 0 0 1.0 0.9872611464968153
103 0.003634299999999979 0 0 1.0 0.9872611464968153
104 0.003572099999999967 0 1 1.0 0.9936305732484076
105 0.0026306000000000385 0 0 1.0 0.9936305732484076
106 0.002681900000000015 0 0 1.0 0.9936305732484076
107 0.0027540999999999816 0 0 1.0 0.9936305732484076
108 0.0026296000000000097 0 0 1.0 0.9936305732484076
109 0.002459700000000009 0 0 1.0 0.9936305732484076
110 0.002643799999999974 0 0 1.0 0.9936305732484076
111 0.0026025000000000076 0 0 1.0 0.9936305732484076
112 0.00252659999999999 0 0 1.0 0.9936305732484076
113 0.002633500000000011 0 1 1.0 1.0
