100 0.9 0.7
1 0.002371100000000015 1 0 0.010101010101010102 0.5025380710659898
2 0.0021759000000000084 1 1 0.020202020202020204 0.5076142131979695
3 0.0028348999999999736 1 0 0.030303030303030304 0.5076142131979695
4 0.002148199999999989 1 1 0.04040404040404041 0.5126903553299492
5 0.0020798000000000205 1 1 0.050505050505050504 0.5177664974619289
6 0.0023966000000000265 1 2 0.06060606060606061 0.5279187817258884
7 0.0024747999999999992 1 1 0.0707070707070707 0.5329949238578681
8 0.0024291999999999647 1 1 0.08080808080808081 0.5380710659898477
9 0.0020859999999999768 1 0 0.09090909090909091 0.5380710659898477
10 0.0021001999999999965 1 1 0.10101010101010101 0.5431472081218274
11 0.0028025999999999884 0 1 0.10101010101010101 0.5482233502538071
12 0.002077100000000054 1 1 0.1111111111111111 0.5532994923857868
13 0.0020523999999999543 1 1 0.12121212121212122 0.5583756345177665
14 0.0024893000000000276 1 1 0.13131313131313133 0.5634517766497462
15 0.002354999999999996 1 1 0.1414141414141414 0.5685279187817259
16 0.003314499999999998 1 1 0.15151515151515152 0.5736040609137056
17 0.0024704999999999866 0 0 0.15151515151515152 0.5736040609137056
18 0.0022404000000000313 1 0 0.16161616161616163 0.5736040609137056
19 0.0027077999999999824 1 0 0.1717171717171717 0.5736040609137056
20 0.002557599999999993 1 1 0.18181818181818182 0.5786802030456852
21 0.0023920000000000052 1 2 0.1919191919191919 0.5888324873096447
22 0.002244999999999997 1 2 0.20202020202020202 0.5989847715736041
23 0.002830900000000025 1 0 0.21212121212121213 0.5989847715736041
24 0.0025082999999999633 1 2 0.2222222222222222 0.6091370558375635
25 0.002286900000000036 1 1 0.23232323232323232 0.6142131979695431
26 0.002518300000000029 0 0 0.23232323232323232 0.6142131979695431
27 0.002621799999999952 1 0 0.24242424242424243 0.6142131979695431
28 0.00267999999999996 0 0 0.24242424242424243 0.6142131979695431
29 0.0023308000000000217 0 0 0.24242424242424243 0.6142131979695431
30 0.002334899999999973 1 2 0.25252525252525254 0.6243654822335025
31 0.0027995000000000103 1 0 0.26262626262626265 0.6243654822335025
32 0.0027108999999999606 1 1 0.2727272727272727 0.6294416243654822
33 0.003352799999999989 1 1 0.2828282828282828 0.6345177664974619
34 0.0026317000000000146 1 1 0.29292929292929293 0.6395939086294417
35 0.0035210999999999992 1 1 0.30303030303030304 0.6446700507614214
36 0.002726100000000009 1 2 0.31313131313131315 0.6548223350253807
37 0.002728900000000034 0 0 0.31313131313131315 0.6548223350253807
38 0.002780899999999975 1 0 0.32323232323232326 0.6548223350253807
39 0.0029227000000000003 1 2 0.3333333333333333 0.6649746192893401
40 0.002559699999999998 1 1 0.3434343434343434 0.6700507614213198
41 0.0026748000000000327 1 1 0.35353535353535354 0.6751269035532995
42 0.0032609999999999584 1 1 0.36363636363636365 0.6802030456852792
43 0.0034082999999999752 1 1 0.37373737373737376 0.6852791878172588
44 0.0028230999999999673 1 1 0.3838383838383838 0.6903553299492385
45 0.002791800000000011 1 1 0.3939393939393939 0.6954314720812182
46 0.002860499999999988 1 0 0.40404040404040403 0.6954314720812182
47 0.003041100000000019 1 1 0.41414141414141414 0.700507614213198
48 0.002885799999999994 1 1 0.42424242424242425 0.7055837563451777
49 0.0025287999999999977 0 1 0.42424242424242425 0.7106598984771574
50 0.0029896000000000367 1 0 0.43434343434343436 0.7106598984771574
51 0.003257999999999983 1 1 0.4444444444444444 0.7157360406091371
52 0.0027532999999999586 1 2 0.45454545454545453 0.7258883248730964
53 0.0031166999999999723 0 0 0.45454545454545453 0.7258883248730964
54 0.0030201000000000255 1 1 0.46464646464646464 0.7309644670050761
55 0.002627299999999999 0 0 0.46464646464646464 0.7309644670050761
56 0.0026460999999999846 1 0 0.47474747474747475 0.7309644670050761
57 0.003134999999999999 1 1 0.48484848484848486 0.7360406091370558
58 0.002843399999999996 1 2 0.494949494949495 0.7461928934010152
59 0.0032755000000000423 0 0 0.494949494949495 0.7461928934010152
60 0.0027783000000000113 1 1 0.5050505050505051 0.751269035532995
61 0.003515199999999996 1 0 0.5151515151515151 0.751269035532995
62 0.002950200000000014 1 1 0.5252525252525253 0.7563451776649747
63 0.003008199999999961 1 2 0.5353535353535354 0.766497461928934
64 0.0027458000000000204 1 1 0.5454545454545454 0.7715736040609137
65 0.0036575000000000357 1 0 0.5555555555555556 0.7715736040609137
66 0.0029963000000000073 1 2 0.5656565656565656 0.7817258883248731
67 0.0033239999999999936 1 1 0.5757575757575758 0.7868020304568528
68 0.0035837999999999703 1 1 0.5858585858585859 0.7918781725888325
69 0.0031826999999999828 1 1 0.5959595959595959 0.7969543147208121
70 0.0028862000000000054 1 1 0.6060606060606061 0.8020304568527918
71 0.0038829000000000224 1 0 0.6161616161616161 0.8020304568527918
72 0.0033511999999999986 1 0 0.6262626262626263 0.8020304568527918
73 0.0033220999999999945 1 1 0.6363636363636364 0.8071065989847716
74 0.002953399999999995 1 3 0.6464646464646465 0.8223350253807107
75 0.0032415000000000083 0 0 0.6464646464646465 0.8223350253807107
76 0.005544900000000019 1 1 0.6565656565656566 0.8274111675126904
77 0.004735099999999992 0 0 0.6565656565656566 0.8274111675126904
78 0.003764600000000007 1 1 0.6666666666666666 0.8324873096446701
79 0.0034411000000000302 1 1 0.6767676767676768 0.8375634517766497
80 0.0034213999999999634 1 0 0.6868686868686869 0.8375634517766497
81 0.005598800000000015 1 1 0.696969696969697 0.8426395939086294
82 0.004021400000000064 1 2 0.7070707070707071 0.8527918781725888
83 0.003965799999999908 1 0 0.7171717171717171 0.8527918781725888
84 0.0054579000000000155 1 2 0.7272727272727273 0.8629441624365483
85 0.0036812999999999985 1 1 0.7373737373737373 0.868020304568528
86 0.0033982999999999652 1 0 0.7474747474747475 0.868020304568528
87 0.004113900000000004 1 2 0.7575757575757576 0.8781725888324873
88 0.004558099999999898 1 0 0.7676767676767676 0.8781725888324873
89 0.0033118999999999232 1 2 0.7777777777777778 0.8883248730964467
90 0.0034160000000000856 1 1 0.7878787878787878 0.8934010152284264
91 0.003834800000000027 1 1 0.797979797979798 0.8984771573604061
92 0.0034754999999999647 1 0 0.8080808080808081 0.8984771573604061
93 0.003328600000000015 1 2 0.8181818181818182 0.9086294416243654
94 0.003742199999999918 1 0 0.8282828282828283 0.9086294416243654
95 0.0033542999999999212 1 2 0.8383838383838383 0.9187817258883249
96 0.004003599999999996 1 1 0.8484848484848485 0.9238578680203046
97 0.003959900000000016 1 0 0.8585858585858586 0.9238578680203046
98 0.0032192000000000887 1 1 0.8686868686868687 0.9289340101522843
99 0.00394810000000001 1 2 0.8787878787878788 0.9390862944162437
100 0.0033194000000000834 1 1 0.8888888888888888 0.9441624365482234
101 0.004307100000000008 1 1 0.898989898989899 0.949238578680203
102 0.0036879000000000772 1 1 0.9090909090909091 0.9543147208121827
103 0.004025000000000056 0 0 0.9090909090909091 0.9543147208121827
104 0.004286800000000035 1 1 0.9191919191919192 0.9593908629441624
105 0.0033157000000000325 1 0 0.9292929292929293 0.9593908629441624
106 0.004016699999999984 0 0 0.9292929292929293 0.9593908629441624
107 0.0035195000000000087 1 1 0.9393939393939394 0.9644670050761421
108 0.004052300000000009 1 0 0.9494949494949495 0.9644670050761421
109 0.004481899999999928 1 1 0.9595959595959596 0.9695431472081218
110 0.0035762999999999767 1 2 0.9696969696969697 0.9796954314720813
111 0.004116100000000067 1 2 0.9797979797979798 0.9898477157360406
112 0.00382120000000008 1 1 0.98989898989899 0.9949238578680203
113 0.003473400000000071 1 1 1.0 1.0
