130 0.7 0.6
1 0.0028993999999999964 1 0 0.007751937984496124 0.5019455252918288
2 0.0024959999999999982 1 1 0.015503875968992248 0.5058365758754864
3 0.002495399999999981 1 1 0.023255813953488372 0.5097276264591439
4 0.002510900000000038 1 0 0.031007751937984496 0.5097276264591439
5 0.0025429000000000146 1 1 0.03875968992248062 0.5136186770428015
6 0.0025182999999999733 1 0 0.046511627906976744 0.5136186770428015
7 0.0025905999999999985 1 0 0.05426356589147287 0.5136186770428015
8 0.002544700000000011 1 1 0.06201550387596899 0.5175097276264592
9 0.0028788000000000147 0 3 0.06201550387596899 0.5291828793774319
10 0.0025714000000000015 1 1 0.06976744186046512 0.5330739299610895
11 0.002562700000000029 0 0 0.06976744186046512 0.5330739299610895
12 0.002949100000000038 1 1 0.07751937984496124 0.5369649805447471
13 0.0026073000000000346 1 1 0.08527131782945736 0.5408560311284046
14 0.002635799999999966 0 0 0.08527131782945736 0.5408560311284046
15 0.002629699999999957 1 1 0.09302325581395349 0.5447470817120622
16 0.002962100000000023 0 0 0.09302325581395349 0.5447470817120622
17 0.002880500000000008 1 0 0.10077519379844961 0.5447470817120622
18 0.0028183999999999987 1 1 0.10852713178294573 0.5486381322957199
19 0.0027175999999999867 0 0 0.10852713178294573 0.5486381322957199
20 0.002788500000000027 0 0 0.10852713178294573 0.5486381322957199
21 0.0026219000000000103 0 0 0.10852713178294573 0.5486381322957199
22 0.0026195999999999997 0 1 0.10852713178294573 0.5525291828793775
23 0.002676700000000032 0 0 0.10852713178294573 0.5525291828793775
24 0.002656899999999962 0 0 0.10852713178294573 0.5525291828793775
25 0.0026740000000000097 1 1 0.11627906976744186 0.556420233463035
26 0.0026900000000000257 1 1 0.12403100775193798 0.5603112840466926
27 0.0026569000000000176 0 0 0.12403100775193798 0.5603112840466926
28 0.0027003999999999917 1 1 0.13178294573643412 0.5642023346303502
29 0.0027142 1 1 0.13953488372093023 0.5680933852140078
30 0.002728699999999973 1 0 0.14728682170542637 0.5680933852140078
31 0.002718699999999963 0 1 0.14728682170542637 0.5719844357976653
32 0.002714300000000003 1 1 0.15503875968992248 0.5758754863813229
33 0.0039888000000000146 1 1 0.16279069767441862 0.5797665369649806
34 0.004218600000000017 1 1 0.17054263565891473 0.5836575875486382
35 0.00271490000000002 1 0 0.17829457364341086 0.5836575875486382
36 0.002761699999999978 1 1 0.18604651162790697 0.5875486381322957
37 0.0030857000000000245 1 1 0.1937984496124031 0.5914396887159533
38 0.0028093000000000146 0 1 0.1937984496124031 0.5953307392996109
39 0.003155299999999972 1 0 0.20155038759689922 0.5953307392996109
40 0.002853500000000009 1 1 0.20930232558139536 0.5992217898832685
41 0.00281739999999997 1 0 0.21705426356589147 0.5992217898832685
42 0.003007800000000005 1 2 0.2248062015503876 0.6070038910505836
43 0.002825100000000025 1 1 0.23255813953488372 0.6108949416342413
44 0.002872399999999997 0 0 0.23255813953488372 0.6108949416342413
45 0.0031426999999999983 1 1 0.24031007751937986 0.6147859922178989
46 0.0030284999999999895 1 1 0.24806201550387597 0.6186770428015564
47 0.002972599999999992 0 0 0.24806201550387597 0.6186770428015564
48 0.002881699999999987 1 2 0.2558139534883721 0.6264591439688716
49 0.0030201000000000255 1 0 0.26356589147286824 0.6264591439688716
50 0.0029338999999999893 1 1 0.2713178294573643 0.6303501945525292
51 0.003136700000000048 0 0 0.2713178294573643 0.6303501945525292
52 0.003275399999999984 0 0 0.2713178294573643 0.6303501945525292
53 0.0031652000000000347 0 0 0.2713178294573643 0.6303501945525292
54 0.0033339000000000008 0 1 0.2713178294573643 0.6342412451361867
55 0.003311200000000014 1 0 0.27906976744186046 0.6342412451361867
56 0.003280200000000011 1 0 0.2868217054263566 0.6342412451361867
57 0.0032467000000000468 0 1 0.2868217054263566 0.6381322957198443
58 0.003375600000000034 0 1 0.2868217054263566 0.642023346303502
59 0.003364800000000001 0 0 0.2868217054263566 0.642023346303502
60 0.003381299999999976 1 0 0.29457364341085274 0.642023346303502
61 0.003049199999999974 0 1 0.29457364341085274 0.6459143968871596
62 0.0031975000000000198 1 1 0.3023255813953488 0.6498054474708171
63 0.0030433000000000265 0 0 0.3023255813953488 0.6498054474708171
64 0.0031809999999999894 1 1 0.31007751937984496 0.6536964980544747
65 0.0033574000000000104 1 1 0.3178294573643411 0.6575875486381323
66 0.0030183999999999767 1 1 0.32558139534883723 0.6614785992217899
67 0.0030761999999999734 1 1 0.3333333333333333 0.6653696498054474
68 0.003065100000000043 1 1 0.34108527131782945 0.669260700389105
69 0.00300640000000002 0 0 0.34108527131782945 0.669260700389105
70 0.00320330000000002 0 0 0.34108527131782945 0.669260700389105
71 0.0032434000000000074 1 0 0.3488372093023256 0.669260700389105
72 0.0031553999999999194 1 2 0.35658914728682173 0.6770428015564203
73 0.0031668999999999725 1 1 0.3643410852713178 0.6809338521400778
74 0.00310940000000004 0 0 0.3643410852713178 0.6809338521400778
75 0.003172100000000011 1 0 0.37209302325581395 0.6809338521400778
76 0.0030424000000000007 1 1 0.3798449612403101 0.6848249027237354
77 0.003218500000000013 0 1 0.3798449612403101 0.688715953307393
78 0.003399299999999994 1 0 0.3875968992248062 0.688715953307393
79 0.0031239000000000683 0 1 0.3875968992248062 0.6926070038910506
80 0.0030873999999999624 1 0 0.3953488372093023 0.6926070038910506
81 0.003149999999999986 1 1 0.40310077519379844 0.6964980544747081
82 0.0032578999999999247 1 2 0.4108527131782946 0.7042801556420234
83 0.0035821000000000325 0 0 0.4108527131782946 0.7042801556420234
84 0.0034477000000000535 1 1 0.4186046511627907 0.708171206225681
85 0.0032174999999999843 1 1 0.4263565891472868 0.7120622568093385
86 0.003310000000000035 0 0 0.4263565891472868 0.7120622568093385
87 0.0032055999999999196 0 0 0.4263565891472868 0.7120622568093385
88 0.00346600000000008 1 0 0.43410852713178294 0.7120622568093385
89 0.0035588999999999205 0 1 0.43410852713178294 0.7159533073929961
90 0.0032848000000000876 1 0 0.4418604651162791 0.7159533073929961
91 0.0032244999999999635 1 0 0.4496124031007752 0.7159533073929961
92 0.0034874000000000294 1 0 0.4573643410852713 0.7159533073929961
93 0.0036791999999999936 1 1 0.46511627906976744 0.7198443579766537
94 0.00337160000000003 1 4 0.4728682170542636 0.7354085603112841
95 0.003444899999999973 1 0 0.4806201550387597 0.7354085603112841
96 0.0035015999999999936 0 1 0.4806201550387597 0.7392996108949417
97 0.0036173000000000455 0 0 0.4806201550387597 0.7392996108949417
98 0.003306800000000054 1 1 0.4883720930232558 0.7431906614785992
99 0.0036313999999999513 1 0 0.49612403100775193 0.7431906614785992
100 0.0037376000000000076 0 1 0.49612403100775193 0.7470817120622568
101 0.003501199999999982 0 0 0.49612403100775193 0.7470817120622568
102 0.003735099999999991 1 0 0.5038759689922481 0.7470817120622568
103 0.0034359000000000472 0 0 0.5038759689922481 0.7470817120622568
104 0.003679099999999935 1 2 0.5116279069767442 0.754863813229572
105 0.003591800000000034 0 0 0.5116279069767442 0.754863813229572
106 0.0036805000000000865 1 0 0.5193798449612403 0.754863813229572
107 0.0037715000000000387 1 1 0.5271317829457365 0.7587548638132295
108 0.003858800000000051 0 0 0.5271317829457365 0.7587548638132295
109 0.003803800000000024 0 0 0.5271317829457365 0.7587548638132295
110 0.0038946999999999177 0 0 0.5271317829457365 0.7587548638132295
111 0.003480399999999939 0 1 0.5271317829457365 0.7626459143968871
112 0.003637400000000013 1 1 0.5348837209302325 0.7665369649805448
113 0.0038431999999999356 1 1 0.5426356589147286 0.7704280155642024
114 0.003743799999999964 0 0 0.5426356589147286 0.7704280155642024
115 0.0038818999999999937 0 0 0.5426356589147286 0.7704280155642024
116 0.0038346999999999687 0 0 0.5426356589147286 0.7704280155642024
117 0.004012999999999933 1 0 0.5503875968992248 0.7704280155642024
118 0.003820599999999952 0 0 0.5503875968992248 0.7704280155642024
119 0.003881499999999982 1 1 0.5581395348837209 0.77431906614786
120 0.0034908999999999635 1 0 0.5658914728682171 0.77431906614786
121 0.0033870999999999762 1 0 0.5736434108527132 0.77431906614786
122 0.0037250999999999257 1 2 0.5813953488372093 0.7821011673151751
123 0.0034413000000000915 1 2 0.5891472868217055 0.7898832684824902
124 0.003554500000000016 0 1 0.5891472868217055 0.7937743190661478
125 0.0036578000000000443 1 1 0.5968992248062015 0.7976653696498055
126 0.003531599999999968 1 0 0.6046511627906976 0.7976653696498055
127 0.0034828999999999555 0 0 0.6046511627906976 0.7976653696498055
128 0.0035134 0 1 0.6046511627906976 0.8015564202334631
129 0.0037215999999999916 1 1 0.6124031007751938 0.8054474708171206
130 0.0036239999999999606 0 0 0.6124031007751938 0.8054474708171206
131 0.0036509000000000125 1 1 0.6201550387596899 0.8093385214007782
132 0.003847299999999998 1 1 0.627906976744186 0.8132295719844358
133 0.003504899999999922 0 0 0.627906976744186 0.8132295719844358
134 0.0036593999999999793 0 0 0.627906976744186 0.8132295719844358
135 0.003906799999999988 0 0 0.627906976744186 0.8132295719844358
136 0.003569400000000056 1 1 0.6356589147286822 0.8171206225680934
137 0.0035602999999999607 1 1 0.6434108527131783 0.8210116731517509
138 0.0035650999999999877 1 1 0.6511627906976745 0.8249027237354085
139 0.003534199999999932 1 0 0.6589147286821705 0.8249027237354085
140 0.003682199999999969 1 2 0.6666666666666666 0.8326848249027238
141 0.003653400000000029 1 1 0.6744186046511628 0.8365758754863813
142 0.003626299999999971 1 0 0.6821705426356589 0.8365758754863813
143 0.0036591000000000262 0 0 0.6821705426356589 0.8365758754863813
144 0.0038856000000000446 0 1 0.6821705426356589 0.8404669260700389
145 0.003695000000000004 1 1 0.689922480620155 0.8443579766536965
146 0.003700399999999937 1 1 0.6976744186046512 0.8482490272373541
147 0.005344400000000027 1 1 0.7054263565891473 0.8521400778210116
148 0.0038813000000000875 1 0 0.7131782945736435 0.8521400778210116
149 0.0038093000000000155 1 1 0.7209302325581395 0.8560311284046692
150 0.003700099999999984 1 0 0.7286821705426356 0.8560311284046692
151 0.0038231999999999156 0 0 0.7286821705426356 0.8560311284046692
152 0.0037215000000000442 1 3 0.7364341085271318 0.867704280155642
153 0.003764400000000001 1 0 0.7441860465116279 0.867704280155642
154 0.0037308999999999815 0 1 0.7441860465116279 0.8715953307392996
155 0.003737200000000107 1 0 0.751937984496124 0.8715953307392996
156 0.0037143000000000592 1 1 0.7596899224806202 0.8754863813229572
157 0.004063399999999939 1 1 0.7674418604651163 0.8793774319066148
158 0.0037411000000000527 0 1 0.7674418604651163 0.8832684824902723
159 0.003742499999999982 0 0 0.7674418604651163 0.8832684824902723
160 0.0038162000000000473 1 1 0.7751937984496124 0.8871595330739299
161 0.003910899999999939 0 0 0.7751937984496124 0.8871595330739299
162 0.003771599999999986 1 1 0.7829457364341085 0.8910505836575876
163 0.003874800000000067 0 0 0.7829457364341085 0.8910505836575876
164 0.004072899999999935 1 1 0.7906976744186046 0.8949416342412452
165 0.0037717000000000445 1 1 0.7984496124031008 0.8988326848249028
166 0.0040328000000000586 1 1 0.8062015503875969 0.9027237354085603
167 0.00439210000000001 1 0 0.813953488372093 0.9027237354085603
168 0.006047800000000048 1 2 0.8217054263565892 0.9105058365758755
169 0.004176099999999905 1 0 0.8294573643410853 0.9105058365758755
170 0.004440299999999953 1 2 0.8372093023255814 0.9182879377431906
171 0.004174300000000075 1 0 0.8449612403100775 0.9182879377431906
172 0.004280400000000073 1 2 0.8527131782945736 0.9260700389105059
173 0.004283099999999984 0 0 0.8527131782945736 0.9260700389105059
174 0.004298800000000047 1 1 0.8604651162790697 0.9299610894941635
175 0.004393100000000039 0 0 0.8604651162790697 0.9299610894941635
176 0.004383099999999973 0 0 0.8604651162790697 0.9299610894941635
177 0.00451479999999993 0 0 0.8604651162790697 0.9299610894941635
178 0.004401700000000064 1 1 0.8682170542635659 0.933852140077821
179 0.004211099999999912 1 0 0.875968992248062 0.933852140077821
180 0.004111499999999935 0 0 0.875968992248062 0.933852140077821
181 0.00418609999999997 1 2 0.8837209302325582 0.9416342412451362
182 0.004402099999999964 1 1 0.8914728682170543 0.9455252918287937
183 0.004427599999999976 1 0 0.8992248062015504 0.9455252918287937
184 0.004033199999999959 1 1 0.9069767441860465 0.9494163424124513
185 0.004554900000000028 1 2 0.9147286821705426 0.9571984435797666
186 0.004719599999999935 1 1 0.9224806201550387 0.9610894941634242
187 0.004786199999999963 1 1 0.9302325581395349 0.9649805447470817
188 0.004378800000000016 1 0 0.937984496124031 0.9649805447470817
189 0.004749200000000009 1 1 0.9457364341085271 0.9688715953307393
190 0.0043064000000000435 0 1 0.9457364341085271 0.9727626459143969
191 0.004309900000000089 1 1 0.9534883720930233 0.9766536964980544
192 0.004288599999999976 1 0 0.9612403100775194 0.9766536964980544
193 0.004190899999999997 1 1 0.9689922480620154 0.980544747081712
194 0.004115800000000114 0 0 0.9689922480620154 0.980544747081712
195 0.004252399999999934 0 0 0.9689922480620154 0.980544747081712
196 0.004153400000000085 1 1 0.9767441860465116 0.9844357976653697
197 0.004085000000000116 0 1 0.9767441860465116 0.9883268482490273
198 0.0043238000000001 1 1 0.9844961240310077 0.9922178988326849
199 0.004287300000000105 1 1 0.9922480620155039 0.9961089494163424
200 0.004389100000000035 0 0 0.9922480620155039 0.9961089494163424
201 0.004281500000000049 1 1 1.0 1.0
