20 0.5 1.0
1 0.0005480999999999958 1 0 0.05263157894736842 0.5135135135135135
2 0.00038710000000000133 0 0 0.05263157894736842 0.5135135135135135
3 0.0005085000000000228 0 0 0.05263157894736842 0.5135135135135135
4 0.0004069999999999907 1 1 0.10526315789473684 0.5405405405405406
5 0.00046060000000000545 1 1 0.15789473684210525 0.5675675675675675
6 0.0006218999999999808 0 0 0.15789473684210525 0.5675675675675675
7 0.0004578000000000082 0 0 0.15789473684210525 0.5675675675675675
8 0.0005068000000000017 1 1 0.21052631578947367 0.5945945945945946
9 0.0004529000000000061 0 0 0.21052631578947367 0.5945945945945946
10 0.0004914000000000029 0 0 0.21052631578947367 0.5945945945945946
11 0.0005753000000000008 1 1 0.2631578947368421 0.6216216216216216
12 0.0007204000000000099 1 1 0.3157894736842105 0.6486486486486487
13 0.0004866999999999788 1 1 0.3684210526315789 0.6756756756756757
14 0.0005886999999999976 1 1 0.42105263157894735 0.7027027027027027
15 0.0007703000000000015 1 1 0.47368421052631576 0.7297297297297297
16 0.0005670000000000119 1 1 0.5263157894736842 0.7567567567567568
17 0.0005798000000000192 1 1 0.5789473684210527 0.7837837837837838
18 0.0005548999999999971 0 0 0.5789473684210527 0.7837837837837838
19 0.0005394000000000232 1 1 0.631578947368421 0.8108108108108109
20 0.0006255000000000011 0 0 0.631578947368421 0.8108108108108109
21 0.0005833000000000088 0 0 0.631578947368421 0.8108108108108109
22 0.0005663999999999947 1 1 0.6842105263157895 0.8378378378378378
23 0.0007066000000000017 1 1 0.7368421052631579 0.8648648648648649
24 0.0005809999999999982 0 0 0.7368421052631579 0.8648648648648649
25 0.0008370000000000044 0 0 0.7368421052631579 0.8648648648648649
26 0.0007272999999999863 1 1 0.7894736842105263 0.8918918918918919
27 0.0010346999999999995 1 1 0.8421052631578947 0.918918918918919
28 0.0010986999999999802 1 1 0.8947368421052632 0.9459459459459459
29 0.0008420000000000094 0 0 0.8947368421052632 0.9459459459459459
30 0.0008371999999999824 0 0 0.8947368421052632 0.9459459459459459
31 0.0012569000000000052 0 0 0.8947368421052632 0.9459459459459459
32 0.0006776000000000004 0 0 0.8947368421052632 0.9459459459459459
33 0.0007328000000000057 1 1 0.9473684210526315 0.972972972972973
34 0.0010681000000000163 0 0 0.9473684210526315 0.972972972972973
35 0.0009639000000000175 0 0 0.9473684210526315 0.972972972972973
36 0.0007814999999999905 1 1 1.0 1.0
