80 0.2 0.4
1 0.0016212999999999922 0 0 0.0 0.5031847133757962
2 0.0016361999999999766 1 0 0.012658227848101266 0.5031847133757962
3 0.0016145000000000187 0 0 0.012658227848101266 0.5031847133757962
4 0.001619399999999993 0 0 0.012658227848101266 0.5031847133757962
5 0.0016000999999999932 0 0 0.012658227848101266 0.5031847133757962
6 0.0016054000000000068 0 0 0.012658227848101266 0.5031847133757962
7 0.001638400000000012 0 0 0.012658227848101266 0.5031847133757962
8 0.0016531999999999936 1 1 0.02531645569620253 0.5095541401273885
9 0.0016068999999999944 0 0 0.02531645569620253 0.5095541401273885
10 0.0018207000000000084 0 0 0.02531645569620253 0.5095541401273885
11 0.001587100000000008 0 0 0.02531645569620253 0.5095541401273885
12 0.0015545000000000142 0 0 0.02531645569620253 0.5095541401273885
13 0.001495200000000002 0 0 0.02531645569620253 0.5095541401273885
14 0.0016166999999999987 0 0 0.02531645569620253 0.5095541401273885
15 0.0016897000000000162 0 0 0.02531645569620253 0.5095541401273885
16 0.0015678999999999832 0 0 0.02531645569620253 0.5095541401273885
17 0.0015918000000000043 0 0 0.02531645569620253 0.5095541401273885
18 0.0015519999999999978 0 0 0.02531645569620253 0.5095541401273885
19 0.0016994999999999927 0 0 0.02531645569620253 0.5095541401273885
20 0.0016300999999999954 0 0 0.02531645569620253 0.5095541401273885
21 0.001649799999999979 1 1 0.0379746835443038 0.5159235668789809
22 0.0016755999999999993 0 0 0.0379746835443038 0.5159235668789809
23 0.0016452999999999884 0 0 0.0379746835443038 0.5159235668789809
24 0.001620399999999994 0 0 0.0379746835443038 0.5159235668789809
25 0.0015249999999999986 0 0 0.0379746835443038 0.5159235668789809
26 0.0015535000000000132 0 0 0.0379746835443038 0.5159235668789809
27 0.0016156999999999977 0 0 0.0379746835443038 0.5159235668789809
28 0.0016593000000000024 1 0 0.05063291139240506 0.5159235668789809
29 0.0015423999999999993 1 0 0.06329113924050633 0.5159235668789809
30 0.0016166999999999987 0 0 0.06329113924050633 0.5159235668789809
31 0.0021758000000000055 0 0 0.06329113924050633 0.5159235668789809
32 0.0022153999999999785 0 0 0.06329113924050633 0.5159235668789809
33 0.0017417000000000127 0 1 0.06329113924050633 0.5222929936305732
34 0.0016349999999999976 0 0 0.06329113924050633 0.5222929936305732
35 0.0016594999999999804 0 0 0.06329113924050633 0.5222929936305732
36 0.0017168000000000183 1 1 0.0759493670886076 0.5286624203821656
37 0.001575800000000016 0 0 0.0759493670886076 0.5286624203821656
38 0.001576199999999972 0 0 0.0759493670886076 0.5286624203821656
39 0.0015201000000000242 0 0 0.0759493670886076 0.5286624203821656
40 0.0018534999999999524 1 1 0.08860759493670886 0.535031847133758
41 0.0018080999999999792 0 0 0.08860759493670886 0.535031847133758
42 0.0016561999999999966 0 0 0.08860759493670886 0.535031847133758
43 0.001569900000000013 1 1 0.10126582278481013 0.5414012738853503
44 0.0017108999999999597 1 0 0.11392405063291139 0.5414012738853503
45 0.0017091999999999663 1 0 0.12658227848101267 0.5414012738853503
46 0.0016430000000000056 0 0 0.12658227848101267 0.5414012738853503
47 0.0016835999999999518 0 0 0.12658227848101267 0.5414012738853503
48 0.0017542999999999864 0 0 0.12658227848101267 0.5414012738853503
49 0.0017166000000000126 1 1 0.13924050632911392 0.5477707006369427
50 0.0019413000000000347 0 1 0.13924050632911392 0.554140127388535
51 0.0017773000000000372 0 0 0.13924050632911392 0.554140127388535
52 0.0017780999999999492 1 1 0.1518987341772152 0.5605095541401274
53 0.0017781000000000047 0 0 0.1518987341772152 0.5605095541401274
54 0.0019185999999999925 0 1 0.1518987341772152 0.5668789808917197
55 0.0017381000000000202 0 0 0.1518987341772152 0.5668789808917197
56 0.0017770000000000286 1 0 0.16455696202531644 0.5668789808917197
57 0.0017279000000000044 0 0 0.16455696202531644 0.5668789808917197
58 0.0016700000000000048 1 0 0.17721518987341772 0.5668789808917197
59 0.0015920999999999852 0 1 0.17721518987341772 0.5732484076433121
60 0.001736200000000021 1 0 0.189873417721519 0.5732484076433121
61 0.001659400000000033 1 1 0.20253164556962025 0.5796178343949044
62 0.0016733999999999916 1 1 0.21518987341772153 0.5859872611464968
63 0.0016764000000000223 1 0 0.22784810126582278 0.5859872611464968
64 0.0016943999999999848 0 1 0.22784810126582278 0.5923566878980892
65 0.001723100000000033 0 0 0.22784810126582278 0.5923566878980892
66 0.0018315000000000414 0 0 0.22784810126582278 0.5923566878980892
67 0.0017816999999999972 0 0 0.22784810126582278 0.5923566878980892
68 0.00214629999999999 0 0 0.22784810126582278 0.5923566878980892
69 0.0019417999999999935 0 0 0.22784810126582278 0.5923566878980892
70 0.0017493999999999565 0 0 0.22784810126582278 0.5923566878980892
71 0.0022109000000000156 0 0 0.22784810126582278 0.5923566878980892
72 0.0016523999999999983 1 1 0.24050632911392406 0.5987261146496815
73 0.0018062000000000356 0 0 0.24050632911392406 0.5987261146496815
74 0.001722200000000007 0 0 0.24050632911392406 0.5987261146496815
75 0.001646599999999998 0 0 0.24050632911392406 0.5987261146496815
76 0.0017859999999999543 0 1 0.24050632911392406 0.6050955414012739
77 0.0016895000000000104 1 0 0.25316455696202533 0.6050955414012739
78 0.0017482999999999804 0 1 0.25316455696202533 0.6114649681528662
79 0.001752599999999993 0 0 0.25316455696202533 0.6114649681528662
80 0.0017241999999999535 1 0 0.26582278481012656 0.6114649681528662
81 0.0017125000000000057 0 0 0.26582278481012656 0.6114649681528662
82 0.0018172000000000188 1 1 0.27848101265822783 0.6178343949044586
83 0.0017845999999999695 1 1 0.2911392405063291 0.6242038216560509
84 0.0017680999999999947 1 1 0.3037974683544304 0.6305732484076433
85 0.001754599999999995 1 1 0.31645569620253167 0.6369426751592356
86 0.001726300000000014 0 0 0.31645569620253167 0.6369426751592356
87 0.0018612000000000073 0 1 0.31645569620253167 0.643312101910828
88 0.0018933999999999895 0 0 0.31645569620253167 0.643312101910828
89 0.0018716000000000288 1 0 0.3291139240506329 0.643312101910828
90 0.001919000000000004 0 0 0.3291139240506329 0.643312101910828
91 0.001839399999999991 0 0 0.3291139240506329 0.643312101910828
92 0.0019181000000000337 0 1 0.3291139240506329 0.6496815286624203
93 0.0019803999999999933 0 1 0.3291139240506329 0.6560509554140127
94 0.0018706 0 0 0.3291139240506329 0.6560509554140127
95 0.002071299999999998 0 0 0.3291139240506329 0.6560509554140127
96 0.002042099999999991 0 1 0.3291139240506329 0.6624203821656051
97 0.0019508999999999777 1 1 0.34177215189873417 0.6687898089171974
98 0.0020174000000000025 0 0 0.34177215189873417 0.6687898089171974
99 0.001832699999999965 1 1 0.35443037974683544 0.6751592356687898
100 0.0017767999999999673 0 0 0.35443037974683544 0.6751592356687898
101 0.0018853999999999815 1 0 0.3670886075949367 0.6751592356687898
102 0.0017992000000000008 0 0 0.3670886075949367 0.6751592356687898
103 0.0019344000000000028 0 1 0.3670886075949367 0.6815286624203821
104 0.0018292000000000308 1 0 0.379746835443038 0.6815286624203821
105 0.001834200000000008 1 0 0.3924050632911392 0.6815286624203821
106 0.0018905999999999645 0 0 0.3924050632911392 0.6815286624203821
107 0.0017972999999999462 0 0 0.3924050632911392 0.6815286624203821
108 0.0019277999999999795 1 0 0.4050632911392405 0.6815286624203821
109 0.0018160999999999872 0 0 0.4050632911392405 0.6815286624203821
110 0.001960699999999982 0 0 0.4050632911392405 0.6815286624203821
111 0.0020556999999999936 0 0 0.4050632911392405 0.6815286624203821
112 0.0019631999999999983 0 0 0.4050632911392405 0.6815286624203821
113 0.0018608999999999987 0 0 0.4050632911392405 0.6815286624203821
114 0.0019300999999999902 0 0 0.4050632911392405 0.6815286624203821
115 0.0018140999999999852 0 0 0.4050632911392405 0.6815286624203821
116 0.0020486000000000115 0 1 0.4050632911392405 0.6878980891719745
117 0.001891799999999999 0 0 0.4050632911392405 0.6878980891719745
118 0.00179619999999997 1 0 0.4177215189873418 0.6878980891719745
119 0.001952699999999974 0 0 0.4177215189873418 0.6878980891719745
120 0.001919000000000004 0 0 0.4177215189873418 0.6878980891719745
121 0.0019005000000000272 1 0 0.43037974683544306 0.6878980891719745
122 0.0018756000000000328 0 0 0.43037974683544306 0.6878980891719745
123 0.0018335000000000434 1 1 0.4430379746835443 0.6942675159235668
124 0.0017828999999999762 0 0 0.4430379746835443 0.6942675159235668
125 0.0017843000000000164 0 0 0.4430379746835443 0.6942675159235668
126 0.0018006999999999884 0 1 0.4430379746835443 0.7006369426751592
127 0.001809100000000008 0 0 0.4430379746835443 0.7006369426751592
128 0.0017742000000000036 0 0 0.4430379746835443 0.7006369426751592
129 0.0018977000000000022 0 0 0.4430379746835443 0.7006369426751592
130 0.0018270999999999704 0 0 0.4430379746835443 0.7006369426751592
131 0.002247399999999955 0 1 0.4430379746835443 0.7070063694267515
132 0.0019045000000000312 0 0 0.4430379746835443 0.7070063694267515
133 0.0018307000000000184 0 1 0.4430379746835443 0.7133757961783439
134 0.0017643999999999993 1 0 0.45569620253164556 0.7133757961783439
135 0.0018084999999999907 1 1 0.46835443037974683 0.7197452229299363
136 0.0018144999999999967 0 1 0.46835443037974683 0.7261146496815286
137 0.001881400000000033 1 0 0.4810126582278481 0.7261146496815286
138 0.001977300000000015 0 0 0.4810126582278481 0.7261146496815286
139 0.0021691999999999823 0 0 0.4810126582278481 0.7261146496815286
140 0.001987400000000028 0 0 0.4810126582278481 0.7261146496815286
141 0.0019771999999999568 0 0 0.4810126582278481 0.7261146496815286
142 0.0020474000000000325 0 1 0.4810126582278481 0.732484076433121
143 0.001848599999999978 0 1 0.4810126582278481 0.7388535031847133
144 0.0019496999999999987 0 0 0.4810126582278481 0.7388535031847133
145 0.0019523999999999653 0 0 0.4810126582278481 0.7388535031847133
146 0.001874700000000007 0 0 0.4810126582278481 0.7388535031847133
147 0.001955399999999996 0 0 0.4810126582278481 0.7388535031847133
148 0.002004600000000023 0 0 0.4810126582278481 0.7388535031847133
149 0.0019687999999999928 0 0 0.4810126582278481 0.7388535031847133
150 0.0022541000000000366 0 0 0.4810126582278481 0.7388535031847133
151 0.0020348000000000033 0 0 0.4810126582278481 0.7388535031847133
152 0.002024199999999976 0 0 0.4810126582278481 0.7388535031847133
153 0.00195869999999998 0 0 0.4810126582278481 0.7388535031847133
154 0.002035499999999968 0 0 0.4810126582278481 0.7388535031847133
155 0.0028047999999999407 0 0 0.4810126582278481 0.7388535031847133
156 0.0018909000000000287 0 0 0.4810126582278481 0.7388535031847133
157 0.001996099999999945 0 0 0.4810126582278481 0.7388535031847133
158 0.0019532999999999356 1 1 0.4936708860759494 0.7452229299363057
159 0.001884300000000061 0 0 0.4936708860759494 0.7452229299363057
160 0.0020428999999999586 0 0 0.4936708860759494 0.7452229299363057
161 0.0019270999999999594 0 0 0.4936708860759494 0.7452229299363057
162 0.0019626000000000365 1 1 0.5063291139240507 0.7515923566878981
163 0.0020227999999999913 0 0 0.5063291139240507 0.7515923566878981
164 0.0019576000000000038 0 0 0.5063291139240507 0.7515923566878981
165 0.001985099999999962 0 0 0.5063291139240507 0.7515923566878981
166 0.0023387999999999742 0 0 0.5063291139240507 0.7515923566878981
167 0.0019751000000000074 0 0 0.5063291139240507 0.7515923566878981
168 0.0018825000000000092 0 0 0.5063291139240507 0.7515923566878981
169 0.0018659999999999233 0 0 0.5063291139240507 0.7515923566878981
170 0.0018681000000000392 1 0 0.5189873417721519 0.7515923566878981
171 0.0019512999999999892 0 1 0.5189873417721519 0.7579617834394905
172 0.0019930000000000225 0 0 0.5189873417721519 0.7579617834394905
173 0.0028938000000000574 0 0 0.5189873417721519 0.7579617834394905
174 0.002600599999999953 0 0 0.5189873417721519 0.7579617834394905
175 0.0025365000000000526 1 1 0.5316455696202531 0.7643312101910829
176 0.002722200000000008 0 0 0.5316455696202531 0.7643312101910829
177 0.0027386000000000355 0 0 0.5316455696202531 0.7643312101910829
178 0.002597399999999972 0 0 0.5316455696202531 0.7643312101910829
179 0.0026191999999999327 0 0 0.5316455696202531 0.7643312101910829
180 0.002583000000000002 1 0 0.5443037974683544 0.7643312101910829
181 0.0024051999999999962 0 0 0.5443037974683544 0.7643312101910829
182 0.0027022999999999353 0 0 0.5443037974683544 0.7643312101910829
183 0.002693200000000062 0 0 0.5443037974683544 0.7643312101910829
184 0.0026954000000000145 0 0 0.5443037974683544 0.7643312101910829
185 0.0026631999999999767 0 0 0.5443037974683544 0.7643312101910829
186 0.002008300000000074 0 0 0.5443037974683544 0.7643312101910829
187 0.0025624000000000757 0 0 0.5443037974683544 0.7643312101910829
188 0.0020396000000000303 1 1 0.5569620253164557 0.7707006369426752
189 0.00278350000000005 0 0 0.5569620253164557 0.7707006369426752
190 0.0020513999999999255 0 0 0.5569620253164557 0.7707006369426752
191 0.0018853000000000897 0 0 0.5569620253164557 0.7707006369426752
192 0.0018335999999999908 0 0 0.5569620253164557 0.7707006369426752
193 0.0021636999999999906 0 0 0.5569620253164557 0.7707006369426752
194 0.0026962000000000375 0 0 0.5569620253164557 0.7707006369426752
195 0.002728300000000017 0 0 0.5569620253164557 0.7707006369426752
196 0.002695800000000026 0 0 0.5569620253164557 0.7707006369426752
197 0.0028504000000000307 0 0 0.5569620253164557 0.7707006369426752
198 0.002033400000000074 0 0 0.5569620253164557 0.7707006369426752
199 0.00214139999999996 0 0 0.5569620253164557 0.7707006369426752
200 0.0040357000000000864 0 0 0.5569620253164557 0.7707006369426752
201 0.0020103000000000204 0 0 0.5569620253164557 0.7707006369426752
202 0.002097400000000027 1 1 0.569620253164557 0.7770700636942676
203 0.002045399999999975 0 0 0.569620253164557 0.7770700636942676
204 0.0018989000000000367 0 0 0.569620253164557 0.7770700636942676
205 0.002140900000000001 1 0 0.5822784810126582 0.7770700636942676
206 0.0020131999999999373 0 0 0.5822784810126582 0.7770700636942676
207 0.0020792000000000588 0 0 0.5822784810126582 0.7770700636942676
208 0.0020369999999999555 0 0 0.5822784810126582 0.7770700636942676
209 0.001883500000000038 0 0 0.5822784810126582 0.7770700636942676
210 0.0019095000000000084 0 0 0.5822784810126582 0.7770700636942676
211 0.001892300000000069 0 0 0.5822784810126582 0.7770700636942676
212 0.0020181000000000227 0 0 0.5822784810126582 0.7770700636942676
213 0.0020443999999999463 1 0 0.5949367088607594 0.7770700636942676
214 0.0021138000000000545 1 1 0.6075949367088608 0.7834394904458599
215 0.001945100000000033 0 0 0.6075949367088608 0.7834394904458599
216 0.002183500000000005 0 1 0.6075949367088608 0.7898089171974523
217 0.002101699999999984 1 1 0.620253164556962 0.7961783439490446
218 0.002075799999999961 0 0 0.620253164556962 0.7961783439490446
219 0.0021144000000000718 0 0 0.620253164556962 0.7961783439490446
220 0.0020327999999999458 0 0 0.620253164556962 0.7961783439490446
221 0.002065900000000065 0 1 0.620253164556962 0.802547770700637
222 0.0020189000000000457 0 0 0.620253164556962 0.802547770700637
223 0.002100300000000055 0 0 0.620253164556962 0.802547770700637
224 0.0023675999999999142 0 0 0.620253164556962 0.802547770700637
225 0.002150199999999991 0 0 0.620253164556962 0.802547770700637
226 0.0021151000000000364 0 0 0.620253164556962 0.802547770700637
227 0.002012600000000031 0 0 0.620253164556962 0.802547770700637
228 0.0020544000000000118 0 0 0.620253164556962 0.802547770700637
229 0.00199920000000009 1 0 0.6329113924050633 0.802547770700637
230 0.0021200000000000108 0 0 0.6329113924050633 0.802547770700637
231 0.0022427999999999892 1 1 0.6455696202531646 0.8089171974522293
232 0.002270499999999953 0 1 0.6455696202531646 0.8152866242038217
233 0.0021191999999999878 0 0 0.6455696202531646 0.8152866242038217
234 0.001974200000000037 0 0 0.6455696202531646 0.8152866242038217
235 0.0020588000000000273 0 0 0.6455696202531646 0.8152866242038217
236 0.002825399999999978 0 0 0.6455696202531646 0.8152866242038217
237 0.0027423999999999227 0 1 0.6455696202531646 0.821656050955414
238 0.002791500000000058 0 0 0.6455696202531646 0.821656050955414
239 0.0027557000000000276 0 0 0.6455696202531646 0.821656050955414
240 0.0027857999999999494 0 0 0.6455696202531646 0.821656050955414
241 0.0030056000000000527 0 0 0.6455696202531646 0.821656050955414
242 0.002928099999999989 1 0 0.6582278481012658 0.821656050955414
243 0.0021476000000000273 0 0 0.6582278481012658 0.821656050955414
244 0.0020395999999999193 0 0 0.6582278481012658 0.821656050955414
245 0.00256679999999998 0 1 0.6582278481012658 0.8280254777070064
246 0.0021476000000000273 0 0 0.6582278481012658 0.8280254777070064
247 0.002028299999999983 1 0 0.6708860759493671 0.8280254777070064
248 0.0026728000000000307 0 0 0.6708860759493671 0.8280254777070064
249 0.002233400000000052 0 0 0.6708860759493671 0.8280254777070064
250 0.0021558999999999884 0 0 0.6708860759493671 0.8280254777070064
251 0.00210750000000004 0 0 0.6708860759493671 0.8280254777070064
252 0.0021478999999999804 0 0 0.6708860759493671 0.8280254777070064
253 0.0023020999999999736 0 0 0.6708860759493671 0.8280254777070064
254 0.002029900000000029 0 0 0.6708860759493671 0.8280254777070064
255 0.002136300000000091 1 1 0.6835443037974683 0.8343949044585988
256 0.0025647000000000864 0 0 0.6835443037974683 0.8343949044585988
257 0.0021803999999999713 0 0 0.6835443037974683 0.8343949044585988
258 0.002072300000000027 0 0 0.6835443037974683 0.8343949044585988
259 0.0025356000000000822 0 0 0.6835443037974683 0.8343949044585988
260 0.0022089999999999055 0 0 0.6835443037974683 0.8343949044585988
261 0.002042500000000058 1 0 0.6962025316455697 0.8343949044585988
262 0.002146500000000051 0 0 0.6962025316455697 0.8343949044585988
263 0.0021801999999999655 0 0 0.6962025316455697 0.8343949044585988
264 0.0020846999999999394 0 0 0.6962025316455697 0.8343949044585988
265 0.0022937999999999015 0 0 0.6962025316455697 0.8343949044585988
266 0.002242199999999972 0 0 0.6962025316455697 0.8343949044585988
267 0.0021132000000000373 0 1 0.6962025316455697 0.8407643312101911
268 0.0020767000000000424 0 0 0.6962025316455697 0.8407643312101911
269 0.002104300000000059 0 0 0.6962025316455697 0.8407643312101911
270 0.0020641999999999605 1 0 0.7088607594936709 0.8407643312101911
271 0.00204890000000002 0 0 0.7088607594936709 0.8407643312101911
272 0.0021925000000000416 0 0 0.7088607594936709 0.8407643312101911
273 0.00206890000000004 0 0 0.7088607594936709 0.8407643312101911
274 0.002557900000000002 0 0 0.7088607594936709 0.8407643312101911
275 0.0019727999999999968 0 0 0.7088607594936709 0.8407643312101911
276 0.0021023999999999488 0 0 0.7088607594936709 0.8407643312101911
277 0.0019826000000000565 0 0 0.7088607594936709 0.8407643312101911
278 0.0020172999999999996 0 0 0.7088607594936709 0.8407643312101911
279 0.002138199999999979 0 0 0.7088607594936709 0.8407643312101911
280 0.0025192000000000547 0 0 0.7088607594936709 0.8407643312101911
281 0.0020698000000000105 1 0 0.7215189873417721 0.8407643312101911
282 0.00210330000000003 0 0 0.7215189873417721 0.8407643312101911
283 0.0020938000000000345 0 0 0.7215189873417721 0.8407643312101911
284 0.002779599999999993 0 0 0.7215189873417721 0.8407643312101911
285 0.002927500000000083 0 0 0.7215189873417721 0.8407643312101911
286 0.002861400000000014 0 1 0.7215189873417721 0.8471337579617835
287 0.0030807000000000473 0 0 0.7215189873417721 0.8471337579617835
288 0.002740299999999918 0 0 0.7215189873417721 0.8471337579617835
289 0.0028487000000000373 0 0 0.7215189873417721 0.8471337579617835
290 0.0028711999999999627 0 0 0.7215189873417721 0.8471337579617835
291 0.0026954000000000145 0 0 0.7215189873417721 0.8471337579617835
292 0.003028399999999931 0 1 0.7215189873417721 0.8535031847133758
293 0.0028214999999999213 0 0 0.7215189873417721 0.8535031847133758
294 0.0028728000000000087 0 0 0.7215189873417721 0.8535031847133758
295 0.002797400000000061 0 0 0.7215189873417721 0.8535031847133758
296 0.002855600000000069 1 1 0.7341772151898734 0.8598726114649682
297 0.0029137999999999664 0 0 0.7341772151898734 0.8598726114649682
298 0.0030679999999999596 1 0 0.7468354430379747 0.8598726114649682
299 0.002835499999999991 0 0 0.7468354430379747 0.8598726114649682
300 0.002831299999999981 0 0 0.7468354430379747 0.8598726114649682
301 0.002780400000000016 0 1 0.7468354430379747 0.8662420382165605
302 0.002765699999999982 1 0 0.759493670886076 0.8662420382165605
303 0.0022357000000000626 1 1 0.7721518987341772 0.8726114649681529
304 0.0022780000000000022 1 1 0.7848101265822784 0.8789808917197452
305 0.002174200000000015 0 0 0.7848101265822784 0.8789808917197452
306 0.002133700000000016 0 0 0.7848101265822784 0.8789808917197452
307 0.0022025999999999435 0 0 0.7848101265822784 0.8789808917197452
308 0.00217579999999995 0 1 0.7848101265822784 0.8853503184713376
309 0.002200599999999997 1 1 0.7974683544303798 0.89171974522293
310 0.0020703999999999168 0 0 0.7974683544303798 0.89171974522293
311 0.0021843999999999753 0 0 0.7974683544303798 0.89171974522293
312 0.0021377999999999675 0 0 0.7974683544303798 0.89171974522293
313 0.002075499999999897 0 0 0.7974683544303798 0.89171974522293
314 0.002235300000000051 0 0 0.7974683544303798 0.89171974522293
315 0.002165399999999984 0 0 0.7974683544303798 0.89171974522293
316 0.002230500000000024 0 0 0.7974683544303798 0.89171974522293
317 0.0021685000000000176 0 1 0.7974683544303798 0.8980891719745223
318 0.002224299999999957 1 0 0.810126582278481 0.8980891719745223
319 0.0021535000000000304 0 0 0.810126582278481 0.8980891719745223
320 0.0021223000000000214 0 0 0.810126582278481 0.8980891719745223
321 0.0021674000000000415 0 0 0.810126582278481 0.8980891719745223
322 0.0021107999999999683 0 0 0.810126582278481 0.8980891719745223
323 0.002221899999999999 0 0 0.810126582278481 0.8980891719745223
324 0.0022332999999999936 1 0 0.8227848101265823 0.8980891719745223
325 0.0022766999999999094 0 0 0.8227848101265823 0.8980891719745223
326 0.0022084999999999466 0 0 0.8227848101265823 0.8980891719745223
327 0.0020038 0 0 0.8227848101265823 0.8980891719745223
328 0.002094700000000005 0 0 0.8227848101265823 0.8980891719745223
329 0.002288100000000015 0 0 0.8227848101265823 0.8980891719745223
330 0.0021843999999999753 0 0 0.8227848101265823 0.8980891719745223
331 0.0022370000000000445 0 0 0.8227848101265823 0.8980891719745223
332 0.002615000000000034 1 2 0.8354430379746836 0.910828025477707
333 0.002338200000000068 1 1 0.8481012658227848 0.9171974522292994
334 0.0027180999999999456 0 0 0.8481012658227848 0.9171974522292994
335 0.0023838999999999944 0 0 0.8481012658227848 0.9171974522292994
336 0.0022100999999999926 0 0 0.8481012658227848 0.9171974522292994
337 0.0023771999999999682 1 1 0.8607594936708861 0.9235668789808917
338 0.002149399999999968 0 0 0.8607594936708861 0.9235668789808917
339 0.00216190000000005 0 0 0.8607594936708861 0.9235668789808917
340 0.002714499999999953 0 0 0.8607594936708861 0.9235668789808917
341 0.0022455000000000114 0 0 0.8607594936708861 0.9235668789808917
342 0.002638699999999994 1 1 0.8734177215189873 0.9299363057324841
343 0.002423799999999976 0 1 0.8734177215189873 0.9363057324840764
344 0.0023172000000000192 0 0 0.8734177215189873 0.9363057324840764
345 0.0022543999999999897 1 0 0.8860759493670886 0.9363057324840764
346 0.002253399999999961 0 0 0.8860759493670886 0.9363057324840764
347 0.0022482000000000335 0 0 0.8860759493670886 0.9363057324840764
348 0.002705199999999963 0 0 0.8860759493670886 0.9363057324840764
349 0.002287000000000039 0 0 0.8860759493670886 0.9363057324840764
350 0.0022507999999998862 0 0 0.8860759493670886 0.9363057324840764
351 0.002294500000000088 0 0 0.8860759493670886 0.9363057324840764
352 0.0021310999999999414 1 1 0.8987341772151899 0.9426751592356688
353 0.002183299999999999 0 0 0.8987341772151899 0.9426751592356688
354 0.002434700000000012 1 1 0.9113924050632911 0.9490445859872612
355 0.0021461000000000396 0 0 0.9113924050632911 0.9490445859872612
356 0.0023067999999999422 0 0 0.9113924050632911 0.9490445859872612
357 0.0024620999999998006 0 0 0.9113924050632911 0.9490445859872612
358 0.0022429000000001587 1 1 0.9240506329113924 0.9554140127388535
359 0.002210999999999963 0 0 0.9240506329113924 0.9554140127388535
360 0.0024442000000000075 1 0 0.9367088607594937 0.9554140127388535
361 0.0022287000000000834 1 1 0.9493670886075949 0.9617834394904459
362 0.0022940999999998546 1 0 0.9620253164556962 0.9617834394904459
363 0.0023022999999999794 0 0 0.9620253164556962 0.9617834394904459
364 0.0022207999999999117 0 0 0.9620253164556962 0.9617834394904459
365 0.0022345999999999755 1 0 0.9746835443037974 0.9617834394904459
366 0.0022036999999999196 0 0 0.9746835443037974 0.9617834394904459
367 0.0021990999999998984 0 0 0.9746835443037974 0.9617834394904459
368 0.0023326999999999654 1 1 0.9873417721518988 0.9681528662420382
369 0.0021417999999999715 1 0 1.0 0.9681528662420382
370 0.002360600000000046 0 1 1.0 0.9745222929936306
371 0.002183499999999894 0 0 1.0 0.9745222929936306
372 0.0022131999999999152 0 0 1.0 0.9745222929936306
373 0.0022289999999998145 0 1 1.0 0.9808917197452229
374 0.0021701999999999 0 0 1.0 0.9808917197452229
375 0.002308100000000035 0 0 1.0 0.9808917197452229
376 0.0024202000000002055 0 0 1.0 0.9808917197452229
377 0.0021567999999998477 0 0 1.0 0.9808917197452229
378 0.002343499999999832 0 1 1.0 0.9872611464968153
379 0.002311000000000174 0 1 1.0 0.9936305732484076
380 0.0022149000000000196 0 0 1.0 0.9936305732484076
381 0.0022950999999999944 0 1 1.0 1.0
