120 1.0 0.7
1 0.002474199999999982 1 0 0.008403361344537815 0.5021097046413502
2 0.0024692000000000047 1 1 0.01680672268907563 0.5063291139240507
3 0.0025448000000000137 1 1 0.025210084033613446 0.510548523206751
4 0.002728300000000017 1 1 0.03361344537815126 0.5147679324894515
5 0.002686799999999989 1 1 0.04201680672268908 0.5189873417721519
6 0.0024915999999999827 1 1 0.05042016806722689 0.5232067510548524
7 0.002725399999999989 1 1 0.058823529411764705 0.5274261603375527
8 0.002696099999999979 1 1 0.06722689075630252 0.5316455696202531
9 0.0027077999999999824 1 0 0.07563025210084033 0.5316455696202531
10 0.002707800000000038 1 1 0.08403361344537816 0.5358649789029536
11 0.002913499999999958 1 2 0.09243697478991597 0.5443037974683544
12 0.0026159999999999517 1 0 0.10084033613445378 0.5443037974683544
13 0.002778899999999973 1 2 0.1092436974789916 0.5527426160337553
14 0.0026550000000000185 1 1 0.11764705882352941 0.5569620253164557
15 0.002662400000000009 1 1 0.12605042016806722 0.5611814345991561
16 0.00260119999999997 1 1 0.13445378151260504 0.5654008438818565
17 0.002722499999999961 1 0 0.14285714285714285 0.5654008438818565
18 0.002712900000000018 1 2 0.15126050420168066 0.5738396624472574
19 0.0029557000000000055 1 0 0.15966386554621848 0.5738396624472574
20 0.002976899999999949 1 1 0.16806722689075632 0.5780590717299579
21 0.002909900000000021 1 0 0.17647058823529413 0.5780590717299579
22 0.00297059999999999 1 2 0.18487394957983194 0.5864978902953587
23 0.0029234000000000204 1 1 0.19327731092436976 0.5907172995780591
24 0.0027913999999999994 1 1 0.20168067226890757 0.5949367088607594
25 0.002918900000000002 1 1 0.21008403361344538 0.5991561181434599
26 0.002811800000000031 1 2 0.2184873949579832 0.6075949367088608
27 0.0030023000000000133 1 1 0.226890756302521 0.6118143459915611
28 0.003355600000000014 1 1 0.23529411764705882 0.6160337552742616
29 0.003367000000000009 1 0 0.24369747899159663 0.6160337552742616
30 0.0031191999999999886 1 1 0.25210084033613445 0.620253164556962
31 0.0031093999999999844 1 0 0.2605042016806723 0.620253164556962
32 0.0033603999999999856 1 3 0.2689075630252101 0.6329113924050633
33 0.00370750000000003 1 1 0.2773109243697479 0.6371308016877637
34 0.0030367000000000033 1 1 0.2857142857142857 0.6413502109704642
35 0.0030639000000000083 1 1 0.29411764705882354 0.6455696202531646
36 0.0032939000000000163 1 1 0.3025210084033613 0.6497890295358649
37 0.003100799999999959 1 0 0.31092436974789917 0.6497890295358649
38 0.003098000000000045 1 2 0.31932773109243695 0.6582278481012658
39 0.0031475999999999726 1 0 0.3277310924369748 0.6582278481012658
40 0.0033287000000000178 1 1 0.33613445378151263 0.6624472573839663
41 0.0032111999999999696 1 2 0.3445378151260504 0.6708860759493671
42 0.0031956000000000206 1 1 0.35294117647058826 0.6751054852320675
43 0.0032596999999999765 1 1 0.36134453781512604 0.679324894514768
44 0.0035115000000000007 1 1 0.3697478991596639 0.6835443037974683
45 0.0033027999999999946 1 1 0.37815126050420167 0.6877637130801688
46 0.003543799999999986 1 1 0.3865546218487395 0.6919831223628692
47 0.003654299999999999 1 1 0.3949579831932773 0.6962025316455697
48 0.0031768999999999825 1 1 0.40336134453781514 0.70042194092827
49 0.0035028999999999755 1 1 0.4117647058823529 0.7046413502109705
50 0.003268599999999955 1 1 0.42016806722689076 0.7088607594936709
51 0.006871599999999978 1 1 0.42857142857142855 0.7130801687763713
52 0.003971000000000002 1 1 0.4369747899159664 0.7172995780590717
53 0.0039027000000000367 1 1 0.44537815126050423 0.7215189873417721
54 0.004603700000000044 1 0 0.453781512605042 0.7215189873417721
55 0.0038034000000000123 1 2 0.46218487394957986 0.729957805907173
56 0.003397299999999992 1 1 0.47058823529411764 0.7341772151898734
57 0.0034845000000000015 1 1 0.4789915966386555 0.7383966244725738
58 0.00338090000000002 1 1 0.48739495798319327 0.7426160337552743
59 0.00354850000000001 1 1 0.4957983193277311 0.7468354430379747
60 0.0034635000000000082 1 1 0.5042016806722689 0.7510548523206751
61 0.0036451999999999596 1 1 0.5126050420168067 0.7552742616033755
62 0.0035703000000000262 1 0 0.5210084033613446 0.7552742616033755
63 0.0035059000000000062 1 1 0.5294117647058824 0.759493670886076
64 0.003900500000000029 1 2 0.5378151260504201 0.7679324894514767
65 0.003801500000000013 1 0 0.5462184873949579 0.7679324894514767
66 0.003929399999999972 1 2 0.5546218487394958 0.7763713080168776
67 0.0036533999999999733 1 1 0.5630252100840336 0.7805907172995781
68 0.00370609999999999 1 0 0.5714285714285714 0.7805907172995781
69 0.003719700000000048 1 1 0.5798319327731093 0.7848101265822784
70 0.003719600000000045 1 2 0.5882352941176471 0.7932489451476793
71 0.005372400000000055 1 0 0.5966386554621849 0.7932489451476793
72 0.0036701000000000095 1 0 0.6050420168067226 0.7932489451476793
73 0.0036866999999999317 1 2 0.6134453781512605 0.8016877637130801
74 0.0038186000000000053 1 1 0.6218487394957983 0.8059071729957806
75 0.003915799999999914 1 2 0.6302521008403361 0.8143459915611815
76 0.0037021000000000415 1 0 0.6386554621848739 0.8143459915611815
77 0.003807600000000022 1 2 0.6470588235294118 0.8227848101265823
78 0.004037999999999986 1 1 0.6554621848739496 0.8270042194092827
79 0.003869400000000023 1 0 0.6638655462184874 0.8270042194092827
80 0.004283499999999996 1 1 0.6722689075630253 0.8312236286919831
81 0.004218899999999914 1 2 0.680672268907563 0.8396624472573839
82 0.004090299999999991 1 1 0.6890756302521008 0.8438818565400844
83 0.004446799999999973 1 1 0.6974789915966386 0.8481012658227848
84 0.0038500999999999674 1 1 0.7058823529411765 0.8523206751054853
85 0.004026100000000032 1 0 0.7142857142857143 0.8523206751054853
86 0.005328699999999964 1 1 0.7226890756302521 0.8565400843881856
87 0.005741200000000002 1 1 0.7310924369747899 0.8607594936708861
88 0.005828100000000003 1 0 0.7394957983193278 0.8607594936708861
89 0.004176100000000016 1 0 0.7478991596638656 0.8607594936708861
90 0.00436229999999993 1 3 0.7563025210084033 0.8734177215189873
91 0.004128300000000085 1 2 0.7647058823529411 0.8818565400843882
92 0.004099100000000022 1 1 0.773109243697479 0.8860759493670886
93 0.004328899999999969 1 1 0.7815126050420168 0.890295358649789
94 0.004092500000000054 1 1 0.7899159663865546 0.8945147679324894
95 0.004303900000000027 1 1 0.7983193277310925 0.8987341772151899
96 0.004084100000000035 1 0 0.8067226890756303 0.8987341772151899
97 0.0044392000000000875 1 2 0.8151260504201681 0.9071729957805907
98 0.004597499999999921 1 1 0.8235294117647058 0.9113924050632911
99 0.004310999999999954 1 0 0.8319327731092437 0.9113924050632911
100 0.004404899999999934 1 2 0.8403361344537815 0.919831223628692
101 0.004172999999999982 1 1 0.8487394957983193 0.9240506329113924
102 0.004228199999999904 1 0 0.8571428571428571 0.9240506329113924
103 0.004344499999999973 1 1 0.865546218487395 0.9282700421940928
104 0.004733100000000046 1 1 0.8739495798319328 0.9324894514767933
105 0.006233500000000003 1 2 0.8823529411764706 0.9409282700421941
106 0.005929300000000026 1 1 0.8907563025210085 0.9451476793248945
107 0.004513500000000059 1 1 0.8991596638655462 0.9493670886075949
108 0.0043231999999999715 1 1 0.907563025210084 0.9535864978902954
109 0.004504299999999906 1 1 0.9159663865546218 0.9578059071729957
110 0.004461000000000048 1 1 0.9243697478991597 0.9620253164556962
111 0.004402799999999929 1 1 0.9327731092436975 0.9662447257383966
112 0.0045352000000000725 1 1 0.9411764705882353 0.9704641350210971
113 0.004608999999999974 1 1 0.9495798319327731 0.9746835443037974
114 0.004433499999999979 1 1 0.957983193277311 0.9789029535864979
115 0.004787399999999997 1 0 0.9663865546218487 0.9789029535864979
116 0.004923400000000022 1 1 0.9747899159663865 0.9831223628691983
117 0.004763899999999932 1 1 0.9831932773109243 0.9873417721518988
118 0.004617899999999953 1 2 0.9915966386554622 0.9957805907172996
119 0.004948899999999923 1 1 1.0 1.0
