50 0.6 0.9
1 0.0011375999999999886 1 0 0.02040816326530612 0.5051546391752577
2 0.0010099999999999831 0 0 0.02040816326530612 0.5051546391752577
3 0.0009091999999999989 0 0 0.02040816326530612 0.5051546391752577
4 0.0009052000000000227 0 0 0.02040816326530612 0.5051546391752577
5 0.0009213000000000138 0 0 0.02040816326530612 0.5051546391752577
6 0.0011006999999999822 1 1 0.04081632653061224 0.5154639175257731
7 0.0012835999999999959 1 1 0.061224489795918366 0.5257731958762887
8 0.0012785999999999909 1 1 0.08163265306122448 0.5360824742268041
9 0.0012281000000000097 1 0 0.10204081632653061 0.5360824742268041
10 0.0010505000000000098 1 2 0.12244897959183673 0.5567010309278351
11 0.001199699999999998 1 1 0.14285714285714285 0.5670103092783505
12 0.0013063000000000102 1 1 0.16326530612244897 0.5773195876288659
13 0.0015137000000000067 0 0 0.16326530612244897 0.5773195876288659
14 0.0013294999999999835 1 1 0.1836734693877551 0.5876288659793815
15 0.0011339999999999961 1 0 0.20408163265306123 0.5876288659793815
16 0.0024482000000000115 1 2 0.22448979591836735 0.6082474226804123
17 0.001417400000000013 1 1 0.24489795918367346 0.6185567010309279
18 0.0016349999999999976 1 1 0.2653061224489796 0.6288659793814433
19 0.0016734000000000193 1 1 0.2857142857142857 0.6391752577319587
20 0.00160639999999998 1 1 0.30612244897959184 0.6494845360824743
21 0.0015393999999999963 1 1 0.32653061224489793 0.6597938144329897
22 0.0015162999999999982 0 0 0.32653061224489793 0.6597938144329897
23 0.0016151000000000082 1 1 0.3469387755102041 0.6701030927835051
24 0.0015122999999999942 1 1 0.3673469387755102 0.6804123711340206
25 0.0012846999999999997 0 0 0.3673469387755102 0.6804123711340206
26 0.0014189000000000007 1 1 0.3877551020408163 0.6907216494845361
27 0.0013809999999999933 1 1 0.40816326530612246 0.7010309278350515
28 0.0017897999999999803 0 0 0.40816326530612246 0.7010309278350515
29 0.0014577000000000062 0 0 0.40816326530612246 0.7010309278350515
30 0.0015893000000000157 1 1 0.42857142857142855 0.711340206185567
31 0.0013391999999999848 1 1 0.4489795918367347 0.7216494845360825
32 0.0015210999999999975 0 0 0.4489795918367347 0.7216494845360825
33 0.0012656000000000334 1 1 0.46938775510204084 0.7319587628865979
34 0.0013150000000000106 0 0 0.46938775510204084 0.7319587628865979
35 0.0012877000000000027 1 1 0.4897959183673469 0.7422680412371134
36 0.001477399999999962 1 1 0.5102040816326531 0.7525773195876289
37 0.0016894000000000076 0 0 0.5102040816326531 0.7525773195876289
38 0.0015361999999999876 0 0 0.5102040816326531 0.7525773195876289
39 0.0017822000000000116 1 1 0.5306122448979592 0.7628865979381443
40 0.0018903000000000114 1 1 0.5510204081632653 0.7731958762886598
41 0.001863799999999971 0 0 0.5510204081632653 0.7731958762886598
42 0.0018196000000000323 1 1 0.5714285714285714 0.7835051546391752
43 0.001918700000000051 1 1 0.5918367346938775 0.7938144329896907
44 0.0020579000000000014 1 1 0.6122448979591837 0.8041237113402062
45 0.0019608999999999877 1 1 0.6326530612244898 0.8144329896907216
46 0.0019328000000000123 1 0 0.6530612244897959 0.8144329896907216
47 0.0015484000000000053 0 0 0.6530612244897959 0.8144329896907216
48 0.001493399999999978 1 1 0.673469387755102 0.8247422680412371
49 0.0019318999999999864 1 2 0.6938775510204082 0.845360824742268
50 0.002121700000000004 1 1 0.7142857142857143 0.8556701030927835
51 0.0015122999999999664 1 1 0.7346938775510204 0.865979381443299
52 0.001650700000000005 1 1 0.7551020408163265 0.8762886597938144
53 0.001441899999999996 0 0 0.7551020408163265 0.8762886597938144
54 0.00191939999999996 1 1 0.7755102040816326 0.8865979381443299
55 0.0017998999999999654 1 1 0.7959183673469388 0.8969072164948454
56 0.001953499999999997 0 0 0.7959183673469388 0.8969072164948454
57 0.0020746000000000375 1 1 0.8163265306122449 0.9072164948453608
58 0.001673099999999983 0 0 0.8163265306122449 0.9072164948453608
59 0.001504300000000014 1 1 0.8367346938775511 0.9175257731958762
60 0.001623399999999997 0 0 0.8367346938775511 0.9175257731958762
61 0.001773799999999992 1 0 0.8571428571428571 0.9175257731958762
62 0.0018406000000000255 0 1 0.8571428571428571 0.9278350515463918
63 0.0018046999999999924 0 0 0.8571428571428571 0.9278350515463918
64 0.0016201000000000132 1 1 0.8775510204081632 0.9381443298969072
65 0.001779900000000001 1 1 0.8979591836734694 0.9484536082474226
66 0.0015920999999999852 0 0 0.8979591836734694 0.9484536082474226
67 0.001606300000000005 0 0 0.8979591836734694 0.9484536082474226
68 0.0017763000000000084 1 0 0.9183673469387755 0.9484536082474226
69 0.0016637000000000457 1 1 0.9387755102040817 0.9587628865979382
70 0.0017445000000000377 1 1 0.9591836734693877 0.9690721649484536
71 0.0016705000000000192 1 1 0.9795918367346939 0.979381443298969
72 0.002040900000000012 1 1 1.0 0.9896907216494846
73 0.0018703999999999943 0 0 1.0 0.9896907216494846
74 0.0017167000000000154 0 1 1.0 1.0
