180 0.4 1.0
1 0.0036731999999999876 0 0 0.0 0.5014005602240896
2 0.003586099999999981 1 0 0.00558659217877095 0.5014005602240896
3 0.003938499999999956 0 0 0.00558659217877095 0.5014005602240896
4 0.004023900000000025 0 0 0.00558659217877095 0.5014005602240896
5 0.006853600000000015 1 1 0.0111731843575419 0.5042016806722689
6 0.003796899999999992 1 1 0.01675977653631285 0.5070028011204482
7 0.0037561999999999873 1 1 0.0223463687150838 0.5098039215686274
8 0.004018599999999983 0 0 0.0223463687150838 0.5098039215686274
9 0.0039464000000000166 0 0 0.0223463687150838 0.5098039215686274
10 0.0037426000000000403 0 0 0.0223463687150838 0.5098039215686274
11 0.009446600000000083 0 0 0.0223463687150838 0.5098039215686274
12 0.00691940000000002 0 0 0.0223463687150838 0.5098039215686274
13 0.0057882999999999685 0 0 0.0223463687150838 0.5098039215686274
14 0.0048207999999999585 0 0 0.0223463687150838 0.5098039215686274
15 0.004143099999999955 0 0 0.0223463687150838 0.5098039215686274
16 0.003788400000000025 1 1 0.027932960893854747 0.5126050420168067
17 0.003779899999999947 0 0 0.027932960893854747 0.5126050420168067
18 0.004342899999999927 0 0 0.027932960893854747 0.5126050420168067
19 0.0036513999999999713 1 1 0.0335195530726257 0.5154061624649859
20 0.004105999999999943 0 0 0.0335195530726257 0.5154061624649859
21 0.003687899999999966 0 0 0.0335195530726257 0.5154061624649859
22 0.003658199999999945 1 1 0.03910614525139665 0.5182072829131653
23 0.003734499999999974 1 1 0.0446927374301676 0.5210084033613446
24 0.003730000000000011 0 0 0.0446927374301676 0.5210084033613446
25 0.0038713999999999693 1 1 0.05027932960893855 0.5238095238095238
26 0.003772899999999968 1 1 0.055865921787709494 0.5266106442577031
27 0.0038940999999999004 1 1 0.061452513966480445 0.5294117647058824
28 0.0037412999999999474 0 0 0.061452513966480445 0.5294117647058824
29 0.003984399999999999 1 1 0.0670391061452514 0.5322128851540616
30 0.0037475000000000147 0 0 0.0670391061452514 0.5322128851540616
31 0.0038972999999999924 0 0 0.0670391061452514 0.5322128851540616
32 0.003830800000000023 0 0 0.0670391061452514 0.5322128851540616
33 0.0038939000000000057 1 1 0.07262569832402235 0.5350140056022409
34 0.003809699999999916 0 0 0.07262569832402235 0.5350140056022409
35 0.003807899999999975 0 0 0.07262569832402235 0.5350140056022409
36 0.0037607999999997865 1 1 0.0782122905027933 0.5378151260504201
37 0.0037135000000001472 0 0 0.0782122905027933 0.5378151260504201
38 0.0038825999999998473 1 1 0.08379888268156424 0.5406162464985994
39 0.0037903999999999716 1 1 0.0893854748603352 0.5434173669467787
40 0.004197499999999854 0 0 0.0893854748603352 0.5434173669467787
41 0.003739300000000112 1 1 0.09497206703910614 0.5462184873949579
42 0.003802800000000106 1 1 0.1005586592178771 0.5490196078431373
43 0.004044500000000006 0 0 0.1005586592178771 0.5490196078431373
44 0.003950200000000015 0 0 0.1005586592178771 0.5490196078431373
45 0.003817200000000076 1 1 0.10614525139664804 0.5518207282913166
46 0.0037962999999998637 0 0 0.10614525139664804 0.5518207282913166
47 0.0038884999999999614 1 1 0.11173184357541899 0.5546218487394958
48 0.0038179000000000407 0 0 0.11173184357541899 0.5546218487394958
49 0.0038469000000000975 0 0 0.11173184357541899 0.5546218487394958
50 0.003810799999999892 0 0 0.11173184357541899 0.5546218487394958
51 0.00432699999999997 0 0 0.11173184357541899 0.5546218487394958
52 0.005605300000000035 1 1 0.11731843575418995 0.5574229691876751
53 0.005473799999999862 0 0 0.11731843575418995 0.5574229691876751
54 0.0052312000000001024 0 0 0.11731843575418995 0.5574229691876751
55 0.004107599999999989 0 0 0.11731843575418995 0.5574229691876751
56 0.0038162999999999947 1 1 0.12290502793296089 0.5602240896358543
57 0.00558320000000001 1 1 0.12849162011173185 0.5630252100840336
58 0.005744699999999936 1 1 0.1340782122905028 0.5658263305322129
59 0.005548499999999956 0 0 0.1340782122905028 0.5658263305322129
60 0.005606200000000117 0 0 0.1340782122905028 0.5658263305322129
61 0.005382800000000021 1 1 0.13966480446927373 0.5686274509803921
62 0.005659800000000104 0 0 0.13966480446927373 0.5686274509803921
63 0.004028900000000002 0 0 0.13966480446927373 0.5686274509803921
64 0.004124400000000028 1 1 0.1452513966480447 0.5714285714285714
65 0.004084500000000046 0 0 0.1452513966480447 0.5714285714285714
66 0.004285199999999989 0 0 0.1452513966480447 0.5714285714285714
67 0.00390619999999986 0 0 0.1452513966480447 0.5714285714285714
68 0.004099500000000145 1 1 0.15083798882681565 0.5742296918767507
69 0.004049299999999922 0 0 0.15083798882681565 0.5742296918767507
70 0.003952600000000084 0 0 0.15083798882681565 0.5742296918767507
71 0.0038461000000000745 0 0 0.15083798882681565 0.5742296918767507
72 0.003887299999999927 0 0 0.15083798882681565 0.5742296918767507
73 0.00396070000000015 1 1 0.1564245810055866 0.5770308123249299
74 0.0039019000000000137 0 0 0.1564245810055866 0.5770308123249299
75 0.0039263999999998855 0 0 0.1564245810055866 0.5770308123249299
76 0.004085700000000081 0 0 0.1564245810055866 0.5770308123249299
77 0.004019100000000053 1 1 0.16201117318435754 0.5798319327731093
78 0.0038796999999999304 0 0 0.16201117318435754 0.5798319327731093
79 0.003943800000000053 0 0 0.16201117318435754 0.5798319327731093
80 0.004064600000000196 1 1 0.16759776536312848 0.5826330532212886
81 0.004097699999999982 0 0 0.16759776536312848 0.5826330532212886
82 0.0040088000000000346 1 1 0.17318435754189945 0.5854341736694678
83 0.003966200000000031 0 0 0.17318435754189945 0.5854341736694678
84 0.003925200000000073 1 1 0.1787709497206704 0.5882352941176471
85 0.0039247999999998395 0 0 0.1787709497206704 0.5882352941176471
86 0.006037999999999988 1 1 0.18435754189944134 0.5910364145658263
87 0.0040716999999999 1 1 0.18994413407821228 0.5938375350140056
88 0.004310100000000094 1 1 0.19553072625698323 0.5966386554621849
89 0.0040077000000000584 1 1 0.2011173184357542 0.5994397759103641
90 0.004234199999999966 1 1 0.20670391061452514 0.6022408963585434
91 0.004049500000000039 0 0 0.20670391061452514 0.6022408963585434
92 0.0040223999999999815 0 0 0.20670391061452514 0.6022408963585434
93 0.0040000000000000036 1 1 0.2122905027932961 0.6050420168067226
94 0.003944900000000029 0 0 0.2122905027932961 0.6050420168067226
95 0.0068829999999999725 0 0 0.2122905027932961 0.6050420168067226
96 0.004477099999999901 1 1 0.21787709497206703 0.6078431372549019
97 0.0040679999999999605 0 0 0.21787709497206703 0.6078431372549019
98 0.004056400000000071 1 1 0.22346368715083798 0.6106442577030813
99 0.004264500000000115 0 0 0.22346368715083798 0.6106442577030813
100 0.00414150000000002 0 0 0.22346368715083798 0.6106442577030813
101 0.004228299999999852 0 0 0.22346368715083798 0.6106442577030813
102 0.004199800000000087 0 0 0.22346368715083798 0.6106442577030813
103 0.004555599999999993 1 1 0.22905027932960895 0.6134453781512605
104 0.004090700000000114 0 0 0.22905027932960895 0.6134453781512605
105 0.004537000000000013 1 1 0.2346368715083799 0.6162464985994398
106 0.004553000000000029 0 0 0.2346368715083799 0.6162464985994398
107 0.004530999999999841 0 0 0.2346368715083799 0.6162464985994398
108 0.004354299999999922 1 1 0.24022346368715083 0.6190476190476191
109 0.004584200000000038 1 1 0.24581005586592178 0.6218487394957983
110 0.0041991999999999585 1 1 0.25139664804469275 0.6246498599439776
111 0.0040671999999999375 1 1 0.2569832402234637 0.6274509803921569
112 0.004190099999999974 1 1 0.26256983240223464 0.6302521008403361
113 0.004243699999999961 1 1 0.2681564245810056 0.6330532212885154
114 0.004353000000000051 0 0 0.2681564245810056 0.6330532212885154
115 0.00415909999999986 0 0 0.2681564245810056 0.6330532212885154
116 0.004105499999999873 0 0 0.2681564245810056 0.6330532212885154
117 0.0043238000000001 1 1 0.2737430167597765 0.6358543417366946
118 0.004405799999999793 0 0 0.2737430167597765 0.6358543417366946
119 0.0047744000000000675 1 1 0.27932960893854747 0.6386554621848739
120 0.0044527999999999235 0 0 0.27932960893854747 0.6386554621848739
121 0.00475850000000011 0 0 0.27932960893854747 0.6386554621848739
122 0.004238600000000092 0 0 0.27932960893854747 0.6386554621848739
123 0.004174600000000028 1 1 0.2849162011173184 0.6414565826330533
124 0.004701700000000031 1 1 0.2905027932960894 0.6442577030812325
125 0.007946999999999926 0 0 0.2905027932960894 0.6442577030812325
126 0.004297299999999948 1 1 0.29608938547486036 0.6470588235294118
127 0.004217399999999927 1 1 0.3016759776536313 0.6498599439775911
128 0.004520199999999974 0 0 0.3016759776536313 0.6498599439775911
129 0.0041959999999998665 1 1 0.30726256983240224 0.6526610644257703
130 0.0045976000000000905 0 0 0.30726256983240224 0.6526610644257703
131 0.004237899999999906 1 1 0.3128491620111732 0.6554621848739496
132 0.004478099999999818 0 0 0.3128491620111732 0.6554621848739496
133 0.004607400000000039 0 0 0.3128491620111732 0.6554621848739496
134 0.004382099999999944 1 1 0.31843575418994413 0.6582633053221288
135 0.004414699999999883 0 0 0.31843575418994413 0.6582633053221288
136 0.004251299999999958 0 0 0.31843575418994413 0.6582633053221288
137 0.004267000000000021 0 0 0.31843575418994413 0.6582633053221288
138 0.004221299999999983 0 0 0.31843575418994413 0.6582633053221288
139 0.004203699999999921 1 1 0.3240223463687151 0.6610644257703081
140 0.004259000000000013 1 1 0.329608938547486 0.6638655462184874
141 0.0044735999999998555 1 1 0.33519553072625696 0.6666666666666666
142 0.004375499999999866 0 0 0.33519553072625696 0.6666666666666666
143 0.004368600000000056 1 1 0.3407821229050279 0.6694677871148459
144 0.004514700000000094 1 1 0.3463687150837989 0.6722689075630253
145 0.00484019999999985 0 0 0.3463687150837989 0.6722689075630253
146 0.00457339999999995 1 1 0.35195530726256985 0.6750700280112045
147 0.004616100000000012 0 0 0.35195530726256985 0.6750700280112045
148 0.004505300000000156 0 0 0.35195530726256985 0.6750700280112045
149 0.004835000000000145 1 1 0.3575418994413408 0.6778711484593838
150 0.004624200000000078 1 1 0.36312849162011174 0.680672268907563
151 0.004934500000000064 1 1 0.3687150837988827 0.6834733893557423
152 0.004807000000000006 1 1 0.3743016759776536 0.6862745098039216
153 0.004928899999999903 0 0 0.3743016759776536 0.6862745098039216
154 0.004392599999999858 1 1 0.37988826815642457 0.6890756302521008
155 0.004591800000000035 0 0 0.37988826815642457 0.6890756302521008
156 0.004641899999999977 0 0 0.37988826815642457 0.6890756302521008
157 0.004389500000000046 0 0 0.37988826815642457 0.6890756302521008
158 0.004463300000000059 1 1 0.3854748603351955 0.6918767507002801
159 0.004818500000000059 0 0 0.3854748603351955 0.6918767507002801
160 0.004863700000000026 0 0 0.3854748603351955 0.6918767507002801
161 0.004470500000000044 0 0 0.3854748603351955 0.6918767507002801
162 0.004489500000000035 1 1 0.39106145251396646 0.6946778711484594
163 0.004783699999999946 0 0 0.39106145251396646 0.6946778711484594
164 0.004974999999999952 1 1 0.39664804469273746 0.6974789915966386
165 0.004773700000000103 1 1 0.4022346368715084 0.7002801120448179
166 0.0046167999999999765 0 0 0.4022346368715084 0.7002801120448179
167 0.004769900000000105 0 0 0.4022346368715084 0.7002801120448179
168 0.004559599999999886 0 0 0.4022346368715084 0.7002801120448179
169 0.004809400000000075 1 1 0.40782122905027934 0.7030812324929971
170 0.004929599999999867 0 0 0.40782122905027934 0.7030812324929971
171 0.004880900000000077 0 0 0.40782122905027934 0.7030812324929971
172 0.004928999999999961 1 1 0.4134078212290503 0.7058823529411765
173 0.004862499999999992 1 1 0.41899441340782123 0.7086834733893558
174 0.004997800000000163 0 0 0.41899441340782123 0.7086834733893558
175 0.00471480000000013 0 0 0.41899441340782123 0.7086834733893558
176 0.004650099999999879 0 0 0.41899441340782123 0.7086834733893558
177 0.004717099999999919 0 0 0.41899441340782123 0.7086834733893558
178 0.00489139999999999 0 0 0.41899441340782123 0.7086834733893558
179 0.004560300000000073 0 0 0.41899441340782123 0.7086834733893558
180 0.004526499999999878 0 0 0.41899441340782123 0.7086834733893558
181 0.004582000000000086 0 0 0.41899441340782123 0.7086834733893558
182 0.004581999999999864 0 0 0.41899441340782123 0.7086834733893558
183 0.004490600000000011 0 0 0.41899441340782123 0.7086834733893558
184 0.006680400000000031 1 1 0.4245810055865922 0.711484593837535
185 0.0063117999999999785 0 0 0.4245810055865922 0.711484593837535
186 0.006539899999999932 0 0 0.4245810055865922 0.711484593837535
187 0.006468200000000035 1 1 0.4301675977653631 0.7142857142857143
188 0.006521600000000127 1 1 0.43575418994413406 0.7170868347338936
189 0.006307400000000074 0 0 0.43575418994413406 0.7170868347338936
190 0.006609199999999982 0 0 0.43575418994413406 0.7170868347338936
191 0.006532800000000005 0 0 0.43575418994413406 0.7170868347338936
192 0.006488199999999944 0 0 0.43575418994413406 0.7170868347338936
193 0.004435100000000025 0 0 0.43575418994413406 0.7170868347338936
194 0.004683800000000016 0 0 0.43575418994413406 0.7170868347338936
195 0.004657499999999981 0 0 0.43575418994413406 0.7170868347338936
196 0.004598099999999938 0 0 0.43575418994413406 0.7170868347338936
197 0.005181799999999903 1 1 0.441340782122905 0.7198879551820728
198 0.004404299999999806 1 1 0.44692737430167595 0.7226890756302521
199 0.005060499999999912 0 0 0.44692737430167595 0.7226890756302521
200 0.004757699999999865 0 0 0.44692737430167595 0.7226890756302521
201 0.004969000000000001 0 0 0.44692737430167595 0.7226890756302521
202 0.004719899999999999 0 0 0.44692737430167595 0.7226890756302521
203 0.004498200000000008 1 1 0.45251396648044695 0.7254901960784313
204 0.00504440000000006 1 1 0.4581005586592179 0.7282913165266106
205 0.004524199999999867 0 0 0.4581005586592179 0.7282913165266106
206 0.004531800000000086 1 1 0.46368715083798884 0.7310924369747899
207 0.004580299999999982 1 1 0.4692737430167598 0.7338935574229691
208 0.004508100000000015 0 0 0.4692737430167598 0.7338935574229691
209 0.00451059999999992 0 0 0.4692737430167598 0.7338935574229691
210 0.004530099999999981 0 0 0.4692737430167598 0.7338935574229691
211 0.0044872000000000245 0 0 0.4692737430167598 0.7338935574229691
212 0.00455580000000011 0 0 0.4692737430167598 0.7338935574229691
213 0.0046599999999998865 0 0 0.4692737430167598 0.7338935574229691
214 0.004677400000000054 1 1 0.4748603351955307 0.7366946778711485
215 0.004588199999999931 0 0 0.4748603351955307 0.7366946778711485
216 0.004657899999999993 1 1 0.48044692737430167 0.7394957983193278
217 0.0046703999999999635 0 0 0.48044692737430167 0.7394957983193278
218 0.004572299999999974 0 0 0.48044692737430167 0.7394957983193278
219 0.004560600000000026 0 0 0.48044692737430167 0.7394957983193278
220 0.004826699999999962 1 1 0.4860335195530726 0.742296918767507
221 0.00485139999999995 0 0 0.4860335195530726 0.742296918767507
222 0.004484399999999944 0 0 0.4860335195530726 0.742296918767507
223 0.0045496000000000425 0 0 0.4860335195530726 0.742296918767507
224 0.004855899999999913 0 0 0.4860335195530726 0.742296918767507
225 0.004777999999999949 1 1 0.49162011173184356 0.7450980392156863
226 0.004694700000000163 1 1 0.4972067039106145 0.7478991596638656
227 0.0046200000000000685 0 0 0.4972067039106145 0.7478991596638656
228 0.004724100000000009 0 0 0.4972067039106145 0.7478991596638656
229 0.004840500000000025 1 1 0.5027932960893855 0.7507002801120448
230 0.004701799999999867 1 1 0.5083798882681564 0.7535014005602241
231 0.004520300000000033 0 0 0.5083798882681564 0.7535014005602241
232 0.004661000000000026 0 0 0.5083798882681564 0.7535014005602241
233 0.004531100000000343 0 0 0.5083798882681564 0.7535014005602241
234 0.004616699999999696 1 1 0.5139664804469274 0.7563025210084033
235 0.0046360000000000845 1 1 0.5195530726256983 0.7591036414565826
236 0.004851400000000172 1 1 0.5251396648044693 0.7619047619047619
237 0.00473829999999964 1 1 0.5307262569832403 0.7647058823529411
238 0.004702399999999773 1 1 0.5363128491620112 0.7675070028011205
239 0.004699099999999845 0 0 0.5363128491620112 0.7675070028011205
240 0.004676299999999856 0 0 0.5363128491620112 0.7675070028011205
241 0.004576300000000089 1 1 0.5418994413407822 0.7703081232492998
242 0.004657299999999864 0 0 0.5418994413407822 0.7703081232492998
243 0.006943300000000097 1 1 0.547486033519553 0.773109243697479
244 0.006861000000000228 0 0 0.547486033519553 0.773109243697479
245 0.004621900000000068 0 0 0.547486033519553 0.773109243697479
246 0.004986499999999783 0 0 0.547486033519553 0.773109243697479
247 0.004695100000000174 0 0 0.547486033519553 0.773109243697479
248 0.005262899999999959 1 1 0.553072625698324 0.7759103641456583
249 0.004841299999999826 0 0 0.553072625698324 0.7759103641456583
250 0.004608399999999957 0 0 0.553072625698324 0.7759103641456583
251 0.005032399999999715 0 0 0.553072625698324 0.7759103641456583
252 0.005075999999999858 0 0 0.553072625698324 0.7759103641456583
253 0.0046607999999999095 0 0 0.553072625698324 0.7759103641456583
254 0.004679399999999667 1 1 0.5586592178770949 0.7787114845938375
255 0.004709000000000074 0 0 0.5586592178770949 0.7787114845938375
256 0.004849899999999963 1 1 0.5642458100558659 0.7815126050420168
257 0.0048946999999999186 0 0 0.5642458100558659 0.7815126050420168
258 0.008265499999999815 1 1 0.5698324022346368 0.7843137254901961
259 0.005034799999999784 1 1 0.5754189944134078 0.7871148459383753
260 0.004943099999999756 0 0 0.5754189944134078 0.7871148459383753
261 0.00526939999999998 0 0 0.5754189944134078 0.7871148459383753
262 0.005148699999999895 1 1 0.5810055865921788 0.7899159663865546
263 0.00484920000000022 0 0 0.5810055865921788 0.7899159663865546
264 0.004892200000000013 0 0 0.5810055865921788 0.7899159663865546
265 0.005010200000000076 1 1 0.5865921787709497 0.7927170868347339
266 0.005358300000000149 1 1 0.5921787709497207 0.7955182072829131
267 0.005572599999999817 0 0 0.5921787709497207 0.7955182072829131
268 0.004962200000000028 0 0 0.5921787709497207 0.7955182072829131
269 0.00497980000000009 1 1 0.5977653631284916 0.7983193277310925
270 0.005219700000000049 0 0 0.5977653631284916 0.7983193277310925
271 0.005443399999999876 0 0 0.5977653631284916 0.7983193277310925
272 0.005066999999999933 0 0 0.5977653631284916 0.7983193277310925
273 0.004900200000000243 1 1 0.6033519553072626 0.8011204481792717
274 0.005235700000000065 0 0 0.6033519553072626 0.8011204481792717
275 0.0052954999999998975 0 0 0.6033519553072626 0.8011204481792717
276 0.005525500000000072 0 0 0.6033519553072626 0.8011204481792717
277 0.005286299999999855 0 0 0.6033519553072626 0.8011204481792717
278 0.0049866999999998995 0 0 0.6033519553072626 0.8011204481792717
279 0.0051930999999996175 1 1 0.6089385474860335 0.803921568627451
280 0.005640799999999668 1 1 0.6145251396648045 0.8067226890756303
281 0.004996900000000082 0 0 0.6145251396648045 0.8067226890756303
282 0.005608599999999964 1 1 0.6201117318435754 0.8095238095238095
283 0.005688899999999997 1 1 0.6256983240223464 0.8123249299719888
284 0.0056016000000003174 1 1 0.6312849162011173 0.8151260504201681
285 0.004996500000000292 0 0 0.6312849162011173 0.8151260504201681
286 0.005592800000000064 0 0 0.6312849162011173 0.8151260504201681
287 0.005344599999999922 1 1 0.6368715083798883 0.8179271708683473
288 0.004900999999999822 0 0 0.6368715083798883 0.8179271708683473
289 0.004942800000000247 1 1 0.6424581005586593 0.8207282913165266
290 0.005143200000000014 1 1 0.6480446927374302 0.8235294117647058
291 0.00808870000000006 1 1 0.6536312849162011 0.8263305322128851
292 0.005408799999999658 0 0 0.6536312849162011 0.8263305322128851
293 0.00528229999999974 0 0 0.6536312849162011 0.8263305322128851
294 0.005431300000000139 0 0 0.6536312849162011 0.8263305322128851
295 0.005154000000000103 0 0 0.6536312849162011 0.8263305322128851
296 0.005274299999999954 0 0 0.6536312849162011 0.8263305322128851
297 0.005012900000000098 0 0 0.6536312849162011 0.8263305322128851
298 0.005230000000000068 1 1 0.659217877094972 0.8291316526610645
299 0.005011800000000122 0 0 0.659217877094972 0.8291316526610645
300 0.005334599999999856 1 1 0.664804469273743 0.8319327731092437
301 0.005008300000000077 1 1 0.6703910614525139 0.834733893557423
302 0.0049424000000000134 1 1 0.6759776536312849 0.8375350140056023
303 0.004995800000000106 0 0 0.6759776536312849 0.8375350140056023
304 0.004927299999999857 0 0 0.6759776536312849 0.8375350140056023
305 0.005065399999999887 0 0 0.6759776536312849 0.8375350140056023
306 0.005146499999999943 1 1 0.6815642458100558 0.8403361344537815
307 0.005164999999999864 1 1 0.6871508379888268 0.8431372549019608
308 0.005046500000000176 1 1 0.6927374301675978 0.84593837535014
309 0.004901400000000056 0 0 0.6927374301675978 0.84593837535014
310 0.005064099999999794 1 1 0.6983240223463687 0.8487394957983193
311 0.00501610000000019 0 0 0.6983240223463687 0.8487394957983193
312 0.005124100000000187 1 1 0.7039106145251397 0.8515406162464986
313 0.005053900000000056 0 0 0.7039106145251397 0.8515406162464986
314 0.005021299999999673 0 0 0.7039106145251397 0.8515406162464986
315 0.005323999999999884 1 1 0.7094972067039106 0.8543417366946778
316 0.005199900000000035 1 1 0.7150837988826816 0.8571428571428571
317 0.005346900000000154 0 0 0.7150837988826816 0.8571428571428571
318 0.004959700000000122 0 0 0.7150837988826816 0.8571428571428571
319 0.00501499999999977 0 0 0.7150837988826816 0.8571428571428571
320 0.0052178999999998865 0 0 0.7150837988826816 0.8571428571428571
321 0.005083299999999902 0 0 0.7150837988826816 0.8571428571428571
322 0.0051034999999997055 0 0 0.7150837988826816 0.8571428571428571
323 0.00496490000000005 0 0 0.7150837988826816 0.8571428571428571
324 0.005134700000000159 0 0 0.7150837988826816 0.8571428571428571
325 0.005197299999999849 1 1 0.7206703910614525 0.8599439775910365
326 0.00526900000000019 1 1 0.7262569832402235 0.8627450980392157
327 0.005162200000000006 0 0 0.7262569832402235 0.8627450980392157
328 0.005027099999999951 0 0 0.7262569832402235 0.8627450980392157
329 0.005092499999999944 0 0 0.7262569832402235 0.8627450980392157
330 0.004987099999999689 0 0 0.7262569832402235 0.8627450980392157
331 0.0051082999999998435 1 1 0.7318435754189944 0.865546218487395
332 0.005009400000000053 0 0 0.7318435754189944 0.865546218487395
333 0.004969200000000118 0 0 0.7318435754189944 0.865546218487395
334 0.005085199999999901 1 1 0.7374301675977654 0.8683473389355743
335 0.005097000000000129 1 1 0.7430167597765364 0.8711484593837535
336 0.005271800000000049 1 1 0.7486033519553073 0.8739495798319328
337 0.007535700000000034 0 0 0.7486033519553073 0.8739495798319328
338 0.007193199999999678 1 1 0.7541899441340782 0.876750700280112
339 0.0074361000000000566 0 0 0.7541899441340782 0.876750700280112
340 0.007433599999999707 1 1 0.7597765363128491 0.8795518207282913
341 0.007282100000000291 1 1 0.7653631284916201 0.8823529411764706
342 0.005330199999999952 0 0 0.7653631284916201 0.8823529411764706
343 0.0051282999999999745 0 0 0.7653631284916201 0.8823529411764706
344 0.004976500000000161 1 1 0.770949720670391 0.8851540616246498
345 0.00517410000000007 1 1 0.776536312849162 0.8879551820728291
346 0.005439699999999714 1 1 0.7821229050279329 0.8907563025210085
347 0.005564600000000031 0 0 0.7821229050279329 0.8907563025210085
348 0.005469200000000285 0 0 0.7821229050279329 0.8907563025210085
349 0.005240399999999923 0 0 0.7821229050279329 0.8907563025210085
350 0.00520879999999968 0 0 0.7821229050279329 0.8907563025210085
351 0.005559700000000056 1 1 0.7877094972067039 0.8935574229691877
352 0.005988600000000233 1 1 0.7932960893854749 0.896358543417367
353 0.005600400000000061 0 0 0.7932960893854749 0.896358543417367
354 0.005184100000000136 0 0 0.7932960893854749 0.896358543417367
355 0.005132899999999996 1 1 0.7988826815642458 0.8991596638655462
356 0.0052408000000001564 0 0 0.7988826815642458 0.8991596638655462
357 0.005230500000000138 0 0 0.7988826815642458 0.8991596638655462
358 0.005310299999999657 1 1 0.8044692737430168 0.9019607843137255
359 0.005663800000000219 0 0 0.8044692737430168 0.9019607843137255
360 0.005312600000000334 1 1 0.8100558659217877 0.9047619047619048
361 0.005426400000000164 1 1 0.8156424581005587 0.907563025210084
362 0.005543799999999877 0 0 0.8156424581005587 0.907563025210084
363 0.005818900000000404 0 0 0.8156424581005587 0.907563025210084
364 0.005119999999999791 1 1 0.8212290502793296 0.9103641456582633
365 0.005336799999999808 0 0 0.8212290502793296 0.9103641456582633
366 0.005515699999999679 0 0 0.8212290502793296 0.9103641456582633
367 0.005261499999999586 0 0 0.8212290502793296 0.9103641456582633
368 0.005199699999999918 1 1 0.8268156424581006 0.9131652661064426
369 0.005464799999999936 0 0 0.8268156424581006 0.9131652661064426
370 0.005389399999999878 0 0 0.8268156424581006 0.9131652661064426
371 0.0052826999999999735 0 0 0.8268156424581006 0.9131652661064426
372 0.005347599999999897 0 0 0.8268156424581006 0.9131652661064426
373 0.005272100000000002 1 1 0.8324022346368715 0.9159663865546218
374 0.0052346999999999255 1 1 0.8379888268156425 0.9187675070028011
375 0.0054786999999998365 1 1 0.8435754189944135 0.9215686274509803
376 0.0054443000000001796 0 0 0.8435754189944135 0.9215686274509803
377 0.005891300000000044 0 0 0.8435754189944135 0.9215686274509803
378 0.005525499999999628 1 1 0.8491620111731844 0.9243697478991597
379 0.005329300000000092 0 0 0.8491620111731844 0.9243697478991597
380 0.0057450999999999475 1 1 0.8547486033519553 0.927170868347339
381 0.005786200000000186 0 0 0.8547486033519553 0.927170868347339
382 0.006041499999999811 0 0 0.8547486033519553 0.927170868347339
383 0.005755399999999966 1 1 0.8603351955307262 0.9299719887955182
384 0.005760500000000057 0 0 0.8603351955307262 0.9299719887955182
385 0.006110399999999849 0 0 0.8603351955307262 0.9299719887955182
386 0.005440699999999854 0 0 0.8603351955307262 0.9299719887955182
387 0.005356300000000314 0 0 0.8603351955307262 0.9299719887955182
388 0.005619299999999772 1 1 0.8659217877094972 0.9327731092436975
389 0.00791469999999972 1 1 0.8715083798882681 0.9355742296918768
390 0.00582629999999984 0 0 0.8715083798882681 0.9355742296918768
391 0.00929979999999997 0 0 0.8715083798882681 0.9355742296918768
392 0.005430200000000163 0 0 0.8715083798882681 0.9355742296918768
393 0.005381700000000045 0 0 0.8715083798882681 0.9355742296918768
394 0.005526900000000001 0 0 0.8715083798882681 0.9355742296918768
395 0.005486899999999739 0 0 0.8715083798882681 0.9355742296918768
396 0.005370899999999956 1 1 0.8770949720670391 0.938375350140056
397 0.005395800000000062 1 1 0.88268156424581 0.9411764705882353
398 0.005592699999999784 1 1 0.888268156424581 0.9439775910364145
399 0.005623299999999887 0 0 0.888268156424581 0.9439775910364145
400 0.005449200000000154 1 1 0.8938547486033519 0.9467787114845938
401 0.005413599999999796 1 1 0.8994413407821229 0.9495798319327731
402 0.007804699999999887 1 1 0.9050279329608939 0.9523809523809523
403 0.007951000000000263 0 0 0.9050279329608939 0.9523809523809523
404 0.007937000000000083 1 1 0.9106145251396648 0.9551820728291317
405 0.007684500000000316 0 0 0.9106145251396648 0.9551820728291317
406 0.007943000000000033 0 0 0.9106145251396648 0.9551820728291317
407 0.007721099999999925 1 1 0.9162011173184358 0.957983193277311
408 0.008040200000000386 0 0 0.9162011173184358 0.957983193277311
409 0.007914899999999836 1 1 0.9217877094972067 0.9607843137254902
410 0.007920499999999997 0 0 0.9217877094972067 0.9607843137254902
411 0.0079492000000001 1 1 0.9273743016759777 0.9635854341736695
412 0.007917599999999858 0 0 0.9273743016759777 0.9635854341736695
413 0.006085600000000024 1 1 0.9329608938547486 0.9663865546218487
414 0.007918700000000278 0 0 0.9329608938547486 0.9663865546218487
415 0.008308900000000286 0 0 0.9329608938547486 0.9663865546218487
416 0.007822200000000112 0 0 0.9329608938547486 0.9663865546218487
417 0.008291800000000293 1 1 0.9385474860335196 0.969187675070028
418 0.0067438000000001885 0 0 0.9385474860335196 0.969187675070028
419 0.006252799999999947 1 1 0.9441340782122905 0.9719887955182073
420 0.005970200000000148 1 1 0.9497206703910615 0.9747899159663865
421 0.006267100000000081 0 0 0.9497206703910615 0.9747899159663865
422 0.005472000000000143 0 0 0.9497206703910615 0.9747899159663865
423 0.006287900000000235 1 1 0.9553072625698324 0.9775910364145658
424 0.005576499999999651 0 0 0.9553072625698324 0.9775910364145658
425 0.00636189999999992 0 0 0.9553072625698324 0.9775910364145658
426 0.005743400000000065 0 0 0.9553072625698324 0.9775910364145658
427 0.005673600000000167 0 0 0.9553072625698324 0.9775910364145658
428 0.005580099999999977 1 1 0.9608938547486033 0.9803921568627451
429 0.005541500000000088 0 0 0.9608938547486033 0.9803921568627451
430 0.005650399999999944 0 0 0.9608938547486033 0.9803921568627451
431 0.005597700000000039 1 1 0.9664804469273743 0.9831932773109243
432 0.005470100000000144 0 0 0.9664804469273743 0.9831932773109243
433 0.005395399999999828 0 0 0.9664804469273743 0.9831932773109243
434 0.005615000000000148 0 0 0.9664804469273743 0.9831932773109243
435 0.0056275000000001185 0 0 0.9664804469273743 0.9831932773109243
436 0.008225399999999716 0 0 0.9664804469273743 0.9831932773109243
437 0.008036199999999827 0 0 0.9664804469273743 0.9831932773109243
438 0.008133799999999969 0 0 0.9664804469273743 0.9831932773109243
439 0.007999899999999727 1 1 0.9720670391061452 0.9859943977591037
440 0.008251999999999704 1 1 0.9776536312849162 0.988795518207283
441 0.008379600000000043 1 1 0.9832402234636871 0.9915966386554622
442 0.00794959999999989 0 0 0.9832402234636871 0.9915966386554622
443 0.008140700000000223 0 0 0.9832402234636871 0.9915966386554622
444 0.007928900000000016 0 0 0.9832402234636871 0.9915966386554622
445 0.00823779999999985 1 1 0.9888268156424581 0.9943977591036415
446 0.008024499999999879 0 0 0.9888268156424581 0.9943977591036415
447 0.005872600000000006 0 0 0.9888268156424581 0.9943977591036415
448 0.006188400000000094 1 1 0.994413407821229 0.9971988795518207
449 0.006472000000000033 0 0 0.994413407821229 0.9971988795518207
450 0.008448700000000198 0 0 0.994413407821229 0.9971988795518207
451 0.006200600000000112 1 1 1.0 1.0
