30 0.6 0.6
1 0.0007689000000000168 1 0 0.034482758620689655 0.5087719298245614
2 0.0007369999999999877 0 0 0.034482758620689655 0.5087719298245614
3 0.000653700000000007 1 0 0.06896551724137931 0.5087719298245614
4 0.0006330999999999976 1 0 0.10344827586206896 0.5087719298245614
5 0.0006072000000000022 0 1 0.10344827586206896 0.5263157894736842
6 0.0006415000000000171 1 2 0.13793103448275862 0.5614035087719298
7 0.0006390000000000007 0 0 0.13793103448275862 0.5614035087719298
8 0.0006512999999999936 0 0 0.13793103448275862 0.5614035087719298
9 0.0006251999999999924 1 1 0.1724137931034483 0.5789473684210527
10 0.0007514999999999883 1 1 0.20689655172413793 0.5964912280701754
11 0.0007607999999999782 0 0 0.20689655172413793 0.5964912280701754
12 0.0006381999999999777 0 0 0.20689655172413793 0.5964912280701754
13 0.0007105000000000028 1 0 0.2413793103448276 0.5964912280701754
14 0.0007347000000000048 0 1 0.2413793103448276 0.6140350877192983
15 0.0011261999999999939 0 0 0.2413793103448276 0.6140350877192983
16 0.0011783999999999961 1 1 0.27586206896551724 0.631578947368421
17 0.0008135999999999977 0 0 0.27586206896551724 0.631578947368421
18 0.0008311000000000013 1 1 0.3103448275862069 0.6491228070175439
19 0.0016390999999999767 1 1 0.3448275862068966 0.6666666666666666
20 0.002202300000000018 0 0 0.3448275862068966 0.6666666666666666
21 0.0016150000000000053 1 1 0.3793103448275862 0.6842105263157895
22 0.0011837000000000097 1 0 0.41379310344827586 0.6842105263157895
23 0.0012235000000000162 1 0 0.4482758620689655 0.6842105263157895
24 0.0016483000000000192 1 3 0.4827586206896552 0.7368421052631579
25 0.0017321000000000142 1 0 0.5172413793103449 0.7368421052631579
26 0.0012983000000000022 1 0 0.5517241379310345 0.7368421052631579
27 0.0017315999999999998 1 1 0.5862068965517241 0.7543859649122807
28 0.0015288999999999997 1 0 0.6206896551724138 0.7543859649122807
29 0.0011666999999999927 1 3 0.6551724137931034 0.8070175438596491
30 0.0009260000000000101 1 1 0.6896551724137931 0.8245614035087719
31 0.0011736999999999997 1 2 0.7241379310344828 0.8596491228070176
32 0.002019999999999994 0 0 0.7241379310344828 0.8596491228070176
33 0.001383200000000001 0 0 0.7241379310344828 0.8596491228070176
34 0.0011417999999999984 1 0 0.7586206896551724 0.8596491228070176
35 0.0011535000000000017 1 1 0.7931034482758621 0.8771929824561403
36 0.0010055999999999954 0 1 0.7931034482758621 0.8947368421052632
37 0.0010794999999999833 0 0 0.7931034482758621 0.8947368421052632
38 0.001377199999999995 1 1 0.8275862068965517 0.9122807017543859
39 0.0012961999999999974 1 0 0.8620689655172413 0.9122807017543859
40 0.0009828000000000059 1 1 0.896551724137931 0.9298245614035088
41 0.0009260999999999853 1 1 0.9310344827586207 0.9473684210526315
42 0.0008893999999999846 1 1 0.9655172413793104 0.9649122807017544
43 0.0009859000000000118 1 1 1.0 0.9824561403508771
44 0.0009394000000000069 0 1 1.0 1.0
