175 1.0 1.0
1 0.004604399999999953 1 0 0.005747126436781609 0.5014409221902018
2 0.004749400000000015 1 1 0.011494252873563218 0.5043227665706052
3 0.005617500000000053 1 1 0.017241379310344827 0.5072046109510087
4 0.004474199999999984 1 1 0.022988505747126436 0.5100864553314121
5 0.004020299999999977 1 1 0.028735632183908046 0.5129682997118156
6 0.005328600000000017 1 1 0.034482758620689655 0.515850144092219
7 0.005594199999999994 1 1 0.040229885057471264 0.5187319884726225
8 0.005901000000000045 1 1 0.04597701149425287 0.521613832853026
9 0.004851500000000009 1 1 0.05172413793103448 0.5244956772334294
10 0.004717299999999924 1 1 0.05747126436781609 0.5273775216138329
11 0.004138799999999998 1 1 0.06321839080459771 0.5302593659942363
12 0.006303399999999959 1 1 0.06896551724137931 0.5331412103746398
13 0.006352099999999972 1 1 0.07471264367816093 0.5360230547550432
14 0.007208400000000004 1 1 0.08045977011494253 0.5389048991354467
15 0.0050016000000000504 1 1 0.08620689655172414 0.5417867435158501
16 0.005876500000000062 1 1 0.09195402298850575 0.5446685878962536
17 0.004734000000000016 1 1 0.09770114942528736 0.547550432276657
18 0.006375700000000095 1 1 0.10344827586206896 0.5504322766570605
19 0.006963400000000064 1 1 0.10919540229885058 0.553314121037464
20 0.004366199999999987 1 1 0.11494252873563218 0.5561959654178674
21 0.008833699999999944 1 1 0.1206896551724138 0.5590778097982709
22 0.006368400000000052 1 1 0.12643678160919541 0.5619596541786743
23 0.006507399999999941 1 1 0.13218390804597702 0.5648414985590778
24 0.007253799999999977 1 1 0.13793103448275862 0.5677233429394812
25 0.004899899999999957 1 1 0.14367816091954022 0.5706051873198847
26 0.006721699999999942 1 1 0.14942528735632185 0.5734870317002881
27 0.005043099999999967 1 1 0.15517241379310345 0.5763688760806917
28 0.005873999999999935 1 1 0.16091954022988506 0.579250720461095
29 0.004708200000000051 1 1 0.16666666666666666 0.5821325648414986
30 0.0060698999999999614 1 1 0.1724137931034483 0.5850144092219021
31 0.0046000000000000485 1 1 0.1781609195402299 0.5878962536023055
32 0.005751600000000079 1 1 0.1839080459770115 0.590778097982709
33 0.005528899999999948 1 1 0.1896551724137931 0.5936599423631124
34 0.006862699999999999 1 1 0.19540229885057472 0.5965417867435159
35 0.004844700000000035 1 1 0.20114942528735633 0.5994236311239193
36 0.005533800000000033 1 1 0.20689655172413793 0.6023054755043228
37 0.004800200000000032 1 1 0.21264367816091953 0.6051873198847262
38 0.006424900000000067 1 1 0.21839080459770116 0.6080691642651297
39 0.005661599999999933 1 1 0.22413793103448276 0.6109510086455331
40 0.006286100000000072 1 1 0.22988505747126436 0.6138328530259366
41 0.0065341999999999345 1 1 0.23563218390804597 0.6167146974063401
42 0.005899699999999952 1 1 0.2413793103448276 0.6195965417867435
43 0.006306399999999934 1 1 0.2471264367816092 0.622478386167147
44 0.005929700000000038 1 1 0.25287356321839083 0.6253602305475504
45 0.008689300000000011 1 1 0.25862068965517243 0.6282420749279539
46 0.005874599999999952 1 1 0.26436781609195403 0.6311239193083573
47 0.007811199999999907 1 1 0.27011494252873564 0.6340057636887608
48 0.005755300000000019 1 1 0.27586206896551724 0.6368876080691642
49 0.004919099999999954 1 1 0.28160919540229884 0.6397694524495677
50 0.0059722999999999304 1 1 0.28735632183908044 0.6426512968299711
51 0.006893099999999985 1 1 0.29310344827586204 0.6455331412103746
52 0.007722400000000018 1 1 0.2988505747126437 0.6484149855907781
53 0.005937699999999935 1 1 0.3045977011494253 0.6512968299711815
54 0.005868699999999949 1 1 0.3103448275862069 0.654178674351585
55 0.008287000000000044 1 1 0.3160919540229885 0.6570605187319885
56 0.008646299999999996 1 1 0.3218390804597701 0.659942363112392
57 0.009854499999999988 1 1 0.3275862068965517 0.6628242074927954
58 0.00753909999999991 1 1 0.3333333333333333 0.6657060518731989
59 0.007117999999999958 1 1 0.3390804597701149 0.6685878962536023
60 0.006388700000000025 1 1 0.3448275862068966 0.6714697406340058
61 0.005738600000000038 1 1 0.3505747126436782 0.6743515850144092
62 0.006645599999999918 1 1 0.3563218390804598 0.6772334293948127
63 0.00584399999999996 1 1 0.3620689655172414 0.6801152737752162
64 0.00661299999999998 1 1 0.367816091954023 0.6829971181556196
65 0.006402299999999972 1 1 0.3735632183908046 0.6858789625360231
66 0.006621200000000105 1 1 0.3793103448275862 0.6887608069164265
67 0.005427700000000035 1 1 0.3850574712643678 0.69164265129683
68 0.008365200000000073 1 1 0.39080459770114945 0.6945244956772334
69 0.008947199999999933 1 1 0.39655172413793105 0.6974063400576369
70 0.00639489999999987 1 1 0.40229885057471265 0.7002881844380403
71 0.0065630000000000965 1 1 0.40804597701149425 0.7031700288184438
72 0.009535700000000036 1 1 0.41379310344827586 0.7060518731988472
73 0.00857399999999986 1 1 0.41954022988505746 0.7089337175792507
74 0.007196399999999992 1 1 0.42528735632183906 0.7118155619596542
75 0.0066069999999998075 1 1 0.43103448275862066 0.7146974063400576
76 0.006890599999999969 1 1 0.4367816091954023 0.7175792507204611
77 0.008086100000000096 1 1 0.4425287356321839 0.7204610951008645
78 0.008203600000000089 1 1 0.4482758620689655 0.723342939481268
79 0.008477599999999974 1 1 0.4540229885057471 0.7262247838616714
80 0.006585599999999969 1 1 0.45977011494252873 0.729106628242075
81 0.00605610000000012 1 1 0.46551724137931033 0.7319884726224783
82 0.007008899999999985 1 1 0.47126436781609193 0.7348703170028819
83 0.006450400000000078 1 1 0.47701149425287354 0.7377521613832853
84 0.007335399999999881 1 1 0.4827586206896552 0.7406340057636888
85 0.006424100000000044 1 1 0.4885057471264368 0.7435158501440923
86 0.006642599999999943 1 1 0.4942528735632184 0.7463976945244957
87 0.006998400000000071 1 1 0.5 0.7492795389048992
88 0.006042899999999962 1 1 0.5057471264367817 0.7521613832853026
89 0.007575200000000004 1 1 0.5114942528735632 0.7550432276657061
90 0.007006400000000079 1 1 0.5172413793103449 0.7579250720461095
91 0.008011800000000013 1 1 0.5229885057471264 0.760806916426513
92 0.0075483999999999 1 1 0.5287356321839081 0.7636887608069164
93 0.008384500000000017 1 1 0.5344827586206896 0.7665706051873199
94 0.006800000000000139 1 1 0.5402298850574713 0.7694524495677233
95 0.006801599999999963 1 1 0.5459770114942529 0.7723342939481268
96 0.00683849999999997 1 1 0.5517241379310345 0.7752161383285303
97 0.01000409999999996 1 1 0.5574712643678161 0.7780979827089337
98 0.006818299999999944 1 1 0.5632183908045977 0.7809798270893372
99 0.007882500000000014 1 1 0.5689655172413793 0.7838616714697406
100 0.0067749999999999755 1 1 0.5747126436781609 0.7867435158501441
101 0.008457900000000018 1 1 0.5804597701149425 0.7896253602305475
102 0.007193200000000122 1 1 0.5862068965517241 0.792507204610951
103 0.006120899999999985 1 1 0.5919540229885057 0.7953890489913544
104 0.010610899999999868 1 1 0.5977011494252874 0.7982708933717579
105 0.007922299999999938 1 1 0.603448275862069 0.8011527377521613
106 0.007377099999999803 1 1 0.6091954022988506 0.8040345821325648
107 0.008779899999999952 1 1 0.6149425287356322 0.8069164265129684
108 0.008017200000000058 1 1 0.6206896551724138 0.8097982708933718
109 0.007356299999999871 1 1 0.6264367816091954 0.8126801152737753
110 0.0069101999999998664 1 1 0.632183908045977 0.8155619596541787
111 0.00766050000000007 1 1 0.6379310344827587 0.8184438040345822
112 0.0070166000000000395 1 1 0.6436781609195402 0.8213256484149856
113 0.0064805999999999475 1 1 0.6494252873563219 0.8242074927953891
114 0.009995999999999894 1 1 0.6551724137931034 0.8270893371757925
115 0.00899630000000018 1 1 0.6609195402298851 0.829971181556196
116 0.007362100000000149 1 1 0.6666666666666666 0.8328530259365994
117 0.007649599999999923 1 1 0.6724137931034483 0.8357348703170029
118 0.007614600000000138 1 1 0.6781609195402298 0.8386167146974063
119 0.009060800000000091 1 1 0.6839080459770115 0.8414985590778098
120 0.008784300000000078 1 1 0.6896551724137931 0.8443804034582133
121 0.01182609999999995 1 1 0.6954022988505747 0.8472622478386167
122 0.006881099999999973 1 1 0.7011494252873564 0.8501440922190202
123 0.012609899999999952 1 1 0.7068965517241379 0.8530259365994236
124 0.009578099999999923 1 1 0.7126436781609196 0.8559077809798271
125 0.009210400000000174 1 1 0.7183908045977011 0.8587896253602305
126 0.009951700000000008 1 1 0.7241379310344828 0.861671469740634
127 0.008616199999999852 1 1 0.7298850574712644 0.8645533141210374
128 0.0070453999999999795 1 1 0.735632183908046 0.8674351585014409
129 0.008834699999999973 1 1 0.7413793103448276 0.8703170028818443
130 0.007803999999999922 1 1 0.7471264367816092 0.8731988472622478
131 0.015348699999999882 1 1 0.7528735632183908 0.8760806916426513
132 0.009644299999999939 1 1 0.7586206896551724 0.8789625360230547
133 0.008376099999999997 1 1 0.764367816091954 0.8818443804034583
134 0.008841699999999841 1 1 0.7701149425287356 0.8847262247838616
135 0.007157700000000045 1 1 0.7758620689655172 0.8876080691642652
136 0.008362300000000156 1 1 0.7816091954022989 0.8904899135446686
137 0.00958710000000007 1 1 0.7873563218390804 0.8933717579250721
138 0.007901200000000053 1 1 0.7931034482758621 0.8962536023054755
139 0.00768879999999994 1 1 0.7988505747126436 0.899135446685879
140 0.008402699999999985 1 1 0.8045977011494253 0.9020172910662824
141 0.011074499999999876 1 1 0.8103448275862069 0.9048991354466859
142 0.01052439999999999 1 1 0.8160919540229885 0.9077809798270894
143 0.008233600000000063 1 1 0.8218390804597702 0.9106628242074928
144 0.007452700000000201 1 1 0.8275862068965517 0.9135446685878963
145 0.009740800000000105 1 1 0.8333333333333334 0.9164265129682997
146 0.011921699999999813 1 1 0.8390804597701149 0.9193083573487032
147 0.009459000000000106 1 1 0.8448275862068966 0.9221902017291066
148 0.009381499999999932 1 1 0.8505747126436781 0.9250720461095101
149 0.0095019999999999 1 1 0.8563218390804598 0.9279538904899135
150 0.00781989999999988 1 1 0.8620689655172413 0.930835734870317
151 0.008409300000000064 1 1 0.867816091954023 0.9337175792507204
152 0.008576200000000034 1 1 0.8735632183908046 0.9365994236311239
153 0.007788300000000081 1 1 0.8793103448275862 0.9394812680115274
154 0.00892179999999998 1 1 0.8850574712643678 0.9423631123919308
155 0.00907189999999991 1 1 0.8908045977011494 0.9452449567723343
156 0.009735099999999886 1 1 0.896551724137931 0.9481268011527377
157 0.008326499999999903 1 1 0.9022988505747126 0.9510086455331412
158 0.009896899999999986 1 1 0.9080459770114943 0.9538904899135446
159 0.008121999999999963 1 1 0.9137931034482759 0.9567723342939481
160 0.008029899999999923 1 1 0.9195402298850575 0.9596541786743515
161 0.009010799999999985 1 1 0.9252873563218391 0.962536023054755
162 0.009796700000000103 1 1 0.9310344827586207 0.9654178674351584
163 0.008926900000000071 1 1 0.9367816091954023 0.968299711815562
164 0.009124200000000027 1 1 0.9425287356321839 0.9711815561959655
165 0.00813609999999998 1 1 0.9482758620689655 0.9740634005763689
166 0.008509699999999842 1 1 0.9540229885057471 0.9769452449567724
167 0.009907700000000075 1 1 0.9597701149425287 0.9798270893371758
168 0.008378999999999914 1 1 0.9655172413793104 0.9827089337175793
169 0.008520899999999942 1 1 0.9712643678160919 0.9855907780979827
170 0.008592600000000061 1 1 0.9770114942528736 0.9884726224783862
171 0.00907710000000006 1 1 0.9827586206896551 0.9913544668587896
172 0.008699500000000082 1 1 0.9885057471264368 0.9942363112391931
173 0.00923929999999995 1 1 0.9942528735632183 0.9971181556195965
174 0.00831369999999998 1 1 1.0 1.0
