50 0.6 0.9
1 0.0011481999999999881 1 0 0.02040816326530612 0.5051546391752577
2 0.0011184999999999945 0 0 0.02040816326530612 0.5051546391752577
3 0.0010305999999999926 0 0 0.02040816326530612 0.5051546391752577
4 0.0014117999999999908 1 1 0.04081632653061224 0.5154639175257731
5 0.001386200000000004 0 0 0.04081632653061224 0.5154639175257731
6 0.00134709999999999 1 1 0.061224489795918366 0.5257731958762887
7 0.0011765999999999999 1 1 0.08163265306122448 0.5360824742268041
8 0.001598000000000016 1 1 0.10204081632653061 0.5463917525773195
9 0.0011883000000000032 0 0 0.10204081632653061 0.5463917525773195
10 0.0010782000000000014 1 1 0.12244897959183673 0.5567010309278351
11 0.0010721999999999954 1 1 0.14285714285714285 0.5670103092783505
12 0.0010872000000000104 0 0 0.14285714285714285 0.5670103092783505
13 0.0011197000000000012 0 0 0.14285714285714285 0.5670103092783505
14 0.0012871000000000132 1 1 0.16326530612244897 0.5773195876288659
15 0.002300599999999986 0 0 0.16326530612244897 0.5773195876288659
16 0.0011661000000000032 1 0 0.1836734693877551 0.5773195876288659
17 0.0012235999999999914 1 1 0.20408163265306123 0.5876288659793815
18 0.0012021999999999866 1 2 0.22448979591836735 0.6082474226804123
19 0.0012318999999999802 1 0 0.24489795918367346 0.6082474226804123
20 0.0011932000000000054 0 0 0.24489795918367346 0.6082474226804123
21 0.0012344000000000244 1 2 0.2653061224489796 0.6288659793814433
22 0.001515500000000003 0 0 0.2653061224489796 0.6288659793814433
23 0.0015350999999999837 0 0 0.2653061224489796 0.6288659793814433
24 0.0015311000000000075 0 0 0.2653061224489796 0.6288659793814433
25 0.0012127999999999861 1 1 0.2857142857142857 0.6391752577319587
26 0.0014896999999999827 1 1 0.30612244897959184 0.6494845360824743
27 0.0016109999999999736 1 1 0.32653061224489793 0.6597938144329897
28 0.0012993000000000032 1 1 0.3469387755102041 0.6701030927835051
29 0.0012972000000000261 1 1 0.3673469387755102 0.6804123711340206
30 0.002035199999999987 0 0 0.3673469387755102 0.6804123711340206
31 0.0015681999999999918 1 1 0.3877551020408163 0.6907216494845361
32 0.0014508999999999772 1 1 0.40816326530612246 0.7010309278350515
33 0.001392599999999966 1 1 0.42857142857142855 0.711340206185567
34 0.0016208999999999807 1 1 0.4489795918367347 0.7216494845360825
35 0.0015350000000000086 1 1 0.46938775510204084 0.7319587628865979
36 0.0015220999999999707 1 1 0.4897959183673469 0.7422680412371134
37 0.0023555000000000104 0 0 0.4897959183673469 0.7422680412371134
38 0.001587399999999961 0 0 0.4897959183673469 0.7422680412371134
39 0.0012838000000000016 1 0 0.5102040816326531 0.7422680412371134
40 0.0014319999999999888 1 1 0.5306122448979592 0.7525773195876289
41 0.0013514000000000026 0 1 0.5306122448979592 0.7628865979381443
42 0.001313899999999979 1 1 0.5510204081632653 0.7731958762886598
43 0.0018808000000000158 1 1 0.5714285714285714 0.7835051546391752
44 0.0014757999999999716 0 0 0.5714285714285714 0.7835051546391752
45 0.0014844999999999997 1 1 0.5918367346938775 0.7938144329896907
46 0.0016353999999999536 1 1 0.6122448979591837 0.8041237113402062
47 0.0014298000000000366 0 0 0.6122448979591837 0.8041237113402062
48 0.0013955000000000495 0 0 0.6122448979591837 0.8041237113402062
49 0.0014946000000000126 1 1 0.6326530612244898 0.8144329896907216
50 0.0022171999999999747 1 0 0.6530612244897959 0.8144329896907216
51 0.002085300000000012 0 1 0.6530612244897959 0.8247422680412371
52 0.001985300000000023 1 1 0.673469387755102 0.8350515463917526
53 0.0022691999999999712 1 1 0.6938775510204082 0.845360824742268
54 0.002396300000000018 1 1 0.7142857142857143 0.8556701030927835
55 0.0020611999999999853 1 1 0.7346938775510204 0.865979381443299
56 0.0027058999999999833 1 0 0.7551020408163265 0.865979381443299
57 0.001516599999999979 1 1 0.7755102040816326 0.8762886597938144
58 0.0015024000000000148 0 1 0.7755102040816326 0.8865979381443299
59 0.0016986999999999974 1 1 0.7959183673469388 0.8969072164948454
60 0.002015900000000015 1 1 0.8163265306122449 0.9072164948453608
61 0.0016501000000000432 0 0 0.8163265306122449 0.9072164948453608
62 0.0018194000000000266 0 0 0.8163265306122449 0.9072164948453608
63 0.0016047000000000144 1 1 0.8367346938775511 0.9175257731958762
64 0.0016550000000000176 1 1 0.8571428571428571 0.9278350515463918
65 0.0015079000000000065 1 1 0.8775510204081632 0.9381443298969072
66 0.0024603000000000264 1 1 0.8979591836734694 0.9484536082474226
67 0.0017867999999999773 1 1 0.9183673469387755 0.9587628865979382
68 0.0016441999999999846 1 1 0.9387755102040817 0.9690721649484536
69 0.0016208000000000333 1 1 0.9591836734693877 0.979381443298969
70 0.0019951999999999748 0 0 0.9591836734693877 0.979381443298969
71 0.0019395000000000384 1 1 0.9795918367346939 0.9896907216494846
72 0.0017217999999999956 1 1 1.0 1.0
