160 0.8 0.1
1 0.0035664999999999725 1 0 0.006289308176100629 0.501577287066246
2 0.003065299999999993 0 0 0.006289308176100629 0.501577287066246
3 0.003343200000000046 1 0 0.012578616352201259 0.501577287066246
4 0.0031179000000000068 0 0 0.012578616352201259 0.501577287066246
5 0.003063299999999991 1 0 0.018867924528301886 0.501577287066246
6 0.003108400000000011 1 0 0.025157232704402517 0.501577287066246
7 0.0033856999999999915 1 0 0.031446540880503145 0.501577287066246
8 0.003516200000000025 1 0 0.03773584905660377 0.501577287066246
9 0.0030971999999999666 1 1 0.0440251572327044 0.5047318611987381
10 0.0031451000000000118 0 0 0.0440251572327044 0.5047318611987381
11 0.003096500000000002 1 0 0.050314465408805034 0.5047318611987381
12 0.0031596999999999875 1 0 0.05660377358490566 0.5047318611987381
13 0.00334580000000001 0 1 0.05660377358490566 0.5078864353312302
14 0.0031487000000000043 1 0 0.06289308176100629 0.5078864353312302
15 0.0032361000000000195 1 2 0.06918238993710692 0.5141955835962145
16 0.0031585000000000085 1 0 0.07547169811320754 0.5141955835962145
17 0.0031936000000000186 0 0 0.07547169811320754 0.5141955835962145
18 0.003191200000000005 0 2 0.07547169811320754 0.5205047318611987
19 0.0033231000000000233 1 1 0.08176100628930817 0.5236593059936908
20 0.003266800000000014 1 2 0.0880503144654088 0.5299684542586751
21 0.003226099999999954 1 0 0.09433962264150944 0.5299684542586751
22 0.0035474999999999812 0 0 0.09433962264150944 0.5299684542586751
23 0.0034099999999999686 1 0 0.10062893081761007 0.5299684542586751
24 0.0033005000000000395 1 1 0.1069182389937107 0.5331230283911672
25 0.00333159999999999 1 3 0.11320754716981132 0.5425867507886435
26 0.0033065000000000455 1 0 0.11949685534591195 0.5425867507886435
27 0.0034131000000000022 0 0 0.11949685534591195 0.5425867507886435
28 0.0035341999999999874 1 2 0.12578616352201258 0.5488958990536278
29 0.0034870999999999652 1 1 0.1320754716981132 0.5520504731861199
30 0.003402000000000016 1 0 0.13836477987421383 0.5520504731861199
31 0.003784999999999983 1 0 0.14465408805031446 0.5520504731861199
32 0.0035098000000000074 0 0 0.14465408805031446 0.5520504731861199
33 0.0033563999999999816 1 0 0.1509433962264151 0.5520504731861199
34 0.0036541999999999963 1 0 0.15723270440251572 0.5520504731861199
35 0.0035002999999999562 1 4 0.16352201257861634 0.5646687697160884
36 0.003549699999999989 1 1 0.16981132075471697 0.5678233438485805
37 0.003500000000000003 1 0 0.1761006289308176 0.5678233438485805
38 0.003420799999999946 0 0 0.1761006289308176 0.5678233438485805
39 0.0035981000000000485 0 0 0.1761006289308176 0.5678233438485805
40 0.0034858999999999307 1 0 0.18238993710691823 0.5678233438485805
41 0.003435000000000077 1 1 0.18867924528301888 0.5709779179810726
42 0.003404100000000021 1 2 0.1949685534591195 0.5772870662460567
43 0.0035967000000000082 1 1 0.20125786163522014 0.580441640378549
44 0.003387600000000046 1 0 0.20754716981132076 0.580441640378549
45 0.003506499999999968 1 1 0.2138364779874214 0.583596214511041
46 0.003657699999999986 0 1 0.2138364779874214 0.5867507886435331
47 0.0036015000000000352 0 0 0.2138364779874214 0.5867507886435331
48 0.0037371000000000487 1 1 0.22012578616352202 0.5899053627760252
49 0.003537700000000088 1 1 0.22641509433962265 0.5930599369085173
50 0.003675299999999937 1 0 0.23270440251572327 0.5930599369085173
51 0.003499600000000047 1 1 0.2389937106918239 0.5962145110410094
52 0.0038042000000000353 1 0 0.24528301886792453 0.5962145110410094
53 0.0037346000000000323 1 2 0.25157232704402516 0.6025236593059937
54 0.0036931000000000047 1 0 0.2578616352201258 0.6025236593059937
55 0.003866499999999995 1 1 0.2641509433962264 0.6056782334384858
56 0.00358360000000002 1 0 0.27044025157232704 0.6056782334384858
57 0.003606800000000021 1 1 0.27672955974842767 0.6088328075709779
58 0.003925299999999909 1 0 0.2830188679245283 0.6088328075709779
59 0.003646299999999991 1 1 0.2893081761006289 0.61198738170347
60 0.0071565999999999574 1 2 0.29559748427672955 0.6182965299684543
61 0.004047699999999987 1 2 0.3018867924528302 0.6246056782334385
62 0.004140699999999997 1 3 0.3081761006289308 0.6340694006309149
63 0.003722999999999921 1 0 0.31446540880503143 0.6340694006309149
64 0.003939499999999985 1 2 0.32075471698113206 0.6403785488958991
65 0.003676899999999983 0 0 0.32075471698113206 0.6403785488958991
66 0.005566300000000024 1 1 0.3270440251572327 0.6435331230283912
67 0.005523900000000026 1 0 0.3333333333333333 0.6435331230283912
68 0.005468200000000034 1 1 0.33962264150943394 0.6466876971608833
69 0.005529599999999912 1 0 0.34591194968553457 0.6466876971608833
70 0.0053475000000000605 1 0 0.3522012578616352 0.6466876971608833
71 0.005469200000000063 1 1 0.3584905660377358 0.6498422712933754
72 0.005562599999999973 1 1 0.36477987421383645 0.6529968454258676
73 0.005601700000000043 1 1 0.3710691823899371 0.6561514195583596
74 0.005615700000000001 1 2 0.37735849056603776 0.6624605678233438
75 0.005524900000000055 1 0 0.3836477987421384 0.6624605678233438
76 0.005577500000000013 1 0 0.389937106918239 0.6624605678233438
77 0.004118200000000072 1 4 0.39622641509433965 0.6750788643533123
78 0.003985299999999969 1 0 0.4025157232704403 0.6750788643533123
79 0.00390950000000001 1 0 0.4088050314465409 0.6750788643533123
80 0.004300899999999941 1 1 0.41509433962264153 0.6782334384858044
81 0.004126299999999916 1 0 0.42138364779874216 0.6782334384858044
82 0.004321200000000025 1 0 0.4276729559748428 0.6782334384858044
83 0.003971699999999911 0 0 0.4276729559748428 0.6782334384858044
84 0.004138799999999998 0 0 0.4276729559748428 0.6782334384858044
85 0.004213800000000045 0 1 0.4276729559748428 0.6813880126182965
86 0.003874800000000067 0 0 0.4276729559748428 0.6813880126182965
87 0.004159600000000041 0 0 0.4276729559748428 0.6813880126182965
88 0.004364999999999952 1 0 0.4339622641509434 0.6813880126182965
89 0.00435350000000001 0 0 0.4339622641509434 0.6813880126182965
90 0.0044319999999999915 1 2 0.44025157232704404 0.6876971608832808
91 0.004318900000000014 1 2 0.44654088050314467 0.694006309148265
92 0.004069800000000012 1 0 0.4528301886792453 0.694006309148265
93 0.004120599999999919 1 0 0.4591194968553459 0.694006309148265
94 0.003978599999999943 1 2 0.46540880503144655 0.7003154574132492
95 0.004188499999999928 1 2 0.4716981132075472 0.7066246056782335
96 0.004389500000000046 1 1 0.4779874213836478 0.7097791798107256
97 0.004053799999999996 1 1 0.48427672955974843 0.7129337539432177
98 0.004205800000000037 1 1 0.49056603773584906 0.7160883280757098
99 0.00424610000000003 1 0 0.4968553459119497 0.7160883280757098
100 0.004567699999999952 1 0 0.5031446540880503 0.7160883280757098
101 0.004568100000000075 1 0 0.5094339622641509 0.7160883280757098
102 0.004361700000000024 1 0 0.5157232704402516 0.7160883280757098
103 0.004523399999999955 0 2 0.5157232704402516 0.722397476340694
104 0.0045539 1 1 0.5220125786163522 0.7255520504731862
105 0.004223599999999994 1 1 0.5283018867924528 0.7287066246056783
106 0.004506800000000033 1 2 0.5345911949685535 0.7350157728706624
107 0.004262699999999953 1 0 0.5408805031446541 0.7350157728706624
108 0.004360099999999978 1 1 0.5471698113207547 0.7381703470031545
109 0.004535599999999973 1 0 0.5534591194968553 0.7381703470031545
110 0.004383600000000043 1 1 0.559748427672956 0.7413249211356467
111 0.004152700000000009 1 1 0.5660377358490566 0.7444794952681388
112 0.00413589999999997 1 2 0.5723270440251572 0.750788643533123
113 0.004124200000000022 1 2 0.5786163522012578 0.7570977917981072
114 0.004180599999999979 1 0 0.5849056603773585 0.7570977917981072
115 0.004120899999999983 1 0 0.5911949685534591 0.7570977917981072
116 0.004077200000000003 1 0 0.5974842767295597 0.7570977917981072
117 0.004293300000000055 1 0 0.6037735849056604 0.7570977917981072
118 0.004813999999999985 1 1 0.610062893081761 0.7602523659305994
119 0.004668099999999953 1 2 0.6163522012578616 0.7665615141955836
120 0.004426199999999936 1 1 0.6226415094339622 0.7697160883280757
121 0.00475749999999997 1 1 0.6289308176100629 0.7728706624605678
122 0.0049026999999999266 1 0 0.6352201257861635 0.7728706624605678
123 0.004695800000000028 0 0 0.6352201257861635 0.7728706624605678
124 0.004595099999999963 1 2 0.6415094339622641 0.7791798107255521
125 0.004673700000000003 1 1 0.6477987421383647 0.7823343848580442
126 0.004513800000000012 1 1 0.6540880503144654 0.7854889589905363
127 0.0044695999999999625 1 0 0.660377358490566 0.7854889589905363
128 0.004636199999999979 1 2 0.6666666666666666 0.7917981072555205
129 0.004761200000000021 1 0 0.6729559748427673 0.7917981072555205
130 0.0042984000000000355 0 1 0.6729559748427673 0.7949526813880127
131 0.004497500000000043 1 0 0.6792452830188679 0.7949526813880127
132 0.004356699999999991 0 0 0.6792452830188679 0.7949526813880127
133 0.004478899999999952 1 3 0.6855345911949685 0.804416403785489
134 0.004610999999999921 0 0 0.6855345911949685 0.804416403785489
135 0.004489100000000024 1 2 0.6918238993710691 0.8107255520504731
136 0.004329699999999992 0 0 0.6918238993710691 0.8107255520504731
137 0.0045404 0 1 0.6918238993710691 0.8138801261829653
138 0.004438300000000006 1 0 0.6981132075471698 0.8138801261829653
139 0.004343600000000003 1 0 0.7044025157232704 0.8138801261829653
140 0.004478300000000046 1 0 0.710691823899371 0.8138801261829653
141 0.004413099999999948 0 0 0.710691823899371 0.8138801261829653
142 0.004479000000000011 1 1 0.7169811320754716 0.8170347003154574
143 0.0047144000000000075 1 2 0.7232704402515723 0.8233438485804416
144 0.0069854000000000305 1 0 0.7295597484276729 0.8233438485804416
145 0.004622099999999962 1 0 0.7358490566037735 0.8233438485804416
146 0.0048504000000000325 0 1 0.7358490566037735 0.8264984227129337
147 0.00450689999999998 0 0 0.7358490566037735 0.8264984227129337
148 0.0045551999999999815 0 1 0.7358490566037735 0.8296529968454258
149 0.004833700000000052 1 1 0.7421383647798742 0.832807570977918
150 0.005087300000000017 1 2 0.7484276729559748 0.8391167192429022
151 0.00450459999999997 1 1 0.7547169811320755 0.8422712933753943
152 0.004445699999999997 0 0 0.7547169811320755 0.8422712933753943
153 0.004493999999999998 1 0 0.7610062893081762 0.8422712933753943
154 0.0044728000000000545 1 0 0.7672955974842768 0.8422712933753943
155 0.0050040000000000084 0 1 0.7672955974842768 0.8454258675078864
156 0.004623600000000172 0 2 0.7672955974842768 0.8517350157728707
157 0.004678700000000147 0 2 0.7672955974842768 0.8580441640378549
158 0.005124899999999988 1 0 0.7735849056603774 0.8580441640378549
159 0.005039800000000039 1 1 0.779874213836478 0.861198738170347
160 0.004870200000000047 1 2 0.7861635220125787 0.8675078864353313
161 0.004732299999999912 1 0 0.7924528301886793 0.8675078864353313
162 0.005065199999999992 1 0 0.7987421383647799 0.8675078864353313
163 0.004618299999999964 1 1 0.8050314465408805 0.8706624605678234
164 0.004800700000000102 1 1 0.8113207547169812 0.8738170347003155
165 0.0048664000000000485 1 2 0.8176100628930818 0.8801261829652997
166 0.004744199999999976 1 1 0.8238993710691824 0.8832807570977917
167 0.004773899999999998 1 0 0.8301886792452831 0.8832807570977917
168 0.004777699999999996 1 0 0.8364779874213837 0.8832807570977917
169 0.005132099999999973 0 1 0.8364779874213837 0.886435331230284
170 0.005527800000000083 1 2 0.8427672955974843 0.8927444794952681
171 0.0054483000000000725 0 0 0.8427672955974843 0.8927444794952681
172 0.005343899999999957 1 2 0.8490566037735849 0.8990536277602523
173 0.004955800000000066 1 2 0.8553459119496856 0.9053627760252366
174 0.004903899999999961 1 0 0.8616352201257862 0.9053627760252366
175 0.004815300000000189 1 1 0.8679245283018868 0.9085173501577287
176 0.004919600000000024 1 1 0.8742138364779874 0.9116719242902208
177 0.004795800000000128 1 1 0.8805031446540881 0.9148264984227129
178 0.00492439999999994 1 1 0.8867924528301887 0.917981072555205
179 0.006363899999999978 1 1 0.8930817610062893 0.9211356466876972
180 0.005294300000000085 1 0 0.89937106918239 0.9211356466876972
181 0.004832100000000006 1 0 0.9056603773584906 0.9211356466876972
182 0.004818700000000176 1 0 0.9119496855345912 0.9211356466876972
183 0.0048850999999998646 1 1 0.9182389937106918 0.9242902208201893
184 0.004818299999999942 0 1 0.9182389937106918 0.9274447949526814
185 0.004795600000000011 0 1 0.9182389937106918 0.9305993690851735
186 0.004849299999999834 1 2 0.9245283018867925 0.9369085173501577
187 0.0049618999999998525 1 3 0.9308176100628931 0.9463722397476341
188 0.004911400000000121 1 0 0.9371069182389937 0.9463722397476341
189 0.0048927999999999194 1 0 0.9433962264150944 0.9463722397476341
190 0.005217699999999992 0 1 0.9433962264150944 0.9495268138801262
191 0.004910000000000192 1 0 0.949685534591195 0.9495268138801262
192 0.004955800000000066 1 1 0.9559748427672956 0.9526813880126183
193 0.004884699999999853 1 0 0.9622641509433962 0.9526813880126183
194 0.009204800000000013 1 0 0.9685534591194969 0.9526813880126183
195 0.00501140000000011 0 0 0.9685534591194969 0.9526813880126183
196 0.004986200000000052 1 2 0.9748427672955975 0.9589905362776026
197 0.005077100000000057 0 0 0.9748427672955975 0.9589905362776026
198 0.005256099999999986 0 0 0.9748427672955975 0.9589905362776026
199 0.0052754999999999885 0 2 0.9748427672955975 0.9652996845425867
200 0.00536010000000009 1 0 0.9811320754716981 0.9652996845425867
201 0.005558200000000069 1 0 0.9874213836477987 0.9652996845425867
202 0.005549499999999874 1 0 0.9937106918238994 0.9652996845425867
203 0.0049856000000001455 1 0 1.0 0.9652996845425867
204 0.00503919999999991 0 0 1.0 0.9652996845425867
205 0.005198900000000117 0 1 1.0 0.9684542586750788
206 0.005093800000000037 0 1 1.0 0.9716088328075709
207 0.004905699999999902 0 0 1.0 0.9716088328075709
208 0.00515219999999994 0 0 1.0 0.9716088328075709
209 0.005190099999999864 0 0 1.0 0.9716088328075709
210 0.005105399999999927 0 0 1.0 0.9716088328075709
211 0.004989399999999922 0 2 1.0 0.9779179810725552
212 0.005179700000000009 0 0 1.0 0.9779179810725552
213 0.0050256999999998 0 1 1.0 0.9810725552050473
214 0.005048900000000023 0 1 1.0 0.9842271293375394
215 0.005054899999999973 0 0 1.0 0.9842271293375394
216 0.005098000000000047 0 0 1.0 0.9842271293375394
217 0.005108700000000077 0 0 1.0 0.9842271293375394
218 0.005300400000000094 0 2 1.0 0.9905362776025236
219 0.005356700000000103 0 0 1.0 0.9905362776025236
220 0.005039900000000097 0 0 1.0 0.9905362776025236
221 0.005095699999999814 0 0 1.0 0.9905362776025236
222 0.005089499999999969 0 0 1.0 0.9905362776025236
223 0.005095300000000025 0 0 1.0 0.9905362776025236
224 0.005644900000000064 0 0 1.0 0.9905362776025236
225 0.005539400000000194 0 1 1.0 0.9936908517350158
226 0.005142600000000108 0 0 1.0 0.9936908517350158
227 0.005281299999999822 0 0 1.0 0.9936908517350158
228 0.005194099999999979 0 0 1.0 0.9936908517350158
229 0.005211399999999866 0 0 1.0 0.9936908517350158
230 0.005217699999999992 0 1 1.0 0.9968454258675079
231 0.005016200000000026 0 0 1.0 0.9968454258675079
232 0.005009199999999936 0 0 1.0 0.9968454258675079
233 0.005064100000000016 0 0 1.0 0.9968454258675079
234 0.0050730999999999415 0 0 1.0 0.9968454258675079
235 0.00501510000000005 0 0 1.0 0.9968454258675079
236 0.005035299999999854 0 0 1.0 0.9968454258675079
237 0.0050776000000001265 0 1 1.0 1.0
