50 0.4 0.8
1 0.0015584999999999904 1 0 0.02040816326530612 0.5051546391752577
2 0.0012373999999999996 1 1 0.04081632653061224 0.5154639175257731
3 0.0011405000000000165 0 0 0.04081632653061224 0.5154639175257731
4 0.001131099999999996 0 0 0.04081632653061224 0.5154639175257731
5 0.0012706999999999857 0 0 0.04081632653061224 0.5154639175257731
6 0.0011227999999999794 1 0 0.061224489795918366 0.5154639175257731
7 0.0009844999999999993 1 1 0.08163265306122448 0.5257731958762887
8 0.0009785999999999961 0 0 0.08163265306122448 0.5257731958762887
9 0.0019608999999999877 0 0 0.08163265306122448 0.5257731958762887
10 0.001587000000000005 0 0 0.08163265306122448 0.5257731958762887
11 0.0011471999999999871 1 0 0.10204081632653061 0.5257731958762887
12 0.0011662999999999812 0 0 0.10204081632653061 0.5257731958762887
13 0.0010409999999999864 0 2 0.10204081632653061 0.5463917525773195
14 0.001304699999999992 0 0 0.10204081632653061 0.5463917525773195
15 0.0014463999999999866 0 0 0.10204081632653061 0.5463917525773195
16 0.002750599999999992 1 1 0.12244897959183673 0.5567010309278351
17 0.0029052999999999995 0 0 0.12244897959183673 0.5567010309278351
18 0.0014565000000000272 0 0 0.12244897959183673 0.5567010309278351
19 0.0021432000000000118 0 0 0.12244897959183673 0.5567010309278351
20 0.0017673999999999745 1 1 0.14285714285714285 0.5670103092783505
21 0.0023765000000000036 0 0 0.14285714285714285 0.5670103092783505
22 0.0010911999999999589 0 0 0.14285714285714285 0.5670103092783505
23 0.001155499999999976 0 0 0.14285714285714285 0.5670103092783505
24 0.0011088999999999682 0 0 0.14285714285714285 0.5670103092783505
25 0.0012710000000000221 0 0 0.14285714285714285 0.5670103092783505
26 0.0014471000000000345 0 0 0.14285714285714285 0.5670103092783505
27 0.0013335999999999903 1 0 0.16326530612244897 0.5670103092783505
28 0.0023724999999999996 1 2 0.1836734693877551 0.5876288659793815
29 0.0012133000000000282 0 0 0.1836734693877551 0.5876288659793815
30 0.0012017000000000277 1 1 0.20408163265306123 0.5979381443298969
31 0.001819000000000015 1 1 0.22448979591836735 0.6082474226804123
32 0.0017471000000000014 0 0 0.22448979591836735 0.6082474226804123
33 0.0015095999999999998 1 1 0.24489795918367346 0.6185567010309279
34 0.0012298000000000031 0 0 0.24489795918367346 0.6185567010309279
35 0.0013817999999999886 0 0 0.24489795918367346 0.6185567010309279
36 0.002691800000000022 1 1 0.2653061224489796 0.6288659793814433
37 0.0024160000000000292 0 0 0.2653061224489796 0.6288659793814433
38 0.0011580999999999952 1 0 0.2857142857142857 0.6288659793814433
39 0.0016355999999999593 1 1 0.30612244897959184 0.6391752577319587
40 0.0018534999999999524 1 2 0.32653061224489793 0.6597938144329897
41 0.001381399999999977 1 1 0.3469387755102041 0.6701030927835051
42 0.002298300000000031 0 0 0.3469387755102041 0.6701030927835051
43 0.0013144999999999962 1 1 0.3673469387755102 0.6804123711340206
44 0.0012261000000000077 0 0 0.3673469387755102 0.6804123711340206
45 0.0013384000000000174 0 0 0.3673469387755102 0.6804123711340206
46 0.0020074999999999954 1 1 0.3877551020408163 0.6907216494845361
47 0.0016376999999999642 1 0 0.40816326530612246 0.6907216494845361
48 0.0015743000000000285 0 0 0.40816326530612246 0.6907216494845361
49 0.001985799999999982 1 1 0.42857142857142855 0.7010309278350515
50 0.0015904999999999947 0 1 0.42857142857142855 0.711340206185567
51 0.0017731999999999748 0 0 0.42857142857142855 0.711340206185567
52 0.0014040000000000163 0 0 0.42857142857142855 0.711340206185567
53 0.002069399999999999 0 0 0.42857142857142855 0.711340206185567
54 0.001522699999999988 1 1 0.4489795918367347 0.7216494845360825
55 0.0014551999999999898 1 1 0.46938775510204084 0.7319587628865979
56 0.0023927999999999727 0 0 0.46938775510204084 0.7319587628865979
57 0.0018484999999999752 0 0 0.46938775510204084 0.7319587628865979
58 0.0014816000000000273 0 0 0.46938775510204084 0.7319587628865979
59 0.00267980000000001 0 0 0.46938775510204084 0.7319587628865979
60 0.00156909999999999 0 0 0.46938775510204084 0.7319587628865979
61 0.0013325000000000142 1 0 0.4897959183673469 0.7319587628865979
62 0.001307400000000014 0 0 0.4897959183673469 0.7319587628865979
63 0.0020755999999999553 1 1 0.5102040816326531 0.7422680412371134
64 0.0016508999999999552 1 1 0.5306122448979592 0.7525773195876289
65 0.0016766999999999754 0 0 0.5306122448979592 0.7525773195876289
66 0.0017374 0 0 0.5306122448979592 0.7525773195876289
67 0.0013991999999999893 0 0 0.5306122448979592 0.7525773195876289
68 0.0012830000000000341 0 0 0.5306122448979592 0.7525773195876289
69 0.0013389000000000317 0 0 0.5306122448979592 0.7525773195876289
70 0.0019044000000000283 0 0 0.5306122448979592 0.7525773195876289
71 0.0021664000000000128 1 1 0.5510204081632653 0.7628865979381443
72 0.0014268000000000058 1 2 0.5714285714285714 0.7835051546391752
73 0.0014144999999999852 0 0 0.5714285714285714 0.7835051546391752
74 0.0017652999999999697 1 1 0.5918367346938775 0.7938144329896907
75 0.0016828999999999872 0 0 0.5918367346938775 0.7938144329896907
76 0.0020350999999999564 1 1 0.6122448979591837 0.8041237113402062
77 0.0019971999999999768 0 0 0.6122448979591837 0.8041237113402062
78 0.0019984000000000113 0 0 0.6122448979591837 0.8041237113402062
79 0.001456299999999966 0 0 0.6122448979591837 0.8041237113402062
80 0.0013372999999999857 0 0 0.6122448979591837 0.8041237113402062
81 0.0017997999999999625 0 0 0.6122448979591837 0.8041237113402062
82 0.0018150999999999584 1 1 0.6326530612244898 0.8144329896907216
83 0.00155470000000002 0 0 0.6326530612244898 0.8144329896907216
84 0.0015109000000000372 1 1 0.6530612244897959 0.8247422680412371
85 0.0026410000000000045 0 0 0.6530612244897959 0.8247422680412371
86 0.0014408000000000198 0 0 0.6530612244897959 0.8247422680412371
87 0.0013100000000000334 0 0 0.6530612244897959 0.8247422680412371
88 0.0015586999999999684 1 1 0.673469387755102 0.8350515463917526
89 0.0020765000000000366 0 0 0.673469387755102 0.8350515463917526
90 0.0016167999999999738 0 0 0.673469387755102 0.8350515463917526
91 0.0016726999999999714 0 0 0.673469387755102 0.8350515463917526
92 0.001753400000000016 0 0 0.673469387755102 0.8350515463917526
93 0.0019306000000000045 1 1 0.6938775510204082 0.845360824742268
94 0.0014602000000000226 1 1 0.7142857142857143 0.8556701030927835
95 0.0015511000000000275 1 1 0.7346938775510204 0.865979381443299
96 0.0027502999999999833 0 0 0.7346938775510204 0.865979381443299
97 0.0015931999999999613 1 1 0.7551020408163265 0.8762886597938144
98 0.0014616999999999547 1 0 0.7755102040816326 0.8762886597938144
99 0.0022151999999999727 0 0 0.7755102040816326 0.8762886597938144
100 0.0019393000000000327 0 0 0.7755102040816326 0.8762886597938144
101 0.0016116999999999937 1 1 0.7959183673469388 0.8865979381443299
102 0.003956600000000032 0 1 0.7959183673469388 0.8969072164948454
103 0.001490199999999997 1 0 0.8163265306122449 0.8969072164948454
104 0.001734699999999978 0 0 0.8163265306122449 0.8969072164948454
105 0.0016763000000000194 1 1 0.8367346938775511 0.9072164948453608
106 0.0020961999999999925 0 0 0.8367346938775511 0.9072164948453608
107 0.0014915000000000345 1 0 0.8571428571428571 0.9072164948453608
108 0.0015439999999999898 0 2 0.8571428571428571 0.9278350515463918
109 0.0015685999999999756 0 0 0.8571428571428571 0.9278350515463918
110 0.0015511000000000275 0 0 0.8571428571428571 0.9278350515463918
111 0.0014173000000000102 0 0 0.8571428571428571 0.9278350515463918
112 0.00303500000000001 0 0 0.8571428571428571 0.9278350515463918
113 0.001680700000000035 1 0 0.8775510204081632 0.9278350515463918
114 0.0015536999999999912 0 0 0.8775510204081632 0.9278350515463918
115 0.002269700000000041 1 1 0.8979591836734694 0.9381443298969072
116 0.0019539000000000084 0 0 0.8979591836734694 0.9381443298969072
117 0.0015755000000000075 0 0 0.8979591836734694 0.9381443298969072
118 0.0024324000000000012 1 1 0.9183673469387755 0.9484536082474226
119 0.001759500000000025 1 2 0.9387755102040817 0.9690721649484536
120 0.0016754999999999964 1 1 0.9591836734693877 0.979381443298969
121 0.0015612999999999877 1 1 0.9795918367346939 0.9896907216494846
122 0.002377800000000041 1 1 1.0 1.0
