25 0.8 0.2
1 0.0006580999999999948 1 0 0.041666666666666664 0.5106382978723404
2 0.0004998999999999976 1 1 0.08333333333333333 0.5319148936170213
3 0.0005411999999999917 1 0 0.125 0.5319148936170213
4 0.0005611000000000088 1 0 0.16666666666666666 0.5319148936170213
5 0.0005766999999999856 1 0 0.20833333333333334 0.5319148936170213
6 0.0012983999999999774 1 1 0.25 0.5531914893617021
7 0.0007028000000000034 1 0 0.2916666666666667 0.5531914893617021
8 0.0007165000000000088 1 1 0.3333333333333333 0.574468085106383
9 0.0006916999999999895 1 1 0.375 0.5957446808510638
10 0.0006298999999999888 1 1 0.4166666666666667 0.6170212765957447
11 0.0006789999999999852 1 0 0.4583333333333333 0.6170212765957447
12 0.0012786000000000186 0 0 0.4583333333333333 0.6170212765957447
13 0.0009976999999999903 1 2 0.5 0.6595744680851063
14 0.0008302000000000032 1 0 0.5416666666666666 0.6595744680851063
15 0.0008519000000000165 0 1 0.5416666666666666 0.6808510638297872
16 0.0008199000000000123 0 0 0.5416666666666666 0.6808510638297872
17 0.0008997000000000033 1 0 0.5833333333333334 0.6808510638297872
18 0.0007493000000000083 1 0 0.625 0.6808510638297872
19 0.0007824999999999915 0 0 0.625 0.6808510638297872
20 0.0007623000000000213 1 0 0.6666666666666666 0.6808510638297872
21 0.0007552000000000114 1 1 0.7083333333333334 0.7021276595744681
22 0.0007608000000000059 0 1 0.7083333333333334 0.723404255319149
23 0.0007595999999999992 1 2 0.75 0.7659574468085106
24 0.0007060999999999873 1 1 0.7916666666666666 0.7872340425531915
25 0.0006924000000000097 1 0 0.8333333333333334 0.7872340425531915
26 0.0007070000000000132 1 0 0.875 0.7872340425531915
27 0.0007797999999999972 0 1 0.875 0.8085106382978723
28 0.0010852000000000084 1 2 0.9166666666666666 0.851063829787234
29 0.0008795999999999804 0 2 0.9166666666666666 0.8936170212765957
30 0.000973699999999994 1 1 0.9583333333333334 0.9148936170212766
31 0.0008047999999999944 1 1 1.0 0.9361702127659575
32 0.0007202000000000042 0 0 1.0 0.9361702127659575
33 0.0007541000000000075 0 1 1.0 0.9574468085106383
34 0.0018319000000000252 0 0 1.0 0.9574468085106383
35 0.0008964999999999945 0 1 1.0 0.9787234042553191
36 0.0008230000000000182 0 0 1.0 0.9787234042553191
37 0.0007449000000000205 0 1 1.0 1.0
