100 1.0 0.7
1 0.0019962999999999786 1 0 0.010101010101010102 0.5025380710659898
2 0.0035065999999999986 1 0 0.020202020202020204 0.5025380710659898
3 0.002724399999999988 1 2 0.030303030303030304 0.5126903553299492
4 0.0021164999999999934 1 0 0.04040404040404041 0.5126903553299492
5 0.002673800000000004 1 0 0.050505050505050504 0.5126903553299492
6 0.002844100000000016 1 1 0.06060606060606061 0.5177664974619289
7 0.002661600000000014 1 2 0.0707070707070707 0.5279187817258884
8 0.0029275999999999747 1 1 0.08080808080808081 0.5329949238578681
9 0.002965400000000007 1 1 0.09090909090909091 0.5380710659898477
10 0.002777599999999991 1 1 0.10101010101010101 0.5431472081218274
11 0.0026137999999999995 1 2 0.1111111111111111 0.5532994923857868
12 0.0028075999999999657 1 0 0.12121212121212122 0.5532994923857868
13 0.00263610000000003 1 0 0.13131313131313133 0.5532994923857868
14 0.0029518000000000044 1 2 0.1414141414141414 0.5634517766497462
15 0.0030610999999999833 1 2 0.15151515151515152 0.5736040609137056
16 0.00304009999999999 1 1 0.16161616161616163 0.5786802030456852
17 0.0024695999999999607 1 1 0.1717171717171717 0.583756345177665
18 0.00238900000000003 1 1 0.18181818181818182 0.5888324873096447
19 0.002296499999999979 1 1 0.1919191919191919 0.5939086294416244
20 0.002529599999999965 1 0 0.20202020202020202 0.5939086294416244
21 0.0024714000000000125 1 1 0.21212121212121213 0.5989847715736041
22 0.002479000000000009 1 2 0.2222222222222222 0.6091370558375635
23 0.002545500000000034 1 1 0.23232323232323232 0.6142131979695431
24 0.0025087999999999777 1 1 0.24242424242424243 0.6192893401015228
25 0.002458299999999969 1 0 0.25252525252525254 0.6192893401015228
26 0.0024724999999999886 1 2 0.26262626262626265 0.6294416243654822
27 0.0023613000000000106 1 1 0.2727272727272727 0.6345177664974619
28 0.0023980000000000112 1 0 0.2828282828282828 0.6345177664974619
29 0.0024733000000000116 1 2 0.29292929292929293 0.6446700507614214
30 0.0024872000000000227 1 1 0.30303030303030304 0.649746192893401
31 0.0025381999999999905 1 1 0.31313131313131315 0.6548223350253807
32 0.0027719999999999967 1 1 0.32323232323232326 0.6598984771573604
33 0.002580799999999994 1 1 0.3333333333333333 0.6649746192893401
34 0.0025247999999999937 1 1 0.3434343434343434 0.6700507614213198
35 0.0026290999999999953 1 1 0.35353535353535354 0.6751269035532995
36 0.002728100000000011 1 0 0.36363636363636365 0.6751269035532995
37 0.0027854999999999963 1 2 0.37373737373737376 0.6852791878172588
38 0.0027096999999999816 1 1 0.3838383838383838 0.6903553299492385
39 0.00277930000000004 1 0 0.3939393939393939 0.6903553299492385
40 0.0026633999999999824 1 1 0.40404040404040403 0.6954314720812182
41 0.0028135000000000243 1 1 0.41414141414141414 0.700507614213198
42 0.0029098999999999653 1 1 0.42424242424242425 0.7055837563451777
43 0.0026319999999999677 1 1 0.43434343434343436 0.7106598984771574
44 0.0030515999999999877 1 1 0.4444444444444444 0.7157360406091371
45 0.0029074000000000044 1 1 0.45454545454545453 0.7208121827411168
46 0.0028369999999999784 1 1 0.46464646464646464 0.7258883248730964
47 0.002713399999999977 1 1 0.47474747474747475 0.7309644670050761
48 0.0027388999999999886 1 2 0.48484848484848486 0.7411167512690355
49 0.0027926999999999813 1 1 0.494949494949495 0.7461928934010152
50 0.003997200000000034 1 0 0.5050505050505051 0.7461928934010152
51 0.003816800000000009 1 2 0.5151515151515151 0.7563451776649747
52 0.003597099999999964 1 1 0.5252525252525253 0.7614213197969543
53 0.0029062000000000254 1 1 0.5353535353535354 0.766497461928934
54 0.0030226999999999893 1 1 0.5454545454545454 0.7715736040609137
55 0.0028559999999999697 1 1 0.5555555555555556 0.7766497461928934
56 0.004011299999999995 1 0 0.5656565656565656 0.7766497461928934
57 0.0031441000000000385 1 1 0.5757575757575758 0.7817258883248731
58 0.003072399999999975 1 0 0.5858585858585859 0.7817258883248731
59 0.0030770999999999993 1 0 0.5959595959595959 0.7817258883248731
60 0.0029610999999999943 1 3 0.6060606060606061 0.7969543147208121
61 0.004208199999999995 1 2 0.6161616161616161 0.8071065989847716
62 0.004001200000000038 1 0 0.6262626262626263 0.8071065989847716
63 0.004194399999999987 1 2 0.6363636363636364 0.817258883248731
64 0.003084599999999993 1 1 0.6464646464646465 0.8223350253807107
65 0.0031779999999999586 1 0 0.6565656565656566 0.8223350253807107
66 0.003026799999999996 1 1 0.6666666666666666 0.8274111675126904
67 0.0031478999999999813 1 2 0.6767676767676768 0.8375634517766497
68 0.003161600000000042 1 1 0.6868686868686869 0.8426395939086294
69 0.0030894999999999673 1 1 0.696969696969697 0.8477157360406091
70 0.0031211999999999906 1 0 0.7070707070707071 0.8477157360406091
71 0.0031112999999999835 1 2 0.7171717171717171 0.8578680203045685
72 0.0033431999999999906 1 1 0.7272727272727273 0.8629441624365483
73 0.003346899999999986 1 0 0.7373737373737373 0.8629441624365483
74 0.0034496000000000526 1 1 0.7474747474747475 0.868020304568528
75 0.003248799999999996 1 2 0.7575757575757576 0.8781725888324873
76 0.0033051000000000053 1 1 0.7676767676767676 0.883248730964467
77 0.003492099999999998 1 0 0.7777777777777778 0.883248730964467
78 0.003363800000000028 1 1 0.7878787878787878 0.8883248730964467
79 0.003278399999999959 1 2 0.797979797979798 0.8984771573604061
80 0.0033895000000000453 1 1 0.8080808080808081 0.9035532994923858
81 0.003401199999999993 1 1 0.8181818181818182 0.9086294416243654
82 0.0033702999999999927 1 1 0.8282828282828283 0.9137055837563451
83 0.0033715999999999746 1 0 0.8383838383838383 0.9137055837563451
84 0.0035210999999999992 1 1 0.8484848484848485 0.9187817258883249
85 0.0036177000000000015 1 2 0.8585858585858586 0.9289340101522843
86 0.0036779000000000117 1 0 0.8686868686868687 0.9289340101522843
87 0.0035734999999999517 1 2 0.8787878787878788 0.9390862944162437
88 0.003575299999999948 1 1 0.8888888888888888 0.9441624365482234
89 0.0035007999999999706 1 1 0.898989898989899 0.949238578680203
90 0.0037453000000000625 1 1 0.9090909090909091 0.9543147208121827
91 0.003566799999999981 1 0 0.9191919191919192 0.9543147208121827
92 0.00341020000000003 1 2 0.9292929292929293 0.9644670050761421
93 0.0035605000000000775 1 1 0.9393939393939394 0.9695431472081218
94 0.003665400000000041 1 1 0.9494949494949495 0.9746192893401016
95 0.0036741000000000135 1 1 0.9595959595959596 0.9796954314720813
96 0.0035298999999999747 1 1 0.9696969696969697 0.9847715736040609
97 0.0036411000000000637 1 1 0.9797979797979798 0.9898477157360406
98 0.0036064000000000096 1 0 0.98989898989899 0.9898477157360406
99 0.003747300000000009 1 2 1.0 1.0
