50 0.3 0.9
1 0.0010552000000000061 0 0 0.0 0.5051546391752577
2 0.0009954000000000074 0 0 0.0 0.5051546391752577
3 0.0016219000000000094 0 0 0.0 0.5051546391752577
4 0.001194500000000015 0 0 0.0 0.5051546391752577
5 0.0010737000000000108 0 0 0.0 0.5051546391752577
6 0.0010451999999999961 0 0 0.0 0.5051546391752577
7 0.000899099999999986 0 0 0.0 0.5051546391752577
8 0.0013592000000000048 1 0 0.02040816326530612 0.5051546391752577
9 0.0009794999999999943 0 0 0.02040816326530612 0.5051546391752577
10 0.0010668000000000066 1 1 0.04081632653061224 0.5154639175257731
11 0.0010186000000000084 0 0 0.04081632653061224 0.5154639175257731
12 0.0010919000000000068 1 1 0.061224489795918366 0.5257731958762887
13 0.0026292999999999733 1 1 0.08163265306122448 0.5360824742268041
14 0.0010940000000000116 1 1 0.10204081632653061 0.5463917525773195
15 0.0013394999999999935 1 1 0.12244897959183673 0.5567010309278351
16 0.0011661999999999784 0 0 0.12244897959183673 0.5567010309278351
17 0.00180180000000002 0 0 0.12244897959183673 0.5567010309278351
18 0.0015989999999999893 0 0 0.12244897959183673 0.5567010309278351
19 0.0012413999999999759 0 0 0.12244897959183673 0.5567010309278351
20 0.0020551999999999793 1 1 0.14285714285714285 0.5670103092783505
21 0.0021684000000000148 0 0 0.14285714285714285 0.5670103092783505
22 0.0013495999999999786 0 0 0.14285714285714285 0.5670103092783505
23 0.0013541999999999998 0 0 0.14285714285714285 0.5670103092783505
24 0.0016211000000000142 1 1 0.16326530612244897 0.5773195876288659
25 0.0014612999999999987 0 0 0.16326530612244897 0.5773195876288659
26 0.001241099999999995 1 1 0.1836734693877551 0.5876288659793815
27 0.0026256000000000057 0 0 0.1836734693877551 0.5876288659793815
28 0.0022262000000000115 0 0 0.1836734693877551 0.5876288659793815
29 0.0011055999999999844 0 0 0.1836734693877551 0.5876288659793815
30 0.0011214999999999975 0 0 0.1836734693877551 0.5876288659793815
31 0.001125900000000013 1 1 0.20408163265306123 0.5979381443298969
32 0.0011762000000000161 0 0 0.20408163265306123 0.5979381443298969
33 0.0012869999999999826 1 0 0.22448979591836735 0.5979381443298969
34 0.0010479999999999934 0 0 0.22448979591836735 0.5979381443298969
35 0.0010401000000000438 1 1 0.24489795918367346 0.6082474226804123
36 0.0017439000000000204 0 0 0.24489795918367346 0.6082474226804123
37 0.0011622000000000021 0 0 0.24489795918367346 0.6082474226804123
38 0.001512699999999978 1 1 0.2653061224489796 0.6185567010309279
39 0.0012998000000000176 1 1 0.2857142857142857 0.6288659793814433
40 0.0015797000000000172 0 0 0.2857142857142857 0.6288659793814433
41 0.0014644999999999797 0 0 0.2857142857142857 0.6288659793814433
42 0.0012184000000000084 0 1 0.2857142857142857 0.6391752577319587
43 0.0011226000000000291 0 0 0.2857142857142857 0.6391752577319587
44 0.0012458999999999665 0 0 0.2857142857142857 0.6391752577319587
45 0.0022201000000000026 0 0 0.2857142857142857 0.6391752577319587
46 0.0013102999999999865 0 0 0.2857142857142857 0.6391752577319587
47 0.0011676999999999937 1 0 0.30612244897959184 0.6391752577319587
48 0.0011610999999999705 0 0 0.30612244897959184 0.6391752577319587
49 0.002267000000000019 0 0 0.30612244897959184 0.6391752577319587
50 0.0014050999999999925 1 1 0.32653061224489793 0.6494845360824743
51 0.0012527999999999984 0 1 0.32653061224489793 0.6597938144329897
52 0.0011051999999999729 1 1 0.3469387755102041 0.6701030927835051
53 0.0019527999999999768 0 0 0.3469387755102041 0.6701030927835051
54 0.0015823000000000365 0 0 0.3469387755102041 0.6701030927835051
55 0.0015416000000000318 0 0 0.3469387755102041 0.6701030927835051
56 0.001501100000000033 1 0 0.3673469387755102 0.6701030927835051
57 0.0018208999999999587 0 0 0.3673469387755102 0.6701030927835051
58 0.0012443999999999789 0 1 0.3673469387755102 0.6804123711340206
59 0.0012448999999999932 0 0 0.3673469387755102 0.6804123711340206
60 0.0012405999999999806 0 0 0.3673469387755102 0.6804123711340206
61 0.0012276000000000509 0 0 0.3673469387755102 0.6804123711340206
62 0.0014967999999999648 1 1 0.3877551020408163 0.6907216494845361
63 0.0013101999999999836 0 0 0.3877551020408163 0.6907216494845361
64 0.0011113999999999846 0 0 0.3877551020408163 0.6907216494845361
65 0.0011171999999999849 1 1 0.40816326530612246 0.7010309278350515
66 0.0013345000000000162 0 0 0.40816326530612246 0.7010309278350515
67 0.0011874000000000051 0 0 0.40816326530612246 0.7010309278350515
68 0.0011021999999999976 0 0 0.40816326530612246 0.7010309278350515
69 0.0012273000000000422 0 0 0.40816326530612246 0.7010309278350515
70 0.001753799999999972 0 0 0.40816326530612246 0.7010309278350515
71 0.001636200000000032 0 0 0.40816326530612246 0.7010309278350515
72 0.0012328999999999812 0 0 0.40816326530612246 0.7010309278350515
73 0.0011998000000000286 0 0 0.40816326530612246 0.7010309278350515
74 0.0012925000000000297 0 0 0.40816326530612246 0.7010309278350515
75 0.0022848000000000313 1 1 0.42857142857142855 0.711340206185567
76 0.0016057999999999906 1 1 0.4489795918367347 0.7216494845360825
77 0.0013380000000000059 1 1 0.46938775510204084 0.7319587628865979
78 0.001506300000000016 0 0 0.46938775510204084 0.7319587628865979
79 0.0016604000000000063 0 0 0.46938775510204084 0.7319587628865979
80 0.00168790000000002 0 0 0.46938775510204084 0.7319587628865979
81 0.0017818 1 1 0.4897959183673469 0.7422680412371134
82 0.0019696000000000158 1 1 0.5102040816326531 0.7525773195876289
83 0.0016786999999999774 1 0 0.5306122448979592 0.7525773195876289
84 0.0015931999999999613 0 0 0.5306122448979592 0.7525773195876289
85 0.0018987999999999783 1 2 0.5510204081632653 0.7731958762886598
86 0.0016810000000000436 0 0 0.5510204081632653 0.7731958762886598
87 0.0012045000000000528 0 0 0.5510204081632653 0.7731958762886598
88 0.0011994999999999645 0 0 0.5510204081632653 0.7731958762886598
89 0.0013718999999999815 0 0 0.5510204081632653 0.7731958762886598
90 0.001378299999999999 0 0 0.5510204081632653 0.7731958762886598
91 0.0014056000000000068 0 0 0.5510204081632653 0.7731958762886598
92 0.0013556000000000124 1 1 0.5714285714285714 0.7835051546391752
93 0.001902700000000035 1 1 0.5918367346938775 0.7938144329896907
94 0.0022480000000000278 0 0 0.5918367346938775 0.7938144329896907
95 0.0014808000000000043 1 1 0.6122448979591837 0.8041237113402062
96 0.0013293000000000332 0 0 0.6122448979591837 0.8041237113402062
97 0.0014975999999999878 1 1 0.6326530612244898 0.8144329896907216
98 0.001510599999999973 0 0 0.6326530612244898 0.8144329896907216
99 0.0015331000000000095 0 0 0.6326530612244898 0.8144329896907216
100 0.0012805000000000177 1 1 0.6530612244897959 0.8247422680412371
101 0.00258590000000003 0 0 0.6530612244897959 0.8247422680412371
102 0.0017262999999999584 0 0 0.6530612244897959 0.8247422680412371
103 0.0017690000000000206 0 0 0.6530612244897959 0.8247422680412371
104 0.0017276999999999987 0 0 0.6530612244897959 0.8247422680412371
105 0.002583100000000005 0 0 0.6530612244897959 0.8247422680412371
106 0.0013312999999999797 0 0 0.6530612244897959 0.8247422680412371
107 0.0012909999999999866 1 1 0.673469387755102 0.8350515463917526
108 0.001461499999999949 0 0 0.673469387755102 0.8350515463917526
109 0.0015399999999999858 0 0 0.673469387755102 0.8350515463917526
110 0.0012956000000000079 0 0 0.673469387755102 0.8350515463917526
111 0.0013010999999999995 1 0 0.6938775510204082 0.8350515463917526
112 0.002625500000000003 1 1 0.7142857142857143 0.845360824742268
113 0.0013676000000000244 0 1 0.7142857142857143 0.8556701030927835
114 0.0017540999999999807 0 0 0.7142857142857143 0.8556701030927835
115 0.001877799999999985 1 1 0.7346938775510204 0.865979381443299
116 0.0021918000000000215 0 0 0.7346938775510204 0.865979381443299
117 0.0016304000000000318 0 0 0.7346938775510204 0.865979381443299
118 0.0022757999999999945 0 0 0.7346938775510204 0.865979381443299
119 0.0015072000000000418 1 0 0.7551020408163265 0.865979381443299
120 0.0013374999999999915 1 1 0.7755102040816326 0.8762886597938144
121 0.0013203999999999994 0 1 0.7755102040816326 0.8865979381443299
122 0.0012979000000000185 0 0 0.7755102040816326 0.8865979381443299
123 0.0023119999999999807 0 0 0.7755102040816326 0.8865979381443299
124 0.001469100000000001 0 0 0.7755102040816326 0.8865979381443299
125 0.0015779999999999683 0 0 0.7755102040816326 0.8865979381443299
126 0.0026583999999999497 1 1 0.7959183673469388 0.8969072164948454
127 0.0014110999999999985 1 1 0.8163265306122449 0.9072164948453608
128 0.001271499999999981 0 0 0.8163265306122449 0.9072164948453608
129 0.0013829000000000202 0 0 0.8163265306122449 0.9072164948453608
130 0.0022581000000000406 0 0 0.8163265306122449 0.9072164948453608
131 0.0020506000000000135 0 0 0.8163265306122449 0.9072164948453608
132 0.0019126999999999894 0 0 0.8163265306122449 0.9072164948453608
133 0.0018772999999999707 1 1 0.8367346938775511 0.9175257731958762
134 0.0014657999999999616 0 0 0.8367346938775511 0.9175257731958762
135 0.001443099999999975 0 0 0.8367346938775511 0.9175257731958762
136 0.0013325000000000142 0 0 0.8367346938775511 0.9175257731958762
137 0.0019407999999999648 1 1 0.8571428571428571 0.9278350515463918
138 0.0014211999999999558 0 0 0.8571428571428571 0.9278350515463918
139 0.00143589999999999 0 0 0.8571428571428571 0.9278350515463918
140 0.001418300000000039 1 1 0.8775510204081632 0.9381443298969072
141 0.0022313999999999945 0 0 0.8775510204081632 0.9381443298969072
142 0.0018066999999999944 1 1 0.8979591836734694 0.9484536082474226
143 0.0015824999999999867 0 0 0.8979591836734694 0.9484536082474226
144 0.00261119999999998 0 0 0.8979591836734694 0.9484536082474226
145 0.0014628999999999892 0 0 0.8979591836734694 0.9484536082474226
146 0.0014949999999999686 0 0 0.8979591836734694 0.9484536082474226
147 0.0027305000000000246 0 0 0.8979591836734694 0.9484536082474226
148 0.001887500000000042 0 0 0.8979591836734694 0.9484536082474226
149 0.0015276000000000178 1 1 0.9183673469387755 0.9587628865979382
150 0.001535799999999976 0 0 0.9183673469387755 0.9587628865979382
151 0.0016432000000000113 1 1 0.9387755102040817 0.9690721649484536
152 0.0018106999999999984 0 0 0.9387755102040817 0.9690721649484536
153 0.0014168999999999987 0 0 0.9387755102040817 0.9690721649484536
154 0.0026580999999999966 1 1 0.9591836734693877 0.979381443298969
155 0.0016747999999999763 0 0 0.9591836734693877 0.979381443298969
156 0.0014606999999999815 0 0 0.9591836734693877 0.979381443298969
157 0.0017152999999999752 1 1 0.9795918367346939 0.9896907216494846
158 0.002007700000000001 1 1 1.0 1.0
