180 0.6 0.5
1 0.00368609999999997 0 0 0.0 0.5014005602240896
2 0.003758299999999992 1 0 0.00558659217877095 0.5014005602240896
3 0.003926999999999958 1 0 0.0111731843575419 0.5014005602240896
4 0.004109399999999985 1 0 0.01675977653631285 0.5014005602240896
5 0.004087399999999963 0 1 0.01675977653631285 0.5042016806722689
6 0.003688400000000036 1 1 0.0223463687150838 0.5070028011204482
7 0.0036652999999999825 1 0 0.027932960893854747 0.5070028011204482
8 0.004085200000000011 1 1 0.0335195530726257 0.5098039215686274
9 0.004091100000000014 0 1 0.0335195530726257 0.5126050420168067
10 0.004119099999999987 1 1 0.03910614525139665 0.5154061624649859
11 0.00412079999999998 1 1 0.0446927374301676 0.5182072829131653
12 0.00412429999999997 1 0 0.05027932960893855 0.5182072829131653
13 0.003737099999999993 1 3 0.055865921787709494 0.5266106442577031
14 0.003722100000000006 1 0 0.061452513966480445 0.5266106442577031
15 0.003995100000000029 0 1 0.061452513966480445 0.5294117647058824
16 0.00376489999999996 1 1 0.0670391061452514 0.5322128851540616
17 0.004169299999999987 0 0 0.0670391061452514 0.5322128851540616
18 0.004121000000000041 1 0 0.07262569832402235 0.5322128851540616
19 0.004196900000000003 1 1 0.0782122905027933 0.5350140056022409
20 0.00378489999999998 1 1 0.08379888268156424 0.5378151260504201
21 0.004281099999999982 1 1 0.0893854748603352 0.5406162464985994
22 0.003944200000000009 1 1 0.09497206703910614 0.5434173669467787
23 0.0038472999999999424 1 0 0.1005586592178771 0.5434173669467787
24 0.0039439999999999475 0 0 0.1005586592178771 0.5434173669467787
25 0.0038082000000000393 0 0 0.1005586592178771 0.5434173669467787
26 0.004187799999999964 1 0 0.10614525139664804 0.5434173669467787
27 0.004240099999999969 1 1 0.11173184357541899 0.5462184873949579
28 0.004305699999999968 1 1 0.11731843575418995 0.5490196078431373
29 0.004198999999999953 0 1 0.11731843575418995 0.5518207282913166
30 0.003983100000000017 0 0 0.11731843575418995 0.5518207282913166
31 0.004224400000000017 1 1 0.12290502793296089 0.5546218487394958
32 0.0042976000000000125 0 1 0.12290502793296089 0.5574229691876751
33 0.003977000000000008 1 1 0.12849162011173185 0.5602240896358543
34 0.0039031999999999956 1 0 0.1340782122905028 0.5602240896358543
35 0.004012200000000021 1 0 0.13966480446927373 0.5602240896358543
36 0.0038829000000000224 1 1 0.1452513966480447 0.5630252100840336
37 0.0038778000000000423 1 2 0.15083798882681565 0.5686274509803921
38 0.0039415999999999896 1 0 0.1564245810055866 0.5686274509803921
39 0.004022799999999993 1 0 0.16201117318435754 0.5686274509803921
40 0.004064999999999985 1 1 0.16759776536312848 0.5714285714285714
41 0.0038827000000000167 0 0 0.16759776536312848 0.5714285714285714
42 0.00406149999999994 0 0 0.16759776536312848 0.5714285714285714
43 0.003959400000000057 1 2 0.17318435754189945 0.5770308123249299
44 0.0039325000000000054 1 0 0.1787709497206704 0.5770308123249299
45 0.003953800000000007 1 2 0.18435754189944134 0.5826330532212886
46 0.0039005000000000845 1 1 0.18994413407821228 0.5854341736694678
47 0.004240999999999939 0 2 0.18994413407821228 0.5910364145658263
48 0.004021000000000052 1 0 0.19553072625698323 0.5910364145658263
49 0.004393400000000103 0 1 0.19553072625698323 0.5938375350140056
50 0.004073900000000075 0 1 0.19553072625698323 0.5966386554621849
51 0.004123499999999947 0 0 0.19553072625698323 0.5966386554621849
52 0.004314800000000063 0 0 0.19553072625698323 0.5966386554621849
53 0.004211300000000029 0 0 0.19553072625698323 0.5966386554621849
54 0.0041824000000000305 1 1 0.2011173184357542 0.5994397759103641
55 0.004063299999999992 1 1 0.20670391061452514 0.6022408963585434
56 0.004250500000000046 1 0 0.2122905027932961 0.6022408963585434
57 0.004069400000000001 0 0 0.2122905027932961 0.6022408963585434
58 0.004056300000000013 0 0 0.2122905027932961 0.6022408963585434
59 0.00415589999999999 1 0 0.21787709497206703 0.6022408963585434
60 0.004305800000000026 1 0 0.22346368715083798 0.6022408963585434
61 0.004108599999999907 1 2 0.22905027932960895 0.6078431372549019
62 0.004102799999999962 0 0 0.22905027932960895 0.6078431372549019
63 0.0041528000000000675 1 1 0.2346368715083799 0.6106442577030813
64 0.004227599999999998 0 0 0.2346368715083799 0.6106442577030813
65 0.004123500000000058 0 0 0.2346368715083799 0.6106442577030813
66 0.004523300000000008 1 0 0.24022346368715083 0.6106442577030813
67 0.00421539999999998 1 2 0.24581005586592178 0.6162464985994398
68 0.004508399999999968 1 3 0.25139664804469275 0.6246498599439776
69 0.0041831999999999425 0 0 0.25139664804469275 0.6246498599439776
70 0.00468360000000001 1 0 0.2569832402234637 0.6246498599439776
71 0.004684400000000033 1 1 0.26256983240223464 0.6274509803921569
72 0.004375299999999971 0 1 0.26256983240223464 0.6302521008403361
73 0.0042984000000000355 0 0 0.26256983240223464 0.6302521008403361
74 0.004450000000000065 1 1 0.2681564245810056 0.6330532212885154
75 0.004605000000000081 1 1 0.2737430167597765 0.6358543417366946
76 0.004601499999999925 1 0 0.27932960893854747 0.6358543417366946
77 0.004642200000000041 0 1 0.27932960893854747 0.6386554621848739
78 0.004731099999999988 0 0 0.27932960893854747 0.6386554621848739
79 0.004649899999999985 0 0 0.27932960893854747 0.6386554621848739
80 0.0047903999999999725 1 0 0.2849162011173184 0.6386554621848739
81 0.004723000000000033 1 0 0.2905027932960894 0.6386554621848739
82 0.0046431999999999585 1 0 0.29608938547486036 0.6386554621848739
83 0.004753499999999966 0 1 0.29608938547486036 0.6414565826330533
84 0.004346599999999978 1 1 0.3016759776536313 0.6442577030812325
85 0.0046591999999999745 0 0 0.3016759776536313 0.6442577030812325
86 0.004727900000000007 0 1 0.3016759776536313 0.6470588235294118
87 0.004699499999999968 0 1 0.3016759776536313 0.6498599439775911
88 0.004562900000000036 1 1 0.30726256983240224 0.6526610644257703
89 0.004791300000000054 1 0 0.3128491620111732 0.6526610644257703
90 0.0069126000000000465 0 0 0.3128491620111732 0.6526610644257703
91 0.004876199999999997 1 0 0.31843575418994413 0.6526610644257703
92 0.004638699999999996 0 0 0.31843575418994413 0.6526610644257703
93 0.0047933 1 1 0.3240223463687151 0.6554621848739496
94 0.00451810000000008 1 1 0.329608938547486 0.6582633053221288
95 0.004506299999999963 0 0 0.329608938547486 0.6582633053221288
96 0.004327300000000034 0 0 0.329608938547486 0.6582633053221288
97 0.004324300000000059 1 1 0.33519553072625696 0.6610644257703081
98 0.004336200000000012 0 0 0.33519553072625696 0.6610644257703081
99 0.004279799999999945 0 0 0.33519553072625696 0.6610644257703081
100 0.004480899999999899 0 2 0.33519553072625696 0.6666666666666666
101 0.004439099999999918 1 1 0.3407821229050279 0.6694677871148459
102 0.004437000000000024 0 0 0.3407821229050279 0.6694677871148459
103 0.004720900000000028 0 0 0.3407821229050279 0.6694677871148459
104 0.004504399999999964 0 0 0.3407821229050279 0.6694677871148459
105 0.004360400000000042 0 0 0.3407821229050279 0.6694677871148459
106 0.004410499999999984 0 0 0.3407821229050279 0.6694677871148459
107 0.004408399999999979 1 1 0.3463687150837989 0.6722689075630253
108 0.004631799999999964 1 0 0.35195530726256985 0.6722689075630253
109 0.004672199999999904 1 0 0.3575418994413408 0.6722689075630253
110 0.006434600000000068 1 1 0.36312849162011174 0.6750700280112045
111 0.0063741999999999965 0 0 0.36312849162011174 0.6750700280112045
112 0.00635870000000005 0 0 0.36312849162011174 0.6750700280112045
113 0.004477100000000012 1 0 0.3687150837988827 0.6750700280112045
114 0.004656600000000011 1 1 0.3743016759776536 0.6778711484593838
115 0.004439799999999994 1 2 0.37988826815642457 0.6834733893557423
116 0.00442370000000003 0 0 0.37988826815642457 0.6834733893557423
117 0.004455500000000057 1 1 0.3854748603351955 0.6862745098039216
118 0.004574899999999937 1 1 0.39106145251396646 0.6890756302521008
119 0.004533699999999974 1 1 0.39664804469273746 0.6918767507002801
120 0.0045039999999999525 0 1 0.39664804469273746 0.6946778711484594
121 0.005048399999999953 1 0 0.4022346368715084 0.6946778711484594
122 0.004674999999999985 1 1 0.40782122905027934 0.6974789915966386
123 0.0046240000000000725 0 0 0.40782122905027934 0.6974789915966386
124 0.004665999999999948 1 1 0.4134078212290503 0.7002801120448179
125 0.008338000000000068 1 0 0.41899441340782123 0.7002801120448179
126 0.004597699999999927 1 2 0.4245810055865922 0.7058823529411765
127 0.004678599999999866 0 1 0.4245810055865922 0.7086834733893558
128 0.004662299999999897 1 0 0.4301675977653631 0.7086834733893558
129 0.005091399999999968 0 1 0.4301675977653631 0.711484593837535
130 0.005054799999999915 1 0 0.43575418994413406 0.711484593837535
131 0.004594600000000115 1 2 0.441340782122905 0.7170868347338936
132 0.0045096000000000025 1 1 0.44692737430167595 0.7198879551820728
133 0.005170200000000014 1 1 0.45251396648044695 0.7226890756302521
134 0.005316699999999841 1 0 0.4581005586592179 0.7226890756302521
135 0.0045207999999998805 0 0 0.4581005586592179 0.7226890756302521
136 0.004525100000000171 0 0 0.4581005586592179 0.7226890756302521
137 0.004550499999999902 0 0 0.4581005586592179 0.7226890756302521
138 0.00457070000000015 0 1 0.4581005586592179 0.7254901960784313
139 0.004887899999999945 1 2 0.46368715083798884 0.7310924369747899
140 0.004561499999999885 0 0 0.46368715083798884 0.7310924369747899
141 0.0045704000000001965 1 1 0.4692737430167598 0.7338935574229691
142 0.0046032000000000295 1 1 0.4748603351955307 0.7366946778711485
143 0.004712700000000014 0 0 0.4748603351955307 0.7366946778711485
144 0.004632399999999981 1 0 0.48044692737430167 0.7366946778711485
145 0.004713699999999932 1 1 0.4860335195530726 0.7394957983193278
146 0.004590100000000152 1 2 0.49162011173184356 0.7450980392156863
147 0.004669299999999987 0 0 0.49162011173184356 0.7450980392156863
148 0.004813300000000131 0 0 0.49162011173184356 0.7450980392156863
149 0.00672600000000001 1 1 0.4972067039106145 0.7478991596638656
150 0.006731199999999937 1 1 0.5027932960893855 0.7507002801120448
151 0.006810100000000041 0 0 0.5027932960893855 0.7507002801120448
152 0.00685239999999987 1 0 0.5083798882681564 0.7507002801120448
153 0.006656299999999948 1 2 0.5139664804469274 0.7563025210084033
154 0.00688970000000011 1 1 0.5195530726256983 0.7591036414565826
155 0.006712999999999969 0 0 0.5195530726256983 0.7591036414565826
156 0.006886900000000029 0 0 0.5195530726256983 0.7591036414565826
157 0.006627200000000055 1 0 0.5251396648044693 0.7591036414565826
158 0.006947400000000048 0 1 0.5251396648044693 0.7619047619047619
159 0.0069357000000001 1 0 0.5307262569832403 0.7619047619047619
160 0.006876100000000163 0 0 0.5307262569832403 0.7619047619047619
161 0.006644800000000117 1 1 0.5363128491620112 0.7647058823529411
162 0.006965499999999958 1 0 0.5418994413407822 0.7647058823529411
163 0.006962699999999877 0 1 0.5418994413407822 0.7675070028011205
164 0.004992200000000002 1 0 0.547486033519553 0.7675070028011205
165 0.00553249999999994 1 1 0.553072625698324 0.7703081232492998
166 0.004971599999999965 1 1 0.5586592178770949 0.773109243697479
167 0.004946899999999976 1 0 0.5642458100558659 0.773109243697479
168 0.005095700000000036 1 2 0.5698324022346368 0.7787114845938375
169 0.004898700000000034 0 0 0.5698324022346368 0.7787114845938375
170 0.00527489999999986 1 1 0.5754189944134078 0.7815126050420168
171 0.0054707000000000505 1 2 0.5810055865921788 0.7871148459383753
172 0.004935899999999993 1 0 0.5865921787709497 0.7871148459383753
173 0.005412799999999995 1 2 0.5921787709497207 0.7927170868347339
174 0.005034300000000158 1 0 0.5977653631284916 0.7927170868347339
175 0.004820100000000105 0 1 0.5977653631284916 0.7955182072829131
176 0.004853800000000019 1 0 0.6033519553072626 0.7955182072829131
177 0.007582800000000001 1 0 0.6089385474860335 0.7955182072829131
178 0.005586499999999939 0 0 0.6089385474860335 0.7955182072829131
179 0.005183300000000113 0 0 0.6089385474860335 0.7955182072829131
180 0.005007100000000042 0 1 0.6089385474860335 0.7983193277310925
181 0.004871599999999976 1 2 0.6145251396648045 0.803921568627451
182 0.00532559999999993 1 2 0.6201117318435754 0.8095238095238095
183 0.004944499999999907 0 0 0.6201117318435754 0.8095238095238095
184 0.004999900000000057 1 1 0.6256983240223464 0.8123249299719888
185 0.005049400000000093 1 0 0.6312849162011173 0.8123249299719888
186 0.005033999999999983 1 2 0.6368715083798883 0.8179271708683473
187 0.004974500000000104 1 0 0.6424581005586593 0.8179271708683473
188 0.005007900000000065 0 0 0.6424581005586593 0.8179271708683473
189 0.005049599999999987 1 0 0.6480446927374302 0.8179271708683473
190 0.005176100000000128 1 1 0.6536312849162011 0.8207282913165266
191 0.005070099999999966 0 2 0.6536312849162011 0.8263305322128851
192 0.00500339999999988 0 0 0.6536312849162011 0.8263305322128851
193 0.005022500000000152 0 0 0.6536312849162011 0.8263305322128851
194 0.00521399999999983 1 1 0.659217877094972 0.8291316526610645
195 0.005041900000000155 0 0 0.659217877094972 0.8291316526610645
196 0.005058100000000065 1 0 0.664804469273743 0.8291316526610645
197 0.00532710000000014 1 1 0.6703910614525139 0.8319327731092437
198 0.005809699999999918 0 0 0.6703910614525139 0.8319327731092437
199 0.00510480000000002 0 0 0.6703910614525139 0.8319327731092437
200 0.005722500000000075 1 1 0.6759776536312849 0.834733893557423
201 0.0056122999999999035 0 1 0.6759776536312849 0.8375350140056023
202 0.005803400000000014 0 0 0.6759776536312849 0.8375350140056023
203 0.00577670000000019 0 0 0.6759776536312849 0.8375350140056023
204 0.0056570999999998595 0 0 0.6759776536312849 0.8375350140056023
205 0.005713700000000044 0 0 0.6759776536312849 0.8375350140056023
206 0.005849699999999958 1 1 0.6815642458100558 0.8403361344537815
207 0.005210300000000112 1 0 0.6871508379888268 0.8403361344537815
208 0.00532279999999985 1 1 0.6927374301675978 0.8431372549019608
209 0.005092199999999991 0 0 0.6927374301675978 0.8431372549019608
210 0.005023699999999964 1 0 0.6983240223463687 0.8431372549019608
211 0.005168200000000178 0 1 0.6983240223463687 0.84593837535014
212 0.005298299999999978 1 1 0.7039106145251397 0.8487394957983193
213 0.005596500000000004 1 0 0.7094972067039106 0.8487394957983193
214 0.005252000000000034 1 1 0.7150837988826816 0.8515406162464986
215 0.005176399999999859 1 1 0.7206703910614525 0.8543417366946778
216 0.005776199999999898 1 1 0.7262569832402235 0.8571428571428571
217 0.005175199999999824 1 0 0.7318435754189944 0.8571428571428571
218 0.005561499999999997 0 0 0.7318435754189944 0.8571428571428571
219 0.005624800000000096 0 0 0.7318435754189944 0.8571428571428571
220 0.005047400000000035 1 1 0.7374301675977654 0.8599439775910365
221 0.005273300000000036 1 2 0.7430167597765364 0.865546218487395
222 0.0052640000000001574 0 0 0.7430167597765364 0.865546218487395
223 0.005174400000000023 1 2 0.7486033519553073 0.8711484593837535
224 0.005260199999999937 1 0 0.7541899441340782 0.8711484593837535
225 0.005287899999999901 0 0 0.7541899441340782 0.8711484593837535
226 0.005282800000000032 1 2 0.7597765363128491 0.876750700280112
227 0.005334300000000125 1 1 0.7653631284916201 0.8795518207282913
228 0.005629500000000176 1 0 0.770949720670391 0.8795518207282913
229 0.005440399999999901 1 0 0.776536312849162 0.8795518207282913
230 0.005340799999999923 0 2 0.776536312849162 0.8851540616246498
231 0.005947699999999889 0 1 0.776536312849162 0.8879551820728291
232 0.005896499999999971 0 0 0.776536312849162 0.8879551820728291
233 0.005662199999999951 0 0 0.776536312849162 0.8879551820728291
234 0.005514500000000089 1 0 0.7821229050279329 0.8879551820728291
235 0.005404900000000046 1 0 0.7877094972067039 0.8879551820728291
236 0.005630499999999872 1 1 0.7932960893854749 0.8907563025210085
237 0.005462400000000089 1 0 0.7988826815642458 0.8907563025210085
238 0.0055434999999999235 0 0 0.7988826815642458 0.8907563025210085
239 0.005890500000000021 1 2 0.8044692737430168 0.896358543417367
240 0.005753699999999862 1 1 0.8100558659217877 0.8991596638655462
241 0.00552129999999984 1 2 0.8156424581005587 0.9047619047619048
242 0.005498400000000014 1 0 0.8212290502793296 0.9047619047619048
243 0.0059698999999999725 0 0 0.8212290502793296 0.9047619047619048
244 0.005640700000000054 1 2 0.8268156424581006 0.9103641456582633
245 0.005818199999999996 1 0 0.8324022346368715 0.9103641456582633
246 0.005811099999999847 1 1 0.8379888268156425 0.9131652661064426
247 0.006032100000000096 1 2 0.8435754189944135 0.9187675070028011
248 0.005404600000000093 0 1 0.8435754189944135 0.9215686274509803
249 0.006174300000000077 1 0 0.8491620111731844 0.9215686274509803
250 0.005464800000000158 1 1 0.8547486033519553 0.9243697478991597
251 0.005941699999999939 1 1 0.8603351955307262 0.927170868347339
252 0.006240199999999918 1 1 0.8659217877094972 0.9299719887955182
253 0.005498900000000084 1 0 0.8715083798882681 0.9299719887955182
254 0.005354499999999929 1 0 0.8770949720670391 0.9299719887955182
255 0.005550500000000014 1 1 0.88268156424581 0.9327731092436975
256 0.005478300000000047 1 3 0.888268156424581 0.9411764705882353
257 0.005622599999999922 1 0 0.8938547486033519 0.9411764705882353
258 0.00950899999999999 1 0 0.8994413407821229 0.9411764705882353
259 0.006193799999999916 1 1 0.9050279329608939 0.9439775910364145
260 0.005826099999999945 1 2 0.9106145251396648 0.9495798319327731
261 0.006152799999999958 0 0 0.9106145251396648 0.9495798319327731
262 0.006272500000000125 1 1 0.9162011173184358 0.9523809523809523
263 0.006034499999999943 1 1 0.9217877094972067 0.9551820728291317
264 0.00582410000000011 0 1 0.9217877094972067 0.957983193277311
265 0.007626600000000039 1 2 0.9273743016759777 0.9635854341736695
266 0.006393000000000093 1 1 0.9329608938547486 0.9663865546218487
267 0.005987399999999976 0 0 0.9329608938547486 0.9663865546218487
268 0.006145700000000032 1 0 0.9385474860335196 0.9663865546218487
269 0.005690199999999868 0 0 0.9385474860335196 0.9663865546218487
270 0.005920399999999937 0 1 0.9385474860335196 0.969187675070028
271 0.0060886 1 0 0.9441340782122905 0.969187675070028
272 0.005610800000000138 1 2 0.9497206703910615 0.9747899159663865
273 0.005998500000000018 1 1 0.9553072625698324 0.9775910364145658
274 0.005615099999999984 0 0 0.9553072625698324 0.9775910364145658
275 0.005877200000000027 1 1 0.9608938547486033 0.9803921568627451
276 0.005599899999999991 1 1 0.9664804469273743 0.9831932773109243
277 0.005788700000000091 1 1 0.9720670391061452 0.9859943977591037
278 0.005978199999999934 0 0 0.9720670391061452 0.9859943977591037
279 0.008306700000000111 1 1 0.9776536312849162 0.988795518207283
280 0.00831369999999998 1 1 0.9832402234636871 0.9915966386554622
281 0.006279299999999877 1 0 0.9888268156424581 0.9915966386554622
282 0.005728599999999862 1 0 0.994413407821229 0.9915966386554622
283 0.005778300000000014 1 1 1.0 0.9943977591036415
284 0.005800100000000086 0 2 1.0 1.0
