40 0.1 0.6
1 0.0017362999999999962 0 0 0.0 0.5064935064935064
2 0.001489000000000018 1 0 0.02564102564102564 0.5064935064935064
3 0.0010582000000000091 0 0 0.02564102564102564 0.5064935064935064
4 0.0010860999999999787 0 0 0.02564102564102564 0.5064935064935064
5 0.0008128000000000024 0 0 0.02564102564102564 0.5064935064935064
6 0.000783900000000004 0 0 0.02564102564102564 0.5064935064935064
7 0.000859699999999991 0 0 0.02564102564102564 0.5064935064935064
8 0.0015024000000000148 0 0 0.02564102564102564 0.5064935064935064
9 0.0017773000000000094 0 0 0.02564102564102564 0.5064935064935064
10 0.0010709999999999886 0 0 0.02564102564102564 0.5064935064935064
11 0.0016168000000000016 1 1 0.05128205128205128 0.5194805194805194
12 0.0016964999999999897 0 0 0.05128205128205128 0.5194805194805194
13 0.0015001000000000042 0 0 0.05128205128205128 0.5194805194805194
14 0.0011073000000000055 1 1 0.07692307692307693 0.5324675324675324
15 0.001177499999999998 1 1 0.10256410256410256 0.5454545454545454
16 0.0012263000000000135 0 0 0.10256410256410256 0.5454545454545454
17 0.0013884000000000118 0 0 0.10256410256410256 0.5454545454545454
18 0.0010970000000000146 0 0 0.10256410256410256 0.5454545454545454
19 0.002594800000000008 0 0 0.10256410256410256 0.5454545454545454
20 0.0016228000000000076 0 0 0.10256410256410256 0.5454545454545454
21 0.0011779999999999846 0 0 0.10256410256410256 0.5454545454545454
22 0.001496300000000006 0 0 0.10256410256410256 0.5454545454545454
23 0.0011606000000000116 1 1 0.1282051282051282 0.5584415584415584
24 0.00181619999999999 0 0 0.1282051282051282 0.5584415584415584
25 0.0018912999999999847 0 0 0.1282051282051282 0.5584415584415584
26 0.0010136999999999508 0 0 0.1282051282051282 0.5584415584415584
27 0.0014838999999999825 0 0 0.1282051282051282 0.5584415584415584
28 0.0015009999999999746 0 0 0.1282051282051282 0.5584415584415584
29 0.0017195000000000404 0 0 0.1282051282051282 0.5584415584415584
30 0.0019249000000000072 0 0 0.1282051282051282 0.5584415584415584
31 0.0013328999999999702 0 0 0.1282051282051282 0.5584415584415584
32 0.002798999999999996 0 0 0.1282051282051282 0.5584415584415584
33 0.0012049000000000087 0 0 0.1282051282051282 0.5584415584415584
34 0.0010459999999999914 0 0 0.1282051282051282 0.5584415584415584
35 0.0008786000000000072 0 0 0.1282051282051282 0.5584415584415584
36 0.0010989999999999611 0 0 0.1282051282051282 0.5584415584415584
37 0.0009361999999999981 0 0 0.1282051282051282 0.5584415584415584
38 0.0010974999999999735 0 0 0.1282051282051282 0.5584415584415584
39 0.0010830000000000006 0 0 0.1282051282051282 0.5584415584415584
40 0.0010801000000000283 0 0 0.1282051282051282 0.5584415584415584
41 0.0009982000000000046 0 0 0.1282051282051282 0.5584415584415584
42 0.0009200999999999793 0 0 0.1282051282051282 0.5584415584415584
43 0.000872300000000048 1 0 0.15384615384615385 0.5584415584415584
44 0.0008191999999999644 0 0 0.15384615384615385 0.5584415584415584
45 0.0008514000000000022 1 1 0.1794871794871795 0.5714285714285714
46 0.0008542000000000272 0 0 0.1794871794871795 0.5714285714285714
47 0.0009782999999999875 0 0 0.1794871794871795 0.5714285714285714
48 0.0011664000000000119 0 0 0.1794871794871795 0.5714285714285714
49 0.0009292000000000189 0 0 0.1794871794871795 0.5714285714285714
50 0.0011178999999999495 1 1 0.20512820512820512 0.5844155844155844
51 0.0008052999999999533 0 0 0.20512820512820512 0.5844155844155844
52 0.0011752999999999902 0 0 0.20512820512820512 0.5844155844155844
53 0.0008310999999999735 0 0 0.20512820512820512 0.5844155844155844
54 0.000822299999999998 0 0 0.20512820512820512 0.5844155844155844
55 0.0007935000000000025 0 0 0.20512820512820512 0.5844155844155844
56 0.0008893000000000373 0 0 0.20512820512820512 0.5844155844155844
57 0.0009229000000000043 0 0 0.20512820512820512 0.5844155844155844
58 0.0009399999999999964 0 0 0.20512820512820512 0.5844155844155844
59 0.001375000000000015 0 0 0.20512820512820512 0.5844155844155844
60 0.0010486000000000106 0 0 0.20512820512820512 0.5844155844155844
61 0.0009101999999999721 0 0 0.20512820512820512 0.5844155844155844
62 0.0008966000000000252 0 0 0.20512820512820512 0.5844155844155844
63 0.0008991999999999889 0 0 0.20512820512820512 0.5844155844155844
64 0.0008457000000000048 0 0 0.20512820512820512 0.5844155844155844
65 0.0012816999999999967 0 0 0.20512820512820512 0.5844155844155844
66 0.0009842999999999935 1 1 0.23076923076923078 0.5974025974025974
67 0.0010876999999999692 0 0 0.23076923076923078 0.5974025974025974
68 0.00101629999999997 0 0 0.23076923076923078 0.5974025974025974
69 0.0012435000000000085 1 1 0.2564102564102564 0.6103896103896104
70 0.0020285999999999915 1 1 0.28205128205128205 0.6233766233766234
71 0.0010082000000000146 0 0 0.28205128205128205 0.6233766233766234
72 0.0014289000000000107 0 0 0.28205128205128205 0.6233766233766234
73 0.0014298000000000366 0 1 0.28205128205128205 0.6363636363636364
74 0.0018664999999999932 0 0 0.28205128205128205 0.6363636363636364
75 0.0009848999999999553 0 0 0.28205128205128205 0.6363636363636364
76 0.001149100000000014 0 0 0.28205128205128205 0.6363636363636364
77 0.0009117000000000153 0 0 0.28205128205128205 0.6363636363636364
78 0.0008699999999999819 0 0 0.28205128205128205 0.6363636363636364
79 0.0009570999999999885 0 0 0.28205128205128205 0.6363636363636364
80 0.0008776000000000339 0 0 0.28205128205128205 0.6363636363636364
81 0.0009568999999999828 1 1 0.3076923076923077 0.6493506493506493
82 0.0008731000000000155 0 0 0.3076923076923077 0.6493506493506493
83 0.0008602000000000332 0 0 0.3076923076923077 0.6493506493506493
84 0.0008636000000000199 1 1 0.3333333333333333 0.6623376623376623
85 0.0009602999999999695 0 0 0.3333333333333333 0.6623376623376623
86 0.002301500000000012 0 0 0.3333333333333333 0.6623376623376623
87 0.0012712000000000279 0 0 0.3333333333333333 0.6623376623376623
88 0.0010090000000000376 0 0 0.3333333333333333 0.6623376623376623
89 0.0009268000000000054 0 0 0.3333333333333333 0.6623376623376623
90 0.000922299999999987 0 0 0.3333333333333333 0.6623376623376623
91 0.0010275999999999619 0 0 0.3333333333333333 0.6623376623376623
92 0.0012364999999999737 0 0 0.3333333333333333 0.6623376623376623
93 0.0011115999999999904 1 1 0.358974358974359 0.6753246753246753
94 0.001051499999999983 0 0 0.358974358974359 0.6753246753246753
95 0.0016815000000000024 0 0 0.358974358974359 0.6753246753246753
96 0.001815399999999967 1 1 0.38461538461538464 0.6883116883116883
97 0.0012627000000000055 0 0 0.38461538461538464 0.6883116883116883
98 0.001330700000000018 1 1 0.41025641025641024 0.7012987012987013
99 0.0013653000000000137 0 0 0.41025641025641024 0.7012987012987013
100 0.0012203000000000075 0 0 0.41025641025641024 0.7012987012987013
101 0.0012969999999999926 0 0 0.41025641025641024 0.7012987012987013
102 0.0010513000000000328 0 0 0.41025641025641024 0.7012987012987013
103 0.0011207999999999774 0 0 0.41025641025641024 0.7012987012987013
104 0.0016136999999999957 0 0 0.41025641025641024 0.7012987012987013
105 0.0010282000000000346 0 0 0.41025641025641024 0.7012987012987013
106 0.0009545999999999721 0 0 0.41025641025641024 0.7012987012987013
107 0.0009113000000000038 0 0 0.41025641025641024 0.7012987012987013
108 0.0009498000000000006 0 0 0.41025641025641024 0.7012987012987013
109 0.00099750000000004 0 0 0.41025641025641024 0.7012987012987013
110 0.0010025999999999646 0 0 0.41025641025641024 0.7012987012987013
111 0.0011374000000000106 0 0 0.41025641025641024 0.7012987012987013
112 0.001111099999999976 0 0 0.41025641025641024 0.7012987012987013
113 0.001031100000000007 0 0 0.41025641025641024 0.7012987012987013
114 0.0009757999999999711 0 0 0.41025641025641024 0.7012987012987013
115 0.0009257000000000293 0 0 0.41025641025641024 0.7012987012987013
116 0.0009812000000000154 0 0 0.41025641025641024 0.7012987012987013
117 0.0008480999999999628 0 0 0.41025641025641024 0.7012987012987013
118 0.0009226999999999985 0 0 0.41025641025641024 0.7012987012987013
119 0.0009045999999999776 0 0 0.41025641025641024 0.7012987012987013
120 0.0012513000000000107 0 0 0.41025641025641024 0.7012987012987013
121 0.0011320999999999692 0 0 0.41025641025641024 0.7012987012987013
122 0.0011645000000000127 0 0 0.41025641025641024 0.7012987012987013
123 0.0009097999999999606 0 0 0.41025641025641024 0.7012987012987013
124 0.0009994999999999865 0 0 0.41025641025641024 0.7012987012987013
125 0.0009559000000000095 0 0 0.41025641025641024 0.7012987012987013
126 0.0009716000000000169 0 0 0.41025641025641024 0.7012987012987013
127 0.0009884000000000004 0 0 0.41025641025641024 0.7012987012987013
128 0.001023099999999999 0 0 0.41025641025641024 0.7012987012987013
129 0.0010877000000000248 0 0 0.41025641025641024 0.7012987012987013
130 0.0010369000000000073 0 0 0.41025641025641024 0.7012987012987013
131 0.0009404999999999553 0 0 0.41025641025641024 0.7012987012987013
132 0.001834300000000011 0 0 0.41025641025641024 0.7012987012987013
133 0.001025100000000001 0 0 0.41025641025641024 0.7012987012987013
134 0.0008734000000000242 0 0 0.41025641025641024 0.7012987012987013
135 0.0008996000000000004 0 0 0.41025641025641024 0.7012987012987013
136 0.0008723999999999954 0 0 0.41025641025641024 0.7012987012987013
137 0.0009068000000000409 0 0 0.41025641025641024 0.7012987012987013
138 0.0015256999999999632 0 0 0.41025641025641024 0.7012987012987013
139 0.0010500999999999983 0 0 0.41025641025641024 0.7012987012987013
140 0.0011253999999999986 0 0 0.41025641025641024 0.7012987012987013
141 0.0010679000000000105 0 0 0.41025641025641024 0.7012987012987013
142 0.0009956999999999883 1 0 0.4358974358974359 0.7012987012987013
143 0.0009601000000000193 0 0 0.4358974358974359 0.7012987012987013
144 0.0009585000000000288 0 0 0.4358974358974359 0.7012987012987013
145 0.0009375000000000355 0 0 0.4358974358974359 0.7012987012987013
146 0.0009621999999999686 0 0 0.4358974358974359 0.7012987012987013
147 0.0008763999999999994 0 0 0.4358974358974359 0.7012987012987013
148 0.0009033999999999986 0 0 0.4358974358974359 0.7012987012987013
149 0.0010684999999999722 0 0 0.4358974358974359 0.7012987012987013
150 0.0015690000000000426 0 0 0.4358974358974359 0.7012987012987013
151 0.0011652999999999802 1 2 0.46153846153846156 0.7272727272727273
152 0.0011962000000000361 0 0 0.46153846153846156 0.7272727272727273
153 0.0011742000000000141 0 0 0.46153846153846156 0.7272727272727273
154 0.00129830000000003 0 0 0.46153846153846156 0.7272727272727273
155 0.001141100000000006 0 0 0.46153846153846156 0.7272727272727273
156 0.001941000000000026 1 1 0.48717948717948717 0.7402597402597403
157 0.0015695999999999488 0 0 0.48717948717948717 0.7402597402597403
158 0.0023343000000000114 0 0 0.48717948717948717 0.7402597402597403
159 0.0009564000000000239 0 0 0.48717948717948717 0.7402597402597403
160 0.0012564999999999937 0 0 0.48717948717948717 0.7402597402597403
161 0.000983899999999982 0 0 0.48717948717948717 0.7402597402597403
162 0.00092310000000001 0 0 0.48717948717948717 0.7402597402597403
163 0.001042299999999996 0 0 0.48717948717948717 0.7402597402597403
164 0.0009957999999999911 0 0 0.48717948717948717 0.7402597402597403
165 0.0012387999999999844 0 0 0.48717948717948717 0.7402597402597403
166 0.0010768999999999918 0 0 0.48717948717948717 0.7402597402597403
167 0.0009323999999999999 0 0 0.48717948717948717 0.7402597402597403
168 0.001434600000000008 0 0 0.48717948717948717 0.7402597402597403
169 0.000961500000000004 1 1 0.5128205128205128 0.7532467532467533
170 0.000879099999999966 0 0 0.5128205128205128 0.7532467532467533
171 0.0009942000000000006 0 0 0.5128205128205128 0.7532467532467533
172 0.0009408000000000194 0 0 0.5128205128205128 0.7532467532467533
173 0.0009812999999999628 0 0 0.5128205128205128 0.7532467532467533
174 0.0013412999999999897 0 0 0.5128205128205128 0.7532467532467533
175 0.0011837999999999571 0 0 0.5128205128205128 0.7532467532467533
176 0.0011577999999999866 0 0 0.5128205128205128 0.7532467532467533
177 0.0010107999999999784 0 0 0.5128205128205128 0.7532467532467533
178 0.0011967999999999979 0 0 0.5128205128205128 0.7532467532467533
179 0.0009530999999999845 0 0 0.5128205128205128 0.7532467532467533
180 0.0009020999999999613 0 0 0.5128205128205128 0.7532467532467533
181 0.0009078000000000142 0 0 0.5128205128205128 0.7532467532467533
182 0.0010319999999999774 0 0 0.5128205128205128 0.7532467532467533
183 0.0009559999999999569 0 0 0.5128205128205128 0.7532467532467533
184 0.0009428000000000214 0 0 0.5128205128205128 0.7532467532467533
185 0.0018280999999999992 0 0 0.5128205128205128 0.7532467532467533
186 0.0009771999999999559 0 0 0.5128205128205128 0.7532467532467533
187 0.0009192999999999563 0 0 0.5128205128205128 0.7532467532467533
188 0.0009466000000000196 0 0 0.5128205128205128 0.7532467532467533
189 0.0008340000000000014 0 0 0.5128205128205128 0.7532467532467533
190 0.0009355000000000335 1 1 0.5384615384615384 0.7662337662337663
191 0.0010684999999999722 0 0 0.5384615384615384 0.7662337662337663
192 0.0013288000000000189 0 0 0.5384615384615384 0.7662337662337663
193 0.0013334000000000401 0 0 0.5384615384615384 0.7662337662337663
194 0.001304300000000036 0 0 0.5384615384615384 0.7662337662337663
195 0.0014878999999999865 0 0 0.5384615384615384 0.7662337662337663
196 0.0012925000000000297 0 0 0.5384615384615384 0.7662337662337663
197 0.0010262000000000326 0 0 0.5384615384615384 0.7662337662337663
198 0.0009841999999999906 1 1 0.5641025641025641 0.7792207792207793
199 0.0010638000000000036 0 0 0.5641025641025641 0.7792207792207793
200 0.0011017999999999861 0 0 0.5641025641025641 0.7792207792207793
201 0.0014301999999999926 0 0 0.5641025641025641 0.7792207792207793
202 0.0012962000000000251 0 0 0.5641025641025641 0.7792207792207793
203 0.0011335000000000095 1 1 0.5897435897435898 0.7922077922077922
204 0.0009855999999999754 0 0 0.5897435897435898 0.7922077922077922
205 0.0010711999999999944 0 0 0.5897435897435898 0.7922077922077922
206 0.000998700000000019 0 0 0.5897435897435898 0.7922077922077922
207 0.0010004000000000124 0 0 0.5897435897435898 0.7922077922077922
208 0.0009909000000000168 0 0 0.5897435897435898 0.7922077922077922
209 0.0009805999999999981 0 0 0.5897435897435898 0.7922077922077922
210 0.0009768999999999473 0 0 0.5897435897435898 0.7922077922077922
211 0.001824300000000001 0 0 0.5897435897435898 0.7922077922077922
212 0.0010455999999999799 1 1 0.6153846153846154 0.8051948051948052
213 0.0009329999999999616 0 0 0.6153846153846154 0.8051948051948052
214 0.0009488000000000829 0 0 0.6153846153846154 0.8051948051948052
215 0.0010331999999999564 0 0 0.6153846153846154 0.8051948051948052
216 0.0009329999999999616 0 0 0.6153846153846154 0.8051948051948052
217 0.0010575000000000445 0 0 0.6153846153846154 0.8051948051948052
218 0.0010242000000000306 0 0 0.6153846153846154 0.8051948051948052
219 0.001981600000000028 0 0 0.6153846153846154 0.8051948051948052
220 0.0019417000000000462 0 0 0.6153846153846154 0.8051948051948052
221 0.002653400000000028 0 0 0.6153846153846154 0.8051948051948052
222 0.001988600000000007 0 0 0.6153846153846154 0.8051948051948052
223 0.0012988999999999917 1 1 0.6410256410256411 0.8181818181818182
224 0.0017127999999999588 0 0 0.6410256410256411 0.8181818181818182
225 0.001305900000000082 0 0 0.6410256410256411 0.8181818181818182
226 0.0011111000000000315 0 0 0.6410256410256411 0.8181818181818182
227 0.0010534999999999295 0 0 0.6410256410256411 0.8181818181818182
228 0.0014179999999999193 0 0 0.6410256410256411 0.8181818181818182
229 0.0013855999999999868 0 0 0.6410256410256411 0.8181818181818182
230 0.0010084999999999678 0 0 0.6410256410256411 0.8181818181818182
231 0.0010286000000000461 0 0 0.6410256410256411 0.8181818181818182
232 0.0009428000000000214 0 0 0.6410256410256411 0.8181818181818182
233 0.001009099999999985 0 0 0.6410256410256411 0.8181818181818182
234 0.001511499999999999 0 0 0.6410256410256411 0.8181818181818182
235 0.0010793000000000053 0 0 0.6410256410256411 0.8181818181818182
236 0.0012670000000000181 0 0 0.6410256410256411 0.8181818181818182
237 0.0011027999999999594 0 0 0.6410256410256411 0.8181818181818182
238 0.0009970000000000256 0 0 0.6410256410256411 0.8181818181818182
239 0.0011273000000000533 0 0 0.6410256410256411 0.8181818181818182
240 0.0009917999999999871 0 0 0.6410256410256411 0.8181818181818182
241 0.0010069999999999801 0 0 0.6410256410256411 0.8181818181818182
242 0.001005900000000004 0 0 0.6410256410256411 0.8181818181818182
243 0.001043499999999975 0 0 0.6410256410256411 0.8181818181818182
244 0.000984299999999938 0 0 0.6410256410256411 0.8181818181818182
245 0.0019655000000000644 0 0 0.6410256410256411 0.8181818181818182
246 0.0011026000000000646 0 0 0.6410256410256411 0.8181818181818182
247 0.0010624999999999662 0 0 0.6410256410256411 0.8181818181818182
248 0.0009428000000000214 0 0 0.6410256410256411 0.8181818181818182
249 0.0010558999999999985 0 0 0.6410256410256411 0.8181818181818182
250 0.0012188999999999117 0 0 0.6410256410256411 0.8181818181818182
251 0.0011932999999999527 0 0 0.6410256410256411 0.8181818181818182
252 0.0013391999999999848 0 0 0.6410256410256411 0.8181818181818182
253 0.0010548000000000224 0 0 0.6410256410256411 0.8181818181818182
254 0.0010383999999999949 0 0 0.6410256410256411 0.8181818181818182
255 0.0020297999999999705 0 0 0.6410256410256411 0.8181818181818182
256 0.0010117000000000598 0 0 0.6410256410256411 0.8181818181818182
257 0.0010116999999999488 1 1 0.6666666666666666 0.8311688311688312
258 0.0017074000000000256 0 0 0.6666666666666666 0.8311688311688312
259 0.0011695999999999929 0 0 0.6666666666666666 0.8311688311688312
260 0.0011001999999999956 1 0 0.6923076923076923 0.8311688311688312
261 0.0012696999999999292 0 0 0.6923076923076923 0.8311688311688312
262 0.001101099999999966 0 0 0.6923076923076923 0.8311688311688312
263 0.0010832000000000619 0 0 0.6923076923076923 0.8311688311688312
264 0.0014119000000000215 0 0 0.6923076923076923 0.8311688311688312
265 0.0012729999999999686 0 0 0.6923076923076923 0.8311688311688312
266 0.0012881000000000142 0 0 0.6923076923076923 0.8311688311688312
267 0.0012645000000000017 0 0 0.6923076923076923 0.8311688311688312
268 0.0011825000000000863 0 0 0.6923076923076923 0.8311688311688312
269 0.003257399999999966 0 0 0.6923076923076923 0.8311688311688312
270 0.0009734000000000131 0 0 0.6923076923076923 0.8311688311688312
271 0.0009841999999999906 0 0 0.6923076923076923 0.8311688311688312
272 0.0010440999999999923 0 0 0.6923076923076923 0.8311688311688312
273 0.0010210000000000496 0 1 0.6923076923076923 0.8441558441558441
274 0.0010828000000000504 0 0 0.6923076923076923 0.8441558441558441
275 0.00157419999999997 0 0 0.6923076923076923 0.8441558441558441
276 0.0015099999999999003 0 0 0.6923076923076923 0.8441558441558441
277 0.0018082000000000376 0 0 0.6923076923076923 0.8441558441558441
278 0.0013625000000000442 0 0 0.6923076923076923 0.8441558441558441
279 0.0011252999999999957 0 0 0.6923076923076923 0.8441558441558441
280 0.0010438999999999865 1 0 0.717948717948718 0.8441558441558441
281 0.0010776999999999592 0 0 0.717948717948718 0.8441558441558441
282 0.0010244000000000364 1 2 0.7435897435897436 0.8701298701298701
283 0.0010276000000000174 0 0 0.7435897435897436 0.8701298701298701
284 0.0010873000000000133 0 0 0.7435897435897436 0.8701298701298701
285 0.0012185999999999586 0 0 0.7435897435897436 0.8701298701298701
286 0.0011225000000000263 0 0 0.7435897435897436 0.8701298701298701
287 0.0011369999999999436 0 0 0.7435897435897436 0.8701298701298701
288 0.00178300000000009 0 0 0.7435897435897436 0.8701298701298701
289 0.0010972999999999677 0 0 0.7435897435897436 0.8701298701298701
290 0.0011026000000000646 0 0 0.7435897435897436 0.8701298701298701
291 0.0011205000000000798 0 0 0.7435897435897436 0.8701298701298701
292 0.0011189999999999811 0 0 0.7435897435897436 0.8701298701298701
293 0.0013651999999999553 0 0 0.7435897435897436 0.8701298701298701
294 0.0014509000000000327 0 0 0.7435897435897436 0.8701298701298701
295 0.0016034000000000326 0 0 0.7435897435897436 0.8701298701298701
296 0.0013965000000000227 0 0 0.7435897435897436 0.8701298701298701
297 0.001295500000000005 0 0 0.7435897435897436 0.8701298701298701
298 0.0013104000000000449 0 0 0.7435897435897436 0.8701298701298701
299 0.0012990999999999975 1 0 0.7692307692307693 0.8701298701298701
300 0.0011263999999999719 1 0 0.7948717948717948 0.8701298701298701
301 0.0013802000000000536 0 0 0.7948717948717948 0.8701298701298701
302 0.0013851999999999753 0 1 0.7948717948717948 0.8831168831168831
303 0.0016838999999999604 0 0 0.7948717948717948 0.8831168831168831
304 0.0010320000000000329 0 0 0.7948717948717948 0.8831168831168831
305 0.0010002000000000066 0 0 0.7948717948717948 0.8831168831168831
306 0.0009495999999999949 0 0 0.7948717948717948 0.8831168831168831
307 0.0011529000000000122 0 0 0.7948717948717948 0.8831168831168831
308 0.0011209000000000913 0 0 0.7948717948717948 0.8831168831168831
309 0.0012048000000000059 0 0 0.7948717948717948 0.8831168831168831
310 0.0011160000000000059 0 0 0.7948717948717948 0.8831168831168831
311 0.001040000000000041 0 0 0.7948717948717948 0.8831168831168831
312 0.0017631999999999648 1 1 0.8205128205128205 0.8961038961038961
313 0.0011558000000000401 0 0 0.8205128205128205 0.8961038961038961
314 0.0010158000000000111 0 1 0.8205128205128205 0.9090909090909091
315 0.0009573000000000498 0 0 0.8205128205128205 0.9090909090909091
316 0.0010410000000000696 0 0 0.8205128205128205 0.9090909090909091
317 0.0012100000000000444 0 0 0.8205128205128205 0.9090909090909091
318 0.0012375999999999499 0 0 0.8205128205128205 0.9090909090909091
319 0.0014459999999999473 0 0 0.8205128205128205 0.9090909090909091
320 0.0012254999999999905 0 0 0.8205128205128205 0.9090909090909091
321 0.0011420999999999237 0 0 0.8205128205128205 0.9090909090909091
322 0.0010196999999999568 0 0 0.8205128205128205 0.9090909090909091
323 0.0009609999999999896 0 0 0.8205128205128205 0.9090909090909091
324 0.000971500000000014 0 0 0.8205128205128205 0.9090909090909091
325 0.001005900000000004 0 0 0.8205128205128205 0.9090909090909091
326 0.0011693000000000398 0 0 0.8205128205128205 0.9090909090909091
327 0.0010552000000000339 0 0 0.8205128205128205 0.9090909090909091
328 0.0018776999999999822 0 0 0.8205128205128205 0.9090909090909091
329 0.0010278999999999705 0 0 0.8205128205128205 0.9090909090909091
330 0.0010641000000000123 0 0 0.8205128205128205 0.9090909090909091
331 0.0010879000000000305 0 0 0.8205128205128205 0.9090909090909091
332 0.001175799999999949 0 0 0.8205128205128205 0.9090909090909091
333 0.0012081999999999926 0 0 0.8205128205128205 0.9090909090909091
334 0.0014408000000000198 0 0 0.8205128205128205 0.9090909090909091
335 0.0012727000000000155 1 1 0.8461538461538461 0.922077922077922
336 0.0010812000000000044 0 0 0.8461538461538461 0.922077922077922
337 0.001283499999999993 0 0 0.8461538461538461 0.922077922077922
338 0.0021982999999999864 0 0 0.8461538461538461 0.922077922077922
339 0.0010345999999999966 0 0 0.8461538461538461 0.922077922077922
340 0.0011111999999999789 0 0 0.8461538461538461 0.922077922077922
341 0.0010433999999999166 0 0 0.8461538461538461 0.922077922077922
342 0.0010717000000000088 0 0 0.8461538461538461 0.922077922077922
343 0.001694199999999979 0 0 0.8461538461538461 0.922077922077922
344 0.001705899999999927 0 0 0.8461538461538461 0.922077922077922
345 0.0014174999999999605 0 0 0.8461538461538461 0.922077922077922
346 0.0018898000000000525 0 0 0.8461538461538461 0.922077922077922
347 0.0011848000000000969 0 0 0.8461538461538461 0.922077922077922
348 0.0011364999999999847 0 0 0.8461538461538461 0.922077922077922
349 0.0011404000000000414 0 0 0.8461538461538461 0.922077922077922
350 0.0011184999999999112 1 0 0.8717948717948718 0.922077922077922
351 0.0015252000000000043 0 0 0.8717948717948718 0.922077922077922
352 0.0013758999999999855 0 0 0.8717948717948718 0.922077922077922
353 0.0013075999999999643 0 0 0.8717948717948718 0.922077922077922
354 0.0011373999999999551 0 0 0.8717948717948718 0.922077922077922
355 0.0010845000000000438 0 0 0.8717948717948718 0.922077922077922
356 0.0009959999999999969 0 0 0.8717948717948718 0.922077922077922
357 0.0011155999999999944 1 0 0.8974358974358975 0.922077922077922
358 0.001079500000000011 1 1 0.9230769230769231 0.935064935064935
359 0.0010985000000000023 0 0 0.9230769230769231 0.935064935064935
360 0.0010704000000000269 0 0 0.9230769230769231 0.935064935064935
361 0.0011052000000000284 0 0 0.9230769230769231 0.935064935064935
362 0.001754999999999951 0 0 0.9230769230769231 0.935064935064935
363 0.002493899999999938 0 0 0.9230769230769231 0.935064935064935
364 0.0011820999999999637 0 0 0.9230769230769231 0.935064935064935
365 0.001277900000000054 0 0 0.9230769230769231 0.935064935064935
366 0.0011998999999999205 0 0 0.9230769230769231 0.935064935064935
367 0.0011940999999999757 0 0 0.9230769230769231 0.935064935064935
368 0.0011813000000000518 0 0 0.9230769230769231 0.935064935064935
369 0.0013043999999999834 1 0 0.9487179487179487 0.935064935064935
370 0.0018503999999999188 1 1 0.9743589743589743 0.948051948051948
371 0.0011468000000000034 0 1 0.9743589743589743 0.961038961038961
372 0.001087499999999908 0 0 0.9743589743589743 0.961038961038961
373 0.0011622000000000021 0 0 0.9743589743589743 0.961038961038961
374 0.0022476000000000163 0 0 0.9743589743589743 0.961038961038961
375 0.001823800000000042 0 0 0.9743589743589743 0.961038961038961
376 0.001235499999999945 0 0 0.9743589743589743 0.961038961038961
377 0.001153100000000018 0 0 0.9743589743589743 0.961038961038961
378 0.001073099999999938 0 0 0.9743589743589743 0.961038961038961
379 0.0012132999999999727 1 0 1.0 0.961038961038961
380 0.0011178000000000576 0 0 1.0 0.961038961038961
381 0.0011182999999999055 0 0 1.0 0.961038961038961
382 0.0010288999999999993 0 0 1.0 0.961038961038961
383 0.0018196000000000323 0 0 1.0 0.961038961038961
384 0.0011497000000000313 0 0 1.0 0.961038961038961
385 0.0011035999999999824 0 0 1.0 0.961038961038961
386 0.0011237000000000608 0 0 1.0 0.961038961038961
387 0.0011303999999999759 0 0 1.0 0.961038961038961
388 0.0013441999999999066 0 1 1.0 0.974025974025974
389 0.0013311999999999768 0 0 1.0 0.974025974025974
390 0.0013279000000000485 0 1 1.0 0.987012987012987
391 0.0018993999999999955 0 1 1.0 1.0
