100 0.5 0.5
1 0.0019850000000000145 0 0 0.0 0.5025380710659898
2 0.0022065 0 0 0.0 0.5025380710659898
3 0.0024291000000000174 1 0 0.010101010101010102 0.5025380710659898
4 0.001942300000000008 1 0 0.020202020202020204 0.5025380710659898
5 0.0022757999999999945 0 1 0.020202020202020204 0.5076142131979695
6 0.0020244999999999846 0 0 0.020202020202020204 0.5076142131979695
7 0.0018730000000000135 0 0 0.020202020202020204 0.5076142131979695
8 0.0026391000000000053 1 1 0.030303030303030304 0.5126903553299492
9 0.0021502000000000465 0 0 0.030303030303030304 0.5126903553299492
10 0.001907900000000018 0 0 0.030303030303030304 0.5126903553299492
11 0.0031227000000000338 0 0 0.030303030303030304 0.5126903553299492
12 0.0020668000000000353 1 0 0.04040404040404041 0.5126903553299492
13 0.002131800000000017 0 0 0.04040404040404041 0.5126903553299492
14 0.0023606999999999934 1 1 0.050505050505050504 0.5177664974619289
15 0.002065499999999998 0 0 0.050505050505050504 0.5177664974619289
16 0.0033128000000000046 0 0 0.050505050505050504 0.5177664974619289
17 0.0021828999999999876 1 1 0.06060606060606061 0.5228426395939086
18 0.002483700000000033 1 1 0.0707070707070707 0.5279187817258884
19 0.0024394999999999833 0 0 0.0707070707070707 0.5279187817258884
20 0.003159700000000043 0 0 0.0707070707070707 0.5279187817258884
21 0.002920800000000001 0 1 0.0707070707070707 0.5329949238578681
22 0.004334599999999966 1 0 0.08080808080808081 0.5329949238578681
23 0.0029369999999999674 0 0 0.08080808080808081 0.5329949238578681
24 0.00615319999999997 1 0 0.09090909090909091 0.5329949238578681
25 0.011687100000000006 1 0 0.10101010101010101 0.5329949238578681
26 0.0045655 0 0 0.10101010101010101 0.5329949238578681
27 0.004635 1 2 0.1111111111111111 0.5431472081218274
28 0.004280099999999953 1 1 0.12121212121212122 0.5482233502538071
29 0.002330500000000013 1 1 0.13131313131313133 0.5532994923857868
30 0.0022884000000000237 0 0 0.13131313131313133 0.5532994923857868
31 0.0023301000000000016 1 1 0.1414141414141414 0.5583756345177665
32 0.008014999999999994 1 1 0.15151515151515152 0.5634517766497462
33 0.003373299999999968 1 1 0.16161616161616163 0.5685279187817259
34 0.0061259000000000174 1 2 0.1717171717171717 0.5786802030456852
35 0.009992000000000001 1 0 0.18181818181818182 0.5786802030456852
36 0.007535100000000017 1 0 0.1919191919191919 0.5786802030456852
37 0.002396100000000012 0 0 0.1919191919191919 0.5786802030456852
38 0.003633799999999965 1 0 0.20202020202020202 0.5786802030456852
39 0.002293299999999998 1 1 0.21212121212121213 0.583756345177665
40 0.0038555000000000117 1 2 0.2222222222222222 0.5939086294416244
41 0.003823099999999968 0 1 0.2222222222222222 0.5989847715736041
42 0.0023251999999999717 0 0 0.2222222222222222 0.5989847715736041
43 0.0024908000000000152 0 1 0.2222222222222222 0.6040609137055838
44 0.0046184000000000225 0 0 0.2222222222222222 0.6040609137055838
45 0.004002199999999956 1 0 0.23232323232323232 0.6040609137055838
46 0.002488099999999993 1 1 0.24242424242424243 0.6091370558375635
47 0.0031674999999999898 1 0 0.25252525252525254 0.6091370558375635
48 0.00297130000000001 1 1 0.26262626262626265 0.6142131979695431
49 0.0025530000000000275 1 2 0.2727272727272727 0.6243654822335025
50 0.0032655000000000323 0 0 0.2727272727272727 0.6243654822335025
51 0.002561399999999936 1 1 0.2828282828282828 0.6294416243654822
52 0.0031750999999999863 1 2 0.29292929292929293 0.6395939086294417
53 0.0023047999999999957 1 0 0.30303030303030304 0.6395939086294417
54 0.00463390000000008 1 1 0.31313131313131315 0.6446700507614214
55 0.00626480000000007 1 2 0.32323232323232326 0.6548223350253807
56 0.002683299999999944 0 1 0.32323232323232326 0.6598984771573604
57 0.0046104000000000145 0 0 0.32323232323232326 0.6598984771573604
58 0.0038479999999999626 0 0 0.32323232323232326 0.6598984771573604
59 0.0024340999999999946 1 0 0.3333333333333333 0.6598984771573604
60 0.002471000000000001 0 0 0.3333333333333333 0.6598984771573604
61 0.0034218000000000304 1 1 0.3434343434343434 0.6649746192893401
62 0.0027001999999999304 1 0 0.35353535353535354 0.6649746192893401
63 0.0036228999999999845 1 1 0.36363636363636365 0.6700507614213198
64 0.0032134999999999803 1 2 0.37373737373737376 0.6802030456852792
65 0.0026025999999998994 0 0 0.37373737373737376 0.6802030456852792
66 0.002378699999999956 1 1 0.3838383838383838 0.6852791878172588
67 0.004279800000000056 0 1 0.3838383838383838 0.6903553299492385
68 0.004562300000000019 1 1 0.3939393939393939 0.6954314720812182
69 0.003338999999999981 0 0 0.3939393939393939 0.6954314720812182
70 0.003517400000000004 1 0 0.40404040404040403 0.6954314720812182
71 0.002676600000000029 1 1 0.41414141414141414 0.700507614213198
72 0.0032986999999999878 1 0 0.42424242424242425 0.700507614213198
73 0.002608100000000002 1 3 0.43434343434343436 0.7157360406091371
74 0.0032014999999999683 0 0 0.43434343434343436 0.7157360406091371
75 0.0027007000000000003 0 0 0.43434343434343436 0.7157360406091371
76 0.0026465999999999434 1 0 0.4444444444444444 0.7157360406091371
77 0.0034482000000000124 0 0 0.4444444444444444 0.7157360406091371
78 0.0035096000000000016 0 0 0.4444444444444444 0.7157360406091371
79 0.0024678999999999673 1 1 0.45454545454545453 0.7208121827411168
80 0.003504599999999969 0 1 0.45454545454545453 0.7258883248730964
81 0.0033250999999999697 1 0 0.46464646464646464 0.7258883248730964
82 0.004045100000000024 1 0 0.47474747474747475 0.7258883248730964
83 0.00245709999999999 0 1 0.47474747474747475 0.7309644670050761
84 0.0027093000000000256 1 0 0.48484848484848486 0.7309644670050761
85 0.00326139999999997 1 1 0.494949494949495 0.7360406091370558
86 0.0033522000000000274 0 1 0.494949494949495 0.7411167512690355
87 0.002680400000000027 1 0 0.5050505050505051 0.7411167512690355
88 0.0029232000000000147 1 1 0.5151515151515151 0.7461928934010152
89 0.002763600000000088 0 1 0.5151515151515151 0.751269035532995
90 0.0025642000000000165 1 1 0.5252525252525253 0.7563451776649747
91 0.003645199999999904 0 0 0.5252525252525253 0.7563451776649747
92 0.003442800000000079 1 0 0.5353535353535354 0.7563451776649747
93 0.002624599999999977 1 1 0.5454545454545454 0.7614213197969543
94 0.0027866000000000835 0 1 0.5454545454545454 0.766497461928934
95 0.004315900000000039 0 0 0.5454545454545454 0.766497461928934
96 0.0031178000000000594 1 1 0.5555555555555556 0.7715736040609137
97 0.002762500000000001 1 1 0.5656565656565656 0.7766497461928934
98 0.002803799999999912 0 0 0.5656565656565656 0.7766497461928934
99 0.003434000000000048 1 1 0.5757575757575758 0.7817258883248731
100 0.0036300999999999695 0 0 0.5757575757575758 0.7817258883248731
101 0.0033137999999999224 0 0 0.5757575757575758 0.7817258883248731
102 0.0041480000000000405 0 0 0.5757575757575758 0.7817258883248731
103 0.0029196999999999695 1 0 0.5858585858585859 0.7817258883248731
104 0.004675399999999996 1 0 0.5959595959595959 0.7817258883248731
105 0.002819299999999969 1 1 0.6060606060606061 0.7868020304568528
106 0.00383929999999999 0 1 0.6060606060606061 0.7918781725888325
107 0.00265470000000001 0 2 0.6060606060606061 0.8020304568527918
108 0.0035947000000000617 0 0 0.6060606060606061 0.8020304568527918
109 0.0029621000000000786 0 0 0.6060606060606061 0.8020304568527918
110 0.00325260000000005 0 0 0.6060606060606061 0.8020304568527918
111 0.004307100000000008 0 0 0.6060606060606061 0.8020304568527918
112 0.0030586999999999698 1 1 0.6161616161616161 0.8071065989847716
113 0.003923299999999963 0 0 0.6161616161616161 0.8071065989847716
114 0.0031318999999999653 0 0 0.6161616161616161 0.8071065989847716
115 0.004033500000000023 1 1 0.6262626262626263 0.8121827411167513
116 0.0029649999999999954 0 0 0.6262626262626263 0.8121827411167513
117 0.0043279999999999985 1 0 0.6363636363636364 0.8121827411167513
118 0.0035498000000000474 1 1 0.6464646464646465 0.817258883248731
119 0.002948099999999898 0 0 0.6464646464646465 0.817258883248731
120 0.0038154000000000243 1 0 0.6565656565656566 0.817258883248731
121 0.002889199999999925 1 2 0.6666666666666666 0.8274111675126904
122 0.0032864000000000226 1 1 0.6767676767676768 0.8324873096446701
123 0.0035098999999999547 1 0 0.6868686868686869 0.8324873096446701
124 0.004910100000000028 0 1 0.6868686868686869 0.8375634517766497
125 0.004288700000000034 1 1 0.696969696969697 0.8426395939086294
126 0.004448500000000077 1 1 0.7070707070707071 0.8477157360406091
127 0.004759799999999981 1 2 0.7171717171717171 0.8578680203045685
128 0.0036071000000000852 1 0 0.7272727272727273 0.8578680203045685
129 0.003045100000000023 1 1 0.7373737373737373 0.8629441624365483
130 0.0037858999999998977 1 1 0.7474747474747475 0.868020304568528
131 0.0030000000000000027 1 1 0.7575757575757576 0.8730964467005076
132 0.00444179999999994 1 0 0.7676767676767676 0.8730964467005076
133 0.003036099999999986 0 1 0.7676767676767676 0.8781725888324873
134 0.003980699999999948 0 0 0.7676767676767676 0.8781725888324873
135 0.0030740999999999685 0 0 0.7676767676767676 0.8781725888324873
136 0.0042704000000000075 1 2 0.7777777777777778 0.8883248730964467
137 0.005215700000000045 1 1 0.7878787878787878 0.8934010152284264
138 0.005411900000000025 1 0 0.797979797979798 0.8934010152284264
139 0.0030767999999999907 0 0 0.797979797979798 0.8934010152284264
140 0.00391000000000008 1 1 0.8080808080808081 0.8984771573604061
141 0.004832700000000023 0 1 0.8080808080808081 0.9035532994923858
142 0.004270899999999966 0 0 0.8080808080808081 0.9035532994923858
143 0.004964100000000027 1 0 0.8181818181818182 0.9035532994923858
144 0.00488030000000006 0 1 0.8181818181818182 0.9086294416243654
145 0.0033663000000000443 1 0 0.8282828282828283 0.9086294416243654
146 0.004053399999999985 0 0 0.8282828282828283 0.9086294416243654
147 0.003606200000000004 1 1 0.8383838383838383 0.9137055837563451
148 0.0033886999999999112 0 0 0.8383838383838383 0.9137055837563451
149 0.003585999999999978 0 0 0.8383838383838383 0.9137055837563451
150 0.0033031000000000033 1 0 0.8484848484848485 0.9137055837563451
151 0.004268199999999944 1 1 0.8585858585858586 0.9187817258883249
152 0.003208600000000006 0 0 0.8585858585858586 0.9187817258883249
153 0.0045200000000000795 1 1 0.8686868686868687 0.9238578680203046
154 0.005092199999999991 1 0 0.8787878787878788 0.9238578680203046
155 0.00314890000000001 0 0 0.8787878787878788 0.9238578680203046
156 0.005266100000000051 1 1 0.8888888888888888 0.9289340101522843
157 0.005132200000000031 0 0 0.8888888888888888 0.9289340101522843
158 0.004586599999999996 0 2 0.8888888888888888 0.9390862944162437
159 0.003874500000000003 1 1 0.898989898989899 0.9441624365482234
160 0.003975599999999968 0 0 0.898989898989899 0.9441624365482234
161 0.007794699999999932 0 1 0.898989898989899 0.949238578680203
162 0.006082099999999979 1 0 0.9090909090909091 0.949238578680203
163 0.0052451000000000025 1 1 0.9191919191919192 0.9543147208121827
164 0.0048157000000002 1 1 0.9292929292929293 0.9593908629441624
165 0.005196300000000154 1 1 0.9393939393939394 0.9644670050761421
166 0.004346299999999914 1 1 0.9494949494949495 0.9695431472081218
167 0.004944999999999977 0 0 0.9494949494949495 0.9695431472081218
168 0.006118499999999916 0 0 0.9494949494949495 0.9695431472081218
169 0.003934300000000057 1 0 0.9595959595959596 0.9695431472081218
170 0.0037229000000000845 1 2 0.9696969696969697 0.9796954314720813
171 0.004811700000000085 1 0 0.9797979797979798 0.9796954314720813
172 0.0040465999999999 1 1 0.98989898989899 0.9847715736040609
173 0.0037519000000001412 1 2 1.0 0.9949238578680203
174 0.004190200000000033 0 0 1.0 0.9949238578680203
175 0.003629700000000069 0 1 1.0 1.0
