50 0.8 0.2
1 0.0016247000000000067 1 0 0.02040816326530612 0.5051546391752577
2 0.0010951999999999906 1 0 0.04081632653061224 0.5051546391752577
3 0.0010421999999999931 1 0 0.061224489795918366 0.5051546391752577
4 0.0010765999999999831 1 1 0.08163265306122448 0.5154639175257731
5 0.0010439000000000143 1 1 0.10204081632653061 0.5257731958762887
6 0.0010873999999999884 0 0 0.10204081632653061 0.5257731958762887
7 0.0012099000000000137 1 0 0.12244897959183673 0.5257731958762887
8 0.0017732999999999777 1 0 0.14285714285714285 0.5257731958762887
9 0.001143299999999986 1 1 0.16326530612244897 0.5360824742268041
10 0.0010905999999999971 1 1 0.1836734693877551 0.5463917525773195
11 0.001144299999999987 1 4 0.20408163265306123 0.5876288659793815
12 0.0011990000000000056 1 0 0.22448979591836735 0.5876288659793815
13 0.0011520999999999892 0 0 0.22448979591836735 0.5876288659793815
14 0.0011490000000000111 1 0 0.24489795918367346 0.5876288659793815
15 0.0012825999999999949 1 0 0.2653061224489796 0.5876288659793815
16 0.0021980000000000055 0 0 0.2653061224489796 0.5876288659793815
17 0.0011782999999999932 1 2 0.2857142857142857 0.6082474226804123
18 0.0010991999999999946 1 0 0.30612244897959184 0.6082474226804123
19 0.0013617999999999963 1 1 0.32653061224489793 0.6185567010309279
20 0.0012636000000000036 1 0 0.3469387755102041 0.6185567010309279
21 0.0014177000000000217 1 3 0.3673469387755102 0.6494845360824743
22 0.0015132999999999952 1 2 0.3877551020408163 0.6701030927835051
23 0.0012422000000000266 0 1 0.3877551020408163 0.6804123711340206
24 0.0022516000000000203 1 2 0.40816326530612246 0.7010309278350515
25 0.0013523999999999758 1 0 0.42857142857142855 0.7010309278350515
26 0.0012809000000000292 0 0 0.42857142857142855 0.7010309278350515
27 0.0014637999999999596 1 0 0.4489795918367347 0.7010309278350515
28 0.0014067999999999858 1 0 0.46938775510204084 0.7010309278350515
29 0.001711100000000021 0 1 0.46938775510204084 0.711340206185567
30 0.0013732000000000188 1 0 0.4897959183673469 0.711340206185567
31 0.0021801999999999655 1 0 0.5102040816326531 0.711340206185567
32 0.001460600000000034 1 0 0.5306122448979592 0.711340206185567
33 0.0013835000000000375 1 1 0.5510204081632653 0.7216494845360825
34 0.001371399999999967 0 3 0.5510204081632653 0.7525773195876289
35 0.001355800000000018 1 2 0.5714285714285714 0.7731958762886598
36 0.0015614999999999934 1 0 0.5918367346938775 0.7731958762886598
37 0.00235409999999997 1 1 0.6122448979591837 0.7835051546391752
38 0.0014674000000000076 1 1 0.6326530612244898 0.7938144329896907
39 0.0014956999999999887 1 1 0.6530612244897959 0.8041237113402062
40 0.0013710999999999585 1 0 0.673469387755102 0.8041237113402062
41 0.0014878999999999865 1 0 0.6938775510204082 0.8041237113402062
42 0.0014789000000000052 1 2 0.7142857142857143 0.8247422680412371
43 0.0014371000000000245 1 1 0.7346938775510204 0.8350515463917526
44 0.0025581000000000076 1 1 0.7551020408163265 0.845360824742268
45 0.0014939999999999953 0 0 0.7551020408163265 0.845360824742268
46 0.0013864000000000098 1 0 0.7755102040816326 0.845360824742268
47 0.0014047999999999838 1 0 0.7959183673469388 0.845360824742268
48 0.0023463000000000234 1 0 0.8163265306122449 0.845360824742268
49 0.001671800000000001 1 1 0.8367346938775511 0.8556701030927835
50 0.001497000000000026 1 1 0.8571428571428571 0.865979381443299
51 0.0024966000000000155 1 1 0.8775510204081632 0.8762886597938144
52 0.0020323999999999898 1 1 0.8979591836734694 0.8865979381443299
53 0.0016047999999999618 0 1 0.8979591836734694 0.8969072164948454
54 0.002899900000000011 1 0 0.9183673469387755 0.8969072164948454
55 0.0017703000000000024 1 2 0.9387755102040817 0.9175257731958762
56 0.0017456999999999612 1 0 0.9591836734693877 0.9175257731958762
57 0.001635500000000012 1 1 0.9795918367346939 0.9278350515463918
58 0.0017868999999999802 1 3 1.0 0.9587628865979382
59 0.0016907999999999923 0 2 1.0 0.979381443298969
60 0.0017735999999999863 0 0 1.0 0.979381443298969
61 0.0029074000000000044 0 1 1.0 0.9896907216494846
62 0.0016152000000000388 0 0 1.0 0.9896907216494846
63 0.0016578000000000426 0 0 1.0 0.9896907216494846
64 0.0021398999999999724 0 1 1.0 1.0
