40 1.0 0.2
1 0.0010516999999999888 1 0 0.02564102564102564 0.5064935064935064
2 0.0012648000000000104 1 0 0.05128205128205128 0.5064935064935064
3 0.0011298999999999892 1 0 0.07692307692307693 0.5064935064935064
4 0.0013041999999999776 1 0 0.10256410256410256 0.5064935064935064
5 0.0014884000000000008 1 1 0.1282051282051282 0.5194805194805194
6 0.0010782000000000014 1 0 0.15384615384615385 0.5194805194805194
7 0.000876899999999986 1 2 0.1794871794871795 0.5454545454545454
8 0.0009330999999999923 1 2 0.20512820512820512 0.5714285714285714
9 0.0010589000000000015 1 1 0.23076923076923078 0.5844155844155844
10 0.0011807000000000067 1 1 0.2564102564102564 0.5974025974025974
11 0.0009803000000000173 1 1 0.28205128205128205 0.6103896103896104
12 0.0009674000000000071 1 0 0.3076923076923077 0.6103896103896104
13 0.0009950999999999988 1 0 0.3333333333333333 0.6103896103896104
14 0.0014991000000000032 1 1 0.358974358974359 0.6233766233766234
15 0.0013473000000000235 1 2 0.38461538461538464 0.6493506493506493
16 0.0025329999999999797 1 2 0.41025641025641024 0.6753246753246753
17 0.0010528000000000204 1 2 0.4358974358974359 0.7012987012987013
18 0.0014849000000000112 1 1 0.46153846153846156 0.7142857142857143
19 0.0014261000000000135 1 1 0.48717948717948717 0.7272727272727273
20 0.001829200000000003 1 0 0.5128205128205128 0.7272727272727273
21 0.001355800000000018 1 0 0.5384615384615384 0.7272727272727273
22 0.0028622999999999843 1 1 0.5641025641025641 0.7402597402597403
23 0.0021518000000000093 1 0 0.5897435897435898 0.7402597402597403
24 0.0017236000000000196 1 1 0.6153846153846154 0.7532467532467533
25 0.0019878000000000118 1 2 0.6410256410256411 0.7792207792207793
26 0.0011226999999999765 1 0 0.6666666666666666 0.7792207792207793
27 0.001164300000000007 1 1 0.6923076923076923 0.7922077922077922
28 0.001304699999999992 1 0 0.717948717948718 0.7922077922077922
29 0.0012120999999999937 1 0 0.7435897435897436 0.7922077922077922
30 0.0013208000000000109 1 3 0.7692307692307693 0.8311688311688312
31 0.0013051000000000035 1 1 0.7948717948717948 0.8441558441558441
32 0.0012301999999999869 1 3 0.8205128205128205 0.8831168831168831
33 0.001388300000000009 1 1 0.8461538461538461 0.8961038961038961
34 0.0019203000000000137 1 1 0.8717948717948718 0.9090909090909091
35 0.0012659999999999894 1 1 0.8974358974358975 0.922077922077922
36 0.0013017000000000167 1 0 0.9230769230769231 0.922077922077922
37 0.001675099999999985 1 2 0.9487179487179487 0.948051948051948
38 0.0022800000000000042 1 0 0.9743589743589743 0.948051948051948
39 0.002048300000000003 1 1 1.0 0.961038961038961
40 0.0017036999999999747 0 1 1.0 0.974025974025974
41 0.0018716999999999762 0 0 1.0 0.974025974025974
42 0.001900999999999986 0 1 1.0 0.987012987012987
43 0.001538700000000004 0 0 1.0 0.987012987012987
44 0.0022029000000000076 0 0 1.0 0.987012987012987
45 0.0015845999999999916 0 1 1.0 1.0
