30 0.5 0.5
1 0.0006190000000000084 0 0 0.0 0.5087719298245614
2 0.0006433999999999884 0 0 0.0 0.5087719298245614
3 0.0006680000000000019 1 0 0.034482758620689655 0.5087719298245614
4 0.0006115000000000148 0 0 0.034482758620689655 0.5087719298245614
5 0.0006152000000000102 0 0 0.034482758620689655 0.5087719298245614
6 0.000623699999999977 0 0 0.034482758620689655 0.5087719298245614
7 0.0006799999999999862 1 0 0.06896551724137931 0.5087719298245614
8 0.0006420999999999788 0 0 0.06896551724137931 0.5087719298245614
9 0.0006562999999999986 0 1 0.06896551724137931 0.5263157894736842
10 0.0008124999999999938 1 1 0.10344827586206896 0.543859649122807
11 0.001223700000000022 0 0 0.10344827586206896 0.543859649122807
12 0.0013967000000000007 1 1 0.13793103448275862 0.5614035087719298
13 0.0006740000000000079 0 0 0.13793103448275862 0.5614035087719298
14 0.0006735999999999964 1 0 0.1724137931034483 0.5614035087719298
15 0.0006815000000000015 1 0 0.20689655172413793 0.5614035087719298
16 0.0006393999999999844 0 0 0.20689655172413793 0.5614035087719298
17 0.0006332000000000004 0 0 0.20689655172413793 0.5614035087719298
18 0.0007454000000000072 0 1 0.20689655172413793 0.5789473684210527
19 0.0007408999999999888 1 2 0.2413793103448276 0.6140350877192983
20 0.0008063000000000098 1 1 0.27586206896551724 0.631578947368421
21 0.0008159000000000083 1 1 0.3103448275862069 0.6491228070175439
22 0.0007645000000000013 1 0 0.3448275862068966 0.6491228070175439
23 0.0007206999999999908 0 0 0.3448275862068966 0.6491228070175439
24 0.0017311999999999883 0 0 0.3448275862068966 0.6491228070175439
25 0.0011914000000000091 1 0 0.3793103448275862 0.6491228070175439
26 0.0011261999999999939 1 1 0.41379310344827586 0.6666666666666666
27 0.000920299999999985 0 0 0.41379310344827586 0.6666666666666666
28 0.0009475999999999929 1 1 0.4482758620689655 0.6842105263157895
29 0.000838300000000014 0 1 0.4482758620689655 0.7017543859649122
30 0.0009127999999999914 1 1 0.4827586206896552 0.7192982456140351
31 0.0008833000000000035 0 0 0.4827586206896552 0.7192982456140351
32 0.0009558000000000066 1 0 0.5172413793103449 0.7192982456140351
33 0.0010387000000000035 0 0 0.5172413793103449 0.7192982456140351
34 0.0008990000000000109 0 1 0.5172413793103449 0.7368421052631579
35 0.0010291999999999801 0 0 0.5172413793103449 0.7368421052631579
36 0.0007908000000000082 0 0 0.5172413793103449 0.7368421052631579
37 0.0007922999999999958 0 0 0.5172413793103449 0.7368421052631579
38 0.0008623000000000103 1 0 0.5517241379310345 0.7368421052631579
39 0.0007978999999999903 0 0 0.5517241379310345 0.7368421052631579
40 0.0007883999999999947 1 0 0.5862068965517241 0.7368421052631579
41 0.0008312000000000042 1 2 0.6206896551724138 0.7719298245614035
42 0.0008110000000000062 1 2 0.6551724137931034 0.8070175438596491
43 0.0008931000000000078 1 1 0.6896551724137931 0.8245614035087719
44 0.0013370000000000049 1 2 0.7241379310344828 0.8596491228070176
45 0.0009253000000000178 1 0 0.7586206896551724 0.8596491228070176
46 0.0008499000000000145 1 0 0.7931034482758621 0.8596491228070176
47 0.0011137999999999981 1 2 0.8275862068965517 0.8947368421052632
48 0.0009683999999999804 0 0 0.8275862068965517 0.8947368421052632
49 0.0010901000000000105 0 0 0.8275862068965517 0.8947368421052632
50 0.000976699999999997 1 0 0.8620689655172413 0.8947368421052632
51 0.0011758999999999797 1 1 0.896551724137931 0.9122807017543859
52 0.0009515999999999969 0 0 0.896551724137931 0.9122807017543859
53 0.0019313999999999998 1 0 0.9310344827586207 0.9122807017543859
54 0.001652600000000004 1 2 0.9655172413793104 0.9473684210526315
55 0.0010279999999999734 0 0 0.9655172413793104 0.9473684210526315
56 0.0009252000000000149 0 0 0.9655172413793104 0.9473684210526315
57 0.0010876999999999692 0 0 0.9655172413793104 0.9473684210526315
58 0.0010105999999999726 1 1 1.0 0.9649122807017544
59 0.0010345000000000493 0 0 1.0 0.9649122807017544
60 0.0011747000000000285 0 1 1.0 0.9824561403508771
61 0.0013912999999999842 0 0 1.0 0.9824561403508771
62 0.0010235000000000105 0 0 1.0 0.9824561403508771
63 0.0018505000000000327 0 1 1.0 1.0
