190 0.5 0.9
1 0.0041140000000000065 0 0 0.0 0.5013262599469496
2 0.0038358000000000003 0 0 0.0 0.5013262599469496
3 0.004206500000000002 1 0 0.005291005291005291 0.5013262599469496
4 0.005720400000000014 1 1 0.010582010582010581 0.5039787798408488
5 0.005616299999999963 1 1 0.015873015873015872 0.506631299734748
6 0.005693600000000021 0 0 0.015873015873015872 0.506631299734748
7 0.004039099999999962 0 0 0.015873015873015872 0.506631299734748
8 0.004054900000000028 1 1 0.021164021164021163 0.5092838196286472
9 0.005867800000000034 1 1 0.026455026455026454 0.5119363395225465
10 0.005735099999999993 1 1 0.031746031746031744 0.5145888594164456
11 0.004351400000000005 1 1 0.037037037037037035 0.5172413793103449
12 0.00437260000000006 1 1 0.042328042328042326 0.519893899204244
13 0.004171499999999995 0 0 0.042328042328042326 0.519893899204244
14 0.005832799999999971 0 0 0.042328042328042326 0.519893899204244
15 0.005764799999999903 1 1 0.047619047619047616 0.5225464190981433
16 0.005638600000000049 0 0 0.047619047619047616 0.5225464190981433
17 0.005737299999999945 1 1 0.05291005291005291 0.5251989389920424
18 0.0056123000000000145 1 1 0.0582010582010582 0.5278514588859416
19 0.00579340000000006 1 1 0.06349206349206349 0.5305039787798409
20 0.005740599999999985 1 1 0.06878306878306878 0.53315649867374
21 0.005825500000000039 1 1 0.07407407407407407 0.5358090185676393
22 0.005848699999999929 0 0 0.07407407407407407 0.5358090185676393
23 0.004041399999999973 0 0 0.07407407407407407 0.5358090185676393
24 0.005887199999999981 1 0 0.07936507936507936 0.5358090185676393
25 0.0058915000000000495 0 1 0.07936507936507936 0.5384615384615384
26 0.005821599999999982 0 0 0.07936507936507936 0.5384615384615384
27 0.0044743999999999895 0 0 0.07936507936507936 0.5384615384615384
28 0.004163899999999998 0 0 0.07936507936507936 0.5384615384615384
29 0.004462100000000024 1 1 0.08465608465608465 0.5411140583554377
30 0.004174200000000017 1 1 0.08994708994708994 0.5437665782493368
31 0.004463399999999895 0 0 0.08994708994708994 0.5437665782493368
32 0.004536699999999949 0 0 0.08994708994708994 0.5437665782493368
33 0.004114100000000009 0 0 0.08994708994708994 0.5437665782493368
34 0.004489099999999913 0 0 0.08994708994708994 0.5437665782493368
35 0.00427489999999997 0 0 0.08994708994708994 0.5437665782493368
36 0.0045424000000000575 1 1 0.09523809523809523 0.5464190981432361
37 0.004183400000000059 1 1 0.10052910052910052 0.5490716180371353
38 0.004182099999999966 0 0 0.10052910052910052 0.5490716180371353
39 0.0045447999999999045 0 0 0.10052910052910052 0.5490716180371353
40 0.004122700000000035 1 1 0.10582010582010581 0.5517241379310345
41 0.004107700000000047 0 0 0.10582010582010581 0.5517241379310345
42 0.004130599999999984 0 0 0.10582010582010581 0.5517241379310345
43 0.004121199999999936 1 1 0.1111111111111111 0.5543766578249337
44 0.004055299999999984 0 0 0.1111111111111111 0.5543766578249337
45 0.004151899999999986 0 0 0.1111111111111111 0.5543766578249337
46 0.004664600000000019 1 1 0.1164021164021164 0.5570291777188329
47 0.00441860000000005 0 0 0.1164021164021164 0.5570291777188329
48 0.0042824000000000195 1 0 0.12169312169312169 0.5570291777188329
49 0.004250199999999982 0 0 0.12169312169312169 0.5570291777188329
50 0.004665699999999995 1 1 0.12698412698412698 0.5596816976127321
51 0.004618799999999923 1 2 0.13227513227513227 0.5649867374005305
52 0.0047144000000000075 0 0 0.13227513227513227 0.5649867374005305
53 0.004434999999999967 1 1 0.13756613756613756 0.5676392572944297
54 0.004688099999999973 0 0 0.13756613756613756 0.5676392572944297
55 0.004619600000000057 0 0 0.13756613756613756 0.5676392572944297
56 0.004621699999999951 1 1 0.14285714285714285 0.5702917771883289
57 0.008984699999999957 0 0 0.14285714285714285 0.5702917771883289
58 0.009407700000000019 1 1 0.14814814814814814 0.5729442970822282
59 0.008448600000000028 1 1 0.15343915343915343 0.5755968169761273
60 0.006654900000000019 0 0 0.15343915343915343 0.5755968169761273
61 0.005701200000000073 0 0 0.15343915343915343 0.5755968169761273
62 0.004809999999999981 1 1 0.15873015873015872 0.5782493368700266
63 0.004690599999999989 0 0 0.15873015873015872 0.5782493368700266
64 0.004324500000000064 1 1 0.164021164021164 0.5809018567639257
65 0.004281900000000061 1 1 0.1693121693121693 0.583554376657825
66 0.004394200000000015 1 1 0.1746031746031746 0.5862068965517241
67 0.004281700000000055 0 0 0.1746031746031746 0.5862068965517241
68 0.004335300000000042 0 0 0.1746031746031746 0.5862068965517241
69 0.004370499999999944 1 0 0.17989417989417988 0.5862068965517241
70 0.004289699999999952 0 0 0.17989417989417988 0.5862068965517241
71 0.0043400000000000105 1 1 0.18518518518518517 0.5888594164456233
72 0.004534700000000003 1 2 0.19047619047619047 0.5941644562334217
73 0.004566300000000023 1 1 0.19576719576719576 0.596816976127321
74 0.00454690000000002 1 1 0.20105820105820105 0.5994694960212201
75 0.004412699999999936 0 0 0.20105820105820105 0.5994694960212201
76 0.004347100000000048 0 0 0.20105820105820105 0.5994694960212201
77 0.004814900000000066 1 1 0.20634920634920634 0.6021220159151194
78 0.004893200000000042 1 0 0.21164021164021163 0.6021220159151194
79 0.004922599999999999 1 0 0.21693121693121692 0.6021220159151194
80 0.004441299999999981 1 2 0.2222222222222222 0.6074270557029178
81 0.004406800000000044 1 2 0.2275132275132275 0.6127320954907162
82 0.004656600000000011 0 0 0.2275132275132275 0.6127320954907162
83 0.004563300000000048 1 1 0.2328042328042328 0.6153846153846154
84 0.004477999999999982 0 0 0.2328042328042328 0.6153846153846154
85 0.0044199999999999795 1 1 0.23809523809523808 0.6180371352785146
86 0.004475100000000065 0 0 0.23809523809523808 0.6180371352785146
87 0.004461899999999908 1 1 0.24338624338624337 0.6206896551724138
88 0.004859800000000081 0 0 0.24338624338624337 0.6206896551724138
89 0.004429999999999934 1 1 0.24867724867724866 0.623342175066313
90 0.0050120000000000164 0 0 0.24867724867724866 0.623342175066313
91 0.0048466999999998706 0 0 0.24867724867724866 0.623342175066313
92 0.004476499999999994 1 1 0.25396825396825395 0.6259946949602122
93 0.004427699999999923 0 0 0.25396825396825395 0.6259946949602122
94 0.0044887999999998485 0 0 0.25396825396825395 0.6259946949602122
95 0.004415300000000011 0 0 0.25396825396825395 0.6259946949602122
96 0.004929000000000183 1 1 0.25925925925925924 0.6286472148541115
97 0.004431499999999922 0 0 0.25925925925925924 0.6286472148541115
98 0.004628100000000135 0 0 0.25925925925925924 0.6286472148541115
99 0.005251200000000011 1 1 0.26455026455026454 0.6312997347480106
100 0.005071000000000048 1 1 0.2698412698412698 0.6339522546419099
101 0.004791299999999943 1 1 0.2751322751322751 0.636604774535809
102 0.00486260000000005 1 0 0.2804232804232804 0.636604774535809
103 0.004712200000000166 1 1 0.2857142857142857 0.6392572944297082
104 0.005003100000000149 1 2 0.291005291005291 0.6445623342175066
105 0.004991100000000026 1 1 0.2962962962962963 0.6472148541114059
106 0.0047066999999998416 0 0 0.2962962962962963 0.6472148541114059
107 0.0050784000000001495 1 1 0.30158730158730157 0.649867374005305
108 0.0047752000000000905 0 0 0.30158730158730157 0.649867374005305
109 0.004625899999999961 1 1 0.30687830687830686 0.6525198938992043
110 0.004684399999999922 1 1 0.31216931216931215 0.6551724137931034
111 0.004623700000000008 1 1 0.31746031746031744 0.6578249336870027
112 0.004531600000000191 1 1 0.32275132275132273 0.6604774535809018
113 0.008373399999999975 0 0 0.32275132275132273 0.6604774535809018
114 0.004577999999999971 0 0 0.32275132275132273 0.6604774535809018
115 0.0047728000000000215 1 1 0.328042328042328 0.6631299734748011
116 0.004927499999999974 1 1 0.3333333333333333 0.6657824933687002
117 0.00459900000000002 0 0 0.3333333333333333 0.6657824933687002
118 0.005050999999999917 1 0 0.3386243386243386 0.6657824933687002
119 0.004731700000000005 1 2 0.3439153439153439 0.6710875331564987
120 0.0048576000000000175 0 0 0.3439153439153439 0.6710875331564987
121 0.004963400000000062 0 0 0.3439153439153439 0.6710875331564987
122 0.004669100000000093 1 1 0.3492063492063492 0.6737400530503979
123 0.004961500000000063 0 0 0.3492063492063492 0.6737400530503979
124 0.005085599999999912 1 1 0.3544973544973545 0.6763925729442971
125 0.004784399999999911 1 1 0.35978835978835977 0.6790450928381963
126 0.004710599999999898 1 1 0.36507936507936506 0.6816976127320955
127 0.0049200000000000355 1 1 0.37037037037037035 0.6843501326259946
128 0.004823900000000103 0 0 0.37037037037037035 0.6843501326259946
129 0.004792700000000094 0 0 0.37037037037037035 0.6843501326259946
130 0.0046872000000000025 1 1 0.37566137566137564 0.6870026525198939
131 0.004917199999999955 1 1 0.38095238095238093 0.6896551724137931
132 0.004816200000000048 0 0 0.38095238095238093 0.6896551724137931
133 0.004796199999999917 0 0 0.38095238095238093 0.6896551724137931
134 0.00525730000000002 0 0 0.38095238095238093 0.6896551724137931
135 0.0049023999999999734 1 1 0.3862433862433862 0.6923076923076923
136 0.005363000000000007 0 0 0.3862433862433862 0.6923076923076923
137 0.0048464000000001395 0 0 0.3862433862433862 0.6923076923076923
138 0.005378100000000163 1 1 0.3915343915343915 0.6949602122015915
139 0.0048551999999999484 0 0 0.3915343915343915 0.6949602122015915
140 0.004980200000000101 0 0 0.3915343915343915 0.6949602122015915
141 0.005190900000000109 0 0 0.3915343915343915 0.6949602122015915
142 0.005155799999999822 0 0 0.3915343915343915 0.6949602122015915
143 0.004911099999999946 0 0 0.3915343915343915 0.6949602122015915
144 0.00497879999999995 0 0 0.3915343915343915 0.6949602122015915
145 0.004952100000000126 1 1 0.3968253968253968 0.6976127320954907
146 0.005007000000000206 1 1 0.4021164021164021 0.7002652519893899
147 0.0049866999999998995 0 0 0.4021164021164021 0.7002652519893899
148 0.0049512000000000445 1 1 0.4074074074074074 0.7029177718832891
149 0.005187800000000076 1 1 0.4126984126984127 0.7055702917771883
150 0.004976400000000103 1 1 0.41798941798941797 0.7082228116710876
151 0.004967300000000119 0 0 0.41798941798941797 0.7082228116710876
152 0.004847100000000104 1 1 0.42328042328042326 0.7108753315649867
153 0.00489610000000007 0 0 0.42328042328042326 0.7108753315649867
154 0.005439799999999995 1 1 0.42857142857142855 0.713527851458886
155 0.0048496000000000095 1 1 0.43386243386243384 0.7161803713527851
156 0.004895700000000058 1 1 0.43915343915343913 0.7188328912466844
157 0.004891100000000037 1 1 0.4444444444444444 0.7214854111405835
158 0.004947900000000116 1 1 0.4497354497354497 0.7241379310344828
159 0.0050818999999999726 1 1 0.455026455026455 0.726790450928382
160 0.005021200000000059 0 0 0.455026455026455 0.726790450928382
161 0.005009400000000053 0 0 0.455026455026455 0.726790450928382
162 0.0049263999999999974 0 0 0.455026455026455 0.726790450928382
163 0.005128300000000197 1 1 0.4603174603174603 0.7294429708222812
164 0.0048816000000000415 0 0 0.4603174603174603 0.7294429708222812
165 0.004989699999999875 0 0 0.4603174603174603 0.7294429708222812
166 0.004973300000000069 1 1 0.4656084656084656 0.7320954907161804
167 0.0055050999999999295 0 0 0.4656084656084656 0.7320954907161804
168 0.005200399999999883 1 1 0.4708994708994709 0.7347480106100795
169 0.0053282999999999525 0 0 0.4708994708994709 0.7347480106100795
170 0.005291000000000157 0 0 0.4708994708994709 0.7347480106100795
171 0.00727650000000013 1 1 0.47619047619047616 0.7374005305039788
172 0.007105800000000162 0 0 0.47619047619047616 0.7374005305039788
173 0.0072572999999998 1 1 0.48148148148148145 0.7400530503978779
174 0.007132200000000033 1 1 0.48677248677248675 0.7427055702917772
175 0.0070182000000000855 1 1 0.49206349206349204 0.7453580901856764
176 0.00726899999999997 0 0 0.49206349206349204 0.7453580901856764
177 0.007374899999999851 0 0 0.49206349206349204 0.7453580901856764
178 0.007284599999999974 0 0 0.49206349206349204 0.7453580901856764
179 0.007092800000000121 1 1 0.4973544973544973 0.7480106100795756
180 0.007245899999999805 0 0 0.4973544973544973 0.7480106100795756
181 0.00745360000000006 0 0 0.4973544973544973 0.7480106100795756
182 0.007421900000000203 0 0 0.4973544973544973 0.7480106100795756
183 0.007255999999999929 0 0 0.4973544973544973 0.7480106100795756
184 0.00724440000000004 0 0 0.4973544973544973 0.7480106100795756
185 0.007313800000000148 0 0 0.4973544973544973 0.7480106100795756
186 0.00743970000000016 0 0 0.4973544973544973 0.7480106100795756
187 0.007479400000000025 1 1 0.5026455026455027 0.7506631299734748
188 0.00717879999999993 0 0 0.5026455026455027 0.7506631299734748
189 0.007507200000000047 0 0 0.5026455026455027 0.7506631299734748
190 0.007179900000000128 0 0 0.5026455026455027 0.7506631299734748
191 0.007415900000000031 1 1 0.5079365079365079 0.753315649867374
192 0.0073864999999999625 0 0 0.5079365079365079 0.753315649867374
193 0.007481400000000082 1 1 0.5132275132275133 0.7559681697612732
194 0.007269900000000051 1 1 0.5185185185185185 0.7586206896551724
195 0.007257300000000022 0 0 0.5185185185185185 0.7586206896551724
196 0.007336299999999962 0 0 0.5185185185185185 0.7586206896551724
197 0.005217400000000039 1 1 0.5238095238095238 0.7612732095490716
198 0.005202099999999987 0 0 0.5238095238095238 0.7612732095490716
199 0.005785199999999824 1 1 0.5291005291005291 0.7639257294429708
200 0.005217199999999922 0 0 0.5291005291005291 0.7639257294429708
201 0.00576500000000002 0 0 0.5291005291005291 0.7639257294429708
202 0.00754699999999997 0 0 0.5291005291005291 0.7639257294429708
203 0.0074033000000000015 0 0 0.5291005291005291 0.7639257294429708
204 0.007468699999999995 0 0 0.5291005291005291 0.7639257294429708
205 0.007511799999999846 0 0 0.5291005291005291 0.7639257294429708
206 0.007415999999999867 0 0 0.5291005291005291 0.7639257294429708
207 0.0070837999999999735 1 1 0.5343915343915344 0.76657824933687
208 0.007736799999999988 1 1 0.5396825396825397 0.7692307692307693
209 0.0075249000000001676 0 0 0.5396825396825397 0.7692307692307693
210 0.007317200000000135 1 1 0.544973544973545 0.7718832891246684
211 0.0074222000000001565 1 1 0.5502645502645502 0.7745358090185677
212 0.005860399999999988 0 0 0.5502645502645502 0.7745358090185677
213 0.005828799999999967 1 1 0.5555555555555556 0.7771883289124668
214 0.005568099999999854 1 1 0.5608465608465608 0.7798408488063661
215 0.005333699999999997 0 0 0.5608465608465608 0.7798408488063661
216 0.005345600000000061 0 0 0.5608465608465608 0.7798408488063661
217 0.005458799999999986 0 0 0.5608465608465608 0.7798408488063661
218 0.005516999999999994 1 1 0.5661375661375662 0.7824933687002652
219 0.005272900000000025 1 1 0.5714285714285714 0.7851458885941645
220 0.005204800000000009 1 0 0.5767195767195767 0.7851458885941645
221 0.005461300000000113 1 2 0.582010582010582 0.7904509283819628
222 0.0051931000000000616 1 1 0.5873015873015873 0.7931034482758621
223 0.005302299999999871 0 0 0.5873015873015873 0.7931034482758621
224 0.00534150000000011 0 0 0.5873015873015873 0.7931034482758621
225 0.0053171000000000745 0 0 0.5873015873015873 0.7931034482758621
226 0.0052392000000001104 0 0 0.5873015873015873 0.7931034482758621
227 0.005109800000000053 1 1 0.5925925925925926 0.7957559681697612
228 0.005331399999999986 1 1 0.5978835978835979 0.7984084880636605
229 0.005461400000000172 1 1 0.6031746031746031 0.8010610079575596
230 0.005576499999999873 1 1 0.6084656084656085 0.8037135278514589
231 0.0053738999999999315 1 1 0.6137566137566137 0.8063660477453581
232 0.005903599999999898 1 1 0.6190476190476191 0.8090185676392573
233 0.005589199999999961 0 0 0.6190476190476191 0.8090185676392573
234 0.005620100000000017 1 1 0.6243386243386243 0.8116710875331565
235 0.0053746999999999545 1 1 0.6296296296296297 0.8143236074270557
236 0.005594500000000169 0 0 0.6296296296296297 0.8143236074270557
237 0.00537399999999999 0 0 0.6296296296296297 0.8143236074270557
238 0.0055499000000001075 1 1 0.6349206349206349 0.8169761273209549
239 0.005982799999999955 0 0 0.6349206349206349 0.8169761273209549
240 0.005602399999999896 0 0 0.6349206349206349 0.8169761273209549
241 0.005605000000000082 1 1 0.6402116402116402 0.8196286472148541
242 0.005462999999999996 1 0 0.6455026455026455 0.8196286472148541
243 0.005491399999999924 1 1 0.6507936507936508 0.8222811671087533
244 0.006243299999999952 1 1 0.656084656084656 0.8249336870026526
245 0.005738499999999869 1 2 0.6613756613756614 0.830238726790451
246 0.009600900000000134 0 0 0.6613756613756614 0.830238726790451
247 0.005595599999999923 0 0 0.6613756613756614 0.830238726790451
248 0.005565400000000054 1 1 0.6666666666666666 0.8328912466843501
249 0.006159299999999979 0 0 0.6666666666666666 0.8328912466843501
250 0.005834100000000175 0 0 0.6666666666666666 0.8328912466843501
251 0.005449400000000049 0 0 0.6666666666666666 0.8328912466843501
252 0.00630900000000012 1 1 0.671957671957672 0.8355437665782494
253 0.005433000000000243 1 1 0.6772486772486772 0.8381962864721485
254 0.005450900000000036 1 1 0.6825396825396826 0.8408488063660478
255 0.005552400000000013 0 0 0.6825396825396826 0.8408488063660478
256 0.005813700000000033 1 1 0.6878306878306878 0.843501326259947
257 0.005834899999999976 0 0 0.6878306878306878 0.843501326259947
258 0.005633700000000186 1 1 0.6931216931216931 0.8461538461538461
259 0.006137899999999696 0 0 0.6931216931216931 0.8461538461538461
260 0.006089199999999906 0 0 0.6931216931216931 0.8461538461538461
261 0.005683400000000116 0 0 0.6931216931216931 0.8461538461538461
262 0.005747999999999642 1 1 0.6984126984126984 0.8488063660477454
263 0.006488300000000002 0 0 0.6984126984126984 0.8488063660477454
264 0.0058386999999999745 1 1 0.7037037037037037 0.8514588859416445
265 0.005921899999999702 0 0 0.7037037037037037 0.8514588859416445
266 0.006177000000000099 0 0 0.7037037037037037 0.8514588859416445
267 0.006120999999999821 0 0 0.7037037037037037 0.8514588859416445
268 0.005884099999999837 0 0 0.7037037037037037 0.8514588859416445
269 0.0055914999999999715 1 1 0.708994708994709 0.8541114058355438
270 0.005967999999999751 1 1 0.7142857142857143 0.8567639257294429
271 0.005535800000000091 1 1 0.7195767195767195 0.8594164456233422
272 0.005530500000000327 0 0 0.7195767195767195 0.8594164456233422
273 0.0056018999999998265 0 0 0.7195767195767195 0.8594164456233422
274 0.005633599999999905 0 0 0.7195767195767195 0.8594164456233422
275 0.00566790000000017 1 1 0.7248677248677249 0.8620689655172413
276 0.005886100000000116 1 1 0.7301587301587301 0.8647214854111406
277 0.0063518000000000185 1 1 0.7354497354497355 0.8673740053050398
278 0.005736399999999975 0 0 0.7354497354497355 0.8673740053050398
279 0.006221700000000219 1 1 0.7407407407407407 0.870026525198939
280 0.006401700000000066 1 1 0.746031746031746 0.8726790450928382
281 0.006303400000000181 1 1 0.7513227513227513 0.8753315649867374
282 0.0059795000000000265 0 0 0.7513227513227513 0.8753315649867374
283 0.006043999999999716 0 0 0.7513227513227513 0.8753315649867374
284 0.0058829999999998606 0 0 0.7513227513227513 0.8753315649867374
285 0.0058411000000000435 1 1 0.7566137566137566 0.8779840848806366
286 0.005916100000000313 0 0 0.7566137566137566 0.8779840848806366
287 0.005612600000000079 0 0 0.7566137566137566 0.8779840848806366
288 0.005766200000000055 0 0 0.7566137566137566 0.8779840848806366
289 0.0058199000000001 1 1 0.7619047619047619 0.8806366047745358
290 0.00603900000000035 1 1 0.7671957671957672 0.883289124668435
291 0.006145400000000301 0 0 0.7671957671957672 0.883289124668435
292 0.006142300000000045 0 0 0.7671957671957672 0.883289124668435
293 0.008151599999999704 1 1 0.7724867724867724 0.8859416445623343
294 0.006133699999999909 0 0 0.7724867724867724 0.8859416445623343
295 0.006540100000000049 0 0 0.7724867724867724 0.8859416445623343
296 0.006263499999999755 1 1 0.7777777777777778 0.8885941644562334
297 0.005778499999999909 0 0 0.7777777777777778 0.8885941644562334
298 0.005878099999999886 0 0 0.7777777777777778 0.8885941644562334
299 0.006023900000000193 0 0 0.7777777777777778 0.8885941644562334
300 0.005986500000000117 0 0 0.7777777777777778 0.8885941644562334
301 0.006468200000000035 1 1 0.783068783068783 0.8912466843501327
302 0.006104699999999852 1 1 0.7883597883597884 0.8938992042440318
303 0.006198400000000159 1 1 0.7936507936507936 0.896551724137931
304 0.0057027000000000605 0 0 0.7936507936507936 0.896551724137931
305 0.006215000000000082 1 0 0.798941798941799 0.896551724137931
306 0.006115100000000151 1 1 0.8042328042328042 0.8992042440318302
307 0.006665599999999827 1 2 0.8095238095238095 0.9045092838196287
308 0.005786099999999905 0 0 0.8095238095238095 0.9045092838196287
309 0.006272099999999892 0 0 0.8095238095238095 0.9045092838196287
310 0.00574140000000023 1 1 0.8148148148148148 0.9071618037135278
311 0.006357700000000133 0 0 0.8148148148148148 0.9071618037135278
312 0.005869500000000194 1 1 0.8201058201058201 0.9098143236074271
313 0.005664700000000078 0 0 0.8201058201058201 0.9098143236074271
314 0.005865000000000009 0 0 0.8201058201058201 0.9098143236074271
315 0.005962400000000034 1 1 0.8253968253968254 0.9124668435013262
316 0.005951400000000273 0 0 0.8253968253968254 0.9124668435013262
317 0.0060469999999996915 0 0 0.8253968253968254 0.9124668435013262
318 0.006027800000000028 1 1 0.8306878306878307 0.9151193633952255
319 0.0064539000000003455 0 0 0.8306878306878307 0.9151193633952255
320 0.006196999999999786 1 0 0.8359788359788359 0.9151193633952255
321 0.006094200000000161 0 0 0.8359788359788359 0.9151193633952255
322 0.0062915000000001164 1 1 0.8412698412698413 0.9177718832891246
323 0.005814500000000056 1 1 0.8465608465608465 0.9204244031830239
324 0.006128499999999981 0 0 0.8465608465608465 0.9204244031830239
325 0.006653599999999926 0 1 0.8465608465608465 0.9230769230769231
326 0.006282200000000238 1 0 0.8518518518518519 0.9230769230769231
327 0.005643399999999854 0 0 0.8518518518518519 0.9230769230769231
328 0.005966499999999986 1 0 0.8571428571428571 0.9230769230769231
329 0.005894599999999972 0 1 0.8571428571428571 0.9257294429708223
330 0.0060493999999997605 0 1 0.8571428571428571 0.9283819628647215
331 0.00595049999999997 1 1 0.8624338624338624 0.9310344827586207
332 0.005981800000000259 0 0 0.8624338624338624 0.9310344827586207
333 0.006163099999999755 1 1 0.8677248677248677 0.9336870026525199
334 0.0066573999999999245 1 1 0.873015873015873 0.9363395225464191
335 0.00672499999999987 0 0 0.873015873015873 0.9363395225464191
336 0.006485299999999583 0 0 0.873015873015873 0.9363395225464191
337 0.00609660000000023 0 0 0.873015873015873 0.9363395225464191
338 0.00600120000000004 0 0 0.873015873015873 0.9363395225464191
339 0.00668230000000003 1 1 0.8783068783068783 0.9389920424403183
340 0.0064797999999997025 1 1 0.8835978835978836 0.9416445623342176
341 0.006140699999999999 1 0 0.8888888888888888 0.9416445623342176
342 0.00617610000000024 0 0 0.8888888888888888 0.9416445623342176
343 0.006076699999999935 0 1 0.8888888888888888 0.9442970822281167
344 0.006085300000000071 0 0 0.8888888888888888 0.9442970822281167
345 0.006424099999999822 0 0 0.8888888888888888 0.9442970822281167
346 0.006111100000000036 1 1 0.8941798941798942 0.946949602122016
347 0.006424700000000172 1 1 0.8994708994708994 0.9496021220159151
348 0.006209200000000248 1 1 0.9047619047619048 0.9522546419098143
349 0.006730699999999867 1 0 0.91005291005291 0.9522546419098143
350 0.006716500000000014 1 1 0.9153439153439153 0.9549071618037135
351 0.006288899999999931 1 1 0.9206349206349206 0.9575596816976127
352 0.006212500000000176 0 0 0.9206349206349206 0.9575596816976127
353 0.006366499999999942 1 2 0.9259259259259259 0.9628647214854111
354 0.006280799999999864 1 0 0.9312169312169312 0.9628647214854111
355 0.006205500000000086 0 1 0.9312169312169312 0.9655172413793104
356 0.006815999999999711 0 0 0.9312169312169312 0.9655172413793104
357 0.00682690000000008 0 0 0.9312169312169312 0.9655172413793104
358 0.006540999999999908 1 1 0.9365079365079365 0.9681697612732095
359 0.0062229999999998675 0 0 0.9365079365079365 0.9681697612732095
360 0.006441699999999884 1 1 0.9417989417989417 0.9708222811671088
361 0.0069486000000003045 0 0 0.9417989417989417 0.9708222811671088
362 0.006179200000000051 1 1 0.9470899470899471 0.9734748010610079
363 0.006347199999999997 0 0 0.9470899470899471 0.9734748010610079
364 0.006280199999999958 0 0 0.9470899470899471 0.9734748010610079
365 0.006321600000000149 0 0 0.9470899470899471 0.9734748010610079
366 0.006581300000000123 1 1 0.9523809523809523 0.9761273209549072
367 0.0064179000000001984 0 0 0.9523809523809523 0.9761273209549072
368 0.006227400000000216 1 1 0.9576719576719577 0.9787798408488063
369 0.006460300000000085 0 0 0.9576719576719577 0.9787798408488063
370 0.0064150000000000595 0 0 0.9576719576719577 0.9787798408488063
371 0.006663199999999758 1 1 0.9629629629629629 0.9814323607427056
372 0.006456500000000087 1 1 0.9682539682539683 0.9840848806366048
373 0.0065173999999998955 1 0 0.9735449735449735 0.9840848806366048
374 0.006361300000000014 0 0 0.9735449735449735 0.9840848806366048
375 0.006775499999999823 0 1 0.9735449735449735 0.986737400530504
376 0.006728499999999915 1 1 0.9788359788359788 0.9893899204244032
377 0.006388799999999861 1 1 0.9841269841269841 0.9920424403183024
378 0.006420900000000174 1 1 0.9894179894179894 0.9946949602122016
379 0.006629200000000335 0 0 0.9894179894179894 0.9946949602122016
380 0.007212599999999902 0 0 0.9894179894179894 0.9946949602122016
381 0.006408399999999759 0 0 0.9894179894179894 0.9946949602122016
382 0.006975100000000012 0 0 0.9894179894179894 0.9946949602122016
383 0.006864999999999899 0 0 0.9894179894179894 0.9946949602122016
384 0.007102699999999906 1 1 0.9947089947089947 0.9973474801061007
385 0.006429299999999749 0 0 0.9947089947089947 0.9973474801061007
386 0.006318900000000127 0 0 0.9947089947089947 0.9973474801061007
387 0.006081000000000003 0 0 0.9947089947089947 0.9973474801061007
388 0.006379100000000193 1 1 1.0 1.0
