130 0.8 0.4
1 0.002818299999999996 1 0 0.007751937984496124 0.5019455252918288
2 0.0027317000000000036 0 0 0.007751937984496124 0.5019455252918288
3 0.002536700000000003 1 0 0.015503875968992248 0.5019455252918288
4 0.0027599999999999847 1 1 0.023255813953488372 0.5058365758754864
5 0.002733199999999991 1 1 0.031007751937984496 0.5097276264591439
6 0.0027704999999999536 1 0 0.03875968992248062 0.5097276264591439
7 0.002756499999999995 1 0 0.046511627906976744 0.5097276264591439
8 0.0027300999999999576 1 1 0.05426356589147287 0.5136186770428015
9 0.0025812000000000057 1 0 0.06201550387596899 0.5136186770428015
10 0.002740699999999985 1 2 0.06976744186046512 0.5214007782101168
11 0.002855200000000002 1 3 0.07751937984496124 0.5330739299610895
12 0.002612200000000009 0 0 0.07751937984496124 0.5330739299610895
13 0.0026279999999999637 1 0 0.08527131782945736 0.5330739299610895
14 0.002818199999999993 1 2 0.09302325581395349 0.5408560311284046
15 0.002878500000000006 1 0 0.10077519379844961 0.5408560311284046
16 0.0029134000000000104 1 1 0.10852713178294573 0.5447470817120622
17 0.0027047000000000043 1 1 0.11627906976744186 0.5486381322957199
18 0.002956599999999976 1 1 0.12403100775193798 0.5525291828793775
19 0.0028614999999999613 0 1 0.12403100775193798 0.556420233463035
20 0.0027467999999999937 1 0 0.13178294573643412 0.556420233463035
21 0.0029385000000000105 0 1 0.13178294573643412 0.5603112840466926
22 0.002695999999999976 1 2 0.13953488372093023 0.5680933852140078
23 0.0028817000000000426 0 0 0.13953488372093023 0.5680933852140078
24 0.002675900000000009 0 0 0.13953488372093023 0.5680933852140078
25 0.002937999999999996 1 0 0.14728682170542637 0.5680933852140078
26 0.0027445000000000386 1 1 0.15503875968992248 0.5719844357976653
27 0.0029508999999999785 0 0 0.15503875968992248 0.5719844357976653
28 0.0028152000000000177 1 1 0.16279069767441862 0.5758754863813229
29 0.0032383000000000273 1 0 0.17054263565891473 0.5758754863813229
30 0.00274859999999999 1 1 0.17829457364341086 0.5797665369649806
31 0.002791800000000011 1 1 0.18604651162790697 0.5836575875486382
32 0.0031166999999999723 0 2 0.18604651162790697 0.5914396887159533
33 0.0031151999999999846 1 0 0.1937984496124031 0.5914396887159533
34 0.0031078999999999968 1 1 0.20155038759689922 0.5953307392996109
35 0.0030869000000000035 1 0 0.20930232558139536 0.5953307392996109
36 0.002981799999999979 1 0 0.21705426356589147 0.5953307392996109
37 0.0028118999999999783 1 1 0.2248062015503876 0.5992217898832685
38 0.0031776000000000026 1 2 0.23255813953488372 0.6070038910505836
39 0.0029114000000000084 1 0 0.24031007751937986 0.6070038910505836
40 0.002929499999999974 1 0 0.24806201550387597 0.6070038910505836
41 0.0029320000000000457 1 2 0.2558139534883721 0.6147859922178989
42 0.0032070000000000154 0 1 0.2558139534883721 0.6186770428015564
43 0.0030647999999999787 0 1 0.2558139534883721 0.622568093385214
44 0.003097200000000022 1 1 0.26356589147286824 0.6264591439688716
45 0.0031556999999999835 1 0 0.2713178294573643 0.6264591439688716
46 0.002910799999999991 0 2 0.2713178294573643 0.6342412451361867
47 0.0033011000000000013 1 1 0.27906976744186046 0.6381322957198443
48 0.0032512000000000096 1 1 0.2868217054263566 0.642023346303502
49 0.0032876000000000016 1 0 0.29457364341085274 0.642023346303502
50 0.003272200000000003 0 0 0.29457364341085274 0.642023346303502
51 0.003210400000000002 1 1 0.3023255813953488 0.6459143968871596
52 0.006121199999999993 1 0 0.31007751937984496 0.6459143968871596
53 0.0032898000000000094 1 1 0.3178294573643411 0.6498054474708171
54 0.003269199999999972 1 0 0.32558139534883723 0.6498054474708171
55 0.0031474000000000224 1 1 0.3333333333333333 0.6536964980544747
56 0.003458500000000031 1 3 0.34108527131782945 0.6653696498054474
57 0.0030477999999999894 1 0 0.3488372093023256 0.6653696498054474
58 0.0032481000000000315 1 1 0.35658914728682173 0.669260700389105
59 0.0033739000000000408 1 1 0.3643410852713178 0.6731517509727627
60 0.003161199999999975 0 1 0.3643410852713178 0.6770428015564203
61 0.0034642999999999757 1 1 0.37209302325581395 0.6809338521400778
62 0.003179199999999993 0 1 0.37209302325581395 0.6848249027237354
63 0.0034006999999999787 1 1 0.3798449612403101 0.688715953307393
64 0.003236099999999964 1 0 0.3875968992248062 0.688715953307393
65 0.0034823999999999966 1 2 0.3953488372093023 0.6964980544747081
66 0.003441799999999995 1 0 0.40310077519379844 0.6964980544747081
67 0.0034248000000000056 1 1 0.4108527131782946 0.7003891050583657
68 0.0034827000000000052 0 1 0.4108527131782946 0.7042801556420234
69 0.003708700000000009 1 0 0.4186046511627907 0.7042801556420234
70 0.0035610000000000364 1 1 0.4263565891472868 0.708171206225681
71 0.0035159000000000162 1 1 0.43410852713178294 0.7120622568093385
72 0.0035505999999999593 0 0 0.43410852713178294 0.7120622568093385
73 0.0035087000000000312 0 0 0.43410852713178294 0.7120622568093385
74 0.003507000000000038 0 0 0.43410852713178294 0.7120622568093385
75 0.0033578000000000774 1 1 0.4418604651162791 0.7159533073929961
76 0.0035492999999999775 1 2 0.4496124031007752 0.7237354085603113
77 0.0032594999999999708 1 0 0.4573643410852713 0.7237354085603113
78 0.003638199999999925 1 0 0.46511627906976744 0.7237354085603113
79 0.003350799999999987 1 1 0.4728682170542636 0.7276264591439688
80 0.0032047000000000603 1 3 0.4806201550387597 0.7392996108949417
81 0.0033358 1 0 0.4883720930232558 0.7392996108949417
82 0.0032727000000000173 1 1 0.49612403100775193 0.7431906614785992
83 0.0033762000000000514 0 0 0.49612403100775193 0.7431906614785992
84 0.0036078999999999972 0 0 0.49612403100775193 0.7431906614785992
85 0.0033668999999999505 0 0 0.49612403100775193 0.7431906614785992
86 0.0032655999999999796 1 1 0.5038759689922481 0.7470817120622568
87 0.0034111999999999476 1 0 0.5116279069767442 0.7470817120622568
88 0.0032615999999999756 1 0 0.5193798449612403 0.7470817120622568
89 0.0033003000000000338 1 1 0.5271317829457365 0.7509727626459144
90 0.003443300000000038 1 1 0.5348837209302325 0.754863813229572
91 0.0035872000000000126 1 0 0.5426356589147286 0.754863813229572
92 0.003504400000000074 0 0 0.5426356589147286 0.754863813229572
93 0.0038433999999999413 0 2 0.5426356589147286 0.7626459143968871
94 0.003539300000000023 1 0 0.5503875968992248 0.7626459143968871
95 0.0034275000000000277 0 0 0.5503875968992248 0.7626459143968871
96 0.0034467000000000247 1 2 0.5581395348837209 0.7704280155642024
97 0.003364099999999981 1 1 0.5658914728682171 0.77431906614786
98 0.00337580000000004 0 0 0.5658914728682171 0.77431906614786
99 0.003755900000000034 0 1 0.5658914728682171 0.7782101167315175
100 0.003330200000000061 0 0 0.5658914728682171 0.7782101167315175
101 0.0037313999999999403 0 0 0.5658914728682171 0.7782101167315175
102 0.003779899999999947 1 1 0.5736434108527132 0.7821011673151751
103 0.0033857999999999944 1 0 0.5813953488372093 0.7821011673151751
104 0.0035266000000000464 1 0 0.5891472868217055 0.7821011673151751
105 0.0034853000000000245 1 1 0.5968992248062015 0.7859922178988327
106 0.0034525000000000805 1 0 0.6046511627906976 0.7859922178988327
107 0.003448900000000088 1 2 0.6124031007751938 0.7937743190661478
108 0.0034849999999999604 0 2 0.6124031007751938 0.8015564202334631
109 0.003471800000000025 1 0 0.6201550387596899 0.8015564202334631
110 0.0034544000000000796 0 1 0.6201550387596899 0.8054474708171206
111 0.003923600000000027 1 1 0.627906976744186 0.8093385214007782
112 0.0034623999999999766 1 0 0.6356589147286822 0.8093385214007782
113 0.0035591000000000372 1 0 0.6434108527131783 0.8093385214007782
114 0.0034944000000000086 1 1 0.6511627906976745 0.8132295719844358
115 0.003974900000000003 1 1 0.6589147286821705 0.8171206225680934
116 0.0034992000000000356 1 1 0.6666666666666666 0.8210116731517509
117 0.0035935999999999746 1 0 0.6744186046511628 0.8210116731517509
118 0.003490500000000063 0 1 0.6744186046511628 0.8249027237354085
119 0.0035460999999999965 0 2 0.6744186046511628 0.8326848249027238
120 0.003512900000000041 0 0 0.6744186046511628 0.8326848249027238
121 0.0037130000000000773 1 1 0.6821705426356589 0.8365758754863813
122 0.0035733000000000015 1 0 0.689922480620155 0.8365758754863813
123 0.00357340000000006 1 0 0.6976744186046512 0.8365758754863813
124 0.0036114999999999897 1 1 0.7054263565891473 0.8404669260700389
125 0.0035929999999999573 1 3 0.7131782945736435 0.8521400778210116
126 0.004062200000000016 1 0 0.7209302325581395 0.8521400778210116
127 0.0038346999999999687 1 1 0.7286821705426356 0.8560311284046692
128 0.0037688000000000166 1 2 0.7364341085271318 0.8638132295719845
129 0.0036839000000000732 1 1 0.7441860465116279 0.867704280155642
130 0.003595800000000038 1 0 0.751937984496124 0.867704280155642
131 0.0037159999999999416 1 2 0.7596899224806202 0.8754863813229572
132 0.004145399999999966 1 0 0.7674418604651163 0.8754863813229572
133 0.003907800000000017 1 3 0.7751937984496124 0.8871595330739299
134 0.0035979000000000427 1 0 0.7829457364341085 0.8871595330739299
135 0.003787899999999955 1 1 0.7906976744186046 0.8910505836575876
136 0.0037125000000000075 1 0 0.7984496124031008 0.8910505836575876
137 0.0037010000000000653 1 2 0.8062015503875969 0.8988326848249028
138 0.005711200000000027 1 1 0.813953488372093 0.9027237354085603
139 0.003959900000000016 1 1 0.8217054263565892 0.9066147859922179
140 0.0037700999999999985 1 0 0.8294573643410853 0.9066147859922179
141 0.003789700000000007 1 0 0.8372093023255814 0.9066147859922179
142 0.004225099999999982 1 2 0.8449612403100775 0.914396887159533
143 0.0038648000000000016 1 0 0.8527131782945736 0.914396887159533
144 0.003935699999999986 0 1 0.8527131782945736 0.9182879377431906
145 0.003927699999999978 1 1 0.8604651162790697 0.9221789883268483
146 0.0039029000000000424 1 1 0.8682170542635659 0.9260700389105059
147 0.004223899999999947 1 1 0.875968992248062 0.9299610894941635
148 0.004116499999999967 1 0 0.8837209302325582 0.9299610894941635
149 0.003965800000000019 1 2 0.8914728682170543 0.9377431906614786
150 0.004074600000000039 1 0 0.8992248062015504 0.9377431906614786
151 0.003849199999999997 1 1 0.9069767441860465 0.9416342412451362
152 0.004156599999999955 1 1 0.9147286821705426 0.9455252918287937
153 0.004301299999999952 1 2 0.9224806201550387 0.953307392996109
154 0.0039439 1 1 0.9302325581395349 0.9571984435797666
155 0.003854500000000094 1 0 0.937984496124031 0.9571984435797666
156 0.004010499999999917 1 2 0.9457364341085271 0.9649805447470817
157 0.004029999999999978 1 1 0.9534883720930233 0.9688715953307393
158 0.004193400000000014 1 0 0.9612403100775194 0.9688715953307393
159 0.0039004999999999734 1 1 0.9689922480620154 0.9727626459143969
160 0.0040631999999999335 1 2 0.9767441860465116 0.980544747081712
161 0.003988199999999997 1 0 0.9844961240310077 0.980544747081712
162 0.004141100000000009 1 2 0.9922480620155039 0.9883268482490273
163 0.00411550000000005 1 3 1.0 1.0
