50 0.3 0.7
1 0.0010104000000000224 0 0 0.0 0.5051546391752577
2 0.0009233999999999909 1 0 0.02040816326530612 0.5051546391752577
3 0.0008954000000000184 0 0 0.02040816326530612 0.5051546391752577
4 0.0009533999999999931 0 0 0.02040816326530612 0.5051546391752577
5 0.0009172000000000069 1 0 0.04081632653061224 0.5051546391752577
6 0.0009012000000000187 1 0 0.061224489795918366 0.5051546391752577
7 0.0010635000000000228 0 1 0.061224489795918366 0.5154639175257731
8 0.0009105000000000085 0 0 0.061224489795918366 0.5154639175257731
9 0.0013864000000000098 1 1 0.08163265306122448 0.5257731958762887
10 0.001282499999999992 0 0 0.08163265306122448 0.5257731958762887
11 0.0009417000000000175 0 1 0.08163265306122448 0.5360824742268041
12 0.0009226999999999985 0 0 0.08163265306122448 0.5360824742268041
13 0.0009491999999999834 1 0 0.10204081632653061 0.5360824742268041
14 0.001120099999999985 0 0 0.10204081632653061 0.5360824742268041
15 0.0011435999999999946 0 0 0.10204081632653061 0.5360824742268041
16 0.0013301000000000007 0 1 0.10204081632653061 0.5463917525773195
17 0.0009677999999999909 0 0 0.10204081632653061 0.5463917525773195
18 0.0013424999999999965 0 0 0.10204081632653061 0.5463917525773195
19 0.002187499999999981 0 0 0.10204081632653061 0.5463917525773195
20 0.0011680000000000024 0 0 0.10204081632653061 0.5463917525773195
21 0.0010316000000000214 0 0 0.10204081632653061 0.5463917525773195
22 0.0010207999999999884 0 0 0.10204081632653061 0.5463917525773195
23 0.0010296999999999945 0 0 0.10204081632653061 0.5463917525773195
24 0.0011348999999999942 0 0 0.10204081632653061 0.5463917525773195
25 0.0011359999999999981 0 0 0.10204081632653061 0.5463917525773195
26 0.0012802000000000091 0 0 0.10204081632653061 0.5463917525773195
27 0.0010418999999999845 0 0 0.10204081632653061 0.5463917525773195
28 0.0012841000000000102 0 0 0.10204081632653061 0.5463917525773195
29 0.0014091999999999993 0 0 0.10204081632653061 0.5463917525773195
30 0.0010120000000000129 0 0 0.10204081632653061 0.5463917525773195
31 0.0010461999999999971 1 0 0.12244897959183673 0.5463917525773195
32 0.001053499999999985 0 1 0.12244897959183673 0.5567010309278351
33 0.0012684000000000029 1 1 0.14285714285714285 0.5670103092783505
34 0.0012011000000000105 1 1 0.16326530612244897 0.5773195876288659
35 0.0012483000000000077 1 1 0.1836734693877551 0.5876288659793815
36 0.0011576000000000086 0 0 0.1836734693877551 0.5876288659793815
37 0.0011866000000000099 0 0 0.1836734693877551 0.5876288659793815
38 0.001163499999999984 1 1 0.20408163265306123 0.5979381443298969
39 0.001057499999999989 0 0 0.20408163265306123 0.5979381443298969
40 0.0009696999999999623 0 0 0.20408163265306123 0.5979381443298969
41 0.0011066000000000131 1 1 0.22448979591836735 0.6082474226804123
42 0.0010877999999999721 0 0 0.22448979591836735 0.6082474226804123
43 0.0010226999999999875 0 0 0.22448979591836735 0.6082474226804123
44 0.0012318999999999525 0 0 0.22448979591836735 0.6082474226804123
45 0.0012050000000000116 0 0 0.22448979591836735 0.6082474226804123
46 0.001109500000000041 0 0 0.22448979591836735 0.6082474226804123
47 0.0010998000000000396 0 0 0.22448979591836735 0.6082474226804123
48 0.0010150000000000436 0 0 0.22448979591836735 0.6082474226804123
49 0.0009991000000000305 0 0 0.22448979591836735 0.6082474226804123
50 0.0012433000000000027 0 0 0.22448979591836735 0.6082474226804123
51 0.0013393999999999906 0 0 0.22448979591836735 0.6082474226804123
52 0.001184699999999983 1 1 0.24489795918367346 0.6185567010309279
53 0.001401399999999997 0 0 0.24489795918367346 0.6185567010309279
54 0.0014584999999999737 1 0 0.2653061224489796 0.6185567010309279
55 0.0010562000000000071 1 1 0.2857142857142857 0.6288659793814433
56 0.0011449999999999516 1 1 0.30612244897959184 0.6391752577319587
57 0.0010696000000000039 0 1 0.30612244897959184 0.6494845360824743
58 0.0011842999999999715 0 0 0.30612244897959184 0.6494845360824743
59 0.0011952000000000074 0 0 0.30612244897959184 0.6494845360824743
60 0.0012401000000000217 0 0 0.30612244897959184 0.6494845360824743
61 0.0012820999999999527 0 0 0.30612244897959184 0.6494845360824743
62 0.0010961000000000443 0 0 0.30612244897959184 0.6494845360824743
63 0.00114949999999997 1 0 0.32653061224489793 0.6494845360824743
64 0.0010827999999999949 0 1 0.32653061224489793 0.6597938144329897
65 0.0012488999999999972 1 1 0.3469387755102041 0.6701030927835051
66 0.0010459999999999914 0 0 0.3469387755102041 0.6701030927835051
67 0.0010086000000000261 0 0 0.3469387755102041 0.6701030927835051
68 0.0011267999999999834 1 1 0.3673469387755102 0.6804123711340206
69 0.0019708999999999977 0 0 0.3673469387755102 0.6804123711340206
70 0.0015556000000000458 1 0 0.3877551020408163 0.6804123711340206
71 0.0014275999999999733 0 0 0.3877551020408163 0.6804123711340206
72 0.0015641000000000127 0 0 0.3877551020408163 0.6804123711340206
73 0.0012145000000000072 0 1 0.3877551020408163 0.6907216494845361
74 0.00148539999999997 0 0 0.3877551020408163 0.6907216494845361
75 0.0011400999999999772 0 0 0.3877551020408163 0.6907216494845361
76 0.0020568999999999726 0 0 0.3877551020408163 0.6907216494845361
77 0.0011923999999999824 0 0 0.3877551020408163 0.6907216494845361
78 0.001108299999999951 0 0 0.3877551020408163 0.6907216494845361
79 0.0012689000000000172 1 0 0.40816326530612246 0.6907216494845361
80 0.0011414000000000146 1 1 0.42857142857142855 0.7010309278350515
81 0.0013896999999999937 0 0 0.42857142857142855 0.7010309278350515
82 0.0015347 0 1 0.42857142857142855 0.711340206185567
83 0.0013443000000000205 1 1 0.4489795918367347 0.7216494845360825
84 0.0011791999999999914 0 0 0.4489795918367347 0.7216494845360825
85 0.001433899999999988 0 0 0.4489795918367347 0.7216494845360825
86 0.0011903999999999804 0 0 0.4489795918367347 0.7216494845360825
87 0.0013705999999999996 0 0 0.4489795918367347 0.7216494845360825
88 0.0011801000000000172 1 1 0.46938775510204084 0.7319587628865979
89 0.0012464000000000364 0 0 0.46938775510204084 0.7319587628865979
90 0.0016366000000000436 0 0 0.46938775510204084 0.7319587628865979
91 0.0015229999999999966 0 0 0.46938775510204084 0.7319587628865979
92 0.00137219999999999 0 0 0.46938775510204084 0.7319587628865979
93 0.0012984999999999802 1 1 0.4897959183673469 0.7422680412371134
94 0.00178619999999996 0 0 0.4897959183673469 0.7422680412371134
95 0.0018593999999999555 0 0 0.4897959183673469 0.7422680412371134
96 0.0017608000000000068 0 0 0.4897959183673469 0.7422680412371134
97 0.0023249000000000186 0 0 0.4897959183673469 0.7422680412371134
98 0.002465700000000015 0 0 0.4897959183673469 0.7422680412371134
99 0.002311500000000022 0 0 0.4897959183673469 0.7422680412371134
100 0.0020324999999999926 0 0 0.4897959183673469 0.7422680412371134
101 0.0020172999999999996 0 0 0.4897959183673469 0.7422680412371134
102 0.0019264999999999977 0 0 0.4897959183673469 0.7422680412371134
103 0.002258900000000008 1 1 0.5102040816326531 0.7525773195876289
104 0.0012057000000000317 0 0 0.5102040816326531 0.7525773195876289
105 0.0012927999999999829 0 0 0.5102040816326531 0.7525773195876289
106 0.0013009999999999966 1 1 0.5306122448979592 0.7628865979381443
107 0.0013561000000000267 0 0 0.5306122448979592 0.7628865979381443
108 0.0014515999999999973 1 1 0.5510204081632653 0.7731958762886598
109 0.0016683000000000114 1 1 0.5714285714285714 0.7835051546391752
110 0.0012590000000000101 0 0 0.5714285714285714 0.7835051546391752
111 0.0012829000000000312 0 0 0.5714285714285714 0.7835051546391752
112 0.001275499999999985 0 0 0.5714285714285714 0.7835051546391752
113 0.0012108999999999592 0 0 0.5714285714285714 0.7835051546391752
114 0.001265399999999972 0 0 0.5714285714285714 0.7835051546391752
115 0.0012435999999999559 0 0 0.5714285714285714 0.7835051546391752
116 0.0021121000000000056 0 0 0.5714285714285714 0.7835051546391752
117 0.0012932000000000499 0 0 0.5714285714285714 0.7835051546391752
118 0.0012484000000000384 0 0 0.5714285714285714 0.7835051546391752
119 0.001261499999999971 1 1 0.5918367346938775 0.7938144329896907
120 0.0012190000000000256 1 1 0.6122448979591837 0.8041237113402062
121 0.0022602000000000455 0 0 0.6122448979591837 0.8041237113402062
122 0.0015400999999999887 1 1 0.6326530612244898 0.8144329896907216
123 0.001417400000000013 0 0 0.6326530612244898 0.8144329896907216
124 0.0014413999999999816 0 0 0.6326530612244898 0.8144329896907216
125 0.0013212999999999697 0 0 0.6326530612244898 0.8144329896907216
126 0.001214700000000013 0 0 0.6326530612244898 0.8144329896907216
127 0.0013132000000000144 0 0 0.6326530612244898 0.8144329896907216
128 0.0013657000000000252 0 0 0.6326530612244898 0.8144329896907216
129 0.0013736000000000304 0 0 0.6326530612244898 0.8144329896907216
130 0.0024644999999999806 0 0 0.6326530612244898 0.8144329896907216
131 0.0012323000000000195 0 0 0.6326530612244898 0.8144329896907216
132 0.0012615000000000265 0 0 0.6326530612244898 0.8144329896907216
133 0.00134709999999999 1 1 0.6530612244897959 0.8247422680412371
134 0.0014018000000000086 0 0 0.6530612244897959 0.8247422680412371
135 0.0015687999999999813 0 0 0.6530612244897959 0.8247422680412371
136 0.0013349000000000277 1 0 0.673469387755102 0.8247422680412371
137 0.002832599999999963 0 0 0.673469387755102 0.8247422680412371
138 0.0012240000000000029 0 0 0.673469387755102 0.8247422680412371
139 0.0011936999999999642 1 0 0.6938775510204082 0.8247422680412371
140 0.0012862999999999625 0 0 0.6938775510204082 0.8247422680412371
141 0.0020914999999999684 1 1 0.7142857142857143 0.8350515463917526
142 0.0016035999999999828 1 1 0.7346938775510204 0.845360824742268
143 0.0013565999999999856 0 1 0.7346938775510204 0.8556701030927835
144 0.0013453999999999966 0 0 0.7346938775510204 0.8556701030927835
145 0.0012396000000000074 0 0 0.7346938775510204 0.8556701030927835
146 0.0012865000000000237 1 1 0.7551020408163265 0.865979381443299
147 0.0012841999999999576 0 1 0.7551020408163265 0.8762886597938144
148 0.0012967999999999869 0 0 0.7551020408163265 0.8762886597938144
149 0.002057000000000031 0 0 0.7551020408163265 0.8762886597938144
150 0.0014256000000000268 0 0 0.7551020408163265 0.8762886597938144
151 0.0013403000000000165 0 0 0.7551020408163265 0.8762886597938144
152 0.0015628999999999782 1 1 0.7755102040816326 0.8865979381443299
153 0.0018412999999999902 0 0 0.7755102040816326 0.8865979381443299
154 0.002844599999999975 1 1 0.7959183673469388 0.8969072164948454
155 0.0038566999999999907 1 1 0.8163265306122449 0.9072164948453608
156 0.0017573999999999645 0 0 0.8163265306122449 0.9072164948453608
157 0.0014148999999999967 1 1 0.8367346938775511 0.9175257731958762
158 0.00129269999999998 0 0 0.8367346938775511 0.9175257731958762
159 0.0016338000000000186 1 1 0.8571428571428571 0.9278350515463918
160 0.0017136999999999847 0 0 0.8571428571428571 0.9278350515463918
161 0.001406300000000027 1 1 0.8775510204081632 0.9381443298969072
162 0.001641899999999974 0 0 0.8775510204081632 0.9381443298969072
163 0.001565800000000006 0 0 0.8775510204081632 0.9381443298969072
164 0.001428700000000005 0 0 0.8775510204081632 0.9381443298969072
165 0.0014424000000000103 0 0 0.8775510204081632 0.9381443298969072
166 0.001939800000000047 1 1 0.8979591836734694 0.9484536082474226
167 0.0016900999999999722 1 0 0.9183673469387755 0.9484536082474226
168 0.0015916999999999737 0 0 0.9183673469387755 0.9484536082474226
169 0.0015059000000000045 0 0 0.9183673469387755 0.9484536082474226
170 0.0013615000000000155 1 1 0.9387755102040817 0.9587628865979382
171 0.0013096000000000219 0 0 0.9387755102040817 0.9587628865979382
172 0.00132270000000001 1 0 0.9591836734693877 0.9587628865979382
173 0.0018783999999999468 0 1 0.9591836734693877 0.9690721649484536
174 0.0024068999999999896 1 0 0.9795918367346939 0.9690721649484536
175 0.001921100000000009 1 3 1.0 1.0
