100 0.3 0.2
1 0.0022780000000000022 1 0 0.010101010101010102 0.5025380710659898
2 0.00278299999999998 1 1 0.020202020202020204 0.5076142131979695
3 0.0020667999999999798 0 0 0.020202020202020204 0.5076142131979695
4 0.00191429999999998 1 0 0.030303030303030304 0.5076142131979695
5 0.0021516000000000313 1 0 0.04040404040404041 0.5076142131979695
6 0.0023665999999999965 0 0 0.04040404040404041 0.5076142131979695
7 0.002084300000000039 1 0 0.050505050505050504 0.5076142131979695
8 0.0020540000000000003 0 0 0.050505050505050504 0.5076142131979695
9 0.0019970000000000265 0 0 0.050505050505050504 0.5076142131979695
10 0.0020175000000000054 1 0 0.06060606060606061 0.5076142131979695
11 0.002451800000000004 1 0 0.0707070707070707 0.5076142131979695
12 0.0019577000000000067 0 0 0.0707070707070707 0.5076142131979695
13 0.0019206999999999974 0 0 0.0707070707070707 0.5076142131979695
14 0.0022162000000000015 0 0 0.0707070707070707 0.5076142131979695
15 0.0022673000000000276 1 0 0.08080808080808081 0.5076142131979695
16 0.004104200000000002 0 0 0.08080808080808081 0.5076142131979695
17 0.0033988999999999825 0 0 0.08080808080808081 0.5076142131979695
18 0.002267399999999975 0 0 0.08080808080808081 0.5076142131979695
19 0.0022927999999999837 0 0 0.08080808080808081 0.5076142131979695
20 0.0032065999999999484 1 1 0.09090909090909091 0.5126903553299492
21 0.0020235000000000114 0 1 0.09090909090909091 0.5177664974619289
22 0.001972699999999994 1 0 0.10101010101010101 0.5177664974619289
23 0.002193799999999968 1 0 0.1111111111111111 0.5177664974619289
24 0.002409300000000003 0 0 0.1111111111111111 0.5177664974619289
25 0.0023423000000000194 1 0 0.12121212121212122 0.5177664974619289
26 0.0023029999999999995 0 0 0.12121212121212122 0.5177664974619289
27 0.0019939999999999958 0 0 0.12121212121212122 0.5177664974619289
28 0.0024152000000000062 0 0 0.12121212121212122 0.5177664974619289
29 0.0024136000000000157 1 0 0.13131313131313133 0.5177664974619289
30 0.0019490999999999814 0 0 0.13131313131313133 0.5177664974619289
31 0.0020276999999999656 0 0 0.13131313131313133 0.5177664974619289
32 0.002495100000000028 0 1 0.13131313131313133 0.5228426395939086
33 0.002068100000000017 0 0 0.13131313131313133 0.5228426395939086
34 0.0031766999999999768 0 1 0.13131313131313133 0.5279187817258884
35 0.0020388000000000073 1 0 0.1414141414141414 0.5279187817258884
36 0.0024625999999999815 1 0 0.15151515151515152 0.5279187817258884
37 0.002300599999999986 1 0 0.16161616161616163 0.5279187817258884
38 0.002140299999999984 1 1 0.1717171717171717 0.5329949238578681
39 0.0022616999999999776 1 1 0.18181818181818182 0.5380710659898477
40 0.002015700000000009 1 0 0.1919191919191919 0.5380710659898477
41 0.00266120000000003 1 1 0.20202020202020202 0.5431472081218274
42 0.002202700000000002 1 0 0.21212121212121213 0.5431472081218274
43 0.0021608000000000183 0 0 0.21212121212121213 0.5431472081218274
44 0.002209799999999984 0 1 0.21212121212121213 0.5482233502538071
45 0.00252589999999997 0 0 0.21212121212121213 0.5482233502538071
46 0.0023627999999999982 0 3 0.21212121212121213 0.5634517766497462
47 0.004072999999999993 1 1 0.2222222222222222 0.5685279187817259
48 0.002220999999999973 0 0 0.2222222222222222 0.5685279187817259
49 0.002451800000000004 0 0 0.2222222222222222 0.5685279187817259
50 0.0024425999999999615 0 1 0.2222222222222222 0.5736040609137056
51 0.0031643000000000088 0 1 0.2222222222222222 0.5786802030456852
52 0.0023360000000000047 0 0 0.2222222222222222 0.5786802030456852
53 0.002349499999999949 0 0 0.2222222222222222 0.5786802030456852
54 0.002813499999999969 0 0 0.2222222222222222 0.5786802030456852
55 0.0023897999999999975 0 0 0.2222222222222222 0.5786802030456852
56 0.002386900000000025 0 1 0.2222222222222222 0.583756345177665
57 0.002106600000000014 0 1 0.2222222222222222 0.5888324873096447
58 0.0020350999999999564 0 0 0.2222222222222222 0.5888324873096447
59 0.0023655999999999677 1 0 0.23232323232323232 0.5888324873096447
60 0.0021203000000000194 0 0 0.23232323232323232 0.5888324873096447
61 0.0020903999999999923 0 0 0.23232323232323232 0.5888324873096447
62 0.0029201000000000366 0 0 0.23232323232323232 0.5888324873096447
63 0.0022711999999999732 0 1 0.23232323232323232 0.5939086294416244
64 0.0033798999999999912 0 0 0.23232323232323232 0.5939086294416244
65 0.0023500000000000187 1 2 0.24242424242424243 0.6040609137055838
66 0.0022192999999999796 0 0 0.24242424242424243 0.6040609137055838
67 0.002638100000000032 1 0 0.25252525252525254 0.6040609137055838
68 0.002392100000000008 0 0 0.25252525252525254 0.6040609137055838
69 0.003246899999999997 1 0 0.26262626262626265 0.6040609137055838
70 0.002643699999999971 1 0 0.2727272727272727 0.6040609137055838
71 0.002360899999999999 0 0 0.2727272727272727 0.6040609137055838
72 0.0020645000000000246 0 0 0.2727272727272727 0.6040609137055838
73 0.002141299999999957 0 0 0.2727272727272727 0.6040609137055838
74 0.0029441999999999524 0 0 0.2727272727272727 0.6040609137055838
75 0.002401500000000001 1 0 0.2828282828282828 0.6040609137055838
76 0.002883500000000039 0 0 0.2828282828282828 0.6040609137055838
77 0.0024360999999999966 1 4 0.29292929292929293 0.6243654822335025
78 0.0027957999999999594 1 2 0.30303030303030304 0.6345177664974619
79 0.002512100000000017 0 1 0.30303030303030304 0.6395939086294417
80 0.003140900000000002 1 0 0.31313131313131315 0.6395939086294417
81 0.002297500000000008 1 2 0.32323232323232326 0.649746192893401
82 0.0023413999999999935 0 0 0.32323232323232326 0.649746192893401
83 0.0027110999999999663 0 0 0.32323232323232326 0.649746192893401
84 0.0025648000000000337 0 0 0.32323232323232326 0.649746192893401
85 0.0026348999999999956 1 1 0.3333333333333333 0.6548223350253807
86 0.0023485000000000866 1 1 0.3434343434343434 0.6598984771573604
87 0.0028778000000000414 0 0 0.3434343434343434 0.6598984771573604
88 0.0032526999999999973 0 0 0.3434343434343434 0.6598984771573604
89 0.003599799999999931 0 0 0.3434343434343434 0.6598984771573604
90 0.0027960000000000207 1 1 0.35353535353535354 0.6649746192893401
91 0.0031109000000000275 0 0 0.35353535353535354 0.6649746192893401
92 0.002435299999999918 0 0 0.35353535353535354 0.6649746192893401
93 0.0026073999999999264 0 1 0.35353535353535354 0.6700507614213198
94 0.002674500000000024 0 0 0.35353535353535354 0.6700507614213198
95 0.0027402000000000815 0 0 0.35353535353535354 0.6700507614213198
96 0.0024946000000000135 0 0 0.35353535353535354 0.6700507614213198
97 0.0021925000000000416 0 0 0.35353535353535354 0.6700507614213198
98 0.0022020999999999846 0 0 0.35353535353535354 0.6700507614213198
99 0.0033128000000000046 0 0 0.35353535353535354 0.6700507614213198
100 0.0022899999999999032 1 0 0.36363636363636365 0.6700507614213198
101 0.0026114000000000415 0 0 0.36363636363636365 0.6700507614213198
102 0.0027842000000000144 0 1 0.36363636363636365 0.6751269035532995
103 0.004102300000000003 1 0 0.37373737373737376 0.6751269035532995
104 0.002244099999999971 1 0 0.3838383838383838 0.6751269035532995
105 0.002357399999999954 0 0 0.3838383838383838 0.6751269035532995
106 0.0027824000000000737 0 0 0.3838383838383838 0.6751269035532995
107 0.0026028999999999636 0 0 0.3838383838383838 0.6751269035532995
108 0.003931899999999988 1 0 0.3939393939393939 0.6751269035532995
109 0.0024800000000000377 0 0 0.3939393939393939 0.6751269035532995
110 0.002880300000000058 1 1 0.40404040404040403 0.6802030456852792
111 0.002551299999999923 1 0 0.41414141414141414 0.6802030456852792
112 0.0025729999999999364 1 0 0.42424242424242425 0.6802030456852792
113 0.0023691999999999602 0 1 0.42424242424242425 0.6852791878172588
114 0.0026101000000000596 0 0 0.42424242424242425 0.6852791878172588
115 0.002471800000000024 1 0 0.43434343434343436 0.6852791878172588
116 0.0024623999999999757 0 0 0.43434343434343436 0.6852791878172588
117 0.002580099999999974 1 0 0.4444444444444444 0.6852791878172588
118 0.0027319000000000093 0 0 0.4444444444444444 0.6852791878172588
119 0.003925399999999968 0 0 0.4444444444444444 0.6852791878172588
120 0.002333699999999994 0 0 0.4444444444444444 0.6852791878172588
121 0.002762700000000007 0 0 0.4444444444444444 0.6852791878172588
122 0.0027586000000000555 0 0 0.4444444444444444 0.6852791878172588
123 0.0024327999999999017 0 0 0.4444444444444444 0.6852791878172588
124 0.0024121999999999755 0 1 0.4444444444444444 0.6903553299492385
125 0.002789700000000006 0 0 0.4444444444444444 0.6903553299492385
126 0.002789999999999959 0 0 0.4444444444444444 0.6903553299492385
127 0.0022462999999999234 0 0 0.4444444444444444 0.6903553299492385
128 0.0024562000000000195 0 2 0.4444444444444444 0.700507614213198
129 0.0027325000000000266 1 0 0.45454545454545453 0.700507614213198
130 0.0038479999999999626 0 0 0.45454545454545453 0.700507614213198
131 0.0053699000000000385 0 1 0.45454545454545453 0.7055837563451777
132 0.003611000000000031 1 0 0.46464646464646464 0.7055837563451777
133 0.0037215999999999916 1 2 0.47474747474747475 0.7157360406091371
134 0.002544899999999961 0 0 0.47474747474747475 0.7157360406091371
135 0.002858999999999945 0 0 0.47474747474747475 0.7157360406091371
136 0.003167500000000101 0 1 0.47474747474747475 0.7208121827411168
137 0.00528150000000005 0 0 0.47474747474747475 0.7208121827411168
138 0.0028904000000000707 0 1 0.47474747474747475 0.7258883248730964
139 0.0044240000000000945 0 0 0.47474747474747475 0.7258883248730964
140 0.0025526999999999633 1 1 0.48484848484848486 0.7309644670050761
141 0.0033017999999999104 0 0 0.48484848484848486 0.7309644670050761
142 0.0046391999999999545 1 0 0.494949494949495 0.7309644670050761
143 0.002550700000000017 0 0 0.494949494949495 0.7309644670050761
144 0.0027854999999999963 0 0 0.494949494949495 0.7309644670050761
145 0.0028071999999998987 0 0 0.494949494949495 0.7309644670050761
146 0.0034351999999999716 1 1 0.5050505050505051 0.7360406091370558
147 0.0025209999999999955 0 0 0.5050505050505051 0.7360406091370558
148 0.0023361999999998995 0 0 0.5050505050505051 0.7360406091370558
149 0.004294800000000043 0 0 0.5050505050505051 0.7360406091370558
150 0.004197000000000006 1 0 0.5151515151515151 0.7360406091370558
151 0.0028087999999999447 0 0 0.5151515151515151 0.7360406091370558
152 0.0037426999999999877 0 1 0.5151515151515151 0.7411167512690355
153 0.002531599999999967 0 0 0.5151515151515151 0.7411167512690355
154 0.0023408000000000317 0 0 0.5151515151515151 0.7411167512690355
155 0.0029084999999999805 0 0 0.5151515151515151 0.7411167512690355
156 0.003180400000000083 0 0 0.5151515151515151 0.7411167512690355
157 0.0026450000000000085 0 0 0.5151515151515151 0.7411167512690355
158 0.0025384000000000517 0 0 0.5151515151515151 0.7411167512690355
159 0.0024498000000000575 1 0 0.5252525252525253 0.7411167512690355
160 0.002485700000000035 0 0 0.5252525252525253 0.7411167512690355
161 0.002691600000000016 1 0 0.5353535353535354 0.7411167512690355
162 0.002976599999999996 1 0 0.5454545454545454 0.7411167512690355
163 0.003059799999999946 0 1 0.5454545454545454 0.7461928934010152
164 0.0026190999999999853 0 0 0.5454545454545454 0.7461928934010152
165 0.002428899999999956 0 0 0.5454545454545454 0.7461928934010152
166 0.003550000000000053 0 0 0.5454545454545454 0.7461928934010152
167 0.002313400000000021 1 0 0.5555555555555556 0.7461928934010152
168 0.0026812999999999976 0 0 0.5555555555555556 0.7461928934010152
169 0.0026783000000000223 0 0 0.5555555555555556 0.7461928934010152
170 0.003864699999999943 0 0 0.5555555555555556 0.7461928934010152
171 0.002418200000000037 1 0 0.5656565656565656 0.7461928934010152
172 0.0027453000000000616 0 2 0.5656565656565656 0.7563451776649747
173 0.002954699999999977 0 1 0.5656565656565656 0.7614213197969543
174 0.003145199999999959 0 1 0.5656565656565656 0.766497461928934
175 0.0029570999999999348 0 0 0.5656565656565656 0.766497461928934
176 0.0035764999999999825 0 1 0.5656565656565656 0.7715736040609137
177 0.0026647000000000753 1 0 0.5757575757575758 0.7715736040609137
178 0.00266030000000006 0 0 0.5757575757575758 0.7715736040609137
179 0.0033066000000000484 1 1 0.5858585858585859 0.7766497461928934
180 0.0026966999999999963 0 0 0.5858585858585859 0.7766497461928934
181 0.0032676999999999845 0 0 0.5858585858585859 0.7766497461928934
182 0.002628899999999934 0 0 0.5858585858585859 0.7766497461928934
183 0.003154800000000013 0 0 0.5858585858585859 0.7766497461928934
184 0.0028196999999999806 0 0 0.5858585858585859 0.7766497461928934
185 0.003675299999999937 0 0 0.5858585858585859 0.7766497461928934
186 0.002766999999999964 1 0 0.5959595959595959 0.7766497461928934
187 0.003170200000000012 0 0 0.5959595959595959 0.7766497461928934
188 0.002651500000000029 0 0 0.5959595959595959 0.7766497461928934
189 0.002797999999999967 0 0 0.5959595959595959 0.7766497461928934
190 0.0027038999999999813 0 0 0.5959595959595959 0.7766497461928934
191 0.00288250000000001 0 0 0.5959595959595959 0.7766497461928934
192 0.0026519999999999877 0 0 0.5959595959595959 0.7766497461928934
193 0.0027350999999999903 1 0 0.6060606060606061 0.7766497461928934
194 0.003029199999999954 1 1 0.6161616161616161 0.7817258883248731
195 0.003916900000000001 0 0 0.6161616161616161 0.7817258883248731
196 0.002491800000000044 0 0 0.6161616161616161 0.7817258883248731
197 0.0028495999999998967 0 0 0.6161616161616161 0.7817258883248731
198 0.0030479999999999396 0 0 0.6161616161616161 0.7817258883248731
199 0.0031388999999999445 0 0 0.6161616161616161 0.7817258883248731
200 0.0024735000000000174 1 0 0.6262626262626263 0.7817258883248731
201 0.0026549000000000156 0 1 0.6262626262626263 0.7868020304568528
202 0.003528100000000034 0 1 0.6262626262626263 0.7918781725888325
203 0.0024604999999999766 0 0 0.6262626262626263 0.7918781725888325
204 0.0031229000000000395 0 0 0.6262626262626263 0.7918781725888325
205 0.0027053000000000216 0 0 0.6262626262626263 0.7918781725888325
206 0.003244099999999972 0 0 0.6262626262626263 0.7918781725888325
207 0.002603500000000092 1 0 0.6363636363636364 0.7918781725888325
208 0.002841699999999947 0 1 0.6363636363636364 0.7969543147208121
209 0.0031402999999999848 0 2 0.6363636363636364 0.8071065989847716
210 0.005782500000000024 1 0 0.6464646464646465 0.8071065989847716
211 0.004550700000000019 0 1 0.6464646464646465 0.8121827411167513
212 0.0029954999999999288 0 0 0.6464646464646465 0.8121827411167513
213 0.0029015999999999487 0 0 0.6464646464646465 0.8121827411167513
214 0.002484600000000059 1 0 0.6565656565656566 0.8121827411167513
215 0.0027494999999999603 1 1 0.6666666666666666 0.817258883248731
216 0.002845699999999951 1 1 0.6767676767676768 0.8223350253807107
217 0.0025378000000000345 0 0 0.6767676767676768 0.8223350253807107
218 0.003111500000000045 0 0 0.6767676767676768 0.8223350253807107
219 0.0038810000000000233 1 1 0.6868686868686869 0.8274111675126904
220 0.0027209999999999734 1 0 0.696969696969697 0.8274111675126904
221 0.002642800000000056 0 1 0.696969696969697 0.8324873096446701
222 0.004358500000000043 0 1 0.696969696969697 0.8375634517766497
223 0.002885399999999927 1 0 0.7070707070707071 0.8375634517766497
224 0.0026104000000000127 0 0 0.7070707070707071 0.8375634517766497
225 0.0027359000000000133 1 0 0.7171717171717171 0.8375634517766497
226 0.003927499999999973 0 0 0.7171717171717171 0.8375634517766497
227 0.0025296000000000207 0 0 0.7171717171717171 0.8375634517766497
228 0.003157999999999994 0 0 0.7171717171717171 0.8375634517766497
229 0.003357700000000019 1 0 0.7272727272727273 0.8375634517766497
230 0.002744299999999922 0 0 0.7272727272727273 0.8375634517766497
231 0.003225699999999998 0 0 0.7272727272727273 0.8375634517766497
232 0.0030054999999999943 0 0 0.7272727272727273 0.8375634517766497
233 0.0038572999999999524 0 0 0.7272727272727273 0.8375634517766497
234 0.0028494999999999493 1 1 0.7373737373737373 0.8426395939086294
235 0.0030900999999998735 1 0 0.7474747474747475 0.8426395939086294
236 0.003144100000000094 0 0 0.7474747474747475 0.8426395939086294
237 0.0028425999999999174 1 1 0.7575757575757576 0.8477157360406091
238 0.0027816000000000507 1 0 0.7676767676767676 0.8477157360406091
239 0.0028239000000001013 1 0 0.7777777777777778 0.8477157360406091
240 0.002908099999999969 0 0 0.7777777777777778 0.8477157360406091
241 0.002671300000000043 0 0 0.7777777777777778 0.8477157360406091
242 0.003063299999999991 0 1 0.7777777777777778 0.8527918781725888
243 0.002957199999999993 0 0 0.7777777777777778 0.8527918781725888
244 0.0030833999999999584 0 1 0.7777777777777778 0.8578680203045685
245 0.0029831000000000163 0 1 0.7777777777777778 0.8629441624365483
246 0.0033897999999998873 1 0 0.7878787878787878 0.8629441624365483
247 0.00294989999999995 0 1 0.7878787878787878 0.868020304568528
248 0.003359799999999913 0 1 0.7878787878787878 0.8730964467005076
249 0.002726799999999807 0 1 0.7878787878787878 0.8781725888324873
250 0.0029742999999999853 1 0 0.797979797979798 0.8781725888324873
251 0.004098500000000005 1 0 0.8080808080808081 0.8781725888324873
252 0.0029063999999998646 0 0 0.8080808080808081 0.8781725888324873
253 0.0030858999999998638 1 0 0.8181818181818182 0.8781725888324873
254 0.003928199999999826 1 1 0.8282828282828283 0.883248730964467
255 0.0026743000000000183 0 1 0.8282828282828283 0.8883248730964467
256 0.0029162000000000354 1 1 0.8383838383838383 0.8934010152284264
257 0.003328100000000056 1 0 0.8484848484848485 0.8934010152284264
258 0.003969999999999807 1 0 0.8585858585858586 0.8934010152284264
259 0.002790199999999965 0 0 0.8585858585858586 0.8934010152284264
260 0.0030343999999999927 0 1 0.8585858585858586 0.8984771573604061
261 0.0034217999999999194 1 0 0.8686868686868687 0.8984771573604061
262 0.0030719999999999636 0 0 0.8686868686868687 0.8984771573604061
263 0.002931000000000017 1 0 0.8787878787878788 0.8984771573604061
264 0.0033540999999999155 0 0 0.8787878787878788 0.8984771573604061
265 0.0027599000000000373 1 1 0.8888888888888888 0.9035532994923858
266 0.0030578000000001104 0 1 0.8888888888888888 0.9086294416243654
267 0.003132899999999994 0 1 0.8888888888888888 0.9137055837563451
268 0.005767299999999809 0 0 0.8888888888888888 0.9137055837563451
269 0.0030415999999999777 0 0 0.8888888888888888 0.9137055837563451
270 0.0036618000000001594 0 1 0.8888888888888888 0.9187817258883249
271 0.0031167999999999196 1 0 0.898989898989899 0.9187817258883249
272 0.0027367999999998727 0 0 0.898989898989899 0.9187817258883249
273 0.0033541000000001375 0 0 0.898989898989899 0.9187817258883249
274 0.0028974999999999973 0 1 0.898989898989899 0.9238578680203046
275 0.002945900000000057 1 0 0.9090909090909091 0.9238578680203046
276 0.0031833999999999474 1 0 0.9191919191919192 0.9238578680203046
277 0.004146899999999842 0 0 0.9191919191919192 0.9238578680203046
278 0.0027920000000001277 1 0 0.9292929292929293 0.9238578680203046
279 0.002962499999999979 1 1 0.9393939393939394 0.9289340101522843
280 0.0034175999999999096 0 0 0.9393939393939394 0.9289340101522843
281 0.0036922999999999817 0 0 0.9393939393939394 0.9289340101522843
282 0.003026799999999996 1 1 0.9494949494949495 0.934010152284264
283 0.003404399999999974 0 0 0.9494949494949495 0.934010152284264
284 0.003216600000000014 0 2 0.9494949494949495 0.9441624365482234
285 0.0030684999999999185 1 0 0.9595959595959596 0.9441624365482234
286 0.002840100000000012 1 2 0.9696969696969697 0.9543147208121827
287 0.00343530000000003 0 1 0.9696969696969697 0.9593908629441624
288 0.002963500000000119 0 0 0.9696969696969697 0.9593908629441624
289 0.003150199999999881 1 0 0.9797979797979798 0.9593908629441624
290 0.003182500000000088 0 0 0.9797979797979798 0.9593908629441624
291 0.0038237000000000965 0 0 0.9797979797979798 0.9593908629441624
292 0.0031175999999999426 1 0 0.98989898989899 0.9593908629441624
293 0.004613899999999838 1 1 1.0 0.9644670050761421
294 0.0031565000000000065 0 0 1.0 0.9644670050761421
295 0.0027877000000000596 0 0 1.0 0.9644670050761421
296 0.002808299999999875 0 0 1.0 0.9644670050761421
297 0.0031327999999999356 0 0 1.0 0.9644670050761421
298 0.002733100000000155 0 0 1.0 0.9644670050761421
299 0.004253199999999957 0 0 1.0 0.9644670050761421
300 0.004262299999999941 0 1 1.0 0.9695431472081218
301 0.003157199999999971 0 0 1.0 0.9695431472081218
302 0.0034803000000001028 0 0 1.0 0.9695431472081218
303 0.0033914999999999917 0 1 1.0 0.9746192893401016
304 0.004280400000000073 0 0 1.0 0.9746192893401016
305 0.0033586999999999367 0 0 1.0 0.9746192893401016
306 0.0035522999999999527 0 0 1.0 0.9746192893401016
307 0.0032365000000000865 0 0 1.0 0.9746192893401016
308 0.0032934999999998382 0 2 1.0 0.9847715736040609
309 0.00339849999999986 0 0 1.0 0.9847715736040609
310 0.002996600000000127 0 1 1.0 0.9898477157360406
311 0.0032679999999998266 0 0 1.0 0.9898477157360406
312 0.0034302999999999972 0 0 1.0 0.9898477157360406
313 0.003942600000000018 0 1 1.0 0.9949238578680203
314 0.0028079999999999217 0 0 1.0 0.9949238578680203
315 0.0034423999999999566 0 0 1.0 0.9949238578680203
316 0.00319960000000008 0 0 1.0 0.9949238578680203
317 0.0031679000000000013 0 1 1.0 1.0
