60 0.6 0.8
1 0.0012342999999999937 1 0 0.01694915254237288 0.5042735042735043
2 0.0011677000000000215 0 0 0.01694915254237288 0.5042735042735043
3 0.0012496999999999925 1 1 0.03389830508474576 0.5128205128205128
4 0.0021434999999999926 1 1 0.05084745762711865 0.5213675213675214
5 0.0025885999999999965 1 0 0.06779661016949153 0.5213675213675214
6 0.0019166999999999934 0 0 0.06779661016949153 0.5213675213675214
7 0.0018731000000000164 1 1 0.0847457627118644 0.5299145299145299
8 0.0019952000000000025 1 1 0.1016949152542373 0.5384615384615384
9 0.001937399999999978 0 0 0.1016949152542373 0.5384615384615384
10 0.0024553999999999965 1 0 0.11864406779661017 0.5384615384615384
11 0.0013556999999999875 1 3 0.13559322033898305 0.5641025641025641
12 0.0014259000000000077 1 1 0.15254237288135594 0.5726495726495726
13 0.001495200000000002 0 0 0.15254237288135594 0.5726495726495726
14 0.0019627000000000117 1 0 0.1694915254237288 0.5726495726495726
15 0.0028607999999999967 1 1 0.1864406779661017 0.5811965811965812
16 0.0017432000000000003 1 2 0.2033898305084746 0.5982905982905983
17 0.001976599999999995 1 1 0.22033898305084745 0.6068376068376068
18 0.0016549000000000147 1 1 0.23728813559322035 0.6153846153846154
19 0.0020024999999999626 1 1 0.2542372881355932 0.6239316239316239
20 0.0020629999999999815 1 1 0.2711864406779661 0.6324786324786325
21 0.0020995999999999793 1 1 0.288135593220339 0.6410256410256411
22 0.002619299999999991 1 1 0.3050847457627119 0.6495726495726496
23 0.0023156000000000287 1 1 0.3220338983050847 0.6581196581196581
24 0.0016175999999999968 1 1 0.3389830508474576 0.6666666666666666
25 0.003570999999999991 0 0 0.3389830508474576 0.6666666666666666
26 0.0016781000000000157 0 0 0.3389830508474576 0.6666666666666666
27 0.002098700000000009 1 1 0.3559322033898305 0.6752136752136753
28 0.001972699999999994 0 0 0.3559322033898305 0.6752136752136753
29 0.00192429999999999 0 0 0.3559322033898305 0.6752136752136753
30 0.002400699999999978 0 0 0.3559322033898305 0.6752136752136753
31 0.002910199999999974 0 0 0.3559322033898305 0.6752136752136753
32 0.0016146000000000216 1 0 0.3728813559322034 0.6752136752136753
33 0.0018449999999999855 0 0 0.3728813559322034 0.6752136752136753
34 0.0016513000000000222 1 2 0.3898305084745763 0.6923076923076923
35 0.0018882000000000065 1 1 0.4067796610169492 0.7008547008547008
36 0.0015846999999999944 1 0 0.423728813559322 0.7008547008547008
37 0.001773899999999995 0 0 0.423728813559322 0.7008547008547008
38 0.001567800000000008 0 0 0.423728813559322 0.7008547008547008
39 0.0016410000000000036 0 1 0.423728813559322 0.7094017094017094
40 0.0015141000000000182 1 1 0.4406779661016949 0.717948717948718
41 0.0017591000000000134 1 1 0.4576271186440678 0.7264957264957265
42 0.0015987000000000084 1 1 0.4745762711864407 0.7350427350427351
43 0.0015650000000000386 1 1 0.4915254237288136 0.7435897435897436
44 0.001621399999999995 0 0 0.4915254237288136 0.7435897435897436
45 0.0023101999999999845 1 0 0.5084745762711864 0.7435897435897436
46 0.0018315999999999888 0 1 0.5084745762711864 0.7521367521367521
47 0.0022964000000000317 0 0 0.5084745762711864 0.7521367521367521
48 0.0020234000000000085 1 0 0.5254237288135594 0.7521367521367521
49 0.0016939999999999733 1 2 0.5423728813559322 0.7692307692307693
50 0.0024131000000000014 1 1 0.559322033898305 0.7777777777777778
51 0.003181400000000001 0 0 0.559322033898305 0.7777777777777778
52 0.0017428999999999917 0 0 0.559322033898305 0.7777777777777778
53 0.0018205000000000027 1 1 0.576271186440678 0.7863247863247863
54 0.0017332000000000458 0 0 0.576271186440678 0.7863247863247863
55 0.0016069000000000222 1 1 0.5932203389830508 0.7948717948717948
56 0.002748399999999984 0 0 0.5932203389830508 0.7948717948717948
57 0.0017364000000000268 0 0 0.5932203389830508 0.7948717948717948
58 0.0015571999999999808 1 1 0.6101694915254238 0.8034188034188035
59 0.0016285000000000327 1 1 0.6271186440677966 0.811965811965812
60 0.004424300000000048 0 0 0.6271186440677966 0.811965811965812
61 0.004502599999999968 1 1 0.6440677966101694 0.8205128205128205
62 0.003588900000000006 1 0 0.6610169491525424 0.8205128205128205
63 0.0037962999999999747 1 1 0.6779661016949152 0.8290598290598291
64 0.001832300000000009 0 0 0.6779661016949152 0.8290598290598291
65 0.0043500000000000205 1 1 0.6949152542372882 0.8376068376068376
66 0.0019116000000000133 1 0 0.711864406779661 0.8376068376068376
67 0.001989899999999989 1 2 0.7288135593220338 0.8547008547008547
68 0.0020720000000000183 1 2 0.7457627118644068 0.8717948717948718
69 0.0020200000000000218 1 0 0.7627118644067796 0.8717948717948718
70 0.0019944000000000073 0 0 0.7627118644067796 0.8717948717948718
71 0.001731499999999997 0 1 0.7627118644067796 0.8803418803418803
72 0.0018041000000000307 1 0 0.7796610169491526 0.8803418803418803
73 0.003012999999999988 1 1 0.7966101694915254 0.8888888888888888
74 0.0018833999999999795 1 0 0.8135593220338984 0.8888888888888888
75 0.0018361000000000072 1 3 0.8305084745762712 0.9145299145299145
76 0.0025509000000000226 1 1 0.847457627118644 0.9230769230769231
77 0.003265800000000041 0 0 0.847457627118644 0.9230769230769231
78 0.0030201000000000255 1 1 0.864406779661017 0.9316239316239316
79 0.002159499999999981 1 1 0.8813559322033898 0.9401709401709402
80 0.002279100000000034 0 0 0.8813559322033898 0.9401709401709402
81 0.0037561999999999873 0 0 0.8813559322033898 0.9401709401709402
82 0.00255730000000004 1 1 0.8983050847457628 0.9487179487179487
83 0.0019924000000000053 1 1 0.9152542372881356 0.9572649572649573
84 0.001888700000000021 1 1 0.9322033898305084 0.9658119658119658
85 0.0019416999999999907 0 0 0.9322033898305084 0.9658119658119658
86 0.003210400000000002 0 0 0.9322033898305084 0.9658119658119658
87 0.0037635000000000307 1 1 0.9491525423728814 0.9743589743589743
88 0.0026768000000000347 1 1 0.9661016949152542 0.9829059829059829
89 0.0024324000000000012 0 0 0.9661016949152542 0.9829059829059829
90 0.003208500000000003 1 1 0.9830508474576272 0.9914529914529915
91 0.0018934999999999924 1 1 1.0 1.0
