50 0.9 0.7
1 0.001072500000000004 1 0 0.02040816326530612 0.5051546391752577
2 0.0009399999999999964 1 1 0.04081632653061224 0.5154639175257731
3 0.000990800000000014 1 1 0.061224489795918366 0.5257731958762887
4 0.0016754999999999964 1 1 0.08163265306122448 0.5360824742268041
5 0.0011958999999999997 1 1 0.10204081632653061 0.5463917525773195
6 0.0014566999999999775 1 0 0.12244897959183673 0.5463917525773195
7 0.0012167999999999901 0 1 0.12244897959183673 0.5567010309278351
8 0.0012156000000000111 1 0 0.14285714285714285 0.5567010309278351
9 0.0011759000000000075 1 2 0.16326530612244897 0.5773195876288659
10 0.0010545000000000138 1 0 0.1836734693877551 0.5773195876288659
11 0.0010681000000000163 1 2 0.20408163265306123 0.5979381443298969
12 0.0012447000000000152 1 1 0.22448979591836735 0.6082474226804123
13 0.0012898000000000076 1 1 0.24489795918367346 0.6185567010309279
14 0.0021395000000000164 1 0 0.2653061224489796 0.6185567010309279
15 0.001298699999999986 0 0 0.2653061224489796 0.6185567010309279
16 0.0012589000000000072 1 2 0.2857142857142857 0.6391752577319587
17 0.0013037999999999939 1 0 0.30612244897959184 0.6391752577319587
18 0.001451099999999983 1 2 0.32653061224489793 0.6597938144329897
19 0.0014755999999999936 1 1 0.3469387755102041 0.6701030927835051
20 0.001432700000000009 1 0 0.3673469387755102 0.6701030927835051
21 0.0013293999999999806 1 1 0.3877551020408163 0.6804123711340206
22 0.001797999999999994 1 1 0.40816326530612246 0.6907216494845361
23 0.001799999999999996 1 2 0.42857142857142855 0.711340206185567
24 0.0013639999999999763 1 0 0.4489795918367347 0.711340206185567
25 0.001418500000000017 1 0 0.46938775510204084 0.711340206185567
26 0.0020172999999999996 1 3 0.4897959183673469 0.7422680412371134
27 0.0016831999999999958 1 1 0.5102040816326531 0.7525773195876289
28 0.00144660000000002 1 1 0.5306122448979592 0.7628865979381443
29 0.0014253999999999656 1 0 0.5510204081632653 0.7628865979381443
30 0.0021596999999999866 1 1 0.5714285714285714 0.7731958762886598
31 0.00141659999999999 1 1 0.5918367346938775 0.7835051546391752
32 0.0013981999999999606 1 1 0.6122448979591837 0.7938144329896907
33 0.002193400000000012 1 1 0.6326530612244898 0.8041237113402062
34 0.00245289999999998 1 1 0.6530612244897959 0.8144329896907216
35 0.0022350000000000425 0 0 0.6530612244897959 0.8144329896907216
36 0.001579399999999953 1 1 0.673469387755102 0.8247422680412371
37 0.0015492999999999757 1 1 0.6938775510204082 0.8350515463917526
38 0.0015154 1 1 0.7142857142857143 0.845360824742268
39 0.0014580999999999622 1 2 0.7346938775510204 0.865979381443299
40 0.002101400000000031 1 0 0.7551020408163265 0.865979381443299
41 0.0020621999999999585 0 1 0.7551020408163265 0.8762886597938144
42 0.0017544999999999922 1 1 0.7755102040816326 0.8865979381443299
43 0.0016865999999999826 1 1 0.7959183673469388 0.8969072164948454
44 0.0023682000000000425 1 1 0.8163265306122449 0.9072164948453608
45 0.0020360000000000378 1 0 0.8367346938775511 0.9072164948453608
46 0.0017088000000000103 1 2 0.8571428571428571 0.9278350515463918
47 0.003310399999999991 1 1 0.8775510204081632 0.9381443298969072
48 0.0016679 1 1 0.8979591836734694 0.9484536082474226
49 0.0020318999999999754 1 1 0.9183673469387755 0.9587628865979382
50 0.0020354000000000205 1 0 0.9387755102040817 0.9587628865979382
51 0.002305400000000013 1 1 0.9591836734693877 0.9690721649484536
52 0.0018854999999999844 1 2 0.9795918367346939 0.9896907216494846
53 0.001815100000000014 1 1 1.0 1.0
