140 0.4 0.5
1 0.0031354000000000104 0 0 0.0 0.5018050541516246
2 0.002814800000000006 1 0 0.007194244604316547 0.5018050541516246
3 0.0027204000000000117 0 0 0.007194244604316547 0.5018050541516246
4 0.0028557000000000166 0 0 0.007194244604316547 0.5018050541516246
5 0.0027134000000000325 1 0 0.014388489208633094 0.5018050541516246
6 0.002777300000000038 0 0 0.014388489208633094 0.5018050541516246
7 0.002737199999999995 0 0 0.014388489208633094 0.5018050541516246
8 0.002914400000000039 0 0 0.014388489208633094 0.5018050541516246
9 0.002740100000000023 1 0 0.02158273381294964 0.5018050541516246
10 0.0028803000000000023 0 0 0.02158273381294964 0.5018050541516246
11 0.0027734999999999843 0 1 0.02158273381294964 0.5054151624548736
12 0.0027316000000000007 0 0 0.02158273381294964 0.5054151624548736
13 0.002784700000000029 0 1 0.02158273381294964 0.5090252707581228
14 0.0027871999999999897 1 1 0.02877697841726619 0.5126353790613718
15 0.002859200000000006 0 0 0.02877697841726619 0.5126353790613718
16 0.0027258000000000004 0 0 0.02877697841726619 0.5126353790613718
17 0.004059499999999994 0 0 0.02877697841726619 0.5126353790613718
18 0.004032499999999994 1 1 0.03597122302158273 0.516245487364621
19 0.004037000000000013 0 0 0.03597122302158273 0.516245487364621
20 0.003990699999999958 0 0 0.03597122302158273 0.516245487364621
21 0.0027712999999999766 0 0 0.03597122302158273 0.516245487364621
22 0.0027480999999999756 0 0 0.03597122302158273 0.516245487364621
23 0.002917700000000023 0 0 0.03597122302158273 0.516245487364621
24 0.0027861000000000136 1 1 0.04316546762589928 0.51985559566787
25 0.0027883999999999687 0 0 0.04316546762589928 0.51985559566787
26 0.0029599000000000153 0 0 0.04316546762589928 0.51985559566787
27 0.002795600000000009 1 0 0.050359712230215826 0.51985559566787
28 0.002797999999999967 1 1 0.05755395683453238 0.5234657039711191
29 0.002809600000000023 0 0 0.05755395683453238 0.5234657039711191
30 0.0027928000000000397 1 0 0.06474820143884892 0.5234657039711191
31 0.0028409999999999824 1 0 0.07194244604316546 0.5234657039711191
32 0.0027525000000000466 0 0 0.07194244604316546 0.5234657039711191
33 0.0029218999999999773 1 1 0.07913669064748201 0.5270758122743683
34 0.0028376999999999986 1 0 0.08633093525179857 0.5270758122743683
35 0.002980000000000038 0 1 0.08633093525179857 0.5306859205776173
36 0.0028224000000000027 1 0 0.09352517985611511 0.5306859205776173
37 0.0030878999999999768 0 1 0.09352517985611511 0.5342960288808665
38 0.002926800000000007 1 2 0.10071942446043165 0.5415162454873647
39 0.002854499999999982 1 0 0.1079136690647482 0.5415162454873647
40 0.003265999999999991 0 0 0.1079136690647482 0.5415162454873647
41 0.0028629000000000016 0 0 0.1079136690647482 0.5415162454873647
42 0.0032854999999999968 0 1 0.1079136690647482 0.5451263537906137
43 0.002852100000000024 0 0 0.1079136690647482 0.5451263537906137
44 0.002910299999999977 1 2 0.11510791366906475 0.5523465703971119
45 0.0031735999999999986 0 0 0.11510791366906475 0.5523465703971119
46 0.0029105999999999854 0 0 0.11510791366906475 0.5523465703971119
47 0.003205599999999975 0 0 0.11510791366906475 0.5523465703971119
48 0.002937499999999982 0 1 0.11510791366906475 0.555956678700361
49 0.0029569999999999874 1 0 0.1223021582733813 0.555956678700361
50 0.0030639000000000083 0 1 0.1223021582733813 0.5595667870036101
51 0.0029254000000000224 1 0 0.12949640287769784 0.5595667870036101
52 0.004209100000000021 1 1 0.1366906474820144 0.5631768953068592
53 0.0031547999999999576 1 1 0.14388489208633093 0.5667870036101083
54 0.003191400000000011 0 1 0.14388489208633093 0.5703971119133574
55 0.0032471000000000028 0 0 0.14388489208633093 0.5703971119133574
56 0.0029669999999999974 0 0 0.14388489208633093 0.5703971119133574
57 0.0029295000000000293 1 0 0.1510791366906475 0.5703971119133574
58 0.0029812999999999645 1 1 0.15827338129496402 0.5740072202166066
59 0.0030071999999999877 0 0 0.15827338129496402 0.5740072202166066
60 0.0030679000000000123 0 0 0.15827338129496402 0.5740072202166066
61 0.003333399999999931 0 0 0.15827338129496402 0.5740072202166066
62 0.0031063999999999536 0 1 0.15827338129496402 0.5776173285198556
63 0.002975300000000014 1 1 0.16546762589928057 0.5812274368231047
64 0.0029886999999999553 0 0 0.16546762589928057 0.5812274368231047
65 0.0029557000000000055 1 1 0.17266187050359713 0.5848375451263538
66 0.0032286999999999733 0 0 0.17266187050359713 0.5848375451263538
67 0.0033503000000000283 0 0 0.17266187050359713 0.5848375451263538
68 0.0029662999999999773 1 0 0.17985611510791366 0.5848375451263538
69 0.003108400000000011 1 1 0.18705035971223022 0.5884476534296029
70 0.0031647999999999676 0 0 0.18705035971223022 0.5884476534296029
71 0.0030306999999999418 0 0 0.18705035971223022 0.5884476534296029
72 0.0032954000000000594 0 0 0.18705035971223022 0.5884476534296029
73 0.0029472000000000387 0 0 0.18705035971223022 0.5884476534296029
74 0.003409400000000007 0 1 0.18705035971223022 0.592057761732852
75 0.0029776000000000247 1 0 0.19424460431654678 0.592057761732852
76 0.003021099999999999 0 0 0.19424460431654678 0.592057761732852
77 0.0029772999999999605 1 1 0.2014388489208633 0.5956678700361011
78 0.003165699999999938 1 0 0.20863309352517986 0.5956678700361011
79 0.003524599999999989 1 1 0.2158273381294964 0.5992779783393501
80 0.0031601999999999464 1 1 0.22302158273381295 0.6028880866425993
81 0.003072300000000028 0 0 0.22302158273381295 0.6028880866425993
82 0.0030922999999999368 0 0 0.22302158273381295 0.6028880866425993
83 0.0031406999999999963 1 2 0.2302158273381295 0.6101083032490975
84 0.003377399999999975 1 2 0.23741007194244604 0.6173285198555957
85 0.003432600000000008 0 0 0.23741007194244604 0.6173285198555957
86 0.003116300000000072 0 0 0.23741007194244604 0.6173285198555957
87 0.0031166999999999723 0 0 0.23741007194244604 0.6173285198555957
88 0.0031177999999999484 0 0 0.23741007194244604 0.6173285198555957
89 0.0034143000000000923 0 0 0.23741007194244604 0.6173285198555957
90 0.003109200000000034 0 0 0.23741007194244604 0.6173285198555957
91 0.003663899999999942 0 0 0.23741007194244604 0.6173285198555957
92 0.0035175000000000622 0 0 0.23741007194244604 0.6173285198555957
93 0.0033370999999999817 0 0 0.23741007194244604 0.6173285198555957
94 0.003075300000000003 1 0 0.2446043165467626 0.6173285198555957
95 0.003126199999999968 1 2 0.2517985611510791 0.6245487364620939
96 0.0031133000000000965 0 0 0.2517985611510791 0.6245487364620939
97 0.0030675000000000008 0 0 0.2517985611510791 0.6245487364620939
98 0.003131800000000018 1 0 0.2589928057553957 0.6245487364620939
99 0.003350200000000081 0 0 0.2589928057553957 0.6245487364620939
100 0.0030609999999999804 0 1 0.2589928057553957 0.628158844765343
101 0.003173400000000104 0 0 0.2589928057553957 0.628158844765343
102 0.003057200000000093 0 0 0.2589928057553957 0.628158844765343
103 0.0032978000000000174 0 0 0.2589928057553957 0.628158844765343
104 0.0033804999999998975 1 1 0.26618705035971224 0.631768953068592
105 0.0034129999999999994 1 0 0.2733812949640288 0.631768953068592
106 0.0031069000000000235 1 0 0.2805755395683453 0.631768953068592
107 0.0031288000000000427 0 0 0.2805755395683453 0.631768953068592
108 0.00311259999999991 0 0 0.2805755395683453 0.631768953068592
109 0.003524899999999942 1 1 0.28776978417266186 0.6353790613718412
110 0.003516599999999981 1 1 0.2949640287769784 0.6389891696750902
111 0.0033260999999999985 0 0 0.2949640287769784 0.6389891696750902
112 0.0031596999999999875 0 0 0.2949640287769784 0.6389891696750902
113 0.0033713999999999134 0 0 0.2949640287769784 0.6389891696750902
114 0.003396900000000036 1 1 0.302158273381295 0.6425992779783394
115 0.0036121999999999543 0 1 0.302158273381295 0.6462093862815884
116 0.0034987000000000767 0 0 0.302158273381295 0.6462093862815884
117 0.0035216000000000136 0 0 0.302158273381295 0.6462093862815884
118 0.003373399999999971 0 1 0.302158273381295 0.6498194945848376
119 0.003629400000000005 0 0 0.302158273381295 0.6498194945848376
120 0.0032721 0 0 0.302158273381295 0.6498194945848376
121 0.003220099999999948 1 0 0.30935251798561153 0.6498194945848376
122 0.003256900000000007 1 1 0.31654676258992803 0.6534296028880866
123 0.0034933000000000325 1 1 0.3237410071942446 0.6570397111913358
124 0.0033790999999999682 1 0 0.33093525179856115 0.6570397111913358
125 0.003290200000000021 0 0 0.33093525179856115 0.6570397111913358
126 0.003377700000000039 1 2 0.3381294964028777 0.6642599277978339
127 0.0035711999999999966 0 0 0.3381294964028777 0.6642599277978339
128 0.0032004999999999395 0 1 0.3381294964028777 0.6678700361010831
129 0.0035528000000000226 0 0 0.3381294964028777 0.6678700361010831
130 0.00329579999999996 0 0 0.3381294964028777 0.6678700361010831
131 0.0034423000000000092 0 0 0.3381294964028777 0.6678700361010831
132 0.0032874999999999988 1 0 0.34532374100719426 0.6678700361010831
133 0.0034604999999999775 0 1 0.34532374100719426 0.6714801444043321
134 0.003199799999999975 0 0 0.34532374100719426 0.6714801444043321
135 0.0032367999999999286 0 0 0.34532374100719426 0.6714801444043321
136 0.0033434999999999437 0 0 0.34532374100719426 0.6714801444043321
137 0.003298200000000029 1 0 0.35251798561151076 0.6714801444043321
138 0.0031806999999999253 0 0 0.35251798561151076 0.6714801444043321
139 0.0032969999999999944 1 2 0.3597122302158273 0.6787003610108303
140 0.0032384000000000857 0 0 0.3597122302158273 0.6787003610108303
141 0.0032819000000000598 1 0 0.3669064748201439 0.6787003610108303
142 0.003182999999999936 0 0 0.3669064748201439 0.6787003610108303
143 0.0032681999999999434 0 0 0.3669064748201439 0.6787003610108303
144 0.004778100000000007 0 0 0.3669064748201439 0.6787003610108303
145 0.004678300000000024 0 0 0.3669064748201439 0.6787003610108303
146 0.004883400000000093 1 2 0.37410071942446044 0.6859205776173285
147 0.004566999999999988 0 0 0.37410071942446044 0.6859205776173285
148 0.0046678 0 0 0.37410071942446044 0.6859205776173285
149 0.004736700000000038 1 1 0.381294964028777 0.6895306859205776
150 0.004837700000000056 1 0 0.38848920863309355 0.6895306859205776
151 0.004779300000000042 0 0 0.38848920863309355 0.6895306859205776
152 0.005823399999999923 0 0 0.38848920863309355 0.6895306859205776
153 0.003576899999999994 1 1 0.39568345323741005 0.6931407942238267
154 0.003719299999999981 0 1 0.39568345323741005 0.6967509025270758
155 0.0035585999999999673 1 0 0.4028776978417266 0.6967509025270758
156 0.0036623999999999546 1 1 0.41007194244604317 0.7003610108303249
157 0.003822800000000015 0 0 0.41007194244604317 0.7003610108303249
158 0.0038391999999999316 0 0 0.41007194244604317 0.7003610108303249
159 0.003496100000000002 0 0 0.41007194244604317 0.7003610108303249
160 0.0033474000000000004 0 1 0.41007194244604317 0.703971119133574
161 0.003477999999999981 0 0 0.41007194244604317 0.703971119133574
162 0.003319599999999978 1 1 0.4172661870503597 0.7075812274368231
163 0.0034832000000000196 0 0 0.4172661870503597 0.7075812274368231
164 0.0037397000000000125 0 0 0.4172661870503597 0.7075812274368231
165 0.0034387000000000167 1 1 0.4244604316546763 0.7111913357400722
166 0.0037858999999998977 0 0 0.4244604316546763 0.7111913357400722
167 0.003471800000000025 1 0 0.4316546762589928 0.7111913357400722
168 0.0035397000000000345 0 0 0.4316546762589928 0.7111913357400722
169 0.0033755000000000868 0 0 0.4316546762589928 0.7111913357400722
170 0.0035543000000000102 1 1 0.43884892086330934 0.7148014440433214
171 0.003463000000000105 1 2 0.4460431654676259 0.7220216606498195
172 0.003613700000000053 1 1 0.45323741007194246 0.7256317689530686
173 0.003743300000000005 1 1 0.460431654676259 0.7292418772563177
174 0.0033901000000000625 1 1 0.4676258992805755 0.7328519855595668
175 0.0036287000000000402 1 1 0.4748201438848921 0.7364620938628159
176 0.0038231999999999156 0 0 0.4748201438848921 0.7364620938628159
177 0.0036015000000000352 0 0 0.4748201438848921 0.7364620938628159
178 0.003616399999999964 0 0 0.4748201438848921 0.7364620938628159
179 0.003710199999999997 1 0 0.48201438848920863 0.7364620938628159
180 0.0035195000000000087 0 0 0.48201438848920863 0.7364620938628159
181 0.0035965000000000025 0 0 0.48201438848920863 0.7364620938628159
182 0.003437699999999988 0 0 0.48201438848920863 0.7364620938628159
183 0.0033583999999999836 0 0 0.48201438848920863 0.7364620938628159
184 0.003528899999999946 1 0 0.4892086330935252 0.7364620938628159
185 0.0037385999999999253 1 2 0.49640287769784175 0.7436823104693141
186 0.0035574999999999912 0 1 0.49640287769784175 0.7472924187725631
187 0.003952000000000067 1 1 0.5035971223021583 0.7509025270758123
188 0.0034894999999999232 0 0 0.5035971223021583 0.7509025270758123
189 0.003488400000000058 1 0 0.5107913669064749 0.7509025270758123
190 0.0039117000000000735 0 0 0.5107913669064749 0.7509025270758123
191 0.003677699999999895 1 0 0.5179856115107914 0.7509025270758123
192 0.003947600000000051 1 1 0.5251798561151079 0.7545126353790613
193 0.0035416000000001446 1 1 0.5323741007194245 0.7581227436823105
194 0.003512900000000041 1 2 0.539568345323741 0.7653429602888087
195 0.0034705999999999904 0 0 0.539568345323741 0.7653429602888087
196 0.0035819000000001378 0 0 0.539568345323741 0.7653429602888087
197 0.0035859000000000307 0 0 0.539568345323741 0.7653429602888087
198 0.0035426999999998987 1 0 0.5467625899280576 0.7653429602888087
199 0.0038773000000000835 1 0 0.5539568345323741 0.7653429602888087
200 0.003750799999999943 0 2 0.5539568345323741 0.7725631768953068
201 0.0035244999999999305 0 0 0.5539568345323741 0.7725631768953068
202 0.0035632000000000996 0 0 0.5539568345323741 0.7725631768953068
203 0.003557199999999927 1 1 0.5611510791366906 0.776173285198556
204 0.003433699999999984 0 0 0.5611510791366906 0.776173285198556
205 0.0036898999999999127 1 1 0.5683453237410072 0.779783393501805
206 0.003538199999999936 0 0 0.5683453237410072 0.779783393501805
207 0.0036338000000000203 0 0 0.5683453237410072 0.779783393501805
208 0.0036492999999999665 0 0 0.5683453237410072 0.779783393501805
209 0.0037012999999999074 0 0 0.5683453237410072 0.779783393501805
210 0.0037827000000001387 0 0 0.5683453237410072 0.779783393501805
211 0.004012400000000138 1 0 0.5755395683453237 0.779783393501805
212 0.0037104000000001136 1 0 0.5827338129496403 0.779783393501805
213 0.003634499999999985 0 0 0.5827338129496403 0.779783393501805
214 0.0035935999999998636 1 0 0.5899280575539568 0.779783393501805
215 0.0037509000000000015 0 1 0.5899280575539568 0.7833935018050542
216 0.003596600000000061 0 1 0.5899280575539568 0.7870036101083032
217 0.0037205000000000155 0 1 0.5899280575539568 0.7906137184115524
218 0.0036971000000001197 0 0 0.5899280575539568 0.7906137184115524
219 0.0036371000000001708 1 1 0.5971223021582733 0.7942238267148014
220 0.0034772999999999055 0 0 0.5971223021582733 0.7942238267148014
221 0.0035423999999999456 0 0 0.5971223021582733 0.7942238267148014
222 0.0035959000000000962 0 0 0.5971223021582733 0.7942238267148014
223 0.0035959999999999326 1 0 0.60431654676259 0.7942238267148014
224 0.0036052999999998114 0 2 0.60431654676259 0.8014440433212996
225 0.003744699999999934 1 0 0.6115107913669064 0.8014440433212996
226 0.00421180000000021 0 0 0.6115107913669064 0.8014440433212996
227 0.004133100000000001 0 0 0.6115107913669064 0.8014440433212996
228 0.004172099999999901 0 0 0.6115107913669064 0.8014440433212996
229 0.003715099999999971 0 0 0.6115107913669064 0.8014440433212996
230 0.0036396999999999124 1 2 0.6187050359712231 0.8086642599277978
231 0.003577399999999953 0 0 0.6187050359712231 0.8086642599277978
232 0.0036359999999999726 0 0 0.6187050359712231 0.8086642599277978
233 0.003595600000000143 0 0 0.6187050359712231 0.8086642599277978
234 0.003625499999999837 1 0 0.6258992805755396 0.8086642599277978
235 0.0037401999999999713 0 0 0.6258992805755396 0.8086642599277978
236 0.0037793999999999883 1 1 0.6330935251798561 0.8122743682310469
237 0.0036437000000000275 0 0 0.6330935251798561 0.8122743682310469
238 0.003676699999999977 1 0 0.6402877697841727 0.8122743682310469
239 0.0039413000000001475 0 1 0.6402877697841727 0.8158844765342961
240 0.0036731000000000957 1 0 0.6474820143884892 0.8158844765342961
241 0.0036785999999999763 0 1 0.6474820143884892 0.8194945848375451
242 0.0036884999999999835 0 1 0.6474820143884892 0.8231046931407943
243 0.0037818999999998937 0 0 0.6474820143884892 0.8231046931407943
244 0.003660400000000008 1 0 0.6546762589928058 0.8231046931407943
245 0.003712900000000019 0 0 0.6546762589928058 0.8231046931407943
246 0.003696900000000003 0 0 0.6546762589928058 0.8231046931407943
247 0.003643800000000086 1 0 0.6618705035971223 0.8231046931407943
248 0.0037437000000000165 0 0 0.6618705035971223 0.8231046931407943
249 0.005438999999999972 0 0 0.6618705035971223 0.8231046931407943
250 0.00539540000000005 1 1 0.6690647482014388 0.8267148014440433
251 0.005291799999999958 0 0 0.6690647482014388 0.8267148014440433
252 0.005241499999999899 0 0 0.6690647482014388 0.8267148014440433
253 0.003783599999999998 0 0 0.6690647482014388 0.8267148014440433
254 0.0037058999999999287 0 0 0.6690647482014388 0.8267148014440433
255 0.003639799999999971 0 1 0.6690647482014388 0.8303249097472925
256 0.003662000000000054 0 0 0.6690647482014388 0.8303249097472925
257 0.0038658000000000303 0 0 0.6690647482014388 0.8303249097472925
258 0.0037840000000000096 0 0 0.6690647482014388 0.8303249097472925
259 0.0037720000000001086 0 1 0.6690647482014388 0.8339350180505415
260 0.003961799999999904 1 0 0.6762589928057554 0.8339350180505415
261 0.003675800000000118 0 0 0.6762589928057554 0.8339350180505415
262 0.0036849999999999383 1 0 0.6834532374100719 0.8339350180505415
263 0.003781999999999952 1 0 0.6906474820143885 0.8339350180505415
264 0.0037196999999999925 0 0 0.6906474820143885 0.8339350180505415
265 0.004018099999999913 1 1 0.697841726618705 0.8375451263537906
266 0.004134899999999941 0 0 0.697841726618705 0.8375451263537906
267 0.003817700000000146 1 1 0.7050359712230215 0.8411552346570397
268 0.0038028999999999424 1 2 0.7122302158273381 0.8483754512635379
269 0.004372299999999996 1 1 0.7194244604316546 0.851985559566787
270 0.0037538999999999767 0 1 0.7194244604316546 0.855595667870036
271 0.0038000000000000256 1 1 0.7266187050359713 0.8592057761732852
272 0.0038019000000000247 1 1 0.7338129496402878 0.8628158844765343
273 0.0038713999999999693 1 1 0.7410071942446043 0.8664259927797834
274 0.003788099999999961 0 0 0.7410071942446043 0.8664259927797834
275 0.003921999999999981 0 1 0.7410071942446043 0.8700361010830325
276 0.003850299999999862 0 0 0.7410071942446043 0.8700361010830325
277 0.004255899999999979 1 0 0.7482014388489209 0.8700361010830325
278 0.003905200000000164 0 0 0.7482014388489209 0.8700361010830325
279 0.003939600000000043 0 0 0.7482014388489209 0.8700361010830325
280 0.0039023999999998615 1 1 0.7553956834532374 0.8736462093862816
281 0.0039671999999999485 1 0 0.762589928057554 0.8736462093862816
282 0.003980199999999989 0 0 0.762589928057554 0.8736462093862816
283 0.004050700000000074 0 1 0.762589928057554 0.8772563176895307
284 0.003792400000000029 1 0 0.7697841726618705 0.8772563176895307
285 0.0044112000000000595 1 3 0.7769784172661871 0.8880866425992779
286 0.003993899999999995 1 1 0.7841726618705036 0.8916967509025271
287 0.0039040000000001296 0 0 0.7841726618705036 0.8916967509025271
288 0.003895299999999935 0 0 0.7841726618705036 0.8916967509025271
289 0.003921000000000063 0 0 0.7841726618705036 0.8916967509025271
290 0.004518500000000092 0 0 0.7841726618705036 0.8916967509025271
291 0.00391700000000017 0 0 0.7841726618705036 0.8916967509025271
292 0.0039013000000001075 0 0 0.7841726618705036 0.8916967509025271
293 0.0041615999999999875 0 0 0.7841726618705036 0.8916967509025271
294 0.004133900000000024 1 1 0.7913669064748201 0.8953068592057761
295 0.004052500000000014 0 0 0.7913669064748201 0.8953068592057761
296 0.003880100000000164 0 0 0.7913669064748201 0.8953068592057761
297 0.003937200000000196 1 0 0.7985611510791367 0.8953068592057761
298 0.003996000000000111 0 0 0.7985611510791367 0.8953068592057761
299 0.003993000000000135 1 1 0.8057553956834532 0.8989169675090253
300 0.004242300000000032 0 1 0.8057553956834532 0.9025270758122743
301 0.003929400000000083 0 0 0.8057553956834532 0.9025270758122743
302 0.003918199999999983 1 1 0.8129496402877698 0.9061371841155235
303 0.003890000000000171 0 0 0.8129496402877698 0.9061371841155235
304 0.0038666000000000533 0 0 0.8129496402877698 0.9061371841155235
305 0.004116700000000195 0 0 0.8129496402877698 0.9061371841155235
306 0.003967799999999855 0 0 0.8129496402877698 0.9061371841155235
307 0.003991499999999926 0 0 0.8129496402877698 0.9061371841155235
308 0.0039343999999998935 0 0 0.8129496402877698 0.9061371841155235
309 0.0039124999999999854 1 1 0.8201438848920863 0.9097472924187726
310 0.003991300000000031 0 0 0.8201438848920863 0.9097472924187726
311 0.0038808000000001286 0 0 0.8201438848920863 0.9097472924187726
312 0.004022999999999888 0 0 0.8201438848920863 0.9097472924187726
313 0.0041487999999998415 0 0 0.8201438848920863 0.9097472924187726
314 0.00389980000000012 1 0 0.8273381294964028 0.9097472924187726
315 0.004083800000000082 1 1 0.8345323741007195 0.9133574007220217
316 0.003917799999999971 1 0 0.841726618705036 0.9133574007220217
317 0.0038703999999998295 0 0 0.841726618705036 0.9133574007220217
318 0.004319799999999985 0 1 0.841726618705036 0.9169675090252708
319 0.00460869999999991 0 1 0.841726618705036 0.9205776173285198
320 0.004039899999999985 1 1 0.8489208633093526 0.924187725631769
321 0.003995399999999982 0 0 0.8489208633093526 0.924187725631769
322 0.00414099999999995 0 0 0.8489208633093526 0.924187725631769
323 0.0039301000000000474 0 0 0.8489208633093526 0.924187725631769
324 0.0044352000000000835 0 0 0.8489208633093526 0.924187725631769
325 0.004162499999999847 0 0 0.8489208633093526 0.924187725631769
326 0.004175700000000004 0 0 0.8489208633093526 0.924187725631769
327 0.004469699999999799 1 0 0.8561151079136691 0.924187725631769
328 0.0046383999999999315 1 2 0.8633093525179856 0.9314079422382672
329 0.0040901000000002075 0 0 0.8633093525179856 0.9314079422382672
330 0.004120399999999913 0 0 0.8633093525179856 0.9314079422382672
331 0.004144200000000042 0 0 0.8633093525179856 0.9314079422382672
332 0.004323399999999866 0 0 0.8633093525179856 0.9314079422382672
333 0.00441389999999986 0 0 0.8633093525179856 0.9314079422382672
334 0.0047200000000000575 0 0 0.8633093525179856 0.9314079422382672
335 0.0041462000000001 0 0 0.8633093525179856 0.9314079422382672
336 0.004564099999999849 1 1 0.8705035971223022 0.9350180505415162
337 0.004850099999999857 0 0 0.8705035971223022 0.9350180505415162
338 0.004205099999999851 1 0 0.8776978417266187 0.9350180505415162
339 0.004230599999999862 0 0 0.8776978417266187 0.9350180505415162
340 0.004641700000000082 1 0 0.8848920863309353 0.9350180505415162
341 0.0040781000000000844 0 0 0.8848920863309353 0.9350180505415162
342 0.004815799999999815 1 0 0.8920863309352518 0.9350180505415162
343 0.004838200000000015 1 1 0.8992805755395683 0.9386281588447654
344 0.004606899999999969 1 0 0.9064748201438849 0.9386281588447654
345 0.004268999999999856 0 1 0.9064748201438849 0.9422382671480144
346 0.004501899999999948 0 0 0.9064748201438849 0.9422382671480144
347 0.0045079999999999565 0 1 0.9064748201438849 0.9458483754512635
348 0.004459800000000014 0 0 0.9064748201438849 0.9458483754512635
349 0.004106600000000071 1 1 0.9136690647482014 0.9494584837545126
350 0.004522499999999985 0 0 0.9136690647482014 0.9494584837545126
351 0.004194699999999996 0 1 0.9136690647482014 0.9530685920577617
352 0.004512300000000025 0 1 0.9136690647482014 0.9566787003610109
353 0.004033100000000012 0 0 0.9136690647482014 0.9566787003610109
354 0.004324899999999854 0 0 0.9136690647482014 0.9566787003610109
355 0.004986600000000063 1 0 0.920863309352518 0.9566787003610109
356 0.003993000000000135 0 0 0.920863309352518 0.9566787003610109
357 0.004069099999999937 0 0 0.920863309352518 0.9566787003610109
358 0.004143400000000019 0 1 0.920863309352518 0.9602888086642599
359 0.004100200000000109 0 0 0.920863309352518 0.9602888086642599
360 0.004127500000000062 0 0 0.920863309352518 0.9602888086642599
361 0.004241099999999998 0 0 0.920863309352518 0.9602888086642599
362 0.004883199999999865 1 1 0.9280575539568345 0.9638989169675091
363 0.004140699999999997 1 0 0.935251798561151 0.9638989169675091
364 0.00456970000000001 0 1 0.935251798561151 0.9675090252707581
365 0.00483699999999998 0 0 0.935251798561151 0.9675090252707581
366 0.0041016000000000385 0 0 0.935251798561151 0.9675090252707581
367 0.004506700000000086 0 0 0.935251798561151 0.9675090252707581
368 0.004827899999999996 0 0 0.935251798561151 0.9675090252707581
369 0.004768399999999895 1 1 0.9424460431654677 0.9711191335740073
370 0.004412099999999919 0 0 0.9424460431654677 0.9711191335740073
371 0.0045512000000000885 0 0 0.9424460431654677 0.9711191335740073
372 0.004898300000000022 1 1 0.9496402877697842 0.9747292418772563
373 0.004306799999999944 1 1 0.9568345323741008 0.9783393501805054
374 0.004496499999999903 0 0 0.9568345323741008 0.9783393501805054
375 0.004981499999999972 0 0 0.9568345323741008 0.9783393501805054
376 0.0047896000000000605 0 0 0.9568345323741008 0.9783393501805054
377 0.004728400000000077 0 0 0.9568345323741008 0.9783393501805054
378 0.004545299999999974 0 0 0.9568345323741008 0.9783393501805054
379 0.004798300000000033 1 1 0.9640287769784173 0.9819494584837545
380 0.004559600000000108 0 0 0.9640287769784173 0.9819494584837545
381 0.004406300000000085 1 0 0.9712230215827338 0.9819494584837545
382 0.004703499999999972 1 2 0.9784172661870504 0.9891696750902527
383 0.006495399999999929 1 1 0.9856115107913669 0.9927797833935018
384 0.004683299999999946 0 0 0.9856115107913669 0.9927797833935018
385 0.004453999999999958 1 1 0.9928057553956835 0.9963898916967509
386 0.004350800000000099 0 0 0.9928057553956835 0.9963898916967509
387 0.004706500000000169 0 0 0.9928057553956835 0.9963898916967509
388 0.00425500000000012 1 1 1.0 1.0
