110 0.8 1.0
1 0.0023436000000000012 1 0 0.009174311926605505 0.5023041474654378
2 0.0023526000000000102 0 0 0.009174311926605505 0.5023041474654378
3 0.0023370000000000057 1 1 0.01834862385321101 0.5069124423963134
4 0.0023593000000000086 0 0 0.01834862385321101 0.5069124423963134
5 0.002271200000000001 1 1 0.027522935779816515 0.511520737327189
6 0.0022371999999999947 1 1 0.03669724770642202 0.5161290322580645
7 0.002519899999999964 1 1 0.045871559633027525 0.5207373271889401
8 0.0024314999999999753 1 1 0.05504587155963303 0.5253456221198156
9 0.002619399999999994 1 1 0.06422018348623854 0.5299539170506913
10 0.002419500000000019 1 1 0.07339449541284404 0.5345622119815668
11 0.0024167999999999967 1 1 0.08256880733944955 0.5391705069124424
12 0.002476299999999987 1 1 0.09174311926605505 0.543778801843318
13 0.0023716999999999766 1 1 0.10091743119266056 0.5483870967741935
14 0.0024836000000000302 1 1 0.11009174311926606 0.5529953917050692
15 0.0024893000000000276 1 1 0.11926605504587157 0.5576036866359447
16 0.002371700000000032 0 0 0.11926605504587157 0.5576036866359447
17 0.0025512999999999786 0 0 0.11926605504587157 0.5576036866359447
18 0.0026139000000000023 1 1 0.12844036697247707 0.5622119815668203
19 0.002449400000000046 1 1 0.13761467889908258 0.5668202764976958
20 0.002677700000000005 1 1 0.14678899082568808 0.5714285714285714
21 0.002610000000000001 1 1 0.1559633027522936 0.576036866359447
22 0.0024820000000000397 1 1 0.1651376146788991 0.5806451612903226
23 0.0024977999999999945 1 1 0.1743119266055046 0.5852534562211982
24 0.0025402999999999953 0 0 0.1743119266055046 0.5852534562211982
25 0.002520699999999987 0 0 0.1743119266055046 0.5852534562211982
26 0.0025352999999999626 1 1 0.1834862385321101 0.5898617511520737
27 0.0025897999999999755 0 0 0.1834862385321101 0.5898617511520737
28 0.0025299999999999767 1 1 0.1926605504587156 0.5944700460829493
29 0.002490900000000018 1 1 0.2018348623853211 0.5990783410138248
30 0.002811499999999967 1 1 0.21100917431192662 0.6036866359447005
31 0.002691700000000019 0 0 0.21100917431192662 0.6036866359447005
32 0.002569099999999991 1 1 0.22018348623853212 0.6082949308755761
33 0.002738200000000024 1 1 0.22935779816513763 0.6129032258064516
34 0.002660700000000016 1 1 0.23853211009174313 0.6175115207373272
35 0.002760399999999996 0 0 0.23853211009174313 0.6175115207373272
36 0.002624100000000018 1 1 0.24770642201834864 0.6221198156682027
37 0.002817800000000037 1 1 0.25688073394495414 0.6267281105990783
38 0.002695000000000003 1 1 0.26605504587155965 0.631336405529954
39 0.0028404000000000207 0 0 0.26605504587155965 0.631336405529954
40 0.002673700000000001 1 1 0.27522935779816515 0.6359447004608295
41 0.002726200000000012 1 1 0.28440366972477066 0.6405529953917051
42 0.0027644 1 1 0.29357798165137616 0.6451612903225806
43 0.0027722000000000024 1 1 0.30275229357798167 0.6497695852534562
44 0.0028215000000000323 1 1 0.3119266055045872 0.6543778801843319
45 0.0029963000000000073 1 1 0.3211009174311927 0.6589861751152074
46 0.003067299999999995 1 1 0.3302752293577982 0.663594470046083
47 0.002770400000000006 1 1 0.3394495412844037 0.6682027649769585
48 0.00292129999999996 1 1 0.3486238532110092 0.6728110599078341
49 0.0028729000000000116 1 1 0.3577981651376147 0.6774193548387096
50 0.0030821999999999794 1 1 0.3669724770642202 0.6820276497695853
51 0.00281300000000001 1 1 0.3761467889908257 0.6866359447004609
52 0.0029075000000000073 0 0 0.3761467889908257 0.6866359447004609
53 0.0029328999999999605 1 1 0.3853211009174312 0.6912442396313364
54 0.002965300000000004 1 1 0.3944954128440367 0.695852534562212
55 0.002981500000000026 1 1 0.4036697247706422 0.7004608294930875
56 0.002952300000000019 1 1 0.41284403669724773 0.7050691244239631
57 0.0029350999999999683 1 1 0.42201834862385323 0.7096774193548387
58 0.002982499999999999 1 1 0.43119266055045874 0.7142857142857143
59 0.0031776000000000026 1 1 0.44036697247706424 0.7188940092165899
60 0.00300009999999995 1 1 0.44954128440366975 0.7235023041474654
61 0.0030604000000000187 1 1 0.45871559633027525 0.728110599078341
62 0.0030486000000000124 1 1 0.46788990825688076 0.7327188940092166
63 0.003041399999999972 1 1 0.47706422018348627 0.7373271889400922
64 0.003395000000000037 1 1 0.48623853211009177 0.7419354838709677
65 0.0030534000000000394 0 0 0.48623853211009177 0.7419354838709677
66 0.0031153999999999904 1 1 0.4954128440366973 0.7465437788018433
67 0.003036900000000009 0 0 0.4954128440366973 0.7465437788018433
68 0.0030220000000000247 1 1 0.5045871559633027 0.7511520737327189
69 0.0032496999999999665 1 1 0.5137614678899083 0.7557603686635944
70 0.006206199999999995 1 1 0.5229357798165137 0.7603686635944701
71 0.003106400000000009 1 1 0.5321100917431193 0.7649769585253456
72 0.0032678999999999903 1 1 0.5412844036697247 0.7695852534562212
73 0.0034086999999999867 0 0 0.5412844036697247 0.7695852534562212
74 0.0031327000000000438 0 0 0.5412844036697247 0.7695852534562212
75 0.0032250000000000334 1 1 0.5504587155963303 0.7741935483870968
76 0.0035473999999999783 1 1 0.5596330275229358 0.7788018433179723
77 0.0033380000000000076 1 1 0.5688073394495413 0.783410138248848
78 0.0034594000000000014 1 1 0.5779816513761468 0.7880184331797235
79 0.0034923000000000037 1 1 0.5871559633027523 0.7926267281105991
80 0.00362800000000002 1 1 0.5963302752293578 0.7972350230414746
81 0.0034555000000000002 1 1 0.6055045871559633 0.8018433179723502
82 0.0034003000000000227 1 1 0.6146788990825688 0.8064516129032258
83 0.0034248000000000056 1 1 0.6238532110091743 0.8110599078341014
84 0.0034029999999999894 1 1 0.6330275229357798 0.815668202764977
85 0.0035531999999999786 1 1 0.6422018348623854 0.8202764976958525
86 0.0033703000000000483 1 1 0.6513761467889908 0.8248847926267281
87 0.0033602999999999827 1 1 0.6605504587155964 0.8294930875576036
88 0.0036997000000000835 1 1 0.6697247706422018 0.8341013824884793
89 0.003430199999999939 1 1 0.6788990825688074 0.8387096774193549
90 0.0034439000000000553 1 1 0.6880733944954128 0.8433179723502304
91 0.00397179999999997 1 1 0.6972477064220184 0.847926267281106
92 0.0033927000000000263 1 1 0.7064220183486238 0.8525345622119815
93 0.0036640000000000006 1 1 0.7155963302752294 0.8571428571428571
94 0.004065299999999938 0 0 0.7155963302752294 0.8571428571428571
95 0.003613700000000053 1 1 0.7247706422018348 0.8617511520737328
96 0.003595299999999968 1 1 0.7339449541284404 0.8663594470046083
97 0.0034113999999999534 1 1 0.7431192660550459 0.8709677419354839
98 0.005053000000000085 0 0 0.7431192660550459 0.8709677419354839
99 0.0036837000000000675 1 1 0.7522935779816514 0.8755760368663594
100 0.0035954999999999737 1 1 0.7614678899082569 0.880184331797235
101 0.003922800000000004 0 0 0.7614678899082569 0.880184331797235
102 0.003695800000000027 1 1 0.7706422018348624 0.8847926267281107
103 0.003713399999999978 1 1 0.7798165137614679 0.8894009216589862
104 0.003892600000000024 1 1 0.7889908256880734 0.8940092165898618
105 0.0035961999999999383 1 1 0.7981651376146789 0.8986175115207373
106 0.0038240000000000496 1 1 0.8073394495412844 0.9032258064516129
107 0.00590119999999994 1 1 0.8165137614678899 0.9078341013824884
108 0.007507400000000053 1 1 0.8256880733944955 0.9124423963133641
109 0.0040159999999999085 0 0 0.8256880733944955 0.9124423963133641
110 0.003965800000000019 0 0 0.8256880733944955 0.9124423963133641
111 0.004135600000000017 0 0 0.8256880733944955 0.9124423963133641
112 0.00350359999999994 1 1 0.8348623853211009 0.9170506912442397
113 0.0038610000000000033 1 1 0.8440366972477065 0.9216589861751152
114 0.0036439999999999806 1 1 0.8532110091743119 0.9262672811059908
115 0.0036768000000000356 1 1 0.8623853211009175 0.9308755760368663
116 0.0038600000000000856 1 1 0.8715596330275229 0.9354838709677419
117 0.004217000000000026 1 1 0.8807339449541285 0.9400921658986175
118 0.00391459999999999 1 1 0.8899082568807339 0.9447004608294931
119 0.003994700000000018 1 1 0.8990825688073395 0.9493087557603687
120 0.004258499999999943 1 1 0.908256880733945 0.9539170506912442
121 0.004028999999999949 1 1 0.9174311926605505 0.9585253456221198
122 0.004214900000000021 1 1 0.926605504587156 0.9631336405529954
123 0.0037884999999999724 1 1 0.9357798165137615 0.967741935483871
124 0.00426520000000008 1 1 0.944954128440367 0.9723502304147466
125 0.003968199999999977 1 1 0.9541284403669725 0.9769585253456221
126 0.003992999999999913 0 0 0.9541284403669725 0.9769585253456221
127 0.004251800000000028 1 1 0.963302752293578 0.9815668202764977
128 0.004353399999999952 1 1 0.9724770642201835 0.9861751152073732
129 0.003953100000000043 1 1 0.981651376146789 0.9907834101382489
130 0.00439210000000001 0 0 0.981651376146789 0.9907834101382489
131 0.004114699999999916 1 1 0.9908256880733946 0.9953917050691244
132 0.004045200000000082 1 1 1.0 1.0
