100 0.6 0.5
1 0.0020277999999999963 1 0 0.010101010101010102 0.5025380710659898
2 0.002089599999999997 1 0 0.020202020202020204 0.5025380710659898
3 0.002161300000000005 1 1 0.030303030303030304 0.5076142131979695
4 0.0019001000000000157 0 0 0.030303030303030304 0.5076142131979695
5 0.0020668000000000075 0 1 0.030303030303030304 0.5126903553299492
6 0.0019496999999999987 1 0 0.04040404040404041 0.5126903553299492
7 0.0021800999999999904 1 1 0.050505050505050504 0.5177664974619289
8 0.002141900000000002 1 0 0.06060606060606061 0.5177664974619289
9 0.0020606999999999986 1 1 0.0707070707070707 0.5228426395939086
10 0.0038596999999999937 1 1 0.08080808080808081 0.5279187817258884
11 0.0022262000000000115 1 1 0.09090909090909091 0.5329949238578681
12 0.002154399999999973 1 0 0.10101010101010101 0.5329949238578681
13 0.002176100000000014 0 1 0.10101010101010101 0.5380710659898477
14 0.0024085000000000356 1 2 0.1111111111111111 0.5482233502538071
15 0.0021335999999999578 1 0 0.12121212121212122 0.5482233502538071
16 0.002102899999999963 1 1 0.13131313131313133 0.5532994923857868
17 0.0020847999999999978 0 1 0.13131313131313133 0.5583756345177665
18 0.0023259999999999947 1 0 0.1414141414141414 0.5583756345177665
19 0.0021715999999999958 1 1 0.15151515151515152 0.5634517766497462
20 0.002076599999999984 0 1 0.15151515151515152 0.5685279187817259
21 0.003066100000000016 0 1 0.15151515151515152 0.5736040609137056
22 0.002920099999999981 0 0 0.15151515151515152 0.5736040609137056
23 0.002390300000000012 0 0 0.15151515151515152 0.5736040609137056
24 0.0021989000000000036 1 1 0.16161616161616163 0.5786802030456852
25 0.0021116000000000468 0 0 0.16161616161616163 0.5786802030456852
26 0.0035690999999999917 1 0 0.1717171717171717 0.5786802030456852
27 0.0030245999999999884 0 0 0.1717171717171717 0.5786802030456852
28 0.0030707999999999847 1 1 0.18181818181818182 0.583756345177665
29 0.0030856000000000217 1 1 0.1919191919191919 0.5888324873096447
30 0.0029113000000000056 1 1 0.20202020202020202 0.5939086294416244
31 0.0030727999999999867 1 0 0.21212121212121213 0.5939086294416244
32 0.002381100000000025 1 1 0.2222222222222222 0.5989847715736041
33 0.0022242000000000095 1 3 0.23232323232323232 0.6142131979695431
34 0.002245900000000023 1 1 0.24242424242424243 0.6192893401015228
35 0.0024581000000000186 1 1 0.25252525252525254 0.6243654822335025
36 0.0024295999999999762 1 1 0.26262626262626265 0.6294416243654822
37 0.002342299999999964 1 1 0.2727272727272727 0.6345177664974619
38 0.0023653000000000146 1 1 0.2828282828282828 0.6395939086294417
39 0.0023128000000000037 1 0 0.29292929292929293 0.6395939086294417
40 0.0025169999999999915 0 0 0.29292929292929293 0.6395939086294417
41 0.0024229000000000056 1 2 0.30303030303030304 0.649746192893401
42 0.0027408999999999906 0 0 0.30303030303030304 0.649746192893401
43 0.0024330000000000185 1 1 0.31313131313131315 0.6548223350253807
44 0.002272900000000022 1 1 0.32323232323232326 0.6598984771573604
45 0.0025020000000000042 1 1 0.3333333333333333 0.6649746192893401
46 0.0024973000000000356 1 0 0.3434343434343434 0.6649746192893401
47 0.0023195999999999772 0 0 0.3434343434343434 0.6649746192893401
48 0.002545599999999981 1 1 0.35353535353535354 0.6700507614213198
49 0.002368199999999987 1 0 0.36363636363636365 0.6700507614213198
50 0.003195799999999971 0 1 0.36363636363636365 0.6751269035532995
51 0.002565800000000007 1 1 0.37373737373737376 0.6802030456852792
52 0.002408599999999983 1 1 0.3838383838383838 0.6852791878172588
53 0.0024989999999999735 0 0 0.3838383838383838 0.6852791878172588
54 0.002582600000000046 1 1 0.3939393939393939 0.6903553299492385
55 0.0023658999999999764 0 0 0.3939393939393939 0.6903553299492385
56 0.002560600000000024 0 0 0.3939393939393939 0.6903553299492385
57 0.002372500000000055 1 1 0.40404040404040403 0.6954314720812182
58 0.0023547999999999902 1 0 0.41414141414141414 0.6954314720812182
59 0.0024899999999999922 0 1 0.41414141414141414 0.700507614213198
60 0.0035872000000000126 1 1 0.42424242424242425 0.7055837563451777
61 0.0023424000000000222 0 0 0.42424242424242425 0.7055837563451777
62 0.0024353999999999765 1 2 0.43434343434343436 0.7157360406091371
63 0.002551799999999993 1 0 0.4444444444444444 0.7157360406091371
64 0.0025965000000000016 0 1 0.4444444444444444 0.7208121827411168
65 0.0027112000000000247 0 0 0.4444444444444444 0.7208121827411168
66 0.002500599999999964 1 1 0.45454545454545453 0.7258883248730964
67 0.0024881000000000486 1 0 0.46464646464646464 0.7258883248730964
68 0.002608100000000002 1 1 0.47474747474747475 0.7309644670050761
69 0.0025084000000000217 0 0 0.47474747474747475 0.7309644670050761
70 0.0027070999999999623 0 1 0.47474747474747475 0.7360406091370558
71 0.0027487999999999957 0 0 0.47474747474747475 0.7360406091370558
72 0.00264540000000002 1 1 0.48484848484848486 0.7411167512690355
73 0.0025994000000000295 1 0 0.494949494949495 0.7411167512690355
74 0.0029536000000000007 0 0 0.494949494949495 0.7411167512690355
75 0.002779599999999993 1 1 0.5050505050505051 0.7461928934010152
76 0.0026250999999999913 1 0 0.5151515151515151 0.7461928934010152
77 0.0029779000000000333 1 1 0.5252525252525253 0.751269035532995
78 0.002849500000000005 0 1 0.5252525252525253 0.7563451776649747
79 0.0026407999999999987 1 0 0.5353535353535354 0.7563451776649747
80 0.002632499999999982 1 1 0.5454545454545454 0.7614213197969543
81 0.0026619999999999977 0 0 0.5454545454545454 0.7614213197969543
82 0.0026279000000000163 1 2 0.5555555555555556 0.7715736040609137
83 0.0026500999999999886 0 0 0.5555555555555556 0.7715736040609137
84 0.002650399999999997 1 0 0.5656565656565656 0.7715736040609137
85 0.002558500000000019 0 1 0.5656565656565656 0.7766497461928934
86 0.00305500000000003 1 2 0.5757575757575758 0.7868020304568528
87 0.002669599999999994 1 1 0.5858585858585859 0.7918781725888325
88 0.003191699999999964 1 0 0.5959595959595959 0.7918781725888325
89 0.0027629000000000126 0 0 0.5959595959595959 0.7918781725888325
90 0.0025957999999999815 0 1 0.5959595959595959 0.7969543147208121
91 0.002986700000000009 1 0 0.6060606060606061 0.7969543147208121
92 0.00252730000000001 0 1 0.6060606060606061 0.8020304568527918
93 0.002787800000000007 1 1 0.6161616161616161 0.8071065989847716
94 0.002771400000000035 0 0 0.6161616161616161 0.8071065989847716
95 0.0026694999999999913 0 0 0.6161616161616161 0.8071065989847716
96 0.002628599999999981 1 1 0.6262626262626263 0.8121827411167513
97 0.0026986999999999983 1 0 0.6363636363636364 0.8121827411167513
98 0.002759400000000023 1 0 0.6464646464646465 0.8121827411167513
99 0.0029042000000000234 0 0 0.6464646464646465 0.8121827411167513
100 0.002854900000000049 1 1 0.6565656565656566 0.817258883248731
101 0.002770500000000009 1 1 0.6666666666666666 0.8223350253807107
102 0.0028525000000000356 1 1 0.6767676767676768 0.8274111675126904
103 0.0028004999999999836 0 1 0.6767676767676768 0.8324873096446701
104 0.002781900000000004 1 0 0.6868686868686869 0.8324873096446701
105 0.004085299999999958 1 2 0.696969696969697 0.8426395939086294
106 0.0038863999999999566 1 2 0.7070707070707071 0.8527918781725888
107 0.003911699999999962 0 0 0.7070707070707071 0.8527918781725888
108 0.003997699999999993 1 1 0.7171717171717171 0.8578680203045685
109 0.004032900000000006 1 1 0.7272727272727273 0.8629441624365483
110 0.004127299999999945 1 1 0.7373737373737373 0.868020304568528
111 0.004347100000000048 0 0 0.7373737373737373 0.868020304568528
112 0.003774200000000061 0 0 0.7373737373737373 0.868020304568528
113 0.0030364999999999975 1 0 0.7474747474747475 0.868020304568528
114 0.003058700000000081 1 0 0.7575757575757576 0.868020304568528
115 0.002979600000000082 1 1 0.7676767676767676 0.8730964467005076
116 0.0031170999999999838 1 2 0.7777777777777778 0.883248730964467
117 0.0030791999999999486 1 1 0.7878787878787878 0.8883248730964467
118 0.0030494999999999273 1 0 0.797979797979798 0.8883248730964467
119 0.0030518999999999963 1 1 0.8080808080808081 0.8934010152284264
120 0.0031972999999999585 1 1 0.8181818181818182 0.8984771573604061
121 0.0031145999999999674 1 2 0.8282828282828283 0.9086294416243654
122 0.004333900000000002 1 2 0.8383838383838383 0.9187817258883249
123 0.004465399999999953 1 1 0.8484848484848485 0.9238578680203046
124 0.003197200000000011 1 1 0.8585858585858586 0.9289340101522843
125 0.0033164999999999445 1 0 0.8686868686868687 0.9289340101522843
126 0.00310010000000005 1 0 0.8787878787878788 0.9289340101522843
127 0.0030335000000000223 1 2 0.8888888888888888 0.9390862944162437
128 0.0034674000000000094 1 2 0.898989898989899 0.949238578680203
129 0.0030999999999999917 1 1 0.9090909090909091 0.9543147208121827
130 0.0031902999999999793 1 1 0.9191919191919192 0.9593908629441624
131 0.0031516999999999795 1 0 0.9292929292929293 0.9593908629441624
132 0.003272900000000023 1 0 0.9393939393939394 0.9593908629441624
133 0.0031377999999999684 1 3 0.9494949494949495 0.9746192893401016
134 0.0032830999999999833 1 0 0.9595959595959596 0.9746192893401016
135 0.0031178000000000594 0 0 0.9595959595959596 0.9746192893401016
136 0.0032466999999999357 0 1 0.9595959595959596 0.9796954314720813
137 0.0031490999999999048 0 0 0.9595959595959596 0.9796954314720813
138 0.003381699999999932 1 1 0.9696969696969697 0.9847715736040609
139 0.003413699999999964 1 0 0.9797979797979798 0.9847715736040609
140 0.0033446999999999782 1 0 0.98989898989899 0.9847715736040609
141 0.0032575000000000243 0 0 0.98989898989899 0.9847715736040609
142 0.0034975000000000422 1 0 1.0 0.9847715736040609
143 0.0033399000000000623 0 0 1.0 0.9847715736040609
144 0.0033161999999999914 0 1 1.0 0.9898477157360406
145 0.0034370999999999707 0 1 1.0 0.9949238578680203
146 0.0035779000000000227 0 0 1.0 0.9949238578680203
147 0.0035796999999999635 0 1 1.0 1.0
