200 0.7 0.2
1 0.0048994999999999456 0 0 0.0 0.5012594458438288
2 0.004411399999999954 0 0 0.0 0.5012594458438288
3 0.004572400000000032 1 0 0.005025125628140704 0.5012594458438288
4 0.004754299999999989 1 0 0.010050251256281407 0.5012594458438288
5 0.00876929999999998 1 1 0.01507537688442211 0.5037783375314862
6 0.004682900000000045 0 0 0.01507537688442211 0.5037783375314862
7 0.005031000000000008 1 0 0.020100502512562814 0.5037783375314862
8 0.004517400000000005 1 0 0.02512562814070352 0.5037783375314862
9 0.004488500000000006 1 1 0.03015075376884422 0.5062972292191436
10 0.004391800000000057 1 1 0.035175879396984924 0.5088161209068011
11 0.00459390000000004 1 2 0.04020100502512563 0.5138539042821159
12 0.004542199999999941 1 0 0.04522613065326633 0.5138539042821159
13 0.004590700000000059 1 1 0.05025125628140704 0.5163727959697733
14 0.004460400000000031 1 1 0.05527638190954774 0.5188916876574308
15 0.00459339999999997 0 0 0.05527638190954774 0.5188916876574308
16 0.00437159999999992 0 0 0.05527638190954774 0.5188916876574308
17 0.004403799999999958 0 1 0.05527638190954774 0.5214105793450882
18 0.004441699999999993 1 1 0.06030150753768844 0.5239294710327456
19 0.0050411000000000206 1 1 0.06532663316582915 0.5264483627204031
20 0.004391000000000034 1 1 0.07035175879396985 0.5289672544080605
21 0.004336200000000012 1 0 0.07537688442211055 0.5289672544080605
22 0.005608100000000005 1 0 0.08040201005025126 0.5289672544080605
23 0.004864599999999997 1 2 0.08542713567839195 0.5340050377833753
24 0.005105999999999944 1 1 0.09045226130653267 0.5365239294710328
25 0.006903499999999951 1 0 0.09547738693467336 0.5365239294710328
26 0.0046751999999999905 1 1 0.10050251256281408 0.5390428211586902
27 0.004941300000000037 1 0 0.10552763819095477 0.5390428211586902
28 0.004694599999999993 1 1 0.11055276381909548 0.5415617128463476
29 0.004729300000000047 0 1 0.11055276381909548 0.5440806045340051
30 0.00464219999999993 1 1 0.11557788944723618 0.5465994962216625
31 0.004840500000000025 1 1 0.12060301507537688 0.5491183879093199
32 0.0051955000000000195 1 1 0.12562814070351758 0.5516372795969773
33 0.004782999999999982 1 1 0.1306532663316583 0.5541561712846348
34 0.005075300000000005 0 0 0.1306532663316583 0.5541561712846348
35 0.005054899999999973 1 1 0.135678391959799 0.5566750629722922
36 0.004855700000000018 0 0 0.135678391959799 0.5566750629722922
37 0.005113299999999987 1 0 0.1407035175879397 0.5566750629722922
38 0.004765500000000089 1 0 0.1457286432160804 0.5566750629722922
39 0.005271899999999996 1 4 0.1507537688442211 0.5667506297229219
40 0.005356899999999998 1 0 0.15577889447236182 0.5667506297229219
41 0.005017200000000055 0 1 0.15577889447236182 0.5692695214105793
42 0.0049938999999999956 1 0 0.16080402010050251 0.5692695214105793
43 0.005345999999999962 1 0 0.1658291457286432 0.5692695214105793
44 0.00498580000000004 1 1 0.1708542713567839 0.5717884130982368
45 0.00639539999999994 1 1 0.17587939698492464 0.5743073047858942
46 0.005065600000000003 1 2 0.18090452261306533 0.5793450881612091
47 0.005058099999999954 1 3 0.18592964824120603 0.5869017632241813
48 0.00522239999999996 1 2 0.19095477386934673 0.5919395465994962
49 0.0073041000000000356 1 0 0.19597989949748743 0.5919395465994962
50 0.0071854000000000084 1 0 0.20100502512562815 0.5919395465994962
51 0.007018599999999986 1 0 0.20603015075376885 0.5919395465994962
52 0.004909199999999947 1 2 0.21105527638190955 0.5969773299748111
53 0.006949499999999942 0 0 0.21105527638190955 0.5969773299748111
54 0.005050799999999911 1 0 0.21608040201005024 0.5969773299748111
55 0.007079300000000011 1 1 0.22110552763819097 0.5994962216624685
56 0.006756800000000007 1 2 0.22613065326633167 0.6045340050377834
57 0.006931899999999991 1 1 0.23115577889447236 0.6070528967254408
58 0.006740999999999997 0 0 0.23115577889447236 0.6070528967254408
59 0.008986799999999961 1 0 0.23618090452261306 0.6070528967254408
60 0.004819499999999977 1 1 0.24120603015075376 0.6095717884130982
61 0.004989199999999916 1 0 0.24623115577889448 0.6095717884130982
62 0.0049112000000000045 1 1 0.25125628140703515 0.6120906801007556
63 0.005259900000000095 0 1 0.25125628140703515 0.6146095717884131
64 0.0051219000000000126 0 1 0.25125628140703515 0.6171284634760705
65 0.005214599999999958 1 0 0.2562814070351759 0.6171284634760705
66 0.004990599999999956 0 0 0.2562814070351759 0.6171284634760705
67 0.005052499999999904 0 0 0.2562814070351759 0.6171284634760705
68 0.006909999999999972 1 1 0.2613065326633166 0.6196473551637279
69 0.007037300000000024 1 2 0.2663316582914573 0.6246851385390428
70 0.007176900000000042 1 0 0.271356783919598 0.6246851385390428
71 0.007109199999999927 0 0 0.271356783919598 0.6246851385390428
72 0.005376900000000018 1 2 0.27638190954773867 0.6297229219143576
73 0.005301 1 0 0.2814070351758794 0.6297229219143576
74 0.005188599999999988 0 1 0.2814070351758794 0.6322418136020151
75 0.005499299999999985 1 0 0.2864321608040201 0.6322418136020151
76 0.005158900000000077 0 1 0.2864321608040201 0.6347607052896725
77 0.005324099999999943 1 0 0.2914572864321608 0.6347607052896725
78 0.005179900000000015 1 0 0.2964824120603015 0.6347607052896725
79 0.00526939999999998 1 1 0.3015075376884422 0.6372795969773299
80 0.005446300000000126 1 1 0.3065326633165829 0.6397984886649875
81 0.00522049999999985 1 1 0.31155778894472363 0.6423173803526449
82 0.005448499999999967 1 0 0.3165829145728643 0.6423173803526449
83 0.00532010000000005 1 1 0.32160804020100503 0.6448362720403022
84 0.005321000000000131 0 3 0.32160804020100503 0.6523929471032746
85 0.005284899999999926 0 1 0.32160804020100503 0.654911838790932
86 0.005370600000000003 0 0 0.32160804020100503 0.654911838790932
87 0.005166900000000085 0 0 0.32160804020100503 0.654911838790932
88 0.0053322999999998455 1 1 0.32663316582914576 0.6574307304785895
89 0.005217699999999992 1 0 0.3316582914572864 0.6574307304785895
90 0.005474899999999838 1 0 0.33668341708542715 0.6574307304785895
91 0.005566800000000205 0 0 0.33668341708542715 0.6574307304785895
92 0.005570300000000028 0 0 0.33668341708542715 0.6574307304785895
93 0.005281299999999822 1 1 0.3417085427135678 0.6599496221662469
94 0.005397600000000002 1 0 0.34673366834170855 0.6599496221662469
95 0.005354800000000104 1 2 0.35175879396984927 0.6649874055415617
96 0.005457499999999893 1 1 0.35678391959798994 0.6675062972292192
97 0.005657699999999988 1 2 0.36180904522613067 0.672544080604534
98 0.005524099999999921 0 0 0.36180904522613067 0.672544080604534
99 0.005247599999999908 1 1 0.36683417085427134 0.6750629722921915
100 0.01082649999999985 1 0 0.37185929648241206 0.6750629722921915
101 0.00562409999999991 0 0 0.37185929648241206 0.6750629722921915
102 0.005574299999999921 1 0 0.3768844221105528 0.6750629722921915
103 0.005458500000000033 1 0 0.38190954773869346 0.6750629722921915
104 0.005560000000000009 1 2 0.3869346733668342 0.6801007556675063
105 0.005310600000000054 1 0 0.39195979899497485 0.6801007556675063
106 0.005577999999999861 1 1 0.3969849246231156 0.6826196473551638
107 0.005671899999999841 1 3 0.4020100502512563 0.690176322418136
108 0.00724389999999997 0 1 0.4020100502512563 0.6926952141057935
109 0.007826600000000017 1 0 0.40703517587939697 0.6926952141057935
110 0.007722599999999913 1 2 0.4120603015075377 0.6977329974811083
111 0.006118799999999869 1 0 0.41708542713567837 0.6977329974811083
112 0.006064800000000092 1 1 0.4221105527638191 0.7002518891687658
113 0.005823899999999993 1 0 0.4271356783919598 0.7002518891687658
114 0.005459799999999904 1 0 0.4321608040201005 0.7002518891687658
115 0.005423399999999967 0 1 0.4321608040201005 0.7027707808564232
116 0.005636500000000044 1 0 0.4371859296482412 0.7027707808564232
117 0.005808400000000047 1 3 0.44221105527638194 0.7103274559193955
118 0.00568919999999995 1 0 0.4472361809045226 0.7103274559193955
119 0.005834399999999906 0 1 0.4472361809045226 0.7128463476070529
120 0.008374499999999951 0 1 0.4472361809045226 0.7153652392947103
121 0.005905000000000049 0 0 0.4472361809045226 0.7153652392947103
122 0.005557699999999999 0 0 0.4472361809045226 0.7153652392947103
123 0.005941899999999833 1 0 0.45226130653266333 0.7153652392947103
124 0.006524399999999986 1 1 0.457286432160804 0.7178841309823678
125 0.006177199999999994 1 2 0.4623115577889447 0.7229219143576826
126 0.005784599999999918 1 0 0.46733668341708545 0.7229219143576826
127 0.005538599999999949 1 2 0.4723618090452261 0.7279596977329975
128 0.005519400000000063 1 0 0.47738693467336685 0.7279596977329975
129 0.0057690999999999715 1 2 0.4824120603015075 0.7329974811083123
130 0.0057202999999999005 0 1 0.4824120603015075 0.7355163727959698
131 0.005832099999999896 0 0 0.4824120603015075 0.7355163727959698
132 0.005900899999999876 0 0 0.4824120603015075 0.7355163727959698
133 0.005792600000000148 1 1 0.48743718592964824 0.7380352644836272
134 0.007231100000000046 1 1 0.49246231155778897 0.7405541561712846
135 0.005746299999999982 1 0 0.49748743718592964 0.7405541561712846
136 0.005874799999999958 0 0 0.49748743718592964 0.7405541561712846
137 0.005643899999999924 0 0 0.49748743718592964 0.7405541561712846
138 0.005571700000000179 1 0 0.5025125628140703 0.7405541561712846
139 0.008093300000000081 1 0 0.507537688442211 0.7405541561712846
140 0.008274399999999904 1 1 0.5125628140703518 0.743073047858942
141 0.008112499999999967 1 1 0.5175879396984925 0.7455919395465995
142 0.0058515000000001205 1 2 0.5226130653266332 0.7506297229219143
143 0.005770400000000064 0 0 0.5226130653266332 0.7506297229219143
144 0.005847700000000122 0 0 0.5226130653266332 0.7506297229219143
145 0.006298000000000137 0 0 0.5226130653266332 0.7506297229219143
146 0.005798399999999981 1 0 0.5276381909547738 0.7506297229219143
147 0.005693200000000065 1 2 0.5326633165829145 0.7556675062972292
148 0.005759199999999964 0 0 0.5326633165829145 0.7556675062972292
149 0.005908100000000083 1 0 0.5376884422110553 0.7556675062972292
150 0.006552200000000008 1 1 0.542713567839196 0.7581863979848866
151 0.0064333999999999225 1 1 0.5477386934673367 0.760705289672544
152 0.009124300000000085 1 0 0.5527638190954773 0.760705289672544
153 0.010165699999999944 1 0 0.5577889447236181 0.760705289672544
154 0.00773299999999999 1 0 0.5628140703517588 0.760705289672544
155 0.007805099999999898 1 1 0.5678391959798995 0.7632241813602015
156 0.012110899999999925 1 1 0.5728643216080402 0.7657430730478589
157 0.008920899999999898 1 0 0.5778894472361809 0.7657430730478589
158 0.008519699999999908 1 1 0.5829145728643216 0.7682619647355163
159 0.006502499999999856 1 1 0.5879396984924623 0.7707808564231738
160 0.0060066999999999204 1 3 0.592964824120603 0.7783375314861462
161 0.006091000000000069 1 1 0.5979899497487438 0.7808564231738035
162 0.006398899999999985 0 0 0.5979899497487438 0.7808564231738035
163 0.006206299999999887 1 1 0.6030150753768844 0.783375314861461
164 0.006326300000000007 0 0 0.6030150753768844 0.783375314861461
165 0.005940000000000056 1 1 0.6080402010050251 0.7858942065491183
166 0.008427699999999927 0 1 0.6080402010050251 0.7884130982367759
167 0.006489499999999815 1 2 0.6130653266331658 0.7934508816120907
168 0.006480700000000006 1 0 0.6180904522613065 0.7934508816120907
169 0.006313999999999931 1 0 0.6231155778894473 0.7934508816120907
170 0.00639640000000008 1 1 0.628140703517588 0.7959697732997482
171 0.006151899999999877 1 2 0.6331658291457286 0.801007556675063
172 0.006191300000000011 1 1 0.6381909547738693 0.8035264483627204
173 0.006279399999999935 1 0 0.6432160804020101 0.8035264483627204
174 0.006611099999999981 1 0 0.6482412060301508 0.8035264483627204
175 0.006175899999999901 1 1 0.6532663316582915 0.8060453400503779
176 0.006094299999999997 0 0 0.6532663316582915 0.8060453400503779
177 0.0061643000000000114 0 5 0.6532663316582915 0.818639798488665
178 0.00607000000000002 1 1 0.6582914572864321 0.8211586901763224
179 0.00602899999999984 1 0 0.6633165829145728 0.8211586901763224
180 0.006098600000000065 0 0 0.6633165829145728 0.8211586901763224
181 0.00609090000000001 1 1 0.6683417085427136 0.8236775818639799
182 0.005862499999999882 0 1 0.6683417085427136 0.8261964735516373
183 0.00620810000000005 1 0 0.6733668341708543 0.8261964735516373
184 0.0062557999999999225 1 2 0.678391959798995 0.8312342569269522
185 0.006195900000000032 0 1 0.678391959798995 0.8337531486146096
186 0.006201799999999924 1 1 0.6834170854271356 0.836272040302267
187 0.006248000000000031 0 0 0.6834170854271356 0.836272040302267
188 0.006390899999999977 0 0 0.6834170854271356 0.836272040302267
189 0.006354500000000041 1 0 0.6884422110552764 0.836272040302267
190 0.006223899999999949 1 1 0.6934673366834171 0.8387909319899244
191 0.006853100000000056 1 0 0.6984924623115578 0.8387909319899244
192 0.006483999999999934 0 1 0.6984924623115578 0.8413098236775819
193 0.0061723000000000194 1 0 0.7035175879396985 0.8413098236775819
194 0.006524200000000091 1 0 0.7085427135678392 0.8413098236775819
195 0.007045999999999886 1 0 0.7135678391959799 0.8413098236775819
196 0.006353600000000181 1 0 0.7185929648241206 0.8413098236775819
197 0.006405699999999959 1 2 0.7236180904522613 0.8463476070528967
198 0.006404000000000076 0 1 0.7236180904522613 0.8488664987405542
199 0.009038699999999844 1 0 0.7286432160804021 0.8488664987405542
200 0.00908130000000007 1 2 0.7336683417085427 0.853904282115869
201 0.008771299999999815 0 1 0.7336683417085427 0.8564231738035264
202 0.008928599999999953 1 0 0.7386934673366834 0.8564231738035264
203 0.006658099999999889 1 0 0.7437185929648241 0.8564231738035264
204 0.006233600000000061 1 0 0.7487437185929648 0.8564231738035264
205 0.0062965999999999855 1 1 0.7537688442211056 0.8589420654911839
206 0.00606109999999993 1 1 0.7587939698492462 0.8614609571788413
207 0.006540699999999955 1 2 0.7638190954773869 0.8664987405541562
208 0.006308399999999992 1 1 0.7688442211055276 0.8690176322418136
209 0.00678270000000003 1 2 0.7738693467336684 0.8740554156171285
210 0.007186399999999926 1 2 0.7788944723618091 0.8790931989924433
211 0.007171299999999992 0 1 0.7788944723618091 0.8816120906801007
212 0.006502500000000078 1 2 0.7839195979899497 0.8866498740554156
213 0.006818499999999839 0 0 0.7839195979899497 0.8866498740554156
214 0.006544300000000058 1 1 0.7889447236180904 0.889168765743073
215 0.006823699999999988 1 0 0.7939698492462312 0.889168765743073
216 0.006564400000000026 0 1 0.7939698492462312 0.8916876574307305
217 0.006559399999999993 0 0 0.7939698492462312 0.8916876574307305
218 0.007206299999999999 0 0 0.7939698492462312 0.8916876574307305
219 0.006812800000000063 1 0 0.7989949748743719 0.8916876574307305
220 0.006473500000000021 0 1 0.7989949748743719 0.8942065491183879
221 0.006803700000000079 1 0 0.8040201005025126 0.8942065491183879
222 0.006781499999999996 1 1 0.8090452261306532 0.8967254408060453
223 0.0068534000000000095 1 2 0.8140703517587939 0.9017632241813602
224 0.006638499999999992 1 0 0.8190954773869347 0.9017632241813602
225 0.0066333999999999005 1 1 0.8241206030150754 0.9042821158690176
226 0.006821500000000036 1 0 0.8291457286432161 0.9042821158690176
227 0.006822100000000386 1 2 0.8341708542713567 0.9093198992443325
228 0.006591400000000025 1 1 0.8391959798994975 0.9118387909319899
229 0.0070462000000000025 0 1 0.8391959798994975 0.9143576826196473
230 0.006682899999999936 1 0 0.8442211055276382 0.9143576826196473
231 0.006791500000000283 0 0 0.8442211055276382 0.9143576826196473
232 0.006656299999999948 1 1 0.8492462311557789 0.9168765743073047
233 0.0067424999999996515 1 0 0.8542713567839196 0.9168765743073047
234 0.006825599999999987 0 1 0.8542713567839196 0.9193954659949622
235 0.006683100000000053 0 0 0.8542713567839196 0.9193954659949622
236 0.006695600000000024 1 0 0.8592964824120602 0.9193954659949622
237 0.006531499999999912 1 1 0.864321608040201 0.9219143576826196
238 0.009488000000000163 0 1 0.864321608040201 0.924433249370277
239 0.009346399999999644 1 1 0.8693467336683417 0.9269521410579346
240 0.009658500000000014 1 0 0.8743718592964824 0.9269521410579346
241 0.007019500000000178 1 2 0.8793969849246231 0.9319899244332494
242 0.007063699999999784 1 2 0.8844221105527639 0.9370277078085643
243 0.009776700000000194 0 1 0.8844221105527639 0.9395465994962217
244 0.006814599999999782 0 0 0.8844221105527639 0.9395465994962217
245 0.011595400000000033 1 0 0.8894472361809045 0.9395465994962217
246 0.007162800000000136 1 0 0.8944723618090452 0.9395465994962217
247 0.007521600000000017 1 0 0.8994974874371859 0.9395465994962217
248 0.012302700000000222 1 1 0.9045226130653267 0.9420654911838791
249 0.012462499999999821 1 0 0.9095477386934674 0.9420654911838791
250 0.007136200000000148 1 0 0.914572864321608 0.9420654911838791
251 0.006543900000000047 0 0 0.914572864321608 0.9420654911838791
252 0.007171400000000272 1 1 0.9195979899497487 0.9445843828715366
253 0.007550100000000004 1 0 0.9246231155778895 0.9445843828715366
254 0.007204300000000163 1 3 0.9296482412060302 0.9521410579345088
255 0.008816500000000005 1 0 0.9346733668341709 0.9521410579345088
256 0.007116900000000204 1 0 0.9396984924623115 0.9521410579345088
257 0.006901999999999742 1 2 0.9447236180904522 0.9571788413098237
258 0.007091100000000239 1 1 0.949748743718593 0.9596977329974811
259 0.007749800000000029 1 1 0.9547738693467337 0.9622166246851386
260 0.007021299999999897 1 1 0.9597989949748744 0.964735516372796
261 0.007181300000000057 1 2 0.964824120603015 0.9697732997481109
262 0.00704349999999998 0 0 0.964824120603015 0.9697732997481109
263 0.007211999999999996 1 1 0.9698492462311558 0.9722921914357683
264 0.007221899999999781 1 0 0.9748743718592965 0.9722921914357683
265 0.007253299999999907 1 1 0.9798994974874372 0.9748110831234257
266 0.007398900000000097 1 0 0.9849246231155779 0.9748110831234257
267 0.007438800000000079 1 1 0.9899497487437185 0.9773299748110831
268 0.007416200000000206 1 0 0.9949748743718593 0.9773299748110831
269 0.007489000000000079 0 2 0.9949748743718593 0.982367758186398
270 0.00703060000000022 0 1 0.9949748743718593 0.9848866498740554
271 0.007397200000000215 1 2 1.0 0.9899244332493703
272 0.007129799999999964 0 1 1.0 0.9924433249370277
273 0.007206099999999882 0 0 1.0 0.9924433249370277
274 0.009959700000000016 0 1 1.0 0.9949622166246851
275 0.007148300000000329 0 0 1.0 0.9949622166246851
276 0.006851900000000022 0 0 1.0 0.9949622166246851
277 0.006753699999999974 0 0 1.0 0.9949622166246851
278 0.0066237999999998465 0 0 1.0 0.9949622166246851
279 0.00703649999999989 0 0 1.0 0.9949622166246851
280 0.007078900000000221 0 0 1.0 0.9949622166246851
281 0.006764800000000015 0 0 1.0 0.9949622166246851
282 0.007231700000000174 0 0 1.0 0.9949622166246851
283 0.008308299999999935 0 0 1.0 0.9949622166246851
284 0.010229800000000289 0 0 1.0 0.9949622166246851
285 0.010128099999999751 0 1 1.0 0.9974811083123426
286 0.007127600000000012 0 0 1.0 0.9974811083123426
287 0.007281199999999988 0 0 1.0 0.9974811083123426
288 0.008110799999999863 0 0 1.0 0.9974811083123426
289 0.006968999999999781 0 0 1.0 0.9974811083123426
290 0.007514299999999974 0 0 1.0 0.9974811083123426
291 0.007151700000000094 0 0 1.0 0.9974811083123426
292 0.007197099999999956 0 0 1.0 0.9974811083123426
293 0.007325900000000107 0 0 1.0 0.9974811083123426
294 0.007273399999999874 0 1 1.0 1.0
