190 0.6 0.8
1 0.003949799999999948 0 0 0.0 0.5013262599469496
2 0.004193100000000005 1 0 0.005291005291005291 0.5013262599469496
3 0.004232699999999978 1 1 0.010582010582010581 0.5039787798408488
4 0.004009200000000046 0 0 0.010582010582010581 0.5039787798408488
5 0.004059300000000043 1 1 0.015873015873015872 0.506631299734748
6 0.004170300000000016 0 0 0.015873015873015872 0.506631299734748
7 0.004023699999999963 1 1 0.021164021164021163 0.5092838196286472
8 0.004038100000000044 1 1 0.026455026455026454 0.5119363395225465
9 0.0040018 0 0 0.026455026455026454 0.5119363395225465
10 0.004018299999999975 0 0 0.026455026455026454 0.5119363395225465
11 0.004118600000000028 1 1 0.031746031746031744 0.5145888594164456
12 0.004005299999999989 0 0 0.031746031746031744 0.5145888594164456
13 0.006468499999999988 0 0 0.031746031746031744 0.5145888594164456
14 0.006134799999999996 1 1 0.037037037037037035 0.5172413793103449
15 0.00603280000000006 0 0 0.037037037037037035 0.5172413793103449
16 0.005767000000000078 0 0 0.037037037037037035 0.5172413793103449
17 0.004055600000000048 0 0 0.037037037037037035 0.5172413793103449
18 0.004125299999999998 0 0 0.037037037037037035 0.5172413793103449
19 0.003928700000000007 1 1 0.042328042328042326 0.519893899204244
20 0.004268700000000014 1 0 0.047619047619047616 0.519893899204244
21 0.004070200000000024 0 1 0.047619047619047616 0.5225464190981433
22 0.003982700000000006 1 1 0.05291005291005291 0.5251989389920424
23 0.003937499999999927 0 0 0.05291005291005291 0.5251989389920424
24 0.00390809999999997 0 0 0.05291005291005291 0.5251989389920424
25 0.004110100000000005 1 0 0.0582010582010582 0.5251989389920424
26 0.004017999999999966 1 2 0.06349206349206349 0.5305039787798409
27 0.003988900000000073 1 1 0.06878306878306878 0.53315649867374
28 0.0039573000000000524 1 0 0.07407407407407407 0.53315649867374
29 0.004022300000000034 1 1 0.07936507936507936 0.5358090185676393
30 0.003992499999999954 1 0 0.08465608465608465 0.5358090185676393
31 0.004009400000000052 1 2 0.08994708994708994 0.5411140583554377
32 0.004542900000000016 0 1 0.08994708994708994 0.5437665782493368
33 0.004334899999999919 1 1 0.09523809523809523 0.5464190981432361
34 0.0045648000000000355 1 1 0.10052910052910052 0.5490716180371353
35 0.004546500000000009 1 1 0.10582010582010581 0.5517241379310345
36 0.004536100000000043 1 0 0.1111111111111111 0.5517241379310345
37 0.004640299999999931 0 1 0.1111111111111111 0.5543766578249337
38 0.0042976000000000125 1 1 0.1164021164021164 0.5570291777188329
39 0.004559900000000061 0 0 0.1164021164021164 0.5570291777188329
40 0.004472199999999926 1 1 0.12169312169312169 0.5596816976127321
41 0.0046072000000000335 1 1 0.12698412698412698 0.5623342175066313
42 0.004305499999999962 1 1 0.13227513227513227 0.5649867374005305
43 0.004536600000000002 0 0 0.13227513227513227 0.5649867374005305
44 0.004168499999999908 1 0 0.13756613756613756 0.5649867374005305
45 0.004118100000000013 1 1 0.14285714285714285 0.5676392572944297
46 0.018755899999999937 1 2 0.14814814814814814 0.5729442970822282
47 0.009048500000000015 0 0 0.14814814814814814 0.5729442970822282
48 0.006528199999999984 0 0 0.14814814814814814 0.5729442970822282
49 0.005410899999999996 0 0 0.14814814814814814 0.5729442970822282
50 0.004756699999999947 0 0 0.14814814814814814 0.5729442970822282
51 0.004456299999999969 1 1 0.15343915343915343 0.5755968169761273
52 0.004678600000000088 1 0 0.15873015873015872 0.5755968169761273
53 0.004305800000000026 1 1 0.164021164021164 0.5782493368700266
54 0.004239699999999957 0 0 0.164021164021164 0.5782493368700266
55 0.004727799999999949 0 0 0.164021164021164 0.5782493368700266
56 0.00425870000000006 0 1 0.164021164021164 0.5809018567639257
57 0.004517099999999941 1 1 0.1693121693121693 0.583554376657825
58 0.004359600000000019 1 1 0.1746031746031746 0.5862068965517241
59 0.004475899999999977 1 1 0.17989417989417988 0.5888594164456233
60 0.004288400000000081 0 0 0.17989417989417988 0.5888594164456233
61 0.004312399999999994 1 1 0.18518518518518517 0.5915119363395226
62 0.004226599999999969 0 0 0.18518518518518517 0.5915119363395226
63 0.004327600000000098 1 1 0.19047619047619047 0.5941644562334217
64 0.0043151999999999635 0 0 0.19047619047619047 0.5941644562334217
65 0.004844100000000129 1 1 0.19576719576719576 0.596816976127321
66 0.004411500000000013 0 0 0.19576719576719576 0.596816976127321
67 0.00439210000000001 1 1 0.20105820105820105 0.5994694960212201
68 0.004788199999999909 1 0 0.20634920634920634 0.5994694960212201
69 0.004343399999999997 1 1 0.21164021164021163 0.6021220159151194
70 0.004404099999999911 0 0 0.21164021164021163 0.6021220159151194
71 0.004877400000000032 1 1 0.21693121693121692 0.6047745358090185
72 0.0049064000000000885 1 1 0.2222222222222222 0.6074270557029178
73 0.004583899999999863 1 2 0.2275132275132275 0.6127320954907162
74 0.0045976000000000905 1 0 0.2328042328042328 0.6127320954907162
75 0.004531400000000074 0 0 0.2328042328042328 0.6127320954907162
76 0.004403700000000121 1 0 0.23809523809523808 0.6127320954907162
77 0.004472400000000043 0 1 0.23809523809523808 0.6153846153846154
78 0.004397399999999996 1 1 0.24338624338624337 0.6180371352785146
79 0.004985799999999818 1 1 0.24867724867724866 0.6206896551724138
80 0.004907299999999948 1 2 0.25396825396825395 0.6259946949602122
81 0.004494299999999951 1 1 0.25925925925925924 0.6286472148541115
82 0.0044583999999998625 1 1 0.26455026455026454 0.6312997347480106
83 0.006555199999999983 0 0 0.26455026455026454 0.6312997347480106
84 0.006440500000000071 0 0 0.26455026455026454 0.6312997347480106
85 0.006437299999999979 1 1 0.2698412698412698 0.6339522546419099
86 0.006332400000000016 0 0 0.2698412698412698 0.6339522546419099
87 0.006559500000000051 1 1 0.2751322751322751 0.636604774535809
88 0.004466999999999999 0 0 0.2751322751322751 0.636604774535809
89 0.006410899999999886 1 1 0.2804232804232804 0.6392572944297082
90 0.004594100000000045 0 0 0.2804232804232804 0.6392572944297082
91 0.00483100000000003 0 0 0.2804232804232804 0.6392572944297082
92 0.006599400000000033 0 0 0.2804232804232804 0.6392572944297082
93 0.0063787000000001814 0 0 0.2804232804232804 0.6392572944297082
94 0.006177600000000005 0 0 0.2804232804232804 0.6392572944297082
95 0.006458400000000086 1 1 0.2857142857142857 0.6419098143236074
96 0.006721699999999942 1 0 0.291005291005291 0.6419098143236074
97 0.006712300000000004 0 1 0.291005291005291 0.6445623342175066
98 0.006401700000000066 1 1 0.2962962962962963 0.6472148541114059
99 0.004933700000000041 1 1 0.30158730158730157 0.649867374005305
100 0.005060500000000134 0 0 0.30158730158730157 0.649867374005305
101 0.005140599999999829 1 0 0.30687830687830686 0.649867374005305
102 0.004624900000000043 1 1 0.31216931216931215 0.6525198938992043
103 0.0049456000000001055 1 1 0.31746031746031744 0.6551724137931034
104 0.005143100000000178 1 2 0.32275132275132273 0.6604774535809018
105 0.005141300000000015 0 0 0.32275132275132273 0.6604774535809018
106 0.004669800000000057 0 0 0.32275132275132273 0.6604774535809018
107 0.004675900000000066 1 1 0.328042328042328 0.6631299734748011
108 0.004648700000000172 1 1 0.3333333333333333 0.6657824933687002
109 0.0047591999999998524 1 1 0.3386243386243386 0.6684350132625995
110 0.0046711999999999865 0 0 0.3386243386243386 0.6684350132625995
111 0.004542900000000127 1 0 0.3439153439153439 0.6684350132625995
112 0.004621100000000045 1 1 0.3492063492063492 0.6710875331564987
113 0.008550500000000127 0 0 0.3492063492063492 0.6710875331564987
114 0.004959600000000064 0 0 0.3492063492063492 0.6710875331564987
115 0.004720400000000069 0 0 0.3492063492063492 0.6710875331564987
116 0.004965300000000061 0 0 0.3492063492063492 0.6710875331564987
117 0.004724399999999962 1 2 0.3544973544973545 0.6763925729442971
118 0.006550099999999892 0 0 0.3544973544973545 0.6763925729442971
119 0.006817999999999991 1 0 0.35978835978835977 0.6763925729442971
120 0.006636100000000145 0 1 0.35978835978835977 0.6790450928381963
121 0.006930700000000067 1 0 0.36507936507936506 0.6790450928381963
122 0.006991699999999934 1 1 0.37037037037037035 0.6816976127320955
123 0.006967600000000074 1 1 0.37566137566137564 0.6843501326259946
124 0.006599099999999858 0 0 0.37566137566137564 0.6843501326259946
125 0.006991600000000098 1 1 0.38095238095238093 0.6870026525198939
126 0.006925099999999906 0 0 0.38095238095238093 0.6870026525198939
127 0.007036199999999937 0 1 0.38095238095238093 0.6896551724137931
128 0.006856299999999926 1 0 0.3862433862433862 0.6896551724137931
129 0.006961999999999913 1 0 0.3915343915343915 0.6896551724137931
130 0.007171499999999886 0 1 0.3915343915343915 0.6923076923076923
131 0.007065000000000099 0 0 0.3915343915343915 0.6923076923076923
132 0.004843000000000153 1 0 0.3968253968253968 0.6923076923076923
133 0.005058799999999808 1 3 0.4021164021164021 0.7002652519893899
134 0.005373300000000025 1 0 0.4074074074074074 0.7002652519893899
135 0.005392800000000086 0 1 0.4074074074074074 0.7029177718832891
136 0.005385599999999879 1 1 0.4126984126984127 0.7055702917771883
137 0.005471199999999898 1 1 0.41798941798941797 0.7082228116710876
138 0.0052130999999999705 1 0 0.42328042328042326 0.7082228116710876
139 0.004818800000000012 0 0 0.42328042328042326 0.7082228116710876
140 0.004887400000000097 1 2 0.42857142857142855 0.713527851458886
141 0.005270099999999944 1 0 0.43386243386243384 0.713527851458886
142 0.004916399999999932 0 0 0.43386243386243384 0.713527851458886
143 0.005008200000000018 0 1 0.43386243386243384 0.7161803713527851
144 0.005172900000000036 0 0 0.43386243386243384 0.7161803713527851
145 0.005196100000000037 1 1 0.43915343915343913 0.7188328912466844
146 0.005100099999999941 1 1 0.4444444444444444 0.7214854111405835
147 0.006356699999999993 1 1 0.4497354497354497 0.7241379310344828
148 0.005174599999999918 1 1 0.455026455026455 0.726790450928382
149 0.007233600000000173 1 1 0.4603174603174603 0.7294429708222812
150 0.007080200000000092 0 0 0.4603174603174603 0.7294429708222812
151 0.005165800000000109 1 1 0.4656084656084656 0.7320954907161804
152 0.00524290000000005 0 0 0.4656084656084656 0.7320954907161804
153 0.005010799999999982 1 1 0.4708994708994709 0.7347480106100795
154 0.0049432000000000365 1 0 0.47619047619047616 0.7347480106100795
155 0.0049752000000000685 0 0 0.47619047619047616 0.7347480106100795
156 0.007362000000000091 1 1 0.48148148148148145 0.7374005305039788
157 0.007229599999999836 1 0 0.48677248677248675 0.7374005305039788
158 0.00728989999999996 0 1 0.48677248677248675 0.7400530503978779
159 0.005143100000000178 1 0 0.49206349206349204 0.7400530503978779
160 0.005106599999999961 0 2 0.49206349206349204 0.7453580901856764
161 0.005173800000000117 1 1 0.4973544973544973 0.7480106100795756
162 0.005118800000000201 0 0 0.4973544973544973 0.7480106100795756
163 0.006108400000000014 1 1 0.5026455026455027 0.7506631299734748
164 0.0056042999999998955 1 1 0.5079365079365079 0.753315649867374
165 0.005483999999999822 0 0 0.5079365079365079 0.753315649867374
166 0.005399999999999849 1 1 0.5132275132275133 0.7559681697612732
167 0.00546319999999989 1 1 0.5185185185185185 0.7586206896551724
168 0.005059699999999889 1 1 0.5238095238095238 0.7612732095490716
169 0.005186599999999819 0 0 0.5238095238095238 0.7612732095490716
170 0.005056100000000008 0 0 0.5238095238095238 0.7612732095490716
171 0.005045999999999884 0 0 0.5238095238095238 0.7612732095490716
172 0.005091700000000143 0 0 0.5238095238095238 0.7612732095490716
173 0.005417200000000122 0 0 0.5238095238095238 0.7612732095490716
174 0.005212699999999959 1 1 0.5291005291005291 0.7639257294429708
175 0.005215100000000028 0 0 0.5291005291005291 0.7639257294429708
176 0.004986900000000016 0 0 0.5291005291005291 0.7639257294429708
177 0.005282199999999904 1 0 0.5343915343915344 0.7639257294429708
178 0.005211899999999936 1 1 0.5396825396825397 0.76657824933687
179 0.005176999999999987 1 0 0.544973544973545 0.76657824933687
180 0.005496600000000074 0 0 0.544973544973545 0.76657824933687
181 0.005789299999999997 0 0 0.544973544973545 0.76657824933687
182 0.0051920000000000854 0 1 0.544973544973545 0.7692307692307693
183 0.005880899999999967 1 2 0.5502645502645502 0.7745358090185677
184 0.005804900000000002 1 1 0.5555555555555556 0.7771883289124668
185 0.0057538999999999785 1 1 0.5608465608465608 0.7798408488063661
186 0.005574399999999979 1 1 0.5661375661375662 0.7824933687002652
187 0.0056813 1 1 0.5714285714285714 0.7851458885941645
188 0.005481300000000022 1 1 0.5767195767195767 0.7877984084880637
189 0.005891599999999997 1 1 0.582010582010582 0.7904509283819628
190 0.0058483000000000285 0 0 0.582010582010582 0.7904509283819628
191 0.005495000000000028 1 0 0.5873015873015873 0.7904509283819628
192 0.005315700000000145 0 1 0.5873015873015873 0.7931034482758621
193 0.005332200000000009 0 0 0.5873015873015873 0.7931034482758621
194 0.00550459999999986 0 0 0.5873015873015873 0.7931034482758621
195 0.005498300000000178 1 1 0.5925925925925926 0.7957559681697612
196 0.0051936000000001314 0 0 0.5925925925925926 0.7957559681697612
197 0.005455800000000011 0 0 0.5925925925925926 0.7957559681697612
198 0.005421600000000026 1 1 0.5978835978835979 0.7984084880636605
199 0.005325299999999977 1 1 0.6031746031746031 0.8010610079575596
200 0.005746199999999924 1 1 0.6084656084656085 0.8037135278514589
201 0.005335300000000043 0 0 0.6084656084656085 0.8037135278514589
202 0.005239699999999958 1 1 0.6137566137566137 0.8063660477453581
203 0.005559199999999986 0 0 0.6137566137566137 0.8063660477453581
204 0.0055050999999999295 1 0 0.6190476190476191 0.8063660477453581
205 0.00581570000000009 1 2 0.6243386243386243 0.8116710875331565
206 0.005504600000000082 0 0 0.6243386243386243 0.8116710875331565
207 0.005789799999999845 0 0 0.6243386243386243 0.8116710875331565
208 0.005316199999999993 1 1 0.6296296296296297 0.8143236074270557
209 0.005397600000000002 0 0 0.6296296296296297 0.8143236074270557
210 0.005639199999999844 1 1 0.6349206349206349 0.8169761273209549
211 0.005430800000000069 1 1 0.6402116402116402 0.8196286472148541
212 0.005905000000000049 1 1 0.6455026455026455 0.8222811671087533
213 0.005407299999999893 0 0 0.6455026455026455 0.8222811671087533
214 0.005452799999999813 0 0 0.6455026455026455 0.8222811671087533
215 0.005699299999999852 1 1 0.6507936507936508 0.8249336870026526
216 0.005488099999999996 0 0 0.6507936507936508 0.8249336870026526
217 0.005494999999999806 0 0 0.6507936507936508 0.8249336870026526
218 0.005546800000000074 1 1 0.656084656084656 0.8275862068965517
219 0.0055378999999999845 0 0 0.656084656084656 0.8275862068965517
220 0.005495199999999922 1 1 0.6613756613756614 0.830238726790451
221 0.005520699999999934 1 1 0.6666666666666666 0.8328912466843501
222 0.005500400000000072 1 0 0.671957671957672 0.8328912466843501
223 0.005684800000000045 0 0 0.671957671957672 0.8328912466843501
224 0.00560179999999999 0 1 0.671957671957672 0.8355437665782494
225 0.005433600000000149 0 0 0.671957671957672 0.8355437665782494
226 0.005621000000000098 0 0 0.671957671957672 0.8355437665782494
227 0.005625700000000178 1 0 0.6772486772486772 0.8355437665782494
228 0.0057930999999999955 1 2 0.6825396825396826 0.8408488063660478
229 0.005641000000000007 1 1 0.6878306878306878 0.843501326259947
230 0.005589000000000066 0 0 0.6878306878306878 0.843501326259947
231 0.005589599999999972 1 1 0.6931216931216931 0.8461538461538461
232 0.005804099999999979 0 0 0.6931216931216931 0.8461538461538461
233 0.005704999999999849 1 1 0.6984126984126984 0.8488063660477454
234 0.005619000000000263 1 1 0.7037037037037037 0.8514588859416445
235 0.005657199999999918 0 0 0.7037037037037037 0.8514588859416445
236 0.005673500000000331 1 1 0.708994708994709 0.8541114058355438
237 0.005607200000000034 0 0 0.708994708994709 0.8541114058355438
238 0.005522099999999863 0 0 0.708994708994709 0.8541114058355438
239 0.005608200000000174 0 0 0.708994708994709 0.8541114058355438
240 0.005650600000000061 0 0 0.708994708994709 0.8541114058355438
241 0.005605500000000152 0 0 0.708994708994709 0.8541114058355438
242 0.005631399999999953 0 0 0.708994708994709 0.8541114058355438
243 0.005634500000000209 1 1 0.7142857142857143 0.8567639257294429
244 0.005548899999999968 1 0 0.7195767195767195 0.8567639257294429
245 0.005620200000000075 1 1 0.7248677248677249 0.8594164456233422
246 0.009495799999999832 1 2 0.7301587301587301 0.8647214854111406
247 0.005586300000000044 1 1 0.7354497354497355 0.8673740053050398
248 0.0060333999999997445 0 0 0.7354497354497355 0.8673740053050398
249 0.005783000000000094 0 0 0.7354497354497355 0.8673740053050398
250 0.006135999999999697 1 1 0.7407407407407407 0.870026525198939
251 0.005823299999999865 0 0 0.7407407407407407 0.870026525198939
252 0.006172099999999681 1 1 0.746031746031746 0.8726790450928382
253 0.006383900000000331 1 1 0.7513227513227513 0.8753315649867374
254 0.005631800000000187 0 0 0.7513227513227513 0.8753315649867374
255 0.005746100000000087 1 1 0.7566137566137566 0.8779840848806366
256 0.00568919999999995 0 0 0.7566137566137566 0.8779840848806366
257 0.005595000000000017 0 0 0.7566137566137566 0.8779840848806366
258 0.005658300000000338 0 0 0.7566137566137566 0.8779840848806366
259 0.006130499999999817 0 0 0.7566137566137566 0.8779840848806366
260 0.006338300000000352 1 1 0.7619047619047619 0.8806366047745358
261 0.005699300000000296 0 0 0.7619047619047619 0.8806366047745358
262 0.0058810999999998614 0 0 0.7619047619047619 0.8806366047745358
263 0.005635900000000138 0 0 0.7619047619047619 0.8806366047745358
264 0.0057266999999998625 1 1 0.7671957671957672 0.883289124668435
265 0.005830200000000119 0 0 0.7671957671957672 0.883289124668435
266 0.005636699999999717 0 0 0.7671957671957672 0.883289124668435
267 0.005816100000000102 0 0 0.7671957671957672 0.883289124668435
268 0.005713800000000102 0 0 0.7671957671957672 0.883289124668435
269 0.005809799999999754 1 1 0.7724867724867724 0.8859416445623343
270 0.0056954999999998535 1 1 0.7777777777777778 0.8885941644562334
271 0.00567229999999963 0 0 0.7777777777777778 0.8885941644562334
272 0.006106000000000389 1 1 0.783068783068783 0.8912466843501327
273 0.005941799999999997 1 0 0.7883597883597884 0.8912466843501327
274 0.005793399999999949 1 2 0.7936507936507936 0.896551724137931
275 0.005790799999999763 1 1 0.798941798941799 0.8992042440318302
276 0.006217600000000267 1 1 0.8042328042328042 0.9018567639257294
277 0.00619689999999995 1 1 0.8095238095238095 0.9045092838196287
278 0.0062387000000003745 0 0 0.8095238095238095 0.9045092838196287
279 0.005728200000000072 1 1 0.8148148148148148 0.9071618037135278
280 0.006030099999999816 0 0 0.8148148148148148 0.9071618037135278
281 0.006659300000000368 1 1 0.8201058201058201 0.9098143236074271
282 0.006039100000000186 1 1 0.8253968253968254 0.9124668435013262
283 0.006392699999999696 1 1 0.8306878306878307 0.9151193633952255
284 0.005873799999999818 1 1 0.8359788359788359 0.9177718832891246
285 0.005926800000000121 1 0 0.8412698412698413 0.9177718832891246
286 0.006291700000000233 0 1 0.8412698412698413 0.9204244031830239
287 0.00595060000000025 1 1 0.8465608465608465 0.9230769230769231
288 0.005893200000000043 0 0 0.8465608465608465 0.9230769230769231
289 0.006411100000000225 1 1 0.8518518518518519 0.9257294429708223
290 0.005895199999999878 1 1 0.8571428571428571 0.9283819628647215
291 0.005907999999999802 1 1 0.8624338624338624 0.9310344827586207
292 0.00597129999999968 1 0 0.8677248677248677 0.9310344827586207
293 0.006005200000000155 0 0 0.8677248677248677 0.9310344827586207
294 0.006660999999999806 0 1 0.8677248677248677 0.9336870026525199
295 0.00612389999999996 1 1 0.873015873015873 0.9363395225464191
296 0.006301400000000346 1 1 0.8783068783068783 0.9389920424403183
297 0.005865699999999752 0 0 0.8783068783068783 0.9389920424403183
298 0.00613990000000042 1 1 0.8835978835978836 0.9416445623342176
299 0.006081800000000026 0 0 0.8835978835978836 0.9416445623342176
300 0.006104600000000016 0 0 0.8835978835978836 0.9416445623342176
301 0.0060797999999997465 0 0 0.8835978835978836 0.9416445623342176
302 0.006026400000000098 0 0 0.8835978835978836 0.9416445623342176
303 0.008791899999999853 1 1 0.8888888888888888 0.9442970822281167
304 0.006103899999999829 1 1 0.8941798941798942 0.946949602122016
305 0.006170100000000289 0 0 0.8941798941798942 0.946949602122016
306 0.006225999999999843 1 1 0.8994708994708994 0.9496021220159151
307 0.005977200000000238 1 0 0.9047619047619048 0.9496021220159151
308 0.006062400000000245 1 2 0.91005291005291 0.9549071618037135
309 0.0062517999999998075 1 0 0.9153439153439153 0.9549071618037135
310 0.006442499999999907 1 1 0.9206349206349206 0.9575596816976127
311 0.007831499999999991 0 1 0.9206349206349206 0.9602122015915119
312 0.006616499999999803 0 0 0.9206349206349206 0.9602122015915119
313 0.006477500000000358 0 0 0.9206349206349206 0.9602122015915119
314 0.006595100000000187 1 1 0.9259259259259259 0.9628647214854111
315 0.006332899999999864 1 1 0.9312169312169312 0.9655172413793104
316 0.006417899999999754 1 0 0.9365079365079365 0.9655172413793104
317 0.006509100000000156 0 0 0.9365079365079365 0.9655172413793104
318 0.006627999999999634 0 1 0.9365079365079365 0.9681697612732095
319 0.006398100000000184 0 0 0.9365079365079365 0.9681697612732095
320 0.006280899999999701 0 0 0.9365079365079365 0.9681697612732095
321 0.006323999999999774 0 0 0.9365079365079365 0.9681697612732095
322 0.006243599999999905 1 0 0.9417989417989417 0.9681697612732095
323 0.006485300000000027 0 0 0.9417989417989417 0.9681697612732095
324 0.0067941999999998615 0 0 0.9417989417989417 0.9681697612732095
325 0.006227299999999936 0 1 0.9417989417989417 0.9708222811671088
326 0.006256099999999876 0 0 0.9417989417989417 0.9708222811671088
327 0.006378400000000006 0 0 0.9417989417989417 0.9708222811671088
328 0.006315900000000152 1 1 0.9470899470899471 0.9734748010610079
329 0.006165299999999707 0 0 0.9470899470899471 0.9734748010610079
330 0.006284899999999816 0 0 0.9470899470899471 0.9734748010610079
331 0.006704800000000066 1 1 0.9523809523809523 0.9761273209549072
332 0.006133000000000166 1 1 0.9576719576719577 0.9787798408488063
333 0.006265699999999708 1 1 0.9629629629629629 0.9814323607427056
334 0.006583699999999748 1 1 0.9682539682539683 0.9840848806366048
335 0.00634250000000014 0 0 0.9682539682539683 0.9840848806366048
336 0.00621040000000006 0 0 0.9682539682539683 0.9840848806366048
337 0.006894400000000189 1 1 0.9735449735449735 0.986737400530504
338 0.006263399999999919 0 0 0.9735449735449735 0.986737400530504
339 0.006937600000000099 1 1 0.9788359788359788 0.9893899204244032
340 0.006559300000000157 0 0 0.9788359788359788 0.9893899204244032
341 0.006174000000000124 0 0 0.9788359788359788 0.9893899204244032
342 0.00704439999999984 1 1 0.9841269841269841 0.9920424403183024
343 0.0070408999999997945 1 0 0.9894179894179894 0.9920424403183024
344 0.006262699999999732 1 1 0.9947089947089947 0.9946949602122016
345 0.006618800000000036 0 0 0.9947089947089947 0.9946949602122016
346 0.006742899999999885 1 1 1.0 0.9973474801061007
347 0.006308999999999898 0 0 1.0 0.9973474801061007
348 0.006303899999999807 0 0 1.0 0.9973474801061007
349 0.006222599999999634 0 1 1.0 1.0
