180 0.5 0.2
1 0.0036559000000000452 0 0 0.0 0.5014005602240896
2 0.0035854000000000164 1 0 0.00558659217877095 0.5014005602240896
3 0.0036501999999999923 0 0 0.00558659217877095 0.5014005602240896
4 0.003642599999999996 0 0 0.00558659217877095 0.5014005602240896
5 0.0037891999999999926 1 0 0.0111731843575419 0.5014005602240896
6 0.003793500000000005 1 0 0.01675977653631285 0.5014005602240896
7 0.0037143000000000037 0 0 0.01675977653631285 0.5014005602240896
8 0.0036380999999999775 0 0 0.01675977653631285 0.5014005602240896
9 0.0040492000000000306 1 0 0.0223463687150838 0.5014005602240896
10 0.0036488000000000076 1 1 0.027932960893854747 0.5042016806722689
11 0.003777799999999998 1 0 0.0335195530726257 0.5042016806722689
12 0.0036361999999999783 1 0 0.03910614525139665 0.5042016806722689
13 0.0037727000000000177 1 3 0.0446927374301676 0.5126050420168067
14 0.003726599999999969 1 0 0.05027932960893855 0.5126050420168067
15 0.004192099999999976 1 2 0.055865921787709494 0.5182072829131653
16 0.0037136999999999865 0 0 0.055865921787709494 0.5182072829131653
17 0.00380419999999998 0 1 0.055865921787709494 0.5210084033613446
18 0.0037185000000000135 1 1 0.061452513966480445 0.5238095238095238
19 0.00410290000000002 0 0 0.061452513966480445 0.5238095238095238
20 0.0041472000000000175 0 0 0.061452513966480445 0.5238095238095238
21 0.0038758999999999877 1 0 0.0670391061452514 0.5238095238095238
22 0.0037086999999999537 1 0 0.07262569832402235 0.5238095238095238
23 0.0037541999999999853 0 0 0.07262569832402235 0.5238095238095238
24 0.003967899999999969 1 2 0.0782122905027933 0.5294117647058824
25 0.003871300000000022 1 1 0.08379888268156424 0.5322128851540616
26 0.004222999999999977 0 0 0.08379888268156424 0.5322128851540616
27 0.003895899999999952 0 0 0.08379888268156424 0.5322128851540616
28 0.00420469999999995 0 0 0.08379888268156424 0.5322128851540616
29 0.003965999999999914 1 0 0.0893854748603352 0.5322128851540616
30 0.0037932999999999995 0 1 0.0893854748603352 0.5350140056022409
31 0.003835299999999986 1 0 0.09497206703910614 0.5350140056022409
32 0.003773400000000038 0 0 0.09497206703910614 0.5350140056022409
33 0.003970099999999976 1 1 0.1005586592178771 0.5378151260504201
34 0.0038400000000000656 0 0 0.1005586592178771 0.5378151260504201
35 0.004183099999999995 1 0 0.10614525139664804 0.5378151260504201
36 0.00557019999999997 1 0 0.11173184357541899 0.5378151260504201
37 0.004192500000000043 0 1 0.11173184357541899 0.5406162464985994
38 0.004174699999999976 1 1 0.11731843575418995 0.5434173669467787
39 0.004181699999999955 0 0 0.11731843575418995 0.5434173669467787
40 0.004235699999999953 0 2 0.11731843575418995 0.5490196078431373
41 0.00417640000000008 0 0 0.11731843575418995 0.5490196078431373
42 0.004209200000000024 1 1 0.12290502793296089 0.5518207282913166
43 0.00427820000000001 0 0 0.12290502793296089 0.5518207282913166
44 0.003987600000000091 0 0 0.12290502793296089 0.5518207282913166
45 0.0039335999999999816 0 0 0.12290502793296089 0.5518207282913166
46 0.004313099999999959 1 1 0.12849162011173185 0.5546218487394958
47 0.003804600000000047 1 0 0.1340782122905028 0.5546218487394958
48 0.003904700000000094 0 0 0.1340782122905028 0.5546218487394958
49 0.003864699999999943 0 0 0.1340782122905028 0.5546218487394958
50 0.00391459999999999 1 1 0.13966480446927373 0.5574229691876751
51 0.003876600000000008 0 0 0.13966480446927373 0.5574229691876751
52 0.003966899999999995 1 1 0.1452513966480447 0.5602240896358543
53 0.0038138999999999257 0 0 0.1452513966480447 0.5602240896358543
54 0.003942099999999948 1 1 0.15083798882681565 0.5630252100840336
55 0.00386490000000006 1 0 0.1564245810055866 0.5630252100840336
56 0.003862200000000038 0 0 0.1564245810055866 0.5630252100840336
57 0.003859900000000027 0 0 0.1564245810055866 0.5630252100840336
58 0.0038970999999999867 0 1 0.1564245810055866 0.5658263305322129
59 0.004071099999999994 1 0 0.16201117318435754 0.5658263305322129
60 0.0039574 0 0 0.16201117318435754 0.5658263305322129
61 0.0039424000000000126 1 0 0.16759776536312848 0.5658263305322129
62 0.003948399999999963 1 1 0.17318435754189945 0.5686274509803921
63 0.003906999999999994 1 0 0.1787709497206704 0.5686274509803921
64 0.003828700000000018 0 0 0.1787709497206704 0.5686274509803921
65 0.003971100000000005 1 0 0.18435754189944134 0.5686274509803921
66 0.003965399999999897 0 0 0.18435754189944134 0.5686274509803921
67 0.003969 1 0 0.18994413407821228 0.5686274509803921
68 0.005850200000000028 0 1 0.18994413407821228 0.5714285714285714
69 0.005609799999999998 0 1 0.18994413407821228 0.5742296918767507
70 0.005743300000000007 1 0 0.19553072625698323 0.5742296918767507
71 0.004067800000000066 1 1 0.2011173184357542 0.5770308123249299
72 0.004197500000000076 0 0 0.2011173184357542 0.5770308123249299
73 0.00569620000000004 1 1 0.20670391061452514 0.5798319327731093
74 0.005592900000000012 0 2 0.20670391061452514 0.5854341736694678
75 0.005798900000000051 0 1 0.20670391061452514 0.5882352941176471
76 0.004396900000000037 0 0 0.20670391061452514 0.5882352941176471
77 0.0041807999999999845 1 0 0.2122905027932961 0.5882352941176471
78 0.00486999999999993 1 0 0.21787709497206703 0.5882352941176471
79 0.003969700000000076 0 3 0.21787709497206703 0.5966386554621849
80 0.0040872000000000686 1 0 0.22346368715083798 0.5966386554621849
81 0.0040211 0 1 0.22346368715083798 0.5994397759103641
82 0.004049900000000051 1 0 0.22905027932960895 0.5994397759103641
83 0.004025300000000009 0 0 0.22905027932960895 0.5994397759103641
84 0.004027699999999967 0 0 0.22905027932960895 0.5994397759103641
85 0.004225699999999999 1 2 0.2346368715083799 0.6050420168067226
86 0.004038600000000003 1 1 0.24022346368715083 0.6078431372549019
87 0.004193899999999973 1 0 0.24581005586592178 0.6078431372549019
88 0.004046600000000011 0 1 0.24581005586592178 0.6106442577030813
89 0.004432199999999997 1 0 0.25139664804469275 0.6106442577030813
90 0.004254300000000044 0 1 0.25139664804469275 0.6134453781512605
91 0.004282299999999961 0 1 0.25139664804469275 0.6162464985994398
92 0.004490499999999953 1 1 0.2569832402234637 0.6190476190476191
93 0.004319300000000026 0 2 0.2569832402234637 0.6246498599439776
94 0.004611300000000096 0 1 0.2569832402234637 0.6274509803921569
95 0.004617500000000052 1 0 0.26256983240223464 0.6274509803921569
96 0.004539299999999913 1 0 0.2681564245810056 0.6274509803921569
97 0.004359400000000013 0 0 0.2681564245810056 0.6274509803921569
98 0.0040376000000000856 0 0 0.2681564245810056 0.6274509803921569
99 0.004082799999999942 1 1 0.2737430167597765 0.6302521008403361
100 0.0040656000000000025 0 0 0.2737430167597765 0.6302521008403361
101 0.004235800000000012 1 0 0.27932960893854747 0.6302521008403361
102 0.0043016000000000165 0 1 0.27932960893854747 0.6330532212885154
103 0.004125099999999993 1 1 0.2849162011173184 0.6358543417366946
104 0.004351100000000052 0 0 0.2849162011173184 0.6358543417366946
105 0.004384599999999961 1 0 0.2905027932960894 0.6358543417366946
106 0.00412060000000003 1 0 0.29608938547486036 0.6358543417366946
107 0.004167000000000032 1 1 0.3016759776536313 0.6386554621848739
108 0.004617699999999947 1 0 0.30726256983240224 0.6386554621848739
109 0.004192299999999927 1 1 0.3128491620111732 0.6414565826330533
110 0.004350199999999971 0 0 0.3128491620111732 0.6414565826330533
111 0.0042351999999999945 0 1 0.3128491620111732 0.6442577030812325
112 0.004077799999999909 0 0 0.3128491620111732 0.6442577030812325
113 0.0041704000000000185 0 0 0.3128491620111732 0.6442577030812325
114 0.004162899999999969 1 0 0.31843575418994413 0.6442577030812325
115 0.004386899999999971 1 0 0.3240223463687151 0.6442577030812325
116 0.004201400000000022 1 3 0.329608938547486 0.6526610644257703
117 0.004228699999999974 1 1 0.33519553072625696 0.6554621848739496
118 0.004703299999999966 1 2 0.3407821229050279 0.6610644257703081
119 0.0044503999999999655 1 2 0.3463687150837989 0.6666666666666666
120 0.004410200000000031 0 0 0.3463687150837989 0.6666666666666666
121 0.004417400000000016 0 0 0.3463687150837989 0.6666666666666666
122 0.004348600000000036 0 0 0.3463687150837989 0.6666666666666666
123 0.0042432000000000025 1 1 0.35195530726256985 0.6694677871148459
124 0.004345000000000043 0 0 0.35195530726256985 0.6694677871148459
125 0.007906500000000038 1 0 0.3575418994413408 0.6694677871148459
126 0.004486600000000007 0 0 0.3575418994413408 0.6694677871148459
127 0.004366900000000062 0 0 0.3575418994413408 0.6694677871148459
128 0.004236700000000093 1 0 0.36312849162011174 0.6694677871148459
129 0.00420940000000003 0 0 0.36312849162011174 0.6694677871148459
130 0.004301800000000022 1 1 0.3687150837988827 0.6722689075630253
131 0.004286699999999977 1 1 0.3743016759776536 0.6750700280112045
132 0.004275799999999941 1 0 0.37988826815642457 0.6750700280112045
133 0.004484099999999991 1 2 0.3854748603351955 0.680672268907563
134 0.004368299999999881 1 1 0.39106145251396646 0.6834733893557423
135 0.004332900000000084 0 0 0.39106145251396646 0.6834733893557423
136 0.004564299999999966 1 1 0.39664804469273746 0.6862745098039216
137 0.004314499999999999 0 1 0.39664804469273746 0.6890756302521008
138 0.0043447999999999265 1 1 0.4022346368715084 0.6918767507002801
139 0.004409099999999944 0 0 0.4022346368715084 0.6918767507002801
140 0.004672499999999857 1 0 0.40782122905027934 0.6918767507002801
141 0.004311699999999918 1 1 0.4134078212290503 0.6946778711484594
142 0.0043904000000001275 1 1 0.41899441340782123 0.6974789915966386
143 0.004424199999999878 0 0 0.41899441340782123 0.6974789915966386
144 0.004875500000000033 1 0 0.4245810055865922 0.6974789915966386
145 0.0047768000000001365 0 0 0.4245810055865922 0.6974789915966386
146 0.0048648000000000025 0 1 0.4245810055865922 0.7002801120448179
147 0.004877400000000032 0 0 0.4245810055865922 0.7002801120448179
148 0.004853199999999891 1 1 0.4301675977653631 0.7030812324929971
149 0.004989999999999828 1 0 0.43575418994413406 0.7030812324929971
150 0.0049888000000000154 0 0 0.43575418994413406 0.7030812324929971
151 0.00494349999999999 0 0 0.43575418994413406 0.7030812324929971
152 0.004867900000000036 1 0 0.441340782122905 0.7030812324929971
153 0.004424899999999843 1 1 0.44692737430167595 0.7058823529411765
154 0.006495499999999987 1 2 0.45251396648044695 0.711484593837535
155 0.006228899999999982 0 0 0.45251396648044695 0.711484593837535
156 0.006422099999999986 1 0 0.4581005586592179 0.711484593837535
157 0.006526800000000055 1 0 0.46368715083798884 0.711484593837535
158 0.006375299999999973 1 0 0.4692737430167598 0.711484593837535
159 0.006238499999999814 1 1 0.4748603351955307 0.7142857142857143
160 0.006525900000000195 1 0 0.48044692737430167 0.7142857142857143
161 0.0064158000000000825 0 0 0.48044692737430167 0.7142857142857143
162 0.006417499999999965 0 0 0.48044692737430167 0.7142857142857143
163 0.00675390000000009 1 1 0.4860335195530726 0.7170868347338936
164 0.0062405999999999295 1 2 0.49162011173184356 0.7226890756302521
165 0.006667599999999885 1 1 0.4972067039106145 0.7254901960784313
166 0.006601200000000196 1 1 0.5027932960893855 0.7282913165266106
167 0.006745999999999919 0 1 0.5027932960893855 0.7310924369747899
168 0.006437900000000107 1 2 0.5083798882681564 0.7366946778711485
169 0.004746899999999998 1 2 0.5139664804469274 0.742296918767507
170 0.006660300000000063 0 0 0.5139664804469274 0.742296918767507
171 0.006670500000000024 1 0 0.5195530726256983 0.742296918767507
172 0.006652199999999997 0 0 0.5195530726256983 0.742296918767507
173 0.00645399999999996 0 1 0.5195530726256983 0.7450980392156863
174 0.006698599999999999 0 0 0.5195530726256983 0.7450980392156863
175 0.0067438000000001885 1 0 0.5251396648044693 0.7450980392156863
176 0.00659529999999986 1 1 0.5307262569832403 0.7478991596638656
177 0.006456699999999982 1 0 0.5363128491620112 0.7478991596638656
178 0.005079300000000009 1 3 0.5418994413407822 0.7563025210084033
179 0.004786100000000015 0 1 0.5418994413407822 0.7591036414565826
180 0.0050835000000000186 0 0 0.5418994413407822 0.7591036414565826
181 0.004929500000000031 1 0 0.547486033519553 0.7591036414565826
182 0.004941700000000049 0 0 0.547486033519553 0.7591036414565826
183 0.005280900000000033 1 0 0.553072625698324 0.7591036414565826
184 0.005177699999999952 1 2 0.5586592178770949 0.7647058823529411
185 0.00671490000000019 1 0 0.5642458100558659 0.7647058823529411
186 0.0068894000000001565 1 1 0.5698324022346368 0.7675070028011205
187 0.006567400000000001 1 1 0.5754189944134078 0.7703081232492998
188 0.0068525999999999865 0 1 0.5754189944134078 0.773109243697479
189 0.006828799999999857 1 0 0.5810055865921788 0.773109243697479
190 0.006748999999999894 0 0 0.5810055865921788 0.773109243697479
191 0.004844799999999871 1 1 0.5865921787709497 0.7759103641456583
192 0.006848499999999813 0 1 0.5865921787709497 0.7787114845938375
193 0.004740599999999873 1 0 0.5921787709497207 0.7787114845938375
194 0.004901299999999997 1 0 0.5977653631284916 0.7787114845938375
195 0.005259000000000125 0 0 0.5977653631284916 0.7787114845938375
196 0.005243099999999945 1 1 0.6033519553072626 0.7815126050420168
197 0.00518799999999997 1 0 0.6089385474860335 0.7815126050420168
198 0.005221600000000048 1 0 0.6145251396648045 0.7815126050420168
199 0.005217699999999992 1 3 0.6201117318435754 0.7899159663865546
200 0.005289700000000064 0 0 0.6201117318435754 0.7899159663865546
201 0.005305499999999963 0 3 0.6201117318435754 0.7983193277310925
202 0.00526570000000004 1 2 0.6256983240223464 0.803921568627451
203 0.004785999999999957 1 0 0.6312849162011173 0.803921568627451
204 0.004736700000000038 1 1 0.6368715083798883 0.8067226890756303
205 0.004769199999999918 0 0 0.6368715083798883 0.8067226890756303
206 0.0047591999999998524 1 2 0.6424581005586593 0.8123249299719888
207 0.004839000000000038 0 0 0.6424581005586593 0.8123249299719888
208 0.006764199999999887 0 0 0.6424581005586593 0.8123249299719888
209 0.007051200000000035 0 0 0.6424581005586593 0.8123249299719888
210 0.00712439999999992 0 1 0.6424581005586593 0.8151260504201681
211 0.007038700000000064 0 0 0.6424581005586593 0.8151260504201681
212 0.006881799999999938 1 2 0.6480446927374302 0.8207282913165266
213 0.007027399999999906 1 0 0.6536312849162011 0.8207282913165266
214 0.00711700000000004 1 0 0.659217877094972 0.8207282913165266
215 0.007204100000000047 1 1 0.664804469273743 0.8235294117647058
216 0.00555759999999994 0 0 0.664804469273743 0.8235294117647058
217 0.005400599999999978 1 1 0.6703910614525139 0.8263305322128851
218 0.0049288000000000665 0 0 0.6703910614525139 0.8263305322128851
219 0.005506800000000034 0 0 0.6703910614525139 0.8263305322128851
220 0.006874599999999953 0 0 0.6703910614525139 0.8263305322128851
221 0.0067832000000001 1 1 0.6759776536312849 0.8291316526610645
222 0.007020199999999921 0 0 0.6759776536312849 0.8291316526610645
223 0.005318299999999887 0 0 0.6759776536312849 0.8291316526610645
224 0.005355099999999835 1 0 0.6815642458100558 0.8291316526610645
225 0.005278099999999952 1 1 0.6871508379888268 0.8319327731092437
226 0.005396700000000143 1 0 0.6927374301675978 0.8319327731092437
227 0.005131100000000055 0 0 0.6927374301675978 0.8319327731092437
228 0.005381300000000033 0 0 0.6927374301675978 0.8319327731092437
229 0.005092199999999991 0 1 0.6927374301675978 0.834733893557423
230 0.005508899999999928 0 2 0.6927374301675978 0.8403361344537815
231 0.004938300000000062 0 1 0.6927374301675978 0.8431372549019608
232 0.004979599999999973 1 0 0.6983240223463687 0.8431372549019608
233 0.005497000000000085 0 0 0.6983240223463687 0.8431372549019608
234 0.0052354999999999485 0 0 0.6983240223463687 0.8431372549019608
235 0.005478399999999883 1 0 0.7039106145251397 0.8431372549019608
236 0.004826900000000078 1 1 0.7094972067039106 0.84593837535014
237 0.004969900000000083 1 1 0.7150837988826816 0.8487394957983193
238 0.004869799999999813 0 1 0.7150837988826816 0.8515406162464986
239 0.005056500000000019 1 0 0.7206703910614525 0.8515406162464986
240 0.0048951999999999884 0 0 0.7206703910614525 0.8515406162464986
241 0.005554599999999965 0 0 0.7206703910614525 0.8515406162464986
242 0.004972200000000093 0 0 0.7206703910614525 0.8515406162464986
243 0.0049487999999999754 1 1 0.7262569832402235 0.8543417366946778
244 0.005008499999999971 0 1 0.7262569832402235 0.8571428571428571
245 0.005726799999999921 1 0 0.7318435754189944 0.8571428571428571
246 0.005130599999999985 1 0 0.7374301675977654 0.8571428571428571
247 0.005651700000000037 1 1 0.7430167597765364 0.8599439775910365
248 0.0067222000000000115 1 2 0.7486033519553073 0.865546218487395
249 0.0056627000000000205 1 1 0.7541899441340782 0.8683473389355743
250 0.00517729999999994 0 0 0.7541899441340782 0.8683473389355743
251 0.005233700000000008 0 0 0.7541899441340782 0.8683473389355743
252 0.005400800000000094 0 0 0.7541899441340782 0.8683473389355743
253 0.005318099999999992 0 1 0.7541899441340782 0.8711484593837535
254 0.00499050000000012 1 1 0.7597765363128491 0.8739495798319328
255 0.005658500000000011 1 1 0.7653631284916201 0.876750700280112
256 0.005542200000000053 0 0 0.7653631284916201 0.876750700280112
257 0.005649599999999921 1 1 0.770949720670391 0.8795518207282913
258 0.009539600000000092 1 0 0.776536312849162 0.8795518207282913
259 0.005115599999999887 1 0 0.7821229050279329 0.8795518207282913
260 0.005568400000000029 0 0 0.7821229050279329 0.8795518207282913
261 0.005651399999999862 1 0 0.7877094972067039 0.8795518207282913
262 0.005109599999999936 0 0 0.7877094972067039 0.8795518207282913
263 0.005075700000000127 0 1 0.7877094972067039 0.8823529411764706
264 0.005524899999999944 1 1 0.7932960893854749 0.8851540616246498
265 0.005496999999999863 1 2 0.7988826815642458 0.8907563025210085
266 0.005888899999999975 1 0 0.8044692737430168 0.8907563025210085
267 0.00513129999999995 0 0 0.8044692737430168 0.8907563025210085
268 0.005564699999999867 1 2 0.8100558659217877 0.896358543417367
269 0.005665000000000031 0 0 0.8100558659217877 0.896358543417367
270 0.005703100000000072 1 0 0.8156424581005587 0.896358543417367
271 0.0057579000000000935 1 0 0.8212290502793296 0.896358543417367
272 0.00545820000000008 0 1 0.8212290502793296 0.8991596638655462
273 0.005092499999999944 1 0 0.8268156424581006 0.8991596638655462
274 0.005069699999999955 1 0 0.8324022346368715 0.8991596638655462
275 0.0051514999999999755 1 0 0.8379888268156425 0.8991596638655462
276 0.005668400000000018 1 3 0.8435754189944135 0.907563025210084
277 0.005683799999999906 1 0 0.8491620111731844 0.907563025210084
278 0.007425800000000038 1 0 0.8547486033519553 0.907563025210084
279 0.005537399999999915 1 3 0.8603351955307262 0.9159663865546218
280 0.005627200000000165 1 0 0.8659217877094972 0.9159663865546218
281 0.0058995000000001685 1 0 0.8715083798882681 0.9159663865546218
282 0.005420800000000003 0 0 0.8715083798882681 0.9159663865546218
283 0.0052818999999999505 1 0 0.8770949720670391 0.9159663865546218
284 0.005249999999999977 1 1 0.88268156424581 0.9187675070028011
285 0.0052552000000001264 1 0 0.888268156424581 0.9187675070028011
286 0.005374800000000013 1 0 0.8938547486033519 0.9187675070028011
287 0.0058690999999999605 1 2 0.8994413407821229 0.9243697478991597
288 0.005334100000000008 0 3 0.8994413407821229 0.9327731092436975
289 0.00531640000000011 1 0 0.9050279329608939 0.9327731092436975
290 0.005620799999999981 1 1 0.9106145251396648 0.9355742296918768
291 0.006036400000000164 0 0 0.9106145251396648 0.9355742296918768
292 0.00565569999999993 1 1 0.9162011173184358 0.938375350140056
293 0.005630100000000082 1 2 0.9217877094972067 0.9439775910364145
294 0.005878400000000061 1 1 0.9273743016759777 0.9467787114845938
295 0.005516599999999983 0 0 0.9273743016759777 0.9467787114845938
296 0.005967400000000067 0 1 0.9273743016759777 0.9495798319327731
297 0.005411200000000171 0 0 0.9273743016759777 0.9495798319327731
298 0.005616999999999983 1 3 0.9329608938547486 0.957983193277311
299 0.005423299999999909 0 1 0.9329608938547486 0.9607843137254902
300 0.005729600000000001 1 1 0.9385474860335196 0.9635854341736695
301 0.0056547000000000125 0 0 0.9385474860335196 0.9635854341736695
302 0.0054682999999999815 1 1 0.9441340782122905 0.9663865546218487
303 0.0077040999999997695 1 0 0.9497206703910615 0.9663865546218487
304 0.005431299999999695 0 0 0.9497206703910615 0.9663865546218487
305 0.005542600000000064 1 0 0.9553072625698324 0.9663865546218487
306 0.006166600000000244 0 1 0.9553072625698324 0.969187675070028
307 0.005595399999999806 0 0 0.9553072625698324 0.969187675070028
308 0.005904699999999874 0 0 0.9553072625698324 0.969187675070028
309 0.005359299999999845 1 0 0.9608938547486033 0.969187675070028
310 0.0057898999999999035 0 1 0.9608938547486033 0.9719887955182073
311 0.005374300000000165 0 0 0.9608938547486033 0.9719887955182073
312 0.005854899999999663 1 0 0.9664804469273743 0.9719887955182073
313 0.005967899999999915 0 0 0.9664804469273743 0.9719887955182073
314 0.005410200000000032 0 0 0.9664804469273743 0.9719887955182073
315 0.00562420000000019 1 0 0.9720670391061452 0.9719887955182073
316 0.005748800000000109 1 0 0.9776536312849162 0.9719887955182073
317 0.0058795000000002595 0 2 0.9776536312849162 0.9775910364145658
318 0.006072399999999867 0 1 0.9776536312849162 0.9803921568627451
319 0.005938899999999858 0 0 0.9776536312849162 0.9803921568627451
320 0.0054723000000000965 0 0 0.9776536312849162 0.9803921568627451
321 0.005462099999999914 0 0 0.9776536312849162 0.9803921568627451
322 0.005570000000000075 1 1 0.9832402234636871 0.9831932773109243
323 0.005920900000000007 0 1 0.9832402234636871 0.9859943977591037
324 0.0055272000000003985 0 0 0.9832402234636871 0.9859943977591037
325 0.0053698999999998165 0 0 0.9832402234636871 0.9859943977591037
326 0.005291399999999946 1 0 0.9888268156424581 0.9859943977591037
327 0.005466099999999585 1 1 0.994413407821229 0.988795518207283
328 0.005590999999999902 0 0 0.994413407821229 0.988795518207283
329 0.005361200000000288 0 0 0.994413407821229 0.988795518207283
330 0.005431500000000256 1 1 1.0 0.9915966386554622
331 0.0058034999999998504 0 0 1.0 0.9915966386554622
332 0.005376200000000164 0 0 1.0 0.9915966386554622
333 0.00547109999999984 0 0 1.0 0.9915966386554622
334 0.005597299999999805 0 1 1.0 0.9943977591036415
335 0.005642400000000158 0 0 1.0 0.9943977591036415
336 0.005635900000000138 0 1 1.0 0.9971988795518207
337 0.005659300000000034 0 0 1.0 0.9971988795518207
338 0.005732800000000093 0 0 1.0 0.9971988795518207
339 0.00533500000000009 0 0 1.0 0.9971988795518207
340 0.005508799999999869 0 0 1.0 0.9971988795518207
341 0.005581799999999859 0 1 1.0 1.0
