70 0.1 0.6
1 0.0014220999999999817 0 0 0.0 0.5036496350364964
2 0.001331799999999994 0 0 0.0 0.5036496350364964
3 0.0013930000000000053 0 0 0.0 0.5036496350364964
4 0.0013900000000000023 0 0 0.0 0.5036496350364964
5 0.0014090999999999965 1 0 0.014492753623188406 0.5036496350364964
6 0.0014078999999999897 0 0 0.014492753623188406 0.5036496350364964
7 0.0013881999999999783 0 0 0.014492753623188406 0.5036496350364964
8 0.0019213999999999898 0 0 0.014492753623188406 0.5036496350364964
9 0.0018692000000000153 0 0 0.014492753623188406 0.5036496350364964
10 0.0018238999999999894 0 0 0.014492753623188406 0.5036496350364964
11 0.0020779999999999965 0 0 0.014492753623188406 0.5036496350364964
12 0.0025611000000000106 0 0 0.014492753623188406 0.5036496350364964
13 0.0018378999999999757 0 0 0.014492753623188406 0.5036496350364964
14 0.0033998999999999835 0 0 0.014492753623188406 0.5036496350364964
15 0.0014341999999999966 0 0 0.014492753623188406 0.5036496350364964
16 0.0013846999999999887 0 0 0.014492753623188406 0.5036496350364964
17 0.001566800000000007 0 0 0.014492753623188406 0.5036496350364964
18 0.0015782000000000018 0 0 0.014492753623188406 0.5036496350364964
19 0.0014088999999999907 1 1 0.028985507246376812 0.5109489051094891
20 0.0013404000000000194 0 0 0.028985507246376812 0.5109489051094891
21 0.0018813999999999775 0 0 0.028985507246376812 0.5109489051094891
22 0.00149100000000002 0 0 0.028985507246376812 0.5109489051094891
23 0.0014123000000000052 0 0 0.028985507246376812 0.5109489051094891
24 0.0013566999999999885 0 0 0.028985507246376812 0.5109489051094891
25 0.0014422999999999797 0 0 0.028985507246376812 0.5109489051094891
26 0.001438899999999993 0 0 0.028985507246376812 0.5109489051094891
27 0.0014625000000000055 0 0 0.028985507246376812 0.5109489051094891
28 0.0014184999999999892 0 0 0.028985507246376812 0.5109489051094891
29 0.0014058000000000126 0 0 0.028985507246376812 0.5109489051094891
30 0.0017752000000000046 0 0 0.028985507246376812 0.5109489051094891
31 0.0014517000000000002 0 0 0.028985507246376812 0.5109489051094891
32 0.0014132999999999785 0 0 0.028985507246376812 0.5109489051094891
33 0.0016402000000000083 0 0 0.028985507246376812 0.5109489051094891
34 0.0014411999999999758 0 0 0.028985507246376812 0.5109489051094891
35 0.001444899999999999 0 0 0.028985507246376812 0.5109489051094891
36 0.001350099999999993 0 0 0.028985507246376812 0.5109489051094891
37 0.001358100000000001 0 0 0.028985507246376812 0.5109489051094891
38 0.0013199999999999878 0 0 0.028985507246376812 0.5109489051094891
39 0.0013949000000000045 0 0 0.028985507246376812 0.5109489051094891
40 0.0014484000000000163 0 0 0.028985507246376812 0.5109489051094891
41 0.0013739999999999863 0 0 0.028985507246376812 0.5109489051094891
42 0.0015385999999999733 0 0 0.028985507246376812 0.5109489051094891
43 0.001300699999999988 0 0 0.028985507246376812 0.5109489051094891
44 0.0013610999999999485 0 0 0.028985507246376812 0.5109489051094891
45 0.00142150000000002 0 0 0.028985507246376812 0.5109489051094891
46 0.0013558999999999655 0 0 0.028985507246376812 0.5109489051094891
47 0.0014049000000000422 1 1 0.043478260869565216 0.5182481751824818
48 0.0014623000000000275 0 0 0.043478260869565216 0.5182481751824818
49 0.0014299999999999868 0 0 0.043478260869565216 0.5182481751824818
50 0.0018583999999999823 0 0 0.043478260869565216 0.5182481751824818
51 0.001407500000000006 0 0 0.043478260869565216 0.5182481751824818
52 0.0014184999999999892 0 0 0.043478260869565216 0.5182481751824818
53 0.0014552999999999927 0 0 0.043478260869565216 0.5182481751824818
54 0.0013561000000000267 0 0 0.043478260869565216 0.5182481751824818
55 0.0014667999999999903 1 1 0.057971014492753624 0.5255474452554745
56 0.0014775000000000205 0 0 0.057971014492753624 0.5255474452554745
57 0.0014264999999999972 0 0 0.057971014492753624 0.5255474452554745
58 0.0013795000000000335 0 0 0.057971014492753624 0.5255474452554745
59 0.0014170000000000016 0 0 0.057971014492753624 0.5255474452554745
60 0.0014009999999999856 0 0 0.057971014492753624 0.5255474452554745
61 0.0013432000000000444 0 0 0.057971014492753624 0.5255474452554745
62 0.00136780000000003 0 0 0.057971014492753624 0.5255474452554745
63 0.0013467999999999813 0 0 0.057971014492753624 0.5255474452554745
64 0.0013392999999999877 0 0 0.057971014492753624 0.5255474452554745
65 0.001466299999999976 0 0 0.057971014492753624 0.5255474452554745
66 0.0014254999999999685 0 0 0.057971014492753624 0.5255474452554745
67 0.0013240999999999947 0 0 0.057971014492753624 0.5255474452554745
68 0.0014022999999999675 0 0 0.057971014492753624 0.5255474452554745
69 0.0014289000000000107 0 0 0.057971014492753624 0.5255474452554745
70 0.001504300000000014 0 0 0.057971014492753624 0.5255474452554745
71 0.0014290000000000136 0 0 0.057971014492753624 0.5255474452554745
72 0.0014653000000000027 0 0 0.057971014492753624 0.5255474452554745
73 0.0014922999999999464 0 0 0.057971014492753624 0.5255474452554745
74 0.001425400000000021 0 0 0.057971014492753624 0.5255474452554745
75 0.0014364000000000043 0 0 0.057971014492753624 0.5255474452554745
76 0.0014411999999999758 0 0 0.057971014492753624 0.5255474452554745
77 0.001418699999999995 0 0 0.057971014492753624 0.5255474452554745
78 0.0014865000000000017 0 0 0.057971014492753624 0.5255474452554745
79 0.001363900000000029 0 0 0.057971014492753624 0.5255474452554745
80 0.0014192000000000093 0 0 0.057971014492753624 0.5255474452554745
81 0.0013808000000000153 0 0 0.057971014492753624 0.5255474452554745
82 0.0014597000000000082 0 0 0.057971014492753624 0.5255474452554745
83 0.0014186000000000476 0 0 0.057971014492753624 0.5255474452554745
84 0.001425400000000021 0 0 0.057971014492753624 0.5255474452554745
85 0.0014041999999999666 0 0 0.057971014492753624 0.5255474452554745
86 0.0014309000000000127 0 0 0.057971014492753624 0.5255474452554745
87 0.0014444000000000123 0 0 0.057971014492753624 0.5255474452554745
88 0.0014423000000000075 0 0 0.057971014492753624 0.5255474452554745
89 0.0013568999999999942 0 0 0.057971014492753624 0.5255474452554745
90 0.0014423000000000075 0 0 0.057971014492753624 0.5255474452554745
91 0.0014523000000000175 0 0 0.057971014492753624 0.5255474452554745
92 0.0014593999999999996 0 0 0.057971014492753624 0.5255474452554745
93 0.001420300000000041 0 0 0.057971014492753624 0.5255474452554745
94 0.0014949000000000212 0 0 0.057971014492753624 0.5255474452554745
95 0.0013599999999999723 0 0 0.057971014492753624 0.5255474452554745
96 0.0014341999999999966 0 0 0.057971014492753624 0.5255474452554745
97 0.00129830000000003 0 0 0.057971014492753624 0.5255474452554745
98 0.0014275999999999733 0 0 0.057971014492753624 0.5255474452554745
99 0.0014469000000000287 0 0 0.057971014492753624 0.5255474452554745
100 0.001341099999999984 0 0 0.057971014492753624 0.5255474452554745
101 0.0013605999999999896 0 0 0.057971014492753624 0.5255474452554745
102 0.0015311000000000075 0 0 0.057971014492753624 0.5255474452554745
103 0.0017167999999999628 0 0 0.057971014492753624 0.5255474452554745
104 0.0012878000000000056 0 0 0.057971014492753624 0.5255474452554745
105 0.0012909000000000392 0 0 0.057971014492753624 0.5255474452554745
106 0.001325799999999988 1 1 0.07246376811594203 0.5328467153284672
107 0.0013761000000000467 0 0 0.07246376811594203 0.5328467153284672
108 0.0013364999999999627 0 0 0.07246376811594203 0.5328467153284672
109 0.0014319999999999888 0 0 0.07246376811594203 0.5328467153284672
110 0.001395399999999991 0 0 0.07246376811594203 0.5328467153284672
111 0.0013575000000000115 0 0 0.07246376811594203 0.5328467153284672
112 0.0014070999999999945 0 0 0.07246376811594203 0.5328467153284672
113 0.00170300000000001 0 0 0.07246376811594203 0.5328467153284672
114 0.0014416999999999902 0 0 0.07246376811594203 0.5328467153284672
115 0.001423899999999978 0 0 0.07246376811594203 0.5328467153284672
116 0.0014875999999999778 0 0 0.07246376811594203 0.5328467153284672
117 0.001489399999999974 0 0 0.07246376811594203 0.5328467153284672
118 0.0014453999999999856 0 0 0.07246376811594203 0.5328467153284672
119 0.001457800000000009 0 0 0.07246376811594203 0.5328467153284672
120 0.0013718999999999815 0 0 0.07246376811594203 0.5328467153284672
121 0.0014514999999999945 0 0 0.07246376811594203 0.5328467153284672
122 0.0014348000000000138 0 0 0.07246376811594203 0.5328467153284672
123 0.0014881000000000477 0 0 0.07246376811594203 0.5328467153284672
124 0.001359100000000002 0 0 0.07246376811594203 0.5328467153284672
125 0.0014777999999999736 0 0 0.07246376811594203 0.5328467153284672
126 0.0014289000000000107 0 0 0.07246376811594203 0.5328467153284672
127 0.0014688999999999952 0 0 0.07246376811594203 0.5328467153284672
128 0.0014019999999999588 0 0 0.07246376811594203 0.5328467153284672
129 0.0014176000000000188 0 0 0.07246376811594203 0.5328467153284672
130 0.0014988000000000223 0 0 0.07246376811594203 0.5328467153284672
131 0.001485000000000014 1 1 0.08695652173913043 0.5401459854014599
132 0.0014706999999999915 0 0 0.08695652173913043 0.5401459854014599
133 0.0014918999999999905 0 0 0.08695652173913043 0.5401459854014599
134 0.001485499999999973 0 0 0.08695652173913043 0.5401459854014599
135 0.0014581000000000177 0 0 0.08695652173913043 0.5401459854014599
136 0.0014720000000000288 0 0 0.08695652173913043 0.5401459854014599
137 0.0014694000000000096 1 0 0.10144927536231885 0.5401459854014599
138 0.0015080999999999567 0 1 0.10144927536231885 0.5474452554744526
139 0.0014628999999999892 0 0 0.10144927536231885 0.5474452554744526
140 0.0016198000000000046 0 0 0.10144927536231885 0.5474452554744526
141 0.0014046000000000336 0 0 0.10144927536231885 0.5474452554744526
142 0.0014172000000000073 0 0 0.10144927536231885 0.5474452554744526
143 0.0014716000000000173 0 0 0.10144927536231885 0.5474452554744526
144 0.001416699999999993 0 0 0.10144927536231885 0.5474452554744526
145 0.0013970999999999845 0 0 0.10144927536231885 0.5474452554744526
146 0.00143150000000003 0 0 0.10144927536231885 0.5474452554744526
147 0.0019319999999999893 0 0 0.10144927536231885 0.5474452554744526
148 0.0021917000000000186 0 0 0.10144927536231885 0.5474452554744526
149 0.0018847999999999643 0 0 0.10144927536231885 0.5474452554744526
150 0.0013759999999999883 0 0 0.10144927536231885 0.5474452554744526
151 0.001571099999999992 0 0 0.10144927536231885 0.5474452554744526
152 0.0014562000000000186 0 0 0.10144927536231885 0.5474452554744526
153 0.0014572999999999947 0 0 0.10144927536231885 0.5474452554744526
154 0.0013951999999999853 0 0 0.10144927536231885 0.5474452554744526
155 0.0013491000000000475 0 0 0.10144927536231885 0.5474452554744526
156 0.0013245000000000062 0 0 0.10144927536231885 0.5474452554744526
157 0.0014615000000000045 0 0 0.10144927536231885 0.5474452554744526
158 0.0014476000000000488 0 0 0.10144927536231885 0.5474452554744526
159 0.0014528999999999792 0 0 0.10144927536231885 0.5474452554744526
160 0.0013703999999999938 0 0 0.10144927536231885 0.5474452554744526
161 0.0013811999999999713 0 0 0.10144927536231885 0.5474452554744526
162 0.0014387999999999623 0 0 0.10144927536231885 0.5474452554744526
163 0.0013434999999999975 0 0 0.10144927536231885 0.5474452554744526
164 0.001476299999999986 0 0 0.10144927536231885 0.5474452554744526
165 0.0019968000000000208 0 0 0.10144927536231885 0.5474452554744526
166 0.0015591999999999828 0 0 0.10144927536231885 0.5474452554744526
167 0.0014006000000000296 0 0 0.10144927536231885 0.5474452554744526
168 0.0015031999999999823 0 0 0.10144927536231885 0.5474452554744526
169 0.001532599999999995 0 0 0.10144927536231885 0.5474452554744526
170 0.0016260000000000163 0 0 0.10144927536231885 0.5474452554744526
171 0.00149469999999996 0 0 0.10144927536231885 0.5474452554744526
172 0.0014896999999999827 0 0 0.10144927536231885 0.5474452554744526
173 0.0014686999999999895 0 0 0.10144927536231885 0.5474452554744526
174 0.0014727999999999963 0 0 0.10144927536231885 0.5474452554744526
175 0.0013645999999999936 0 0 0.10144927536231885 0.5474452554744526
176 0.0013975999999999988 0 0 0.10144927536231885 0.5474452554744526
177 0.0015213000000000032 0 0 0.10144927536231885 0.5474452554744526
178 0.0014620999999999662 0 0 0.10144927536231885 0.5474452554744526
179 0.0014294999999999725 0 0 0.10144927536231885 0.5474452554744526
180 0.001441099999999973 0 0 0.10144927536231885 0.5474452554744526
181 0.0014093000000000022 0 0 0.10144927536231885 0.5474452554744526
182 0.0013596999999999637 0 0 0.10144927536231885 0.5474452554744526
183 0.0014373000000000302 0 0 0.10144927536231885 0.5474452554744526
184 0.0014578999999999565 0 0 0.10144927536231885 0.5474452554744526
185 0.0013767000000000085 0 0 0.10144927536231885 0.5474452554744526
186 0.0014181000000000332 1 0 0.11594202898550725 0.5474452554744526
187 0.0013697000000000292 0 0 0.11594202898550725 0.5474452554744526
188 0.0014158000000000226 0 0 0.11594202898550725 0.5474452554744526
189 0.0016411000000000064 0 0 0.11594202898550725 0.5474452554744526
190 0.0014855999999999758 1 1 0.13043478260869565 0.5547445255474452
191 0.0014636000000000093 0 0 0.13043478260869565 0.5547445255474452
192 0.0014167999999999958 0 0 0.13043478260869565 0.5547445255474452
193 0.0014535999999999993 0 0 0.13043478260869565 0.5547445255474452
194 0.0016863999999999768 1 1 0.14492753623188406 0.5620437956204379
195 0.001493000000000022 1 1 0.15942028985507245 0.5693430656934306
196 0.0015076000000000533 0 0 0.15942028985507245 0.5693430656934306
197 0.0015236000000000693 0 0 0.15942028985507245 0.5693430656934306
198 0.0014836000000000293 0 0 0.15942028985507245 0.5693430656934306
199 0.0014024999999999732 0 0 0.15942028985507245 0.5693430656934306
200 0.0014706000000000996 0 0 0.15942028985507245 0.5693430656934306
201 0.001458199999999965 0 0 0.15942028985507245 0.5693430656934306
202 0.0015394000000000796 0 0 0.15942028985507245 0.5693430656934306
203 0.0014885000000000037 0 0 0.15942028985507245 0.5693430656934306
204 0.0015760999999999692 0 0 0.15942028985507245 0.5693430656934306
205 0.001483800000000035 0 0 0.15942028985507245 0.5693430656934306
206 0.0018221000000000487 1 1 0.17391304347826086 0.5766423357664233
207 0.0015463000000000005 0 0 0.17391304347826086 0.5766423357664233
208 0.0015540000000000553 0 0 0.17391304347826086 0.5766423357664233
209 0.0015304999999999902 0 0 0.17391304347826086 0.5766423357664233
210 0.0016327999999999898 0 0 0.17391304347826086 0.5766423357664233
211 0.001653899999999986 0 0 0.17391304347826086 0.5766423357664233
212 0.0015167000000000375 0 0 0.17391304347826086 0.5766423357664233
213 0.001522699999999988 1 1 0.18840579710144928 0.583941605839416
214 0.0014859999999999873 0 0 0.18840579710144928 0.583941605839416
215 0.001749100000000059 0 0 0.18840579710144928 0.583941605839416
216 0.0015711999999999948 0 0 0.18840579710144928 0.583941605839416
217 0.0015206999999999304 1 1 0.2028985507246377 0.5912408759124088
218 0.0016764000000000223 0 0 0.2028985507246377 0.5912408759124088
219 0.001500600000000074 0 0 0.2028985507246377 0.5912408759124088
220 0.0015220000000000233 0 0 0.2028985507246377 0.5912408759124088
221 0.0014006000000000851 0 0 0.2028985507246377 0.5912408759124088
222 0.0019194000000000155 0 0 0.2028985507246377 0.5912408759124088
223 0.0015271000000000035 0 0 0.2028985507246377 0.5912408759124088
224 0.0015494999999999814 0 1 0.2028985507246377 0.5985401459854015
225 0.0019379999999999953 0 0 0.2028985507246377 0.5985401459854015
226 0.0015333000000000707 1 0 0.21739130434782608 0.5985401459854015
227 0.0014449000000000822 0 0 0.21739130434782608 0.5985401459854015
228 0.001450700000000027 0 0 0.21739130434782608 0.5985401459854015
229 0.0015330000000000066 0 0 0.21739130434782608 0.5985401459854015
230 0.0014564000000000243 0 0 0.21739130434782608 0.5985401459854015
231 0.0015753000000000572 0 0 0.21739130434782608 0.5985401459854015
232 0.0014311999999999658 0 0 0.21739130434782608 0.5985401459854015
233 0.0014826000000000006 0 0 0.21739130434782608 0.5985401459854015
234 0.0023777999999999855 0 0 0.21739130434782608 0.5985401459854015
235 0.0014790999999999555 0 0 0.21739130434782608 0.5985401459854015
236 0.0014003999999999683 0 0 0.21739130434782608 0.5985401459854015
237 0.0014297000000000892 0 0 0.21739130434782608 0.5985401459854015
238 0.0015414999999999734 0 0 0.21739130434782608 0.5985401459854015
239 0.0015745000000000342 0 0 0.21739130434782608 0.5985401459854015
240 0.0015125000000000277 0 0 0.21739130434782608 0.5985401459854015
241 0.001545100000000077 0 0 0.21739130434782608 0.5985401459854015
242 0.0014771999999999563 0 0 0.21739130434782608 0.5985401459854015
243 0.0017052999999999097 0 0 0.21739130434782608 0.5985401459854015
244 0.0014929000000000192 0 0 0.21739130434782608 0.5985401459854015
245 0.0016880000000000228 1 0 0.2318840579710145 0.5985401459854015
246 0.001512600000000086 0 0 0.2318840579710145 0.5985401459854015
247 0.0015102999999999644 0 0 0.2318840579710145 0.5985401459854015
248 0.001438700000000015 0 0 0.2318840579710145 0.5985401459854015
249 0.0018020000000000813 0 0 0.2318840579710145 0.5985401459854015
250 0.0020135999999999488 0 0 0.2318840579710145 0.5985401459854015
251 0.002054200000000006 0 1 0.2318840579710145 0.6058394160583942
252 0.0020244999999999846 0 0 0.2318840579710145 0.6058394160583942
253 0.0021255000000000024 1 2 0.2463768115942029 0.6204379562043796
254 0.0015846999999999944 1 1 0.2608695652173913 0.6277372262773723
255 0.0015352000000000698 0 0 0.2608695652173913 0.6277372262773723
256 0.0015983999999999998 1 1 0.2753623188405797 0.635036496350365
257 0.001493399999999978 0 0 0.2753623188405797 0.635036496350365
258 0.0015339999999999243 0 0 0.2753623188405797 0.635036496350365
259 0.001430200000000048 0 0 0.2753623188405797 0.635036496350365
260 0.002104600000000012 0 0 0.2753623188405797 0.635036496350365
261 0.0020630999999999844 0 0 0.2753623188405797 0.635036496350365
262 0.002009700000000003 0 0 0.2753623188405797 0.635036496350365
263 0.002126200000000078 0 0 0.2753623188405797 0.635036496350365
264 0.0021255999999999498 0 0 0.2753623188405797 0.635036496350365
265 0.0022471000000000574 0 0 0.2753623188405797 0.635036496350365
266 0.0015195999999999543 0 0 0.2753623188405797 0.635036496350365
267 0.0016073000000000892 0 0 0.2753623188405797 0.635036496350365
268 0.0015364999999999407 0 0 0.2753623188405797 0.635036496350365
269 0.001581100000000002 0 0 0.2753623188405797 0.635036496350365
270 0.0015488000000000168 0 0 0.2753623188405797 0.635036496350365
271 0.001644300000000043 1 1 0.2898550724637681 0.6423357664233577
272 0.0015237000000000167 0 0 0.2898550724637681 0.6423357664233577
273 0.0015456000000000358 0 0 0.2898550724637681 0.6423357664233577
274 0.0015481999999999996 0 0 0.2898550724637681 0.6423357664233577
275 0.0015147999999999273 0 0 0.2898550724637681 0.6423357664233577
276 0.0015212000000000003 1 1 0.30434782608695654 0.6496350364963503
277 0.0015337000000000822 0 0 0.30434782608695654 0.6496350364963503
278 0.001537899999999981 0 0 0.30434782608695654 0.6496350364963503
279 0.0015876999999999697 0 0 0.30434782608695654 0.6496350364963503
280 0.0015349000000000057 1 1 0.3188405797101449 0.656934306569343
281 0.0015568000000000248 1 1 0.3333333333333333 0.6642335766423357
282 0.0015833000000000652 0 0 0.3333333333333333 0.6642335766423357
283 0.0015627999999999753 0 0 0.3333333333333333 0.6642335766423357
284 0.0015618000000000576 0 0 0.3333333333333333 0.6642335766423357
285 0.0015199999999999658 0 0 0.3333333333333333 0.6642335766423357
286 0.00155470000000002 0 0 0.3333333333333333 0.6642335766423357
287 0.0016047000000000144 0 0 0.3333333333333333 0.6642335766423357
288 0.0021185999999999705 0 0 0.3333333333333333 0.6642335766423357
289 0.0015300999999999787 0 0 0.3333333333333333 0.6642335766423357
290 0.0015620000000000633 0 0 0.3333333333333333 0.6642335766423357
291 0.0016272999999999982 0 0 0.3333333333333333 0.6642335766423357
292 0.001700299999999988 0 0 0.3333333333333333 0.6642335766423357
293 0.0015661000000000147 0 0 0.3333333333333333 0.6642335766423357
294 0.0015160000000000728 0 0 0.3333333333333333 0.6642335766423357
295 0.001542199999999938 0 0 0.3333333333333333 0.6642335766423357
296 0.001523500000000011 0 0 0.3333333333333333 0.6642335766423357
297 0.0015268999999999977 0 0 0.3333333333333333 0.6642335766423357
298 0.001527799999999968 0 0 0.3333333333333333 0.6642335766423357
299 0.001630699999999985 0 0 0.3333333333333333 0.6642335766423357
300 0.0015168999999999322 0 0 0.3333333333333333 0.6642335766423357
301 0.0016197000000000017 0 0 0.3333333333333333 0.6642335766423357
302 0.0015340000000000353 0 0 0.3333333333333333 0.6642335766423357
303 0.0016289000000000442 0 0 0.3333333333333333 0.6642335766423357
304 0.0016121000000000052 0 0 0.3333333333333333 0.6642335766423357
305 0.0015705999999999776 0 0 0.3333333333333333 0.6642335766423357
306 0.0015800999999999732 0 0 0.3333333333333333 0.6642335766423357
307 0.001530200000000037 1 1 0.34782608695652173 0.6715328467153284
308 0.001554999999999973 0 0 0.34782608695652173 0.6715328467153284
309 0.0015857000000000232 0 0 0.34782608695652173 0.6715328467153284
310 0.0015315999999999663 0 0 0.34782608695652173 0.6715328467153284
311 0.0014684000000000363 0 0 0.34782608695652173 0.6715328467153284
312 0.0016300000000000203 0 0 0.34782608695652173 0.6715328467153284
313 0.001656600000000008 1 0 0.36231884057971014 0.6715328467153284
314 0.0015218000000000176 0 0 0.36231884057971014 0.6715328467153284
315 0.0016424000000000438 0 1 0.36231884057971014 0.6788321167883211
316 0.0019988999999999146 1 0 0.37681159420289856 0.6788321167883211
317 0.001637400000000011 0 0 0.37681159420289856 0.6788321167883211
318 0.0016197000000000017 0 0 0.37681159420289856 0.6788321167883211
319 0.0016277000000000097 0 0 0.37681159420289856 0.6788321167883211
320 0.0016092000000000883 0 0 0.37681159420289856 0.6788321167883211
321 0.0016393000000000102 1 0 0.391304347826087 0.6788321167883211
322 0.0016140000000000043 0 0 0.391304347826087 0.6788321167883211
323 0.0015455999999999248 0 0 0.391304347826087 0.6788321167883211
324 0.0015471999999999708 0 0 0.391304347826087 0.6788321167883211
325 0.001516300000000026 0 0 0.391304347826087 0.6788321167883211
326 0.0016431000000000084 0 0 0.391304347826087 0.6788321167883211
327 0.0019396000000000413 0 0 0.391304347826087 0.6788321167883211
328 0.0016209999999999836 0 0 0.391304347826087 0.6788321167883211
329 0.0015992999999999702 0 0 0.391304347826087 0.6788321167883211
330 0.0016342999999999774 0 0 0.391304347826087 0.6788321167883211
331 0.0016384000000000398 0 0 0.391304347826087 0.6788321167883211
332 0.0016340999999999717 0 0 0.391304347826087 0.6788321167883211
333 0.0016556999999999267 0 0 0.391304347826087 0.6788321167883211
334 0.0017517000000000227 0 0 0.391304347826087 0.6788321167883211
335 0.0015843999999999303 0 0 0.391304347826087 0.6788321167883211
336 0.0016441000000000372 0 0 0.391304347826087 0.6788321167883211
337 0.0015039000000000025 0 0 0.391304347826087 0.6788321167883211
338 0.0015407000000000615 0 0 0.391304347826087 0.6788321167883211
339 0.0015853000000000117 0 0 0.391304347826087 0.6788321167883211
340 0.0016122000000000636 0 0 0.391304347826087 0.6788321167883211
341 0.0016007999999999578 0 0 0.391304347826087 0.6788321167883211
342 0.0015157000000000087 0 0 0.391304347826087 0.6788321167883211
343 0.0018272000000000288 0 0 0.391304347826087 0.6788321167883211
344 0.0016602000000000006 0 0 0.391304347826087 0.6788321167883211
345 0.001582200000000089 0 0 0.391304347826087 0.6788321167883211
346 0.0015228000000000463 0 0 0.391304347826087 0.6788321167883211
347 0.0016089000000000242 0 0 0.391304347826087 0.6788321167883211
348 0.0014864999999999462 0 0 0.391304347826087 0.6788321167883211
349 0.0016154000000000446 1 0 0.4057971014492754 0.6788321167883211
350 0.0016959999999999198 0 0 0.4057971014492754 0.6788321167883211
351 0.0017084000000000543 0 0 0.4057971014492754 0.6788321167883211
352 0.0017519999999999758 1 1 0.42028985507246375 0.6861313868613139
353 0.0016313999999999496 1 1 0.43478260869565216 0.6934306569343066
354 0.001643799999999973 0 0 0.43478260869565216 0.6934306569343066
355 0.0016024999999999512 0 0 0.43478260869565216 0.6934306569343066
356 0.0015817000000000192 1 1 0.4492753623188406 0.7007299270072993
357 0.0015771999999999453 0 0 0.4492753623188406 0.7007299270072993
358 0.0016384000000000398 0 0 0.4492753623188406 0.7007299270072993
359 0.0015406999999999504 0 0 0.4492753623188406 0.7007299270072993
360 0.0016840000000000188 1 1 0.463768115942029 0.708029197080292
361 0.001669900000000002 0 0 0.463768115942029 0.708029197080292
362 0.0017514000000000696 0 1 0.463768115942029 0.7153284671532847
363 0.0016296000000000088 0 0 0.463768115942029 0.7153284671532847
364 0.0016159000000000034 0 0 0.463768115942029 0.7153284671532847
365 0.0015868999999999467 0 0 0.463768115942029 0.7153284671532847
366 0.001601899999999934 0 0 0.463768115942029 0.7153284671532847
367 0.0017607000000000594 0 0 0.463768115942029 0.7153284671532847
368 0.0015429000000000137 0 0 0.463768115942029 0.7153284671532847
369 0.0017554000000000736 0 0 0.463768115942029 0.7153284671532847
370 0.0016861000000000237 0 0 0.463768115942029 0.7153284671532847
371 0.001698199999999983 0 0 0.463768115942029 0.7153284671532847
372 0.0016926999999999914 0 1 0.463768115942029 0.7226277372262774
373 0.0015908000000000033 0 0 0.463768115942029 0.7226277372262774
374 0.001666199999999951 0 0 0.463768115942029 0.7226277372262774
375 0.0015939999999999843 0 0 0.463768115942029 0.7226277372262774
376 0.001695799999999914 0 0 0.463768115942029 0.7226277372262774
377 0.0017591000000000134 0 0 0.463768115942029 0.7226277372262774
378 0.001720300000000008 0 0 0.463768115942029 0.7226277372262774
379 0.0017357000000000067 0 0 0.463768115942029 0.7226277372262774
380 0.0015826000000001006 0 0 0.463768115942029 0.7226277372262774
381 0.0015551999999999788 0 0 0.463768115942029 0.7226277372262774
382 0.0016713000000000422 0 0 0.463768115942029 0.7226277372262774
383 0.0015399999999999858 0 0 0.463768115942029 0.7226277372262774
384 0.001648299999999936 0 0 0.463768115942029 0.7226277372262774
385 0.0017481000000000302 0 0 0.463768115942029 0.7226277372262774
386 0.001593399999999967 0 0 0.463768115942029 0.7226277372262774
387 0.0016985000000000472 0 0 0.463768115942029 0.7226277372262774
388 0.0020548000000000233 0 0 0.463768115942029 0.7226277372262774
389 0.0016996000000000233 0 0 0.463768115942029 0.7226277372262774
390 0.0016224999999999712 0 0 0.463768115942029 0.7226277372262774
391 0.0015260000000000273 0 0 0.463768115942029 0.7226277372262774
392 0.0016791000000000444 0 0 0.463768115942029 0.7226277372262774
393 0.001636599999999988 0 0 0.463768115942029 0.7226277372262774
394 0.0018285000000000107 0 0 0.463768115942029 0.7226277372262774
395 0.0016710999999999254 0 0 0.463768115942029 0.7226277372262774
396 0.0016332999999999487 0 0 0.463768115942029 0.7226277372262774
397 0.001682199999999967 0 0 0.463768115942029 0.7226277372262774
398 0.001687000000000105 0 0 0.463768115942029 0.7226277372262774
399 0.0016297000000000672 0 0 0.463768115942029 0.7226277372262774
400 0.0018846999999999614 0 0 0.463768115942029 0.7226277372262774
401 0.0017173000000000327 0 0 0.463768115942029 0.7226277372262774
402 0.0016580000000000483 0 0 0.463768115942029 0.7226277372262774
403 0.0016235 0 0 0.463768115942029 0.7226277372262774
404 0.001604600000000067 0 0 0.463768115942029 0.7226277372262774
405 0.0017055000000000264 0 0 0.463768115942029 0.7226277372262774
406 0.0017206999999999084 0 0 0.463768115942029 0.7226277372262774
407 0.0016720000000000068 0 1 0.463768115942029 0.7299270072992701
408 0.0015948999999999547 0 0 0.463768115942029 0.7299270072992701
409 0.001625099999999935 1 0 0.4782608695652174 0.7299270072992701
410 0.0016311999999999438 1 0 0.4927536231884058 0.7299270072992701
411 0.0016192999999999902 0 0 0.4927536231884058 0.7299270072992701
412 0.0016947999999999963 0 0 0.4927536231884058 0.7299270072992701
413 0.0016975999999999658 0 0 0.4927536231884058 0.7299270072992701
414 0.0016459999999999253 0 0 0.4927536231884058 0.7299270072992701
415 0.0015967000000000064 0 0 0.4927536231884058 0.7299270072992701
416 0.00173179999999995 0 0 0.4927536231884058 0.7299270072992701
417 0.001715499999999981 1 1 0.5072463768115942 0.7372262773722628
418 0.0017087000000000074 1 0 0.5217391304347826 0.7372262773722628
419 0.0017517000000000227 0 0 0.5217391304347826 0.7372262773722628
420 0.001745400000000008 0 0 0.5217391304347826 0.7372262773722628
421 0.0020871000000000084 0 0 0.5217391304347826 0.7372262773722628
422 0.0016171999999999853 1 0 0.5362318840579711 0.7372262773722628
423 0.0016391999999999518 0 0 0.5362318840579711 0.7372262773722628
424 0.0016549000000000147 0 0 0.5362318840579711 0.7372262773722628
425 0.001677400000000051 0 0 0.5362318840579711 0.7372262773722628
426 0.0017192000000000318 0 0 0.5362318840579711 0.7372262773722628
427 0.0017148000000000163 0 0 0.5362318840579711 0.7372262773722628
428 0.002059499999999992 0 0 0.5362318840579711 0.7372262773722628
429 0.0017263000000000694 0 0 0.5362318840579711 0.7372262773722628
430 0.0017340999999999607 0 2 0.5362318840579711 0.7518248175182481
431 0.0016956000000000193 0 0 0.5362318840579711 0.7518248175182481
432 0.0017528999999999462 0 0 0.5362318840579711 0.7518248175182481
433 0.0017665999999999515 0 0 0.5362318840579711 0.7518248175182481
434 0.001720300000000008 1 1 0.5507246376811594 0.7591240875912408
435 0.0016332999999999487 0 1 0.5507246376811594 0.7664233576642335
436 0.001688299999999976 0 0 0.5507246376811594 0.7664233576642335
437 0.0016418000000000266 0 0 0.5507246376811594 0.7664233576642335
438 0.0018105000000000482 0 0 0.5507246376811594 0.7664233576642335
439 0.0016613000000000877 0 0 0.5507246376811594 0.7664233576642335
440 0.0019350999999999674 0 0 0.5507246376811594 0.7664233576642335
441 0.0017153999999999225 0 0 0.5507246376811594 0.7664233576642335
442 0.0017643999999999993 0 0 0.5507246376811594 0.7664233576642335
443 0.0016512999999999112 0 0 0.5507246376811594 0.7664233576642335
444 0.001691499999999957 0 0 0.5507246376811594 0.7664233576642335
445 0.001697100000000007 0 0 0.5507246376811594 0.7664233576642335
446 0.0016842000000000246 0 0 0.5507246376811594 0.7664233576642335
447 0.0017544999999999922 1 1 0.5652173913043478 0.7737226277372263
448 0.0017559999999999798 0 0 0.5652173913043478 0.7737226277372263
449 0.001705100000000015 0 0 0.5652173913043478 0.7737226277372263
450 0.0016220000000000123 0 0 0.5652173913043478 0.7737226277372263
451 0.001795800000000014 0 0 0.5652173913043478 0.7737226277372263
452 0.0017380000000000173 0 0 0.5652173913043478 0.7737226277372263
453 0.0016159000000000034 0 0 0.5652173913043478 0.7737226277372263
454 0.0018913999999999875 0 0 0.5652173913043478 0.7737226277372263
455 0.0017739999999999423 0 0 0.5652173913043478 0.7737226277372263
456 0.001678999999999986 0 0 0.5652173913043478 0.7737226277372263
457 0.0017468999999999957 0 0 0.5652173913043478 0.7737226277372263
458 0.001607800000000048 0 0 0.5652173913043478 0.7737226277372263
459 0.0018236999999999837 0 0 0.5652173913043478 0.7737226277372263
460 0.0017303999999999098 0 0 0.5652173913043478 0.7737226277372263
461 0.0016431000000000084 0 0 0.5652173913043478 0.7737226277372263
462 0.0017639999999999878 0 0 0.5652173913043478 0.7737226277372263
463 0.00162910000000005 0 0 0.5652173913043478 0.7737226277372263
464 0.001677099999999987 0 0 0.5652173913043478 0.7737226277372263
465 0.001741899999999963 0 0 0.5652173913043478 0.7737226277372263
466 0.0016624000000000638 0 1 0.5652173913043478 0.781021897810219
467 0.0017679999999999918 0 0 0.5652173913043478 0.781021897810219
468 0.001738699999999982 0 0 0.5652173913043478 0.781021897810219
469 0.0016518999999999284 0 0 0.5652173913043478 0.781021897810219
470 0.0019203999999999333 0 0 0.5652173913043478 0.781021897810219
471 0.0016744999999998011 1 0 0.5797101449275363 0.781021897810219
472 0.0020297999999998595 0 0 0.5797101449275363 0.781021897810219
473 0.0020223999999999798 0 0 0.5797101449275363 0.781021897810219
474 0.0017816999999999972 1 1 0.5942028985507246 0.7883211678832117
475 0.001814200000000099 1 1 0.6086956521739131 0.7956204379562044
476 0.0018515999999999533 0 0 0.6086956521739131 0.7956204379562044
477 0.0017685000000000617 0 0 0.6086956521739131 0.7956204379562044
478 0.0017940000000000733 0 0 0.6086956521739131 0.7956204379562044
479 0.0018146000000001106 0 0 0.6086956521739131 0.7956204379562044
480 0.0017476000000000713 0 0 0.6086956521739131 0.7956204379562044
481 0.0018230999999999664 1 1 0.6231884057971014 0.8029197080291971
482 0.0021210000000000395 0 0 0.6231884057971014 0.8029197080291971
483 0.0017838999999999494 0 0 0.6231884057971014 0.8029197080291971
484 0.0017899999999999583 0 0 0.6231884057971014 0.8029197080291971
485 0.001874200000000048 1 1 0.6376811594202898 0.8102189781021898
486 0.0018198999999998744 0 0 0.6376811594202898 0.8102189781021898
487 0.0017921999999999105 0 0 0.6376811594202898 0.8102189781021898
488 0.0017282000000000686 0 0 0.6376811594202898 0.8102189781021898
489 0.0018188000000001203 0 0 0.6376811594202898 0.8102189781021898
490 0.0017510999999998944 0 0 0.6376811594202898 0.8102189781021898
491 0.0017472999999998962 0 0 0.6376811594202898 0.8102189781021898
492 0.0022447999999999357 0 0 0.6376811594202898 0.8102189781021898
493 0.001854200000000139 1 1 0.6521739130434783 0.8175182481751825
494 0.0017704000000000608 0 0 0.6521739130434783 0.8175182481751825
495 0.0021902999999998674 0 0 0.6521739130434783 0.8175182481751825
496 0.0017830999999999264 0 0 0.6521739130434783 0.8175182481751825
497 0.0017506000000000466 0 0 0.6521739130434783 0.8175182481751825
498 0.0017692000000000263 0 0 0.6521739130434783 0.8175182481751825
499 0.0016982999999999304 0 0 0.6521739130434783 0.8175182481751825
500 0.00171420000000011 0 0 0.6521739130434783 0.8175182481751825
501 0.0018827999999999623 0 0 0.6521739130434783 0.8175182481751825
502 0.0017605000000000537 0 0 0.6521739130434783 0.8175182481751825
503 0.0017001000000000932 0 0 0.6521739130434783 0.8175182481751825
504 0.001837099999999925 0 0 0.6521739130434783 0.8175182481751825
505 0.0018001999999999185 0 0 0.6521739130434783 0.8175182481751825
506 0.0017755999999999883 0 0 0.6521739130434783 0.8175182481751825
507 0.001835800000000054 0 0 0.6521739130434783 0.8175182481751825
508 0.001837899999999948 0 0 0.6521739130434783 0.8175182481751825
509 0.0018223000000001655 0 0 0.6521739130434783 0.8175182481751825
510 0.0017396000000000633 0 0 0.6521739130434783 0.8175182481751825
511 0.002053899999999942 0 0 0.6521739130434783 0.8175182481751825
512 0.0017339999999999023 0 0 0.6521739130434783 0.8175182481751825
513 0.001713099999999912 0 0 0.6521739130434783 0.8175182481751825
514 0.001716599999999957 1 0 0.6666666666666666 0.8175182481751825
515 0.0017241999999999535 0 0 0.6666666666666666 0.8175182481751825
516 0.001751499999999906 0 0 0.6666666666666666 0.8175182481751825
517 0.002473100000000006 0 0 0.6666666666666666 0.8175182481751825
518 0.0023448000000001468 1 2 0.6811594202898551 0.8321167883211679
519 0.0026247999999999827 0 0 0.6811594202898551 0.8321167883211679
520 0.0023073999999998485 0 0 0.6811594202898551 0.8321167883211679
521 0.0022572999999999066 0 0 0.6811594202898551 0.8321167883211679
522 0.00230090000000005 0 0 0.6811594202898551 0.8321167883211679
523 0.0016834000000001126 0 0 0.6811594202898551 0.8321167883211679
524 0.0018700000000000383 1 0 0.6956521739130435 0.8321167883211679
525 0.0018215000000001424 0 0 0.6956521739130435 0.8321167883211679
526 0.0020665999999998075 0 0 0.6956521739130435 0.8321167883211679
527 0.0018139999999999823 0 0 0.6956521739130435 0.8321167883211679
528 0.0018176000000000858 0 0 0.6956521739130435 0.8321167883211679
529 0.0018339999999998913 0 0 0.6956521739130435 0.8321167883211679
530 0.001823499999999978 0 0 0.6956521739130435 0.8321167883211679
531 0.0017594000000000776 0 0 0.6956521739130435 0.8321167883211679
532 0.001763500000000029 0 0 0.6956521739130435 0.8321167883211679
533 0.0018533000000000577 0 0 0.6956521739130435 0.8321167883211679
534 0.0018020000000000813 0 0 0.6956521739130435 0.8321167883211679
535 0.0018996000000000013 1 1 0.7101449275362319 0.8394160583941606
536 0.0019071999999999978 0 0 0.7101449275362319 0.8394160583941606
537 0.0018418000000000045 0 0 0.7101449275362319 0.8394160583941606
538 0.0017722000000000016 0 0 0.7101449275362319 0.8394160583941606
539 0.0021044999999999536 0 0 0.7101449275362319 0.8394160583941606
540 0.001827500000000093 0 0 0.7101449275362319 0.8394160583941606
541 0.001721100000000142 0 0 0.7101449275362319 0.8394160583941606
542 0.0017732000000001413 0 0 0.7101449275362319 0.8394160583941606
543 0.001812299999999878 0 0 0.7101449275362319 0.8394160583941606
544 0.0019092999999998916 0 0 0.7101449275362319 0.8394160583941606
545 0.002245400000000064 0 0 0.7101449275362319 0.8394160583941606
546 0.0017864000000000768 0 2 0.7101449275362319 0.8540145985401459
547 0.0019095000000000084 0 0 0.7101449275362319 0.8540145985401459
548 0.0017849000000000892 0 0 0.7101449275362319 0.8540145985401459
549 0.0019236000000000253 0 0 0.7101449275362319 0.8540145985401459
550 0.0017305999999999155 0 0 0.7101449275362319 0.8540145985401459
551 0.001847799999999955 0 0 0.7101449275362319 0.8540145985401459
552 0.0017175999999998748 0 0 0.7101449275362319 0.8540145985401459
553 0.001793900000000015 0 0 0.7101449275362319 0.8540145985401459
554 0.0017182999999998394 0 0 0.7101449275362319 0.8540145985401459
555 0.001766699999999899 0 0 0.7101449275362319 0.8540145985401459
556 0.0017929999999999335 0 0 0.7101449275362319 0.8540145985401459
557 0.0016928000000000498 0 0 0.7101449275362319 0.8540145985401459
558 0.0017489000000001642 0 0 0.7101449275362319 0.8540145985401459
559 0.0017241999999999535 0 0 0.7101449275362319 0.8540145985401459
560 0.0018305000000000682 0 0 0.7101449275362319 0.8540145985401459
561 0.002132300000000198 0 0 0.7101449275362319 0.8540145985401459
562 0.0035194999999998977 0 0 0.7101449275362319 0.8540145985401459
563 0.001709900000000042 0 0 0.7101449275362319 0.8540145985401459
564 0.0020149000000000417 0 0 0.7101449275362319 0.8540145985401459
565 0.001973100000000061 0 0 0.7101449275362319 0.8540145985401459
566 0.001835500000000101 0 0 0.7101449275362319 0.8540145985401459
567 0.0018036000000001273 0 0 0.7101449275362319 0.8540145985401459
568 0.002102500000000118 0 0 0.7101449275362319 0.8540145985401459
569 0.0018447999999999798 0 0 0.7101449275362319 0.8540145985401459
570 0.0017722000000000016 0 0 0.7101449275362319 0.8540145985401459
571 0.002624100000000018 0 0 0.7101449275362319 0.8540145985401459
572 0.0019035999999998943 0 0 0.7101449275362319 0.8540145985401459
573 0.001878199999999941 0 0 0.7101449275362319 0.8540145985401459
574 0.0021887000000000434 0 0 0.7101449275362319 0.8540145985401459
575 0.0018447000000001434 0 0 0.7101449275362319 0.8540145985401459
576 0.0016846999999999834 0 0 0.7101449275362319 0.8540145985401459
577 0.0018477000000001187 0 0 0.7101449275362319 0.8540145985401459
578 0.0017728000000001298 0 0 0.7101449275362319 0.8540145985401459
579 0.0018496999999999542 1 0 0.7246376811594203 0.8540145985401459
580 0.001845400000000108 1 1 0.7391304347826086 0.8613138686131386
581 0.0018048999999999982 1 0 0.7536231884057971 0.8613138686131386
582 0.0018263000000000584 0 1 0.7536231884057971 0.8686131386861314
583 0.001897399999999827 0 0 0.7536231884057971 0.8686131386861314
584 0.001824600000000176 0 0 0.7536231884057971 0.8686131386861314
585 0.001781400000000044 0 0 0.7536231884057971 0.8686131386861314
586 0.0018305000000000682 0 0 0.7536231884057971 0.8686131386861314
587 0.001664600000000016 0 0 0.7536231884057971 0.8686131386861314
588 0.0018712000000000728 0 0 0.7536231884057971 0.8686131386861314
589 0.001813899999999924 0 0 0.7536231884057971 0.8686131386861314
590 0.0017020000000000923 0 0 0.7536231884057971 0.8686131386861314
591 0.0019134999999999014 0 0 0.7536231884057971 0.8686131386861314
592 0.001807799999999915 0 0 0.7536231884057971 0.8686131386861314
593 0.0017525000000000457 1 1 0.7681159420289855 0.8759124087591241
594 0.001711500000000088 0 0 0.7681159420289855 0.8759124087591241
595 0.0018143999999999938 0 0 0.7681159420289855 0.8759124087591241
596 0.0018936999999998871 0 0 0.7681159420289855 0.8759124087591241
597 0.0017749000000000237 0 0 0.7681159420289855 0.8759124087591241
598 0.0017679999999999918 1 0 0.782608695652174 0.8759124087591241
599 0.0018399000000000054 0 0 0.782608695652174 0.8759124087591241
600 0.0018399000000000054 0 0 0.782608695652174 0.8759124087591241
601 0.0018068999999998336 0 0 0.782608695652174 0.8759124087591241
602 0.0018508999999999887 0 0 0.782608695652174 0.8759124087591241
603 0.0018249999999999655 0 0 0.782608695652174 0.8759124087591241
604 0.001911800000000019 0 0 0.782608695652174 0.8759124087591241
605 0.001794199999999968 0 0 0.782608695652174 0.8759124087591241
606 0.0018584000000001488 1 1 0.7971014492753623 0.8832116788321168
607 0.0018258000000002106 0 1 0.7971014492753623 0.8905109489051095
608 0.0019527000000001404 0 0 0.7971014492753623 0.8905109489051095
609 0.0018782999999999994 0 0 0.7971014492753623 0.8905109489051095
610 0.001976900000000059 0 0 0.7971014492753623 0.8905109489051095
611 0.0018244000000000593 0 0 0.7971014492753623 0.8905109489051095
612 0.0026471000000001244 0 0 0.7971014492753623 0.8905109489051095
613 0.0018891999999999243 0 0 0.7971014492753623 0.8905109489051095
614 0.0018604999999998206 0 0 0.7971014492753623 0.8905109489051095
615 0.001841900000000063 0 0 0.7971014492753623 0.8905109489051095
616 0.0018800999999999402 0 0 0.7971014492753623 0.8905109489051095
617 0.0018673000000000162 0 0 0.7971014492753623 0.8905109489051095
618 0.0018374999999999364 0 0 0.7971014492753623 0.8905109489051095
619 0.0018225000000000602 0 0 0.7971014492753623 0.8905109489051095
620 0.001831799999999939 0 0 0.7971014492753623 0.8905109489051095
621 0.0018196999999999797 1 1 0.8115942028985508 0.8978102189781022
622 0.0019080999999998571 0 0 0.8115942028985508 0.8978102189781022
623 0.0018523999999999763 0 0 0.8115942028985508 0.8978102189781022
624 0.0018284000000001743 0 0 0.8115942028985508 0.8978102189781022
625 0.001766700000000121 0 0 0.8115942028985508 0.8978102189781022
626 0.0018591000000001134 0 0 0.8115942028985508 0.8978102189781022
627 0.0017823000000001255 1 1 0.8260869565217391 0.9051094890510949
628 0.001828299999999894 0 0 0.8260869565217391 0.9051094890510949
629 0.001951800000000059 0 0 0.8260869565217391 0.9051094890510949
630 0.0017663000000001094 0 0 0.8260869565217391 0.9051094890510949
631 0.0020459999999999923 0 0 0.8260869565217391 0.9051094890510949
632 0.0018845000000000667 0 0 0.8260869565217391 0.9051094890510949
633 0.0018393000000000992 0 0 0.8260869565217391 0.9051094890510949
634 0.0019432999999999812 0 0 0.8260869565217391 0.9051094890510949
635 0.001877099999999965 0 0 0.8260869565217391 0.9051094890510949
636 0.0019217999999998625 0 0 0.8260869565217391 0.9051094890510949
637 0.0019112999999999492 0 1 0.8260869565217391 0.9124087591240876
638 0.0017599999999999838 0 0 0.8260869565217391 0.9124087591240876
639 0.001964900000000158 0 0 0.8260869565217391 0.9124087591240876
640 0.0018975999999999438 0 0 0.8260869565217391 0.9124087591240876
641 0.001783499999999938 1 1 0.8405797101449275 0.9197080291970803
642 0.0018727000000000604 0 0 0.8405797101449275 0.9197080291970803
643 0.0019067999999999863 0 0 0.8405797101449275 0.9197080291970803
644 0.0018864000000000658 0 0 0.8405797101449275 0.9197080291970803
645 0.001973400000000014 1 0 0.855072463768116 0.9197080291970803
646 0.0020221000000000267 0 0 0.855072463768116 0.9197080291970803
647 0.001978500000000105 0 0 0.855072463768116 0.9197080291970803
648 0.0019668000000001573 0 0 0.855072463768116 0.9197080291970803
649 0.0020115999999998913 0 0 0.855072463768116 0.9197080291970803
650 0.001847500000000002 0 0 0.855072463768116 0.9197080291970803
651 0.001922200000000096 1 1 0.8695652173913043 0.927007299270073
652 0.0019535999999999998 0 0 0.8695652173913043 0.927007299270073
653 0.0018956999999999447 0 0 0.8695652173913043 0.927007299270073
654 0.001821099999999909 0 0 0.8695652173913043 0.927007299270073
655 0.002052900000000024 0 0 0.8695652173913043 0.927007299270073
656 0.0019424000000001218 0 0 0.8695652173913043 0.927007299270073
657 0.0018225000000000602 0 0 0.8695652173913043 0.927007299270073
658 0.001958700000000091 0 0 0.8695652173913043 0.927007299270073
659 0.001859000000000055 0 0 0.8695652173913043 0.927007299270073
660 0.0018260000000001053 0 0 0.8695652173913043 0.927007299270073
661 0.001842200000000016 0 0 0.8695652173913043 0.927007299270073
662 0.0018238999999999894 0 0 0.8695652173913043 0.927007299270073
663 0.0018152000000000168 0 0 0.8695652173913043 0.927007299270073
664 0.002013400000000054 1 2 0.8840579710144928 0.9416058394160584
665 0.001985099999999962 0 0 0.8840579710144928 0.9416058394160584
666 0.001861900000000194 0 0 0.8840579710144928 0.9416058394160584
667 0.0019160000000000288 0 0 0.8840579710144928 0.9416058394160584
668 0.0018418000000000045 0 0 0.8840579710144928 0.9416058394160584
669 0.001913900000000135 0 0 0.8840579710144928 0.9416058394160584
670 0.0021238999999999564 0 0 0.8840579710144928 0.9416058394160584
671 0.0018818000000000445 0 0 0.8840579710144928 0.9416058394160584
672 0.0018924000000000163 0 0 0.8840579710144928 0.9416058394160584
673 0.0019612999999998326 0 0 0.8840579710144928 0.9416058394160584
674 0.002018999999999993 0 0 0.8840579710144928 0.9416058394160584
675 0.0019881999999999955 0 0 0.8840579710144928 0.9416058394160584
676 0.002092100000000041 0 0 0.8840579710144928 0.9416058394160584
677 0.0020933000000000757 0 0 0.8840579710144928 0.9416058394160584
678 0.0019978000000000495 0 0 0.8840579710144928 0.9416058394160584
679 0.0018909000000000287 0 0 0.8840579710144928 0.9416058394160584
680 0.001932599999999951 0 0 0.8840579710144928 0.9416058394160584
681 0.0020231000000001664 0 0 0.8840579710144928 0.9416058394160584
682 0.0019284999999999997 0 0 0.8840579710144928 0.9416058394160584
683 0.0023169999999999025 0 0 0.8840579710144928 0.9416058394160584
684 0.002033699999999916 0 0 0.8840579710144928 0.9416058394160584
685 0.0019147999999999943 0 0 0.8840579710144928 0.9416058394160584
686 0.0019089000000001022 0 0 0.8840579710144928 0.9416058394160584
687 0.0019057000000000102 0 0 0.8840579710144928 0.9416058394160584
688 0.00186670000000011 0 0 0.8840579710144928 0.9416058394160584
689 0.002035500000000079 0 0 0.8840579710144928 0.9416058394160584
690 0.0018627999999998313 0 0 0.8840579710144928 0.9416058394160584
691 0.0019547999999998122 0 0 0.8840579710144928 0.9416058394160584
692 0.0020690000000000985 0 0 0.8840579710144928 0.9416058394160584
693 0.0020398999999999834 0 0 0.8840579710144928 0.9416058394160584
694 0.0018062999999999274 0 0 0.8840579710144928 0.9416058394160584
695 0.001936600000000066 0 0 0.8840579710144928 0.9416058394160584
696 0.0018977000000000022 0 0 0.8840579710144928 0.9416058394160584
697 0.0018587999999999383 1 1 0.8985507246376812 0.948905109489051
698 0.0019112999999999492 0 0 0.8985507246376812 0.948905109489051
699 0.001942200000000005 0 0 0.8985507246376812 0.948905109489051
700 0.0019829000000000097 0 0 0.8985507246376812 0.948905109489051
701 0.0018863999999998438 0 0 0.8985507246376812 0.948905109489051
702 0.001977899999999977 0 0 0.8985507246376812 0.948905109489051
703 0.001965100000000053 1 0 0.9130434782608695 0.948905109489051
704 0.001927800000000035 0 0 0.9130434782608695 0.948905109489051
705 0.0022910999999998793 1 1 0.927536231884058 0.9562043795620438
706 0.00202139999999984 0 0 0.927536231884058 0.9562043795620438
707 0.001978500000000105 0 0 0.927536231884058 0.9562043795620438
708 0.002342199999999961 0 0 0.927536231884058 0.9562043795620438
709 0.002056800000000081 1 1 0.9420289855072463 0.9635036496350365
710 0.001974699999999885 0 0 0.9420289855072463 0.9635036496350365
711 0.0019951000000000274 0 0 0.9420289855072463 0.9635036496350365
712 0.0019865999999999495 0 0 0.9420289855072463 0.9635036496350365
713 0.0019957000000001557 0 0 0.9420289855072463 0.9635036496350365
714 0.0019012999999998836 0 0 0.9420289855072463 0.9635036496350365
715 0.0018967999999999208 0 0 0.9420289855072463 0.9635036496350365
716 0.001900299999999966 0 0 0.9420289855072463 0.9635036496350365
717 0.0019096000000000668 0 0 0.9420289855072463 0.9635036496350365
718 0.0019024000000000818 0 0 0.9420289855072463 0.9635036496350365
719 0.0020244000000000373 0 0 0.9420289855072463 0.9635036496350365
720 0.002012100000000183 0 0 0.9420289855072463 0.9635036496350365
721 0.0019373000000000307 0 0 0.9420289855072463 0.9635036496350365
722 0.0022063999999999417 0 0 0.9420289855072463 0.9635036496350365
723 0.0020350999999998454 0 0 0.9420289855072463 0.9635036496350365
724 0.0019110999999998324 0 0 0.9420289855072463 0.9635036496350365
725 0.0021651999999998672 0 0 0.9420289855072463 0.9635036496350365
726 0.0020185999999999815 0 0 0.9420289855072463 0.9635036496350365
727 0.0019400999999998891 0 0 0.9420289855072463 0.9635036496350365
728 0.0021161999999999015 0 0 0.9420289855072463 0.9635036496350365
729 0.0018441000000000152 0 0 0.9420289855072463 0.9635036496350365
730 0.0019109000000001597 0 0 0.9420289855072463 0.9635036496350365
731 0.0018668000000001683 0 0 0.9420289855072463 0.9635036496350365
732 0.0018757000000000357 0 0 0.9420289855072463 0.9635036496350365
733 0.0020390999999999604 0 0 0.9420289855072463 0.9635036496350365
734 0.0019031999999998828 0 1 0.9420289855072463 0.9708029197080292
735 0.002001900000000001 0 0 0.9420289855072463 0.9708029197080292
736 0.001955300000000104 0 0 0.9420289855072463 0.9708029197080292
737 0.0019169999999999465 1 1 0.9565217391304348 0.9781021897810219
738 0.002041399999999971 0 0 0.9565217391304348 0.9781021897810219
739 0.002095500000000028 0 0 0.9565217391304348 0.9781021897810219
740 0.0020754000000000605 0 0 0.9565217391304348 0.9781021897810219
741 0.0019488999999999201 1 0 0.9710144927536232 0.9781021897810219
742 0.0018507999999999303 0 0 0.9710144927536232 0.9781021897810219
743 0.0018896999999999942 0 0 0.9710144927536232 0.9781021897810219
744 0.0020335000000000214 0 0 0.9710144927536232 0.9781021897810219
745 0.0020257999999999665 0 0 0.9710144927536232 0.9781021897810219
746 0.0020588999999999746 0 0 0.9710144927536232 0.9781021897810219
747 0.002037400000000078 0 0 0.9710144927536232 0.9781021897810219
748 0.0019898000000000415 0 0 0.9710144927536232 0.9781021897810219
749 0.0017935999999998398 0 0 0.9710144927536232 0.9781021897810219
750 0.0019312000000000218 0 0 0.9710144927536232 0.9781021897810219
751 0.00189499999999998 0 0 0.9710144927536232 0.9781021897810219
752 0.0018384000000000178 0 0 0.9710144927536232 0.9781021897810219
753 0.0018683999999999923 0 0 0.9710144927536232 0.9781021897810219
754 0.0022557000000000826 0 0 0.9710144927536232 0.9781021897810219
755 0.0020172999999998886 1 0 0.9855072463768116 0.9781021897810219
756 0.0022613000000000216 0 0 0.9855072463768116 0.9781021897810219
757 0.0020283999999999303 0 0 0.9855072463768116 0.9781021897810219
758 0.0019681999999998645 0 0 0.9855072463768116 0.9781021897810219
759 0.0019012999999998836 0 0 0.9855072463768116 0.9781021897810219
760 0.0018977000000000022 1 1 1.0 0.9854014598540146
761 0.0026015000000001454 0 0 1.0 0.9854014598540146
762 0.002609199999999978 0 0 1.0 0.9854014598540146
763 0.002686200000000083 0 0 1.0 0.9854014598540146
764 0.002578200000000086 0 0 1.0 0.9854014598540146
765 0.0026092999999998145 0 0 1.0 0.9854014598540146
766 0.0026452999999999616 0 0 1.0 0.9854014598540146
767 0.0027545999999998294 0 0 1.0 0.9854014598540146
768 0.0026414999999999633 0 0 1.0 0.9854014598540146
769 0.002642499999999881 0 0 1.0 0.9854014598540146
770 0.002771300000000032 0 0 1.0 0.9854014598540146
771 0.002405699999999955 0 0 1.0 0.9854014598540146
772 0.0027764999999999596 0 1 1.0 0.9927007299270073
773 0.0026770000000000405 0 0 1.0 0.9927007299270073
774 0.0027095000000001424 0 0 1.0 0.9927007299270073
775 0.0020841999999998695 0 0 1.0 0.9927007299270073
776 0.0019124000000001473 0 0 1.0 0.9927007299270073
777 0.0019449000000000272 0 0 1.0 0.9927007299270073
778 0.001951000000000036 0 0 1.0 0.9927007299270073
779 0.002109399999999928 0 0 1.0 0.9927007299270073
780 0.0021556999999998716 0 0 1.0 0.9927007299270073
781 0.002030200000000093 0 0 1.0 0.9927007299270073
782 0.0019959999999998868 0 0 1.0 0.9927007299270073
783 0.0019616000000000078 0 0 1.0 0.9927007299270073
784 0.001968000000000192 0 0 1.0 0.9927007299270073
785 0.001977900000000199 0 0 1.0 0.9927007299270073
786 0.002426500000000109 0 0 1.0 0.9927007299270073
787 0.00201870000000004 0 0 1.0 0.9927007299270073
788 0.0020131999999999373 0 0 1.0 0.9927007299270073
789 0.0020183000000000284 0 0 1.0 0.9927007299270073
790 0.0020839999999999748 0 0 1.0 0.9927007299270073
791 0.0018704999999998861 0 0 1.0 0.9927007299270073
792 0.0020443999999999463 0 0 1.0 0.9927007299270073
793 0.0024452000000001473 0 0 1.0 0.9927007299270073
794 0.0020232000000000028 0 0 1.0 0.9927007299270073
795 0.0019443999999999573 0 1 1.0 1.0
