175 0.7 0.1
1 0.00694450000000002 0 0 0.0 0.5014409221902018
2 0.007178699999999982 0 0 0.0 0.5014409221902018
3 0.0050160000000000204 1 0 0.005747126436781609 0.5014409221902018
4 0.0051266999999999285 1 0 0.011494252873563218 0.5014409221902018
5 0.003893399999999936 1 0 0.017241379310344827 0.5014409221902018
6 0.004936700000000016 1 0 0.022988505747126436 0.5014409221902018
7 0.003846799999999928 0 0 0.022988505747126436 0.5014409221902018
8 0.0045152000000000525 0 0 0.022988505747126436 0.5014409221902018
9 0.005223199999999983 1 1 0.028735632183908046 0.5043227665706052
10 0.00476310000000002 1 0 0.034482758620689655 0.5043227665706052
11 0.0044047999999999865 0 0 0.034482758620689655 0.5043227665706052
12 0.003907800000000017 1 0 0.040229885057471264 0.5043227665706052
13 0.004897499999999999 0 0 0.040229885057471264 0.5043227665706052
14 0.004130499999999926 1 0 0.04597701149425287 0.5043227665706052
15 0.003854299999999977 0 0 0.04597701149425287 0.5043227665706052
16 0.0052144999999999 1 2 0.05172413793103448 0.5100864553314121
17 0.004220299999999955 1 1 0.05747126436781609 0.5129682997118156
18 0.005081699999999967 1 0 0.06321839080459771 0.5129682997118156
19 0.0040663999999999145 1 0 0.06896551724137931 0.5129682997118156
20 0.0048255999999999855 0 1 0.06896551724137931 0.515850144092219
21 0.005192599999999992 1 0 0.07471264367816093 0.515850144092219
22 0.004625899999999961 1 0 0.08045977011494253 0.515850144092219
23 0.0046471999999999625 0 0 0.08045977011494253 0.515850144092219
24 0.0046264000000000305 1 1 0.08620689655172414 0.5187319884726225
25 0.004972700000000052 1 2 0.09195402298850575 0.5244956772334294
26 0.004115700000000055 0 2 0.09195402298850575 0.5302593659942363
27 0.004975900000000033 0 0 0.09195402298850575 0.5302593659942363
28 0.0050835000000000186 1 0 0.09770114942528736 0.5302593659942363
29 0.0046840000000000215 1 1 0.10344827586206896 0.5331412103746398
30 0.005502400000000018 1 0 0.10919540229885058 0.5331412103746398
31 0.004782799999999976 0 1 0.10919540229885058 0.5360230547550432
32 0.004340299999999964 1 0 0.11494252873563218 0.5360230547550432
33 0.005250300000000041 1 0 0.1206896551724138 0.5360230547550432
34 0.005285300000000048 1 0 0.12643678160919541 0.5360230547550432
35 0.004282099999999955 1 1 0.13218390804597702 0.5389048991354467
36 0.0064446000000000225 1 1 0.13793103448275862 0.5417867435158501
37 0.006198399999999937 0 2 0.13793103448275862 0.547550432276657
38 0.0043767999999999585 1 1 0.14367816091954022 0.5504322766570605
39 0.005139800000000028 1 1 0.14942528735632185 0.553314121037464
40 0.004952100000000015 1 1 0.15517241379310345 0.5561959654178674
41 0.004427300000000023 1 0 0.16091954022988506 0.5561959654178674
42 0.0055226999999999915 1 1 0.16666666666666666 0.5590778097982709
43 0.004875100000000021 1 0 0.1724137931034483 0.5590778097982709
44 0.004910499999999929 0 0 0.1724137931034483 0.5590778097982709
45 0.004671399999999992 1 1 0.1781609195402299 0.5619596541786743
46 0.0042728000000000765 1 0 0.1839080459770115 0.5619596541786743
47 0.006635400000000069 1 1 0.1896551724137931 0.5648414985590778
48 0.005949300000000046 1 1 0.19540229885057472 0.5677233429394812
49 0.005982599999999949 0 0 0.19540229885057472 0.5677233429394812
50 0.006842099999999962 1 1 0.20114942528735633 0.5706051873198847
51 0.00427030000000006 1 1 0.20689655172413793 0.5734870317002881
52 0.005528599999999995 1 0 0.21264367816091953 0.5734870317002881
53 0.0044191999999999565 0 1 0.21264367816091953 0.5763688760806917
54 0.005039400000000027 0 0 0.21264367816091953 0.5763688760806917
55 0.005062099999999958 0 0 0.21264367816091953 0.5763688760806917
56 0.0054435000000000455 1 2 0.21839080459770116 0.5821325648414986
57 0.0057738999999999985 0 3 0.21839080459770116 0.590778097982709
58 0.004642200000000041 1 1 0.22413793103448276 0.5936599423631124
59 0.005414200000000036 0 1 0.22413793103448276 0.5965417867435159
60 0.004525299999999954 0 0 0.22413793103448276 0.5965417867435159
61 0.005790200000000079 1 0 0.22988505747126436 0.5965417867435159
62 0.005436500000000066 1 0 0.23563218390804597 0.5965417867435159
63 0.006338599999999972 1 0 0.2413793103448276 0.5965417867435159
64 0.0059930999999999734 1 0 0.2471264367816092 0.5965417867435159
65 0.008829000000000087 0 0 0.2471264367816092 0.5965417867435159
66 0.005786599999999975 0 1 0.2471264367816092 0.5994236311239193
67 0.0055291000000000645 1 0 0.25287356321839083 0.5994236311239193
68 0.005406899999999992 1 1 0.25862068965517243 0.6023054755043228
69 0.005062899999999981 0 0 0.25862068965517243 0.6023054755043228
70 0.006197499999999967 0 0 0.25862068965517243 0.6023054755043228
71 0.007843000000000044 1 0 0.26436781609195403 0.6023054755043228
72 0.006823199999999918 0 0 0.26436781609195403 0.6023054755043228
73 0.006274299999999955 1 1 0.27011494252873564 0.6051873198847262
74 0.005218000000000056 1 1 0.27586206896551724 0.6080691642651297
75 0.006580400000000042 0 1 0.27586206896551724 0.6109510086455331
76 0.006790799999999986 0 1 0.27586206896551724 0.6138328530259366
77 0.005670499999999912 1 1 0.28160919540229884 0.6167146974063401
78 0.006345000000000045 1 1 0.28735632183908044 0.6195965417867435
79 0.006018399999999979 0 0 0.28735632183908044 0.6195965417867435
80 0.006230299999999911 1 0 0.29310344827586204 0.6195965417867435
81 0.0053218999999999905 1 0 0.2988505747126437 0.6195965417867435
82 0.0049426999999999666 1 0 0.3045977011494253 0.6195965417867435
83 0.004766099999999884 1 0 0.3103448275862069 0.6195965417867435
84 0.005855399999999955 1 2 0.3160919540229885 0.6253602305475504
85 0.005063999999999957 0 1 0.3160919540229885 0.6282420749279539
86 0.0060781999999999226 1 0 0.3218390804597701 0.6282420749279539
87 0.004890999999999979 1 2 0.3275862068965517 0.6340057636887608
88 0.005799099999999946 1 1 0.3333333333333333 0.6368876080691642
89 0.004584900000000003 0 0 0.3333333333333333 0.6368876080691642
90 0.005540599999999785 1 0 0.3390804597701149 0.6368876080691642
91 0.005033300000000018 0 2 0.3390804597701149 0.6426512968299711
92 0.006026799999999888 0 0 0.3390804597701149 0.6426512968299711
93 0.007374699999999956 1 1 0.3448275862068966 0.6455331412103746
94 0.0061853999999998965 0 0 0.3448275862068966 0.6455331412103746
95 0.005949699999999947 0 0 0.3448275862068966 0.6455331412103746
96 0.006208200000000108 1 2 0.3505747126436782 0.6512968299711815
97 0.00506300000000004 1 1 0.3563218390804598 0.654178674351585
98 0.005490400000000006 0 0 0.3563218390804598 0.654178674351585
99 0.004517899999999964 1 0 0.3620689655172414 0.654178674351585
100 0.005625800000000014 1 1 0.367816091954023 0.6570605187319885
101 0.005558799999999975 0 2 0.367816091954023 0.6628242074927954
102 0.006163499999999988 0 0 0.367816091954023 0.6628242074927954
103 0.005575299999999839 0 0 0.367816091954023 0.6628242074927954
104 0.005902899999999933 0 2 0.367816091954023 0.6685878962536023
105 0.0065230000000000565 1 0 0.3735632183908046 0.6685878962536023
106 0.004763499999999921 0 0 0.3735632183908046 0.6685878962536023
107 0.008245700000000022 1 1 0.3793103448275862 0.6714697406340058
108 0.006131600000000015 1 1 0.3850574712643678 0.6743515850144092
109 0.007804300000000097 1 0 0.39080459770114945 0.6743515850144092
110 0.006491599999999931 1 0 0.39655172413793105 0.6743515850144092
111 0.005678099999999908 1 1 0.40229885057471265 0.6772334293948127
112 0.0064117999999999675 0 2 0.40229885057471265 0.6829971181556196
113 0.0048648000000000025 0 0 0.40229885057471265 0.6829971181556196
114 0.00755590000000006 1 3 0.40804597701149425 0.69164265129683
115 0.006018199999999974 1 0 0.41379310344827586 0.69164265129683
116 0.005199900000000035 1 1 0.41954022988505746 0.6945244956772334
117 0.0048634999999999096 1 2 0.42528735632183906 0.7002881844380403
118 0.007081600000000021 0 0 0.42528735632183906 0.7002881844380403
119 0.007199599999999862 0 1 0.42528735632183906 0.7031700288184438
120 0.004843500000000001 0 0 0.42528735632183906 0.7031700288184438
121 0.005794199999999972 1 2 0.43103448275862066 0.7089337175792507
122 0.006472799999999834 1 0 0.4367816091954023 0.7089337175792507
123 0.007081899999999974 0 0 0.4367816091954023 0.7089337175792507
124 0.004993800000000048 1 0 0.4425287356321839 0.7089337175792507
125 0.006442500000000129 0 0 0.4425287356321839 0.7089337175792507
126 0.005649499999999863 0 0 0.4425287356321839 0.7089337175792507
127 0.005399699999999896 1 1 0.4482758620689655 0.7118155619596542
128 0.006288400000000083 1 1 0.4540229885057471 0.7146974063400576
129 0.005760900000000069 1 1 0.45977011494252873 0.7175792507204611
130 0.004617400000000105 1 0 0.46551724137931033 0.7175792507204611
131 0.011975800000000092 1 0 0.47126436781609193 0.7175792507204611
132 0.007431200000000082 0 0 0.47126436781609193 0.7175792507204611
133 0.005970999999999949 0 0 0.47126436781609193 0.7175792507204611
134 0.00587850000000012 1 1 0.47701149425287354 0.7204610951008645
135 0.006436499999999956 0 0 0.47701149425287354 0.7204610951008645
136 0.006704899999999903 1 1 0.4827586206896552 0.723342939481268
137 0.0063286000000000175 1 0 0.4885057471264368 0.723342939481268
138 0.006145000000000067 1 0 0.4942528735632184 0.723342939481268
139 0.007918400000000103 1 0 0.5 0.723342939481268
140 0.00665720000000003 1 0 0.5057471264367817 0.723342939481268
141 0.0050343999999999944 0 1 0.5057471264367817 0.7262247838616714
142 0.006787700000000063 0 1 0.5057471264367817 0.729106628242075
143 0.006189800000000023 0 1 0.5057471264367817 0.7319884726224783
144 0.006279900000000005 1 1 0.5114942528735632 0.7348703170028819
145 0.005566799999999983 0 0 0.5114942528735632 0.7348703170028819
146 0.006757299999999855 1 0 0.5172413793103449 0.7348703170028819
147 0.005553000000000141 0 0 0.5172413793103449 0.7348703170028819
148 0.005603900000000106 1 0 0.5229885057471264 0.7348703170028819
149 0.009645099999999962 1 0 0.5287356321839081 0.7348703170028819
150 0.005873500000000087 1 0 0.5344827586206896 0.7348703170028819
151 0.006152600000000064 1 1 0.5402298850574713 0.7377521613832853
152 0.006382899999999969 0 1 0.5402298850574713 0.7406340057636888
153 0.006771599999999989 1 1 0.5459770114942529 0.7435158501440923
154 0.007632599999999989 0 0 0.5459770114942529 0.7435158501440923
155 0.00579060000000009 1 0 0.5517241379310345 0.7435158501440923
156 0.006343299999999941 1 1 0.5574712643678161 0.7463976945244957
157 0.007532700000000059 0 0 0.5574712643678161 0.7463976945244957
158 0.006597699999999929 0 2 0.5574712643678161 0.7521613832853026
159 0.005920399999999937 1 3 0.5632183908045977 0.760806916426513
160 0.012780800000000037 1 1 0.5689655172413793 0.7636887608069164
161 0.010198700000000116 1 0 0.5747126436781609 0.7636887608069164
162 0.008496300000000012 1 0 0.5804597701149425 0.7636887608069164
163 0.0057035000000000835 0 3 0.5804597701149425 0.7723342939481268
164 0.006156400000000062 1 0 0.5862068965517241 0.7723342939481268
165 0.007238300000000031 1 1 0.5919540229885057 0.7752161383285303
166 0.007356200000000035 0 0 0.5919540229885057 0.7752161383285303
167 0.008937100000000031 0 1 0.5919540229885057 0.7780979827089337
168 0.009139500000000078 1 1 0.5977011494252874 0.7809798270893372
169 0.006997900000000001 1 2 0.603448275862069 0.7867435158501441
170 0.00838899999999998 1 0 0.6091954022988506 0.7867435158501441
171 0.006077200000000005 1 1 0.6149425287356322 0.7896253602305475
172 0.006088700000000058 0 1 0.6149425287356322 0.792507204610951
173 0.006492100000000001 0 1 0.6149425287356322 0.7953890489913544
174 0.00590960000000007 1 0 0.6206896551724138 0.7953890489913544
175 0.006675500000000056 0 0 0.6206896551724138 0.7953890489913544
176 0.006101500000000204 1 2 0.6264367816091954 0.8011527377521613
177 0.006673200000000046 1 0 0.632183908045977 0.8011527377521613
178 0.006263700000000094 1 1 0.6379310344827587 0.8040345821325648
179 0.006713500000000039 1 0 0.6436781609195402 0.8040345821325648
180 0.006087600000000082 1 0 0.6494252873563219 0.8040345821325648
181 0.0069957999999998854 1 0 0.6551724137931034 0.8040345821325648
182 0.007016899999999993 1 0 0.6609195402298851 0.8040345821325648
183 0.007015999999999911 1 2 0.6666666666666666 0.8097982708933718
184 0.0075913000000000785 1 2 0.6724137931034483 0.8155619596541787
185 0.006283700000000003 1 0 0.6781609195402298 0.8155619596541787
186 0.005368999999999957 1 0 0.6839080459770115 0.8155619596541787
187 0.006592500000000001 0 0 0.6839080459770115 0.8155619596541787
188 0.006505800000000006 1 3 0.6896551724137931 0.8242074927953891
189 0.007770799999999856 1 0 0.6954022988505747 0.8242074927953891
190 0.007319099999999912 1 0 0.7011494252873564 0.8242074927953891
191 0.005805400000000072 1 3 0.7068965517241379 0.8328530259365994
192 0.00740940000000001 1 0 0.7126436781609196 0.8328530259365994
193 0.005493799999999993 1 1 0.7183908045977011 0.8357348703170029
194 0.009081600000000023 0 1 0.7183908045977011 0.8386167146974063
195 0.007078499999999988 0 0 0.7183908045977011 0.8386167146974063
196 0.006572400000000034 1 1 0.7241379310344828 0.8414985590778098
197 0.006031600000000026 1 0 0.7298850574712644 0.8414985590778098
198 0.006624900000000045 1 0 0.735632183908046 0.8414985590778098
199 0.0062547000000001685 1 0 0.7413793103448276 0.8414985590778098
200 0.006956900000000044 0 0 0.7413793103448276 0.8414985590778098
201 0.006371499999999974 0 1 0.7413793103448276 0.8443804034582133
202 0.00801239999999992 0 3 0.7413793103448276 0.8530259365994236
203 0.0073520999999998615 1 2 0.7471264367816092 0.8587896253602305
204 0.005480399999999941 0 1 0.7471264367816092 0.861671469740634
205 0.008051400000000042 0 0 0.7471264367816092 0.861671469740634
206 0.0065749999999999975 1 1 0.7528735632183908 0.8645533141210374
207 0.006625199999999998 0 0 0.7528735632183908 0.8645533141210374
208 0.008725799999999895 1 0 0.7586206896551724 0.8645533141210374
209 0.00887159999999998 1 0 0.764367816091954 0.8645533141210374
210 0.007471600000000134 1 0 0.7701149425287356 0.8645533141210374
211 0.006577100000000113 1 1 0.7758620689655172 0.8674351585014409
212 0.0065341999999999345 0 0 0.7758620689655172 0.8674351585014409
213 0.006557799999999947 1 0 0.7816091954022989 0.8674351585014409
214 0.006516500000000036 1 0 0.7873563218390804 0.8674351585014409
215 0.008712299999999784 0 1 0.7873563218390804 0.8703170028818443
216 0.006503099999999984 1 0 0.7931034482758621 0.8703170028818443
217 0.006586399999999992 0 0 0.7931034482758621 0.8703170028818443
218 0.005780600000000025 1 2 0.7988505747126436 0.8760806916426513
219 0.006319600000000092 0 0 0.7988505747126436 0.8760806916426513
220 0.0083434 1 1 0.8045977011494253 0.8789625360230547
221 0.006751199999999846 1 0 0.8103448275862069 0.8789625360230547
222 0.006981899999999985 1 1 0.8160919540229885 0.8818443804034583
223 0.006460300000000085 1 0 0.8218390804597702 0.8818443804034583
224 0.007056200000000068 1 0 0.8275862068965517 0.8818443804034583
225 0.00636340000000013 1 0 0.8333333333333334 0.8818443804034583
226 0.0056210999999999345 0 0 0.8333333333333334 0.8818443804034583
227 0.00699430000000012 1 1 0.8390804597701149 0.8847262247838616
228 0.006911399999999901 1 2 0.8448275862068966 0.8904899135446686
229 0.006774599999999964 1 2 0.8505747126436781 0.8962536023054755
230 0.007381399999999871 1 1 0.8563218390804598 0.899135446685879
231 0.006120399999999915 1 1 0.8620689655172413 0.9020172910662824
232 0.007585800000000198 1 3 0.867816091954023 0.9106628242074928
233 0.007828899999999805 1 0 0.8735632183908046 0.9106628242074928
234 0.005983100000000352 1 0 0.8793103448275862 0.9106628242074928
235 0.007422099999999876 0 0 0.8793103448275862 0.9106628242074928
236 0.006544499999999953 1 1 0.8850574712643678 0.9135446685878963
237 0.006310100000000318 1 3 0.8908045977011494 0.9221902017291066
238 0.0074353000000000335 1 2 0.896551724137931 0.9279538904899135
239 0.006726400000000243 1 0 0.9022988505747126 0.9279538904899135
240 0.0072326000000000334 1 1 0.9080459770114943 0.930835734870317
241 0.006992300000000284 1 1 0.9137931034482759 0.9337175792507204
242 0.006246899999999833 1 0 0.9195402298850575 0.9337175792507204
243 0.007651500000000144 0 1 0.9195402298850575 0.9365994236311239
244 0.0079372000000002 1 2 0.9252873563218391 0.9423631123919308
245 0.007411899999999694 1 0 0.9310344827586207 0.9423631123919308
246 0.009059499999999776 1 1 0.9367816091954023 0.9452449567723343
247 0.007330100000000339 1 1 0.9425287356321839 0.9481268011527377
248 0.006139000000000117 0 1 0.9425287356321839 0.9510086455331412
249 0.00712550000000034 1 0 0.9482758620689655 0.9510086455331412
250 0.007326100000000224 0 0 0.9482758620689655 0.9510086455331412
251 0.007277799999999779 0 1 0.9482758620689655 0.9538904899135446
252 0.009289199999999997 1 0 0.9540229885057471 0.9538904899135446
253 0.007623799999999736 1 0 0.9597701149425287 0.9538904899135446
254 0.009008600000000033 1 0 0.9655172413793104 0.9538904899135446
255 0.010703700000000094 1 0 0.9712643678160919 0.9538904899135446
256 0.009635700000000025 1 3 0.9770114942528736 0.962536023054755
257 0.007414699999999996 1 2 0.9827586206896551 0.968299711815562
258 0.00939869999999976 1 1 0.9885057471264368 0.9711815561959655
259 0.0074488999999999805 1 3 0.9942528735632183 0.9798270893371758
260 0.00969590000000009 1 0 1.0 0.9798270893371758
261 0.00705840000000002 0 1 1.0 0.9827089337175793
262 0.00833269999999997 0 0 1.0 0.9827089337175793
263 0.0067019000000003714 0 0 1.0 0.9827089337175793
264 0.013741199999999676 0 0 1.0 0.9827089337175793
265 0.008329299999999762 0 1 1.0 0.9855907780979827
266 0.008462200000000308 0 0 1.0 0.9855907780979827
267 0.006654499999999786 0 0 1.0 0.9855907780979827
268 0.006756300000000159 0 0 1.0 0.9855907780979827
269 0.009316899999999961 0 0 1.0 0.9855907780979827
270 0.007368299999999994 0 0 1.0 0.9855907780979827
271 0.006042000000000325 0 1 1.0 0.9884726224783862
272 0.00728490000000015 0 0 1.0 0.9884726224783862
273 0.00856570000000012 0 0 1.0 0.9884726224783862
274 0.008839599999999947 0 1 1.0 0.9913544668587896
275 0.00770959999999965 0 1 1.0 0.9942363112391931
276 0.007636199999999871 0 0 1.0 0.9942363112391931
277 0.007374400000000225 0 1 1.0 0.9971181556195965
278 0.007055100000000092 0 0 1.0 0.9971181556195965
279 0.0075104999999999755 0 0 1.0 0.9971181556195965
280 0.007453799999999955 0 0 1.0 0.9971181556195965
281 0.006844900000000376 0 0 1.0 0.9971181556195965
282 0.006979100000000127 0 0 1.0 0.9971181556195965
283 0.00670370000000009 0 0 1.0 0.9971181556195965
284 0.007105999999999835 0 0 1.0 0.9971181556195965
285 0.01016090000000025 0 0 1.0 0.9971181556195965
286 0.009159399999999707 0 0 1.0 0.9971181556195965
287 0.012400099999999803 0 0 1.0 0.9971181556195965
288 0.008539400000000086 0 0 1.0 0.9971181556195965
289 0.007724500000000134 0 0 1.0 0.9971181556195965
290 0.007561200000000046 0 0 1.0 0.9971181556195965
291 0.007160299999999786 0 0 1.0 0.9971181556195965
292 0.006576200000000032 0 0 1.0 0.9971181556195965
293 0.009767099999999918 0 0 1.0 0.9971181556195965
294 0.00988409999999984 0 0 1.0 0.9971181556195965
295 0.008303600000000078 0 0 1.0 0.9971181556195965
296 0.006156700000000015 0 0 1.0 0.9971181556195965
297 0.008339300000000271 0 0 1.0 0.9971181556195965
298 0.010142000000000095 0 0 1.0 0.9971181556195965
299 0.00858649999999983 0 0 1.0 0.9971181556195965
300 0.007192799999999888 0 0 1.0 0.9971181556195965
301 0.0074057000000000706 0 0 1.0 0.9971181556195965
302 0.008232000000000017 0 0 1.0 0.9971181556195965
303 0.007370100000000157 0 0 1.0 0.9971181556195965
304 0.008672799999999814 0 0 1.0 0.9971181556195965
305 0.006893700000000003 0 0 1.0 0.9971181556195965
306 0.006070799999999821 0 0 1.0 0.9971181556195965
307 0.007534600000000058 0 0 1.0 0.9971181556195965
308 0.007695899999999867 0 0 1.0 0.9971181556195965
309 0.008237600000000178 0 0 1.0 0.9971181556195965
310 0.006967900000000249 0 0 1.0 0.9971181556195965
311 0.007147400000000026 0 0 1.0 0.9971181556195965
312 0.0066062000000002286 0 0 1.0 0.9971181556195965
313 0.007382400000000011 0 0 1.0 0.9971181556195965
314 0.007535700000000034 0 0 1.0 0.9971181556195965
315 0.007268199999999947 0 0 1.0 0.9971181556195965
316 0.007173499999999944 0 0 1.0 0.9971181556195965
317 0.006195400000000184 0 0 1.0 0.9971181556195965
318 0.009604100000000226 0 0 1.0 0.9971181556195965
319 0.007837499999999942 0 0 1.0 0.9971181556195965
320 0.008362700000000167 0 0 1.0 0.9971181556195965
321 0.006417799999999918 0 0 1.0 0.9971181556195965
322 0.0085229 0 0 1.0 0.9971181556195965
323 0.007775500000000157 0 0 1.0 0.9971181556195965
324 0.00700920000000016 0 0 1.0 0.9971181556195965
325 0.007454599999999978 0 0 1.0 0.9971181556195965
326 0.0069157999999998054 0 0 1.0 0.9971181556195965
327 0.006139600000000023 0 0 1.0 0.9971181556195965
328 0.007387000000000032 0 0 1.0 0.9971181556195965
329 0.007348599999999816 0 0 1.0 0.9971181556195965
330 0.007000399999999907 0 0 1.0 0.9971181556195965
331 0.006865900000000202 0 1 1.0 1.0
