150 0.4 0.5
1 0.004358200000000034 1 0 0.006711409395973154 0.5016835016835017
2 0.0032451000000000008 0 0 0.006711409395973154 0.5016835016835017
3 0.003289399999999998 0 0 0.006711409395973154 0.5016835016835017
4 0.0034842999999999957 0 0 0.006711409395973154 0.5016835016835017
5 0.003384499999999957 1 0 0.013422818791946308 0.5016835016835017
6 0.0031797000000000075 0 0 0.013422818791946308 0.5016835016835017
7 0.0036367999999999956 0 0 0.013422818791946308 0.5016835016835017
8 0.0031330999999999998 1 1 0.020134228187919462 0.5050505050505051
9 0.00365679999999996 1 1 0.026845637583892617 0.5084175084175084
10 0.004014299999999971 0 1 0.026845637583892617 0.5117845117845118
11 0.0031497999999999804 0 0 0.026845637583892617 0.5117845117845118
12 0.0038204000000000016 0 0 0.026845637583892617 0.5117845117845118
13 0.003783700000000001 1 0 0.03355704697986577 0.5117845117845118
14 0.0034126000000000434 0 0 0.03355704697986577 0.5117845117845118
15 0.0034500000000000086 1 2 0.040268456375838924 0.5185185185185185
16 0.003312200000000043 1 0 0.04697986577181208 0.5185185185185185
17 0.0034273999999999694 0 0 0.04697986577181208 0.5185185185185185
18 0.003800099999999973 0 0 0.04697986577181208 0.5185185185185185
19 0.003622100000000017 0 0 0.04697986577181208 0.5185185185185185
20 0.0033142999999999923 1 1 0.053691275167785234 0.5218855218855218
21 0.003644499999999995 1 0 0.06040268456375839 0.5218855218855218
22 0.004171800000000003 0 0 0.06040268456375839 0.5218855218855218
23 0.003429799999999983 0 0 0.06040268456375839 0.5218855218855218
24 0.00406850000000003 0 0 0.06040268456375839 0.5218855218855218
25 0.003555699999999995 0 0 0.06040268456375839 0.5218855218855218
26 0.0036638999999999977 1 3 0.06711409395973154 0.531986531986532
27 0.004228799999999977 1 1 0.0738255033557047 0.5353535353535354
28 0.0034365999999999564 1 0 0.08053691275167785 0.5353535353535354
29 0.0039028000000000396 1 1 0.087248322147651 0.5387205387205387
30 0.004564400000000024 0 0 0.087248322147651 0.5387205387205387
31 0.0032039999999999846 1 0 0.09395973154362416 0.5387205387205387
32 0.003730299999999964 0 0 0.09395973154362416 0.5387205387205387
33 0.0037650000000000183 1 1 0.10067114093959731 0.5420875420875421
34 0.003451599999999999 0 0 0.10067114093959731 0.5420875420875421
35 0.0036837000000000675 0 0 0.10067114093959731 0.5420875420875421
36 0.0036903999999999826 0 1 0.10067114093959731 0.5454545454545454
37 0.0038292999999999244 0 0 0.10067114093959731 0.5454545454545454
38 0.004249399999999959 0 0 0.10067114093959731 0.5454545454545454
39 0.00335529999999995 1 0 0.10738255033557047 0.5454545454545454
40 0.0036903000000000352 0 1 0.10738255033557047 0.5488215488215489
41 0.0037679999999999936 0 0 0.10738255033557047 0.5488215488215489
42 0.004802100000000031 1 0 0.11409395973154363 0.5488215488215489
43 0.004311399999999965 1 2 0.12080536912751678 0.5555555555555556
44 0.005456800000000039 0 1 0.12080536912751678 0.5589225589225589
45 0.0035036999999999985 0 0 0.12080536912751678 0.5589225589225589
46 0.004677700000000007 1 0 0.12751677852348994 0.5589225589225589
47 0.0034741000000000355 0 1 0.12751677852348994 0.5622895622895623
48 0.00486540000000002 1 1 0.1342281879194631 0.5656565656565656
49 0.004640199999999983 0 0 0.1342281879194631 0.5656565656565656
50 0.003579600000000016 0 0 0.1342281879194631 0.5656565656565656
51 0.004115699999999944 0 0 0.1342281879194631 0.5656565656565656
52 0.003794500000000034 0 0 0.1342281879194631 0.5656565656565656
53 0.0035296000000000216 0 0 0.1342281879194631 0.5656565656565656
54 0.004263599999999923 1 1 0.14093959731543623 0.569023569023569
55 0.005040600000000062 0 0 0.14093959731543623 0.569023569023569
56 0.005660800000000021 0 0 0.14093959731543623 0.569023569023569
57 0.0034421000000000035 0 0 0.14093959731543623 0.569023569023569
58 0.003782500000000022 0 0 0.14093959731543623 0.569023569023569
59 0.00391459999999999 0 0 0.14093959731543623 0.569023569023569
60 0.004144900000000007 0 0 0.14093959731543623 0.569023569023569
61 0.004289700000000063 0 0 0.14093959731543623 0.569023569023569
62 0.0037277000000000005 1 0 0.1476510067114094 0.569023569023569
63 0.003605199999999975 1 1 0.15436241610738255 0.5723905723905723
64 0.004358799999999996 0 0 0.15436241610738255 0.5723905723905723
65 0.003395600000000054 1 1 0.1610738255033557 0.5757575757575758
66 0.004069099999999937 0 1 0.1610738255033557 0.5791245791245792
67 0.004494800000000021 1 0 0.16778523489932887 0.5791245791245792
68 0.003819000000000017 1 1 0.174496644295302 0.5824915824915825
69 0.003976700000000055 0 0 0.174496644295302 0.5824915824915825
70 0.0036887999999999366 1 0 0.18120805369127516 0.5824915824915825
71 0.003929299999999913 1 0 0.18791946308724833 0.5824915824915825
72 0.003948900000000033 0 0 0.18791946308724833 0.5824915824915825
73 0.003850200000000026 1 1 0.19463087248322147 0.5858585858585859
74 0.004121299999999994 0 0 0.19463087248322147 0.5858585858585859
75 0.004273000000000082 0 0 0.19463087248322147 0.5858585858585859
76 0.003741699999999959 1 3 0.20134228187919462 0.5959595959595959
77 0.004027299999999956 0 0 0.20134228187919462 0.5959595959595959
78 0.005367000000000011 0 0 0.20134228187919462 0.5959595959595959
79 0.003616400000000075 0 0 0.20134228187919462 0.5959595959595959
80 0.004895299999999936 1 0 0.2080536912751678 0.5959595959595959
81 0.0038778000000000423 0 0 0.2080536912751678 0.5959595959595959
82 0.0035492999999999775 0 1 0.2080536912751678 0.5993265993265994
83 0.0037922000000000233 1 0 0.21476510067114093 0.5993265993265994
84 0.003620599999999974 0 1 0.21476510067114093 0.6026936026936027
85 0.0041599999999999415 1 0 0.2214765100671141 0.6026936026936027
86 0.005073100000000053 1 0 0.22818791946308725 0.6026936026936027
87 0.004166100000000061 0 0 0.22818791946308725 0.6026936026936027
88 0.004205000000000014 0 0 0.22818791946308725 0.6026936026936027
89 0.0038098999999999217 0 0 0.22818791946308725 0.6026936026936027
90 0.004088300000000045 1 2 0.2348993288590604 0.6094276094276094
91 0.0036410000000000053 1 1 0.24161073825503357 0.6127946127946128
92 0.004408699999999932 1 1 0.2483221476510067 0.6161616161616161
93 0.003988099999999939 1 1 0.2550335570469799 0.6195286195286195
94 0.0036575000000000912 1 0 0.26174496644295303 0.6195286195286195
95 0.004111100000000034 0 1 0.26174496644295303 0.622895622895623
96 0.003700700000000001 0 1 0.26174496644295303 0.6262626262626263
97 0.004479899999999981 0 0 0.26174496644295303 0.6262626262626263
98 0.004313500000000081 0 0 0.26174496644295303 0.6262626262626263
99 0.004182700000000095 1 0 0.2684563758389262 0.6262626262626263
100 0.003855899999999912 0 0 0.2684563758389262 0.6262626262626263
101 0.0039010000000000433 1 1 0.2751677852348993 0.6296296296296297
102 0.003629499999999952 0 0 0.2751677852348993 0.6296296296296297
103 0.004862799999999945 0 2 0.2751677852348993 0.6363636363636364
104 0.0049879999999999924 0 0 0.2751677852348993 0.6363636363636364
105 0.003864599999999996 0 0 0.2751677852348993 0.6363636363636364
106 0.005742000000000025 1 0 0.28187919463087246 0.6363636363636364
107 0.005339699999999947 0 0 0.28187919463087246 0.6363636363636364
108 0.00544 0 0 0.28187919463087246 0.6363636363636364
109 0.005380999999999969 0 0 0.28187919463087246 0.6363636363636364
110 0.005384400000000067 0 0 0.28187919463087246 0.6363636363636364
111 0.0036612999999999785 1 1 0.28859060402684567 0.6397306397306397
112 0.005576099999999973 0 0 0.28859060402684567 0.6397306397306397
113 0.005302000000000029 1 0 0.2953020134228188 0.6397306397306397
114 0.004462900000000047 0 0 0.2953020134228188 0.6397306397306397
115 0.004217499999999985 0 0 0.2953020134228188 0.6397306397306397
116 0.0038962999999999637 0 0 0.2953020134228188 0.6397306397306397
117 0.0040615999999999985 1 1 0.30201342281879195 0.6430976430976431
118 0.0036548999999999054 0 0 0.30201342281879195 0.6430976430976431
119 0.004907400000000006 0 0 0.30201342281879195 0.6430976430976431
120 0.0052811000000000385 1 0 0.3087248322147651 0.6430976430976431
121 0.003920299999999988 0 1 0.3087248322147651 0.6464646464646465
122 0.004474100000000036 0 1 0.3087248322147651 0.6498316498316499
123 0.004181300000000054 1 1 0.31543624161073824 0.6531986531986532
124 0.00368119999999994 0 1 0.31543624161073824 0.6565656565656566
125 0.004005200000000042 0 0 0.31543624161073824 0.6565656565656566
126 0.004153700000000038 0 0 0.31543624161073824 0.6565656565656566
127 0.005235700000000065 0 0 0.31543624161073824 0.6565656565656566
128 0.0035949000000000675 1 0 0.3221476510067114 0.6565656565656566
129 0.0043879 1 1 0.3288590604026846 0.6599326599326599
130 0.005208199999999996 1 1 0.33557046979865773 0.6632996632996633
131 0.004633100000000057 1 1 0.3422818791946309 0.6666666666666666
132 0.004498200000000008 0 0 0.3422818791946309 0.6666666666666666
133 0.004112100000000063 1 1 0.348993288590604 0.67003367003367
134 0.003908899999999993 0 0 0.348993288590604 0.67003367003367
135 0.003752100000000036 0 0 0.348993288590604 0.67003367003367
136 0.004479100000000069 1 1 0.35570469798657717 0.6734006734006734
137 0.005060599999999971 0 1 0.35570469798657717 0.6767676767676768
138 0.0038940999999999004 0 0 0.35570469798657717 0.6767676767676768
139 0.004569500000000115 1 1 0.3624161073825503 0.6801346801346801
140 0.004089000000000009 0 0 0.3624161073825503 0.6801346801346801
141 0.0038777999999999313 1 1 0.3691275167785235 0.6835016835016835
142 0.004469999999999974 1 0 0.37583892617449666 0.6835016835016835
143 0.00408659999999994 1 2 0.3825503355704698 0.6902356902356902
144 0.004493499999999928 0 0 0.3825503355704698 0.6902356902356902
145 0.004588599999999943 1 1 0.38926174496644295 0.6936026936026936
146 0.004571400000000114 0 0 0.38926174496644295 0.6936026936026936
147 0.003794800000000098 0 0 0.38926174496644295 0.6936026936026936
148 0.004833000000000087 0 0 0.38926174496644295 0.6936026936026936
149 0.004569299999999998 0 0 0.38926174496644295 0.6936026936026936
150 0.004425299999999854 0 0 0.38926174496644295 0.6936026936026936
151 0.00543120000000008 0 0 0.38926174496644295 0.6936026936026936
152 0.006223599999999996 1 0 0.3959731543624161 0.6936026936026936
153 0.005822199999999889 1 0 0.40268456375838924 0.6936026936026936
154 0.005362499999999937 1 0 0.40939597315436244 0.6936026936026936
155 0.004502499999999854 1 0 0.4161073825503356 0.6936026936026936
156 0.005974099999999982 0 0 0.4161073825503356 0.6936026936026936
157 0.005612699999999915 1 2 0.4228187919463087 0.7003367003367004
158 0.004087500000000022 0 0 0.4228187919463087 0.7003367003367004
159 0.0060789999999999456 1 2 0.42953020134228187 0.7070707070707071
160 0.004655300000000029 0 0 0.42953020134228187 0.7070707070707071
161 0.0038720000000000976 0 0 0.42953020134228187 0.7070707070707071
162 0.004236700000000093 1 1 0.436241610738255 0.7104377104377104
163 0.0049103999999999814 0 1 0.436241610738255 0.7138047138047138
164 0.004951099999999986 1 0 0.4429530201342282 0.7138047138047138
165 0.004738200000000026 1 3 0.44966442953020136 0.7239057239057239
166 0.0038754999999999207 0 0 0.44966442953020136 0.7239057239057239
167 0.005444699999999969 0 0 0.44966442953020136 0.7239057239057239
168 0.0042480000000000295 0 0 0.44966442953020136 0.7239057239057239
169 0.0047135999999998734 0 0 0.44966442953020136 0.7239057239057239
170 0.006255699999999864 1 0 0.4563758389261745 0.7239057239057239
171 0.004941000000000084 0 0 0.4563758389261745 0.7239057239057239
172 0.005558300000000127 0 0 0.4563758389261745 0.7239057239057239
173 0.005269500000000038 1 0 0.46308724832214765 0.7239057239057239
174 0.004527500000000018 0 0 0.46308724832214765 0.7239057239057239
175 0.004374499999999948 1 1 0.4697986577181208 0.7272727272727273
176 0.004894100000000012 0 1 0.4697986577181208 0.7306397306397306
177 0.004207400000000083 0 0 0.4697986577181208 0.7306397306397306
178 0.005693799999999971 0 0 0.4697986577181208 0.7306397306397306
179 0.004116299999999962 1 0 0.47651006711409394 0.7306397306397306
180 0.005260899999999902 0 0 0.47651006711409394 0.7306397306397306
181 0.0044287999999998995 0 1 0.47651006711409394 0.734006734006734
182 0.004667900000000058 0 0 0.47651006711409394 0.734006734006734
183 0.004272899999999913 0 0 0.47651006711409394 0.734006734006734
184 0.004638099999999978 1 0 0.48322147651006714 0.734006734006734
185 0.005632800000000104 1 1 0.4899328859060403 0.7373737373737373
186 0.003956700000000035 1 1 0.4966442953020134 0.7407407407407407
187 0.004775500000000044 1 1 0.5033557046979866 0.7441077441077442
188 0.0043377 0 0 0.5033557046979866 0.7441077441077442
189 0.004561700000000002 0 1 0.5033557046979866 0.7474747474747475
190 0.00406200000000001 0 0 0.5033557046979866 0.7474747474747475
191 0.004841100000000154 1 0 0.5100671140939598 0.7474747474747475
192 0.004695499999999964 1 1 0.5167785234899329 0.7508417508417509
193 0.00419220000000009 1 0 0.5234899328859061 0.7508417508417509
194 0.004583500000000074 0 0 0.5234899328859061 0.7508417508417509
195 0.0060949999999999616 0 1 0.5234899328859061 0.7542087542087542
196 0.006510899999999875 0 0 0.5234899328859061 0.7542087542087542
197 0.0045720000000000205 1 2 0.5302013422818792 0.7609427609427609
198 0.0040831999999999535 0 1 0.5302013422818792 0.7643097643097643
199 0.004639300000000013 1 0 0.5369127516778524 0.7643097643097643
200 0.0045680000000001275 0 0 0.5369127516778524 0.7643097643097643
201 0.005575299999999839 0 0 0.5369127516778524 0.7643097643097643
202 0.00417080000000003 0 0 0.5369127516778524 0.7643097643097643
203 0.0047528000000001125 1 0 0.5436241610738255 0.7643097643097643
204 0.004376900000000017 1 0 0.5503355704697986 0.7643097643097643
205 0.004068999999999878 0 1 0.5503355704697986 0.7676767676767676
206 0.004271499999999984 1 1 0.5570469798657718 0.7710437710437711
207 0.005006599999999972 1 0 0.5637583892617449 0.7710437710437711
208 0.004943099999999978 1 1 0.5704697986577181 0.7744107744107744
209 0.004296999999999995 1 1 0.5771812080536913 0.7777777777777778
210 0.004797200000000057 0 1 0.5771812080536913 0.7811447811447811
211 0.005702900000000177 1 1 0.5838926174496645 0.7845117845117845
212 0.005447300000000155 0 1 0.5838926174496645 0.7878787878787878
213 0.004761400000000027 0 0 0.5838926174496645 0.7878787878787878
214 0.0043136000000001395 1 1 0.5906040268456376 0.7912457912457912
215 0.004506600000000027 1 1 0.5973154362416108 0.7946127946127947
216 0.0050832000000000654 1 0 0.6040268456375839 0.7946127946127947
217 0.005521800000000132 0 0 0.6040268456375839 0.7946127946127947
218 0.004393699999999834 1 0 0.610738255033557 0.7946127946127947
219 0.004785299999999992 0 0 0.610738255033557 0.7946127946127947
220 0.0045144000000001405 0 2 0.610738255033557 0.8013468013468014
221 0.004204299999999828 0 0 0.610738255033557 0.8013468013468014
222 0.004659600000000097 0 0 0.610738255033557 0.8013468013468014
223 0.005556700000000081 1 0 0.6174496644295302 0.8013468013468014
224 0.005278799999999917 0 0 0.6174496644295302 0.8013468013468014
225 0.004362500000000047 0 0 0.6174496644295302 0.8013468013468014
226 0.004648299999999939 1 1 0.6241610738255033 0.8047138047138047
227 0.006721699999999942 0 0 0.6241610738255033 0.8047138047138047
228 0.006667599999999885 0 0 0.6241610738255033 0.8047138047138047
229 0.005902899999999933 0 0 0.6241610738255033 0.8047138047138047
230 0.00427259999999996 1 1 0.6308724832214765 0.8080808080808081
231 0.004750199999999927 0 0 0.6308724832214765 0.8080808080808081
232 0.005412500000000042 0 0 0.6308724832214765 0.8080808080808081
233 0.004285400000000106 0 0 0.6308724832214765 0.8080808080808081
234 0.006460099999999969 1 1 0.6375838926174496 0.8114478114478114
235 0.004265799999999986 1 2 0.6442953020134228 0.8181818181818182
236 0.00484439999999986 0 0 0.6442953020134228 0.8181818181818182
237 0.004663499999999932 0 0 0.6442953020134228 0.8181818181818182
238 0.004920999999999953 0 0 0.6442953020134228 0.8181818181818182
239 0.00618950000000007 0 1 0.6442953020134228 0.8215488215488216
240 0.006231300000000051 0 0 0.6442953020134228 0.8215488215488216
241 0.00540699999999994 0 0 0.6442953020134228 0.8215488215488216
242 0.005984900000000071 0 0 0.6442953020134228 0.8215488215488216
243 0.005473300000000014 1 0 0.6510067114093959 0.8215488215488216
244 0.005249499999999907 1 0 0.6577181208053692 0.8215488215488216
245 0.004756399999999994 0 1 0.6577181208053692 0.8249158249158249
246 0.005908999999999942 1 0 0.6644295302013423 0.8249158249158249
247 0.004871800000000093 0 1 0.6644295302013423 0.8282828282828283
248 0.0051098999999998895 1 2 0.6711409395973155 0.835016835016835
249 0.004682100000000133 1 1 0.6778523489932886 0.8383838383838383
250 0.005026499999999823 1 0 0.6845637583892618 0.8383838383838383
251 0.004444899999999974 0 0 0.6845637583892618 0.8383838383838383
252 0.0050056000000000545 1 1 0.6912751677852349 0.8417508417508418
253 0.004752900000000171 0 0 0.6912751677852349 0.8417508417508418
254 0.004393199999999986 1 0 0.697986577181208 0.8417508417508418
255 0.005686199999999975 0 0 0.697986577181208 0.8417508417508418
256 0.0050835000000000186 1 2 0.7046979865771812 0.8484848484848485
257 0.005460499999999868 0 1 0.7046979865771812 0.8518518518518519
258 0.004814299999999827 0 0 0.7046979865771812 0.8518518518518519
259 0.0053146999999997835 0 0 0.7046979865771812 0.8518518518518519
260 0.004365200000000069 0 0 0.7046979865771812 0.8518518518518519
261 0.005119600000000002 1 0 0.7114093959731543 0.8518518518518519
262 0.006689900000000026 0 0 0.7114093959731543 0.8518518518518519
263 0.011269100000000032 1 1 0.7181208053691275 0.8552188552188552
264 0.005031900000000089 1 0 0.7248322147651006 0.8552188552188552
265 0.004620499999999916 0 0 0.7248322147651006 0.8552188552188552
266 0.005194200000000038 1 1 0.7315436241610739 0.8585858585858586
267 0.00472500000000009 0 1 0.7315436241610739 0.8619528619528619
268 0.004804999999999948 0 0 0.7315436241610739 0.8619528619528619
269 0.005611000000000033 1 2 0.738255033557047 0.8686868686868687
270 0.005089999999999817 1 1 0.7449664429530202 0.8720538720538721
271 0.00496170000000018 1 0 0.7516778523489933 0.8720538720538721
272 0.004697300000000126 0 0 0.7516778523489933 0.8720538720538721
273 0.005270899999999967 0 0 0.7516778523489933 0.8720538720538721
274 0.004466900000000162 0 0 0.7516778523489933 0.8720538720538721
275 0.005720699999999912 0 0 0.7516778523489933 0.8720538720538721
276 0.004577000000000053 1 0 0.7583892617449665 0.8720538720538721
277 0.005134300000000147 0 0 0.7583892617449665 0.8720538720538721
278 0.0066465 0 1 0.7583892617449665 0.8754208754208754
279 0.006802299999999928 1 0 0.7651006711409396 0.8754208754208754
280 0.007001900000000116 0 0 0.7651006711409396 0.8754208754208754
281 0.005645200000000017 0 0 0.7651006711409396 0.8754208754208754
282 0.004891600000000107 1 0 0.7718120805369127 0.8754208754208754
283 0.0059826999999998964 0 1 0.7718120805369127 0.8787878787878788
284 0.005385599999999879 0 0 0.7718120805369127 0.8787878787878788
285 0.005078499999999986 1 1 0.7785234899328859 0.8821548821548821
286 0.004822300000000057 1 1 0.785234899328859 0.8855218855218855
287 0.005123199999999883 0 0 0.785234899328859 0.8855218855218855
288 0.00483469999999997 0 0 0.785234899328859 0.8855218855218855
289 0.007517800000000019 1 0 0.7919463087248322 0.8855218855218855
290 0.005056799999999972 1 1 0.7986577181208053 0.8888888888888888
291 0.005071400000000059 1 0 0.8053691275167785 0.8888888888888888
292 0.004660499999999956 1 1 0.8120805369127517 0.8922558922558923
293 0.005461300000000113 0 0 0.8120805369127517 0.8922558922558923
294 0.0054011000000000475 0 1 0.8120805369127517 0.8956228956228957
295 0.0056210999999999345 0 0 0.8120805369127517 0.8956228956228957
296 0.004755599999999971 1 0 0.8187919463087249 0.8956228956228957
297 0.00497560000000008 0 3 0.8187919463087249 0.9057239057239057
298 0.0055115000000001135 0 0 0.8187919463087249 0.9057239057239057
299 0.005878999999999968 0 1 0.8187919463087249 0.9090909090909091
300 0.00499420000000006 0 0 0.8187919463087249 0.9090909090909091
301 0.004829299999999925 0 0 0.8187919463087249 0.9090909090909091
302 0.004537400000000025 0 0 0.8187919463087249 0.9090909090909091
303 0.006775599999999882 0 0 0.8187919463087249 0.9090909090909091
304 0.007249199999999956 1 0 0.825503355704698 0.9090909090909091
305 0.00565199999999999 0 0 0.825503355704698 0.9090909090909091
306 0.004752500000000159 1 1 0.8322147651006712 0.9124579124579124
307 0.00505880000000003 0 0 0.8322147651006712 0.9124579124579124
308 0.004921399999999965 0 0 0.8322147651006712 0.9124579124579124
309 0.0051954999999999085 0 0 0.8322147651006712 0.9124579124579124
310 0.004940200000000061 1 1 0.8389261744966443 0.9158249158249159
311 0.005132700000000101 0 0 0.8389261744966443 0.9158249158249159
312 0.005786199999999964 1 0 0.8456375838926175 0.9158249158249159
313 0.0055827000000001625 0 0 0.8456375838926175 0.9158249158249159
314 0.005274000000000001 1 1 0.8523489932885906 0.9191919191919192
315 0.004538600000000059 0 0 0.8523489932885906 0.9191919191919192
316 0.0053914999999999935 1 0 0.8590604026845637 0.9191919191919192
317 0.0052459000000000255 0 2 0.8590604026845637 0.9259259259259259
318 0.00574679999999983 0 0 0.8590604026845637 0.9259259259259259
319 0.005149499999999918 1 1 0.8657718120805369 0.9292929292929293
320 0.005750200000000039 0 0 0.8657718120805369 0.9292929292929293
321 0.0045863999999999905 0 0 0.8657718120805369 0.9292929292929293
322 0.005104900000000079 0 1 0.8657718120805369 0.9326599326599326
323 0.005678999999999768 0 0 0.8657718120805369 0.9326599326599326
324 0.006419300000000128 1 1 0.87248322147651 0.936026936026936
325 0.0073136999999996455 1 0 0.8791946308724832 0.936026936026936
326 0.006065700000000174 0 0 0.8791946308724832 0.936026936026936
327 0.0054006000000002 0 0 0.8791946308724832 0.936026936026936
328 0.0054656000000004035 0 0 0.8791946308724832 0.936026936026936
329 0.004571600000000231 0 1 0.8791946308724832 0.9393939393939394
330 0.005220500000000072 0 0 0.8791946308724832 0.9393939393939394
331 0.005499300000000318 0 0 0.8791946308724832 0.9393939393939394
332 0.007083100000000009 0 0 0.8791946308724832 0.9393939393939394
333 0.005897299999999994 0 0 0.8791946308724832 0.9393939393939394
334 0.004960100000000356 0 0 0.8791946308724832 0.9393939393939394
335 0.004990799999999851 0 0 0.8791946308724832 0.9393939393939394
336 0.006399899999999903 0 0 0.8791946308724832 0.9393939393939394
337 0.007402300000000306 0 0 0.8791946308724832 0.9393939393939394
338 0.007372399999999946 0 0 0.8791946308724832 0.9393939393939394
339 0.006664699999999968 1 0 0.8859060402684564 0.9393939393939394
340 0.005802800000000108 0 1 0.8859060402684564 0.9427609427609428
341 0.00556660000000031 0 0 0.8859060402684564 0.9427609427609428
342 0.005145399999999967 0 0 0.8859060402684564 0.9427609427609428
343 0.0050984000000000584 1 1 0.8926174496644296 0.9461279461279462
344 0.005508499999999916 1 0 0.8993288590604027 0.9461279461279462
345 0.006245200000000395 0 0 0.8993288590604027 0.9461279461279462
346 0.00554319999999997 1 0 0.9060402684563759 0.9461279461279462
347 0.005332199999999787 0 0 0.9060402684563759 0.9461279461279462
348 0.005061100000000263 1 1 0.912751677852349 0.9494949494949495
349 0.004857599999999795 0 0 0.912751677852349 0.9494949494949495
350 0.005523100000000003 0 1 0.912751677852349 0.9528619528619529
351 0.005366399999999771 0 0 0.912751677852349 0.9528619528619529
352 0.005394499999999969 1 1 0.9194630872483222 0.9562289562289562
353 0.006607100000000088 1 1 0.9261744966442953 0.9595959595959596
354 0.005536399999999997 1 2 0.9328859060402684 0.9663299663299664
355 0.0055619000000000085 1 1 0.9395973154362416 0.9696969696969697
356 0.004909500000000122 1 1 0.9463087248322147 0.9730639730639731
357 0.0050987000000000116 1 1 0.9530201342281879 0.9764309764309764
358 0.00579760000000018 0 0 0.9530201342281879 0.9764309764309764
359 0.005812600000000057 0 0 0.9530201342281879 0.9764309764309764
360 0.0057259000000002835 0 0 0.9530201342281879 0.9764309764309764
361 0.005306000000000033 0 0 0.9530201342281879 0.9764309764309764
362 0.004728199999999738 0 0 0.9530201342281879 0.9764309764309764
363 0.005142900000000061 0 0 0.9530201342281879 0.9764309764309764
364 0.005924199999999935 0 0 0.9530201342281879 0.9764309764309764
365 0.005896400000000135 0 0 0.9530201342281879 0.9764309764309764
366 0.005890900000000254 0 0 0.9530201342281879 0.9764309764309764
367 0.006627400000000172 0 0 0.9530201342281879 0.9764309764309764
368 0.006643599999999861 1 0 0.959731543624161 0.9764309764309764
369 0.00560119999999964 0 0 0.959731543624161 0.9764309764309764
370 0.005514100000000077 1 0 0.9664429530201343 0.9764309764309764
371 0.005167800000000167 0 0 0.9664429530201343 0.9764309764309764
372 0.006389299999999931 1 3 0.9731543624161074 0.9865319865319865
373 0.005139100000000063 0 0 0.9731543624161074 0.9865319865319865
374 0.005572200000000027 1 0 0.9798657718120806 0.9865319865319865
375 0.005393399999999993 0 1 0.9798657718120806 0.98989898989899
376 0.005431399999999975 1 1 0.9865771812080537 0.9932659932659933
377 0.006551399999999763 1 1 0.9932885906040269 0.9966329966329966
378 0.007016999999999829 1 0 1.0 0.9966329966329966
379 0.007612300000000349 0 1 1.0 1.0
