200 0.6 0.2
1 0.004267899999999991 1 0 0.005025125628140704 0.5012594458438288
2 0.004375100000000021 1 0 0.010050251256281407 0.5012594458438288
3 0.004881599999999986 1 1 0.01507537688442211 0.5037783375314862
4 0.00428419999999996 1 0 0.020100502512562814 0.5037783375314862
5 0.0042296 1 1 0.02512562814070352 0.5062972292191436
6 0.004361100000000007 1 0 0.03015075376884422 0.5062972292191436
7 0.004256299999999991 1 0 0.035175879396984924 0.5062972292191436
8 0.004281600000000052 0 0 0.035175879396984924 0.5062972292191436
9 0.004104900000000022 0 2 0.035175879396984924 0.5113350125944585
10 0.004126099999999966 0 0 0.035175879396984924 0.5113350125944585
11 0.004107099999999919 0 1 0.035175879396984924 0.5138539042821159
12 0.004437000000000024 1 1 0.04020100502512563 0.5163727959697733
13 0.004273799999999994 1 1 0.04522613065326633 0.5188916876574308
14 0.004425899999999983 0 0 0.04522613065326633 0.5188916876574308
15 0.00437809999999994 0 1 0.04522613065326633 0.5214105793450882
16 0.0042560000000000375 0 0 0.04522613065326633 0.5214105793450882
17 0.004259499999999972 0 0 0.04522613065326633 0.5214105793450882
18 0.004322999999999966 0 0 0.04522613065326633 0.5214105793450882
19 0.0045319999999999805 0 0 0.04522613065326633 0.5214105793450882
20 0.004529399999999906 1 0 0.05025125628140704 0.5214105793450882
21 0.005897000000000041 1 0 0.05527638190954774 0.5214105793450882
22 0.006008499999999972 0 0 0.05527638190954774 0.5214105793450882
23 0.006004000000000009 1 0 0.06030150753768844 0.5214105793450882
24 0.006030900000000061 0 0 0.06030150753768844 0.5214105793450882
25 0.006063000000000041 0 2 0.06030150753768844 0.5264483627204031
26 0.005578799999999995 0 0 0.06030150753768844 0.5264483627204031
27 0.006060100000000013 0 0 0.06030150753768844 0.5264483627204031
28 0.006069400000000003 1 1 0.06532663316582915 0.5289672544080605
29 0.006075400000000064 1 1 0.07035175879396985 0.5314861460957179
30 0.00587609999999994 0 0 0.07035175879396985 0.5314861460957179
31 0.0059706999999999955 0 0 0.07035175879396985 0.5314861460957179
32 0.006047299999999978 1 0 0.07537688442211055 0.5314861460957179
33 0.006091199999999963 1 0 0.08040201005025126 0.5314861460957179
34 0.004317799999999927 0 0 0.08040201005025126 0.5314861460957179
35 0.004721000000000086 1 0 0.08542713567839195 0.5314861460957179
36 0.004133999999999971 1 0 0.09045226130653267 0.5314861460957179
37 0.004483000000000015 1 1 0.09547738693467336 0.5340050377833753
38 0.0045903999999999945 1 0 0.10050251256281408 0.5340050377833753
39 0.004576299999999978 1 1 0.10552763819095477 0.5365239294710328
40 0.004657899999999993 1 0 0.11055276381909548 0.5365239294710328
41 0.004600200000000054 0 1 0.11055276381909548 0.5390428211586902
42 0.004621100000000045 0 0 0.11055276381909548 0.5390428211586902
43 0.004668899999999976 1 0 0.11557788944723618 0.5390428211586902
44 0.004638900000000001 0 1 0.11557788944723618 0.5415617128463476
45 0.004639300000000013 0 0 0.11557788944723618 0.5415617128463476
46 0.0046847999999999335 0 2 0.11557788944723618 0.5465994962216625
47 0.004257500000000025 0 0 0.11557788944723618 0.5465994962216625
48 0.004202099999999986 0 0 0.11557788944723618 0.5465994962216625
49 0.004770700000000017 1 1 0.12060301507537688 0.5491183879093199
50 0.0042875 1 1 0.12562814070351758 0.5516372795969773
51 0.004308199999999984 1 0 0.1306532663316583 0.5516372795969773
52 0.004243899999999967 1 2 0.135678391959799 0.5566750629722922
53 0.004388399999999959 1 1 0.1407035175879397 0.5591939546599496
54 0.00432279999999996 1 1 0.1457286432160804 0.5617128463476071
55 0.00482209999999994 0 0 0.1457286432160804 0.5617128463476071
56 0.004396099999999903 1 2 0.1507537688442211 0.5667506297229219
57 0.00453020000000004 1 1 0.15577889447236182 0.5692695214105793
58 0.0043592000000000075 1 1 0.16080402010050251 0.5717884130982368
59 0.004336600000000024 1 0 0.1658291457286432 0.5717884130982368
60 0.004443500000000045 1 0 0.1708542713567839 0.5717884130982368
61 0.004436700000000071 0 0 0.1708542713567839 0.5717884130982368
62 0.0061955000000000204 1 0 0.17587939698492464 0.5717884130982368
63 0.006561200000000045 0 1 0.17587939698492464 0.5743073047858942
64 0.004657299999999975 1 1 0.18090452261306533 0.5768261964735516
65 0.004572400000000032 0 2 0.18090452261306533 0.5818639798488665
66 0.004649299999999967 1 0 0.18592964824120603 0.5818639798488665
67 0.004418299999999986 0 0 0.18592964824120603 0.5818639798488665
68 0.004951799999999951 0 1 0.18592964824120603 0.5843828715365239
69 0.004478199999999988 0 0 0.18592964824120603 0.5843828715365239
70 0.004419900000000032 1 0 0.19095477386934673 0.5843828715365239
71 0.0049736000000000224 1 1 0.19597989949748743 0.5869017632241813
72 0.004563299999999937 0 1 0.19597989949748743 0.5894206549118388
73 0.0047447999999999935 0 0 0.19597989949748743 0.5894206549118388
74 0.004493199999999975 0 1 0.19597989949748743 0.5919395465994962
75 0.004620999999999986 1 1 0.20100502512562815 0.5944584382871536
76 0.0049991999999999814 0 0 0.20100502512562815 0.5944584382871536
77 0.004861000000000004 1 0 0.20603015075376885 0.5944584382871536
78 0.005066500000000085 1 1 0.21105527638190955 0.5969773299748111
79 0.004832300000000012 0 0 0.21105527638190955 0.5969773299748111
80 0.004691100000000059 1 1 0.21608040201005024 0.5994962216624685
81 0.004903600000000008 1 0 0.22110552763819097 0.5994962216624685
82 0.00501370000000001 1 1 0.22613065326633167 0.6020151133501259
83 0.004839499999999997 1 1 0.23115577889447236 0.6045340050377834
84 0.004963399999999951 0 1 0.23115577889447236 0.6070528967254408
85 0.004864599999999997 1 0 0.23618090452261306 0.6070528967254408
86 0.004766200000000054 0 0 0.23618090452261306 0.6070528967254408
87 0.00495000000000001 1 1 0.24120603015075376 0.6095717884130982
88 0.004777699999999996 1 0 0.24623115577889448 0.6095717884130982
89 0.004850199999999916 1 1 0.25125628140703515 0.6120906801007556
90 0.005028900000000114 0 1 0.25125628140703515 0.6146095717884131
91 0.0050162999999998625 1 2 0.2562814070351759 0.6196473551637279
92 0.004721500000000045 1 0 0.2613065326633166 0.6196473551637279
93 0.004684400000000144 1 0 0.2663316582914573 0.6196473551637279
94 0.005208199999999996 0 1 0.2663316582914573 0.6221662468513854
95 0.005136100000000088 0 2 0.2663316582914573 0.6272040302267002
96 0.005039100000000074 1 1 0.271356783919598 0.6297229219143576
97 0.004837299999999933 0 0 0.271356783919598 0.6297229219143576
98 0.004934800000000017 1 1 0.27638190954773867 0.6322418136020151
99 0.005163699999999993 1 0 0.2814070351758794 0.6322418136020151
100 0.0047184000000000115 1 1 0.2864321608040201 0.6347607052896725
101 0.004797200000000057 0 0 0.2864321608040201 0.6347607052896725
102 0.0046623999999999555 0 1 0.2864321608040201 0.6372795969773299
103 0.005195800000000084 0 0 0.2864321608040201 0.6372795969773299
104 0.004815100000000072 1 1 0.2914572864321608 0.6397984886649875
105 0.004678599999999866 1 0 0.2964824120603015 0.6397984886649875
106 0.004707799999999818 1 0 0.3015075376884422 0.6397984886649875
107 0.0047208000000000805 0 0 0.3015075376884422 0.6397984886649875
108 0.004762299999999886 1 1 0.3065326633165829 0.6423173803526449
109 0.004611399999999932 0 0 0.3065326633165829 0.6423173803526449
110 0.005296999999999885 0 2 0.3065326633165829 0.6473551637279596
111 0.005304999999999893 0 0 0.3065326633165829 0.6473551637279596
112 0.008601700000000045 0 0 0.3065326633165829 0.6473551637279596
113 0.004823399999999811 0 0 0.3065326633165829 0.6473551637279596
114 0.004978300000000102 1 0 0.31155778894472363 0.6473551637279596
115 0.0049600000000000755 0 1 0.31155778894472363 0.6498740554156172
116 0.005137399999999959 1 0 0.3165829145728643 0.6498740554156172
117 0.0052256000000001634 0 1 0.3165829145728643 0.6523929471032746
118 0.0052274999999999405 1 0 0.32160804020100503 0.6523929471032746
119 0.00482999999999989 1 1 0.32663316582914576 0.654911838790932
120 0.004721399999999987 1 0 0.3316582914572864 0.654911838790932
121 0.00536279999999989 0 2 0.3316582914572864 0.6599496221662469
122 0.004820700000000011 0 0 0.3316582914572864 0.6599496221662469
123 0.005309599999999914 1 2 0.33668341708542715 0.6649874055415617
124 0.00518900000000011 0 0 0.33668341708542715 0.6649874055415617
125 0.004874599999999951 0 0 0.33668341708542715 0.6649874055415617
126 0.004943999999999837 0 0 0.33668341708542715 0.6649874055415617
127 0.0051931000000000616 1 1 0.3417085427135678 0.6675062972292192
128 0.004886900000000027 0 0 0.3417085427135678 0.6675062972292192
129 0.004764400000000002 0 0 0.3417085427135678 0.6675062972292192
130 0.005186000000000135 0 0 0.3417085427135678 0.6675062972292192
131 0.004763000000000073 0 0 0.3417085427135678 0.6675062972292192
132 0.0048040000000000305 0 0 0.3417085427135678 0.6675062972292192
133 0.004794900000000046 0 0 0.3417085427135678 0.6675062972292192
134 0.005282299999999962 1 1 0.34673366834170855 0.6700251889168766
135 0.004780599999999913 0 0 0.34673366834170855 0.6700251889168766
136 0.004831900000000111 1 0 0.35175879396984927 0.6700251889168766
137 0.005010500000000029 1 1 0.35678391959798994 0.672544080604534
138 0.004798900000000161 1 1 0.36180904522613067 0.6750629722921915
139 0.005444000000000004 1 2 0.36683417085427134 0.6801007556675063
140 0.00549669999999991 1 0 0.37185929648241206 0.6801007556675063
141 0.005311999999999983 1 0 0.3768844221105528 0.6801007556675063
142 0.004965200000000003 0 0 0.3768844221105528 0.6801007556675063
143 0.005137200000000064 1 0 0.38190954773869346 0.6801007556675063
144 0.005276899999999918 1 1 0.3869346733668342 0.6826196473551638
145 0.005054100000000172 0 0 0.3869346733668342 0.6826196473551638
146 0.004944300000000013 0 0 0.3869346733668342 0.6826196473551638
147 0.005121700000000118 1 0 0.39195979899497485 0.6826196473551638
148 0.00545770000000001 1 3 0.3969849246231156 0.690176322418136
149 0.005514100000000077 1 0 0.4020100502512563 0.690176322418136
150 0.0055218999999999685 1 0 0.40703517587939697 0.690176322418136
151 0.004961900000000075 0 0 0.40703517587939697 0.690176322418136
152 0.005407600000000068 0 0 0.40703517587939697 0.690176322418136
153 0.005234399999999972 1 0 0.4120603015075377 0.690176322418136
154 0.005020100000000083 1 0 0.41708542713567837 0.690176322418136
155 0.0049848000000001225 0 0 0.41708542713567837 0.690176322418136
156 0.005101700000000209 0 1 0.41708542713567837 0.6926952141057935
157 0.00519589999999992 1 0 0.4221105527638191 0.6926952141057935
158 0.005427400000000082 1 1 0.4271356783919598 0.6952141057934509
159 0.0054498999999998965 1 1 0.4321608040201005 0.6977329974811083
160 0.005413600000000018 1 0 0.4371859296482412 0.6977329974811083
161 0.005030099999999926 1 0 0.44221105527638194 0.6977329974811083
162 0.005443099999999923 1 0 0.4472361809045226 0.6977329974811083
163 0.005394499999999969 0 1 0.4472361809045226 0.7002518891687658
164 0.005284999999999984 0 1 0.4472361809045226 0.7027707808564232
165 0.004969199999999896 1 0 0.45226130653266333 0.7027707808564232
166 0.005048500000000011 1 3 0.457286432160804 0.7103274559193955
167 0.005003699999999833 1 0 0.4623115577889447 0.7103274559193955
168 0.004896299999999965 1 1 0.46733668341708545 0.7128463476070529
169 0.005626300000000084 0 1 0.46733668341708545 0.7153652392947103
170 0.004897099999999988 1 0 0.4723618090452261 0.7153652392947103
171 0.0051859000000000766 0 2 0.4723618090452261 0.7204030226700252
172 0.005073499999999953 1 3 0.47738693467336685 0.7279596977329975
173 0.006438400000000177 0 2 0.47738693467336685 0.7329974811083123
174 0.005202799999999952 1 1 0.4824120603015075 0.7355163727959698
175 0.005023999999999917 0 0 0.4824120603015075 0.7355163727959698
176 0.005041499999999921 0 0 0.4824120603015075 0.7355163727959698
177 0.005070600000000036 0 0 0.4824120603015075 0.7355163727959698
178 0.005142199999999875 1 0 0.48743718592964824 0.7355163727959698
179 0.005453599999999836 0 0 0.48743718592964824 0.7355163727959698
180 0.005096700000000176 0 0 0.48743718592964824 0.7355163727959698
181 0.005280699999999916 1 1 0.49246231155778897 0.7380352644836272
182 0.005094900000000013 0 0 0.49246231155778897 0.7380352644836272
183 0.005115299999999934 0 0 0.49246231155778897 0.7380352644836272
184 0.0052067000000000085 1 2 0.49748743718592964 0.743073047858942
185 0.0070488999999998025 0 0 0.49748743718592964 0.743073047858942
186 0.005612600000000079 1 0 0.5025125628140703 0.743073047858942
187 0.005155400000000032 1 1 0.507537688442211 0.7455919395465995
188 0.005079100000000114 0 0 0.507537688442211 0.7455919395465995
189 0.005232999999999821 0 0 0.507537688442211 0.7455919395465995
190 0.005794100000000135 0 1 0.507537688442211 0.7481108312342569
191 0.00501879999999999 1 0 0.5125628140703518 0.7481108312342569
192 0.005308699999999833 1 1 0.5175879396984925 0.7506297229219143
193 0.005752999999999897 0 1 0.5175879396984925 0.7531486146095718
194 0.00537080000000012 1 0 0.5226130653266332 0.7531486146095718
195 0.005304399999999987 0 0 0.5226130653266332 0.7531486146095718
196 0.005394499999999969 1 0 0.5276381909547738 0.7531486146095718
197 0.005534299999999881 1 0 0.5326633165829145 0.7531486146095718
198 0.005737699999999846 1 0 0.5376884422110553 0.7531486146095718
199 0.005769499999999983 0 1 0.5376884422110553 0.7556675062972292
200 0.005821700000000041 1 1 0.542713567839196 0.7581863979848866
201 0.005342299999999911 1 0 0.5477386934673367 0.7581863979848866
202 0.0053970999999999325 1 2 0.5527638190954773 0.7632241813602015
203 0.005862000000000034 1 1 0.5577889447236181 0.7657430730478589
204 0.005554999999999977 1 2 0.5628140703517588 0.7707808564231738
205 0.005694599999999994 1 1 0.5678391959798995 0.7732997481108312
206 0.005410799999999938 1 1 0.5728643216080402 0.7758186397984886
207 0.005536500000000055 1 3 0.5778894472361809 0.783375314861461
208 0.006108400000000014 1 1 0.5829145728643216 0.7858942065491183
209 0.005864199999999986 0 0 0.5829145728643216 0.7858942065491183
210 0.00532240000000006 0 0 0.5829145728643216 0.7858942065491183
211 0.00587060000000017 1 0 0.5879396984924623 0.7858942065491183
212 0.005796899999999994 0 0 0.5879396984924623 0.7858942065491183
213 0.005805700000000025 0 0 0.5879396984924623 0.7858942065491183
214 0.005500999999999978 0 0 0.5879396984924623 0.7858942065491183
215 0.006015299999999835 1 0 0.592964824120603 0.7858942065491183
216 0.005978800000000062 1 1 0.5979899497487438 0.7884130982367759
217 0.005469699999999911 0 1 0.5979899497487438 0.7909319899244333
218 0.005550299999999897 0 0 0.5979899497487438 0.7909319899244333
219 0.005690600000000101 1 2 0.6030150753768844 0.7959697732997482
220 0.005466999999999889 1 0 0.6080402010050251 0.7959697732997482
221 0.005514099999999855 1 0 0.6130653266331658 0.7959697732997482
222 0.005487199999999914 0 0 0.6130653266331658 0.7959697732997482
223 0.006044799999999961 1 3 0.6180904522613065 0.8035264483627204
224 0.0059282999999998864 1 1 0.6231155778894473 0.8060453400503779
225 0.005872199999999994 1 0 0.628140703517588 0.8060453400503779
226 0.005655299999999919 1 0 0.6331658291457286 0.8060453400503779
227 0.006019400000000008 0 2 0.6331658291457286 0.8110831234256927
228 0.005483899999999986 1 0 0.6381909547738693 0.8110831234256927
229 0.005999800000000111 1 0 0.6432160804020101 0.8110831234256927
230 0.005672500000000191 1 1 0.6482412060301508 0.8136020151133502
231 0.005566900000000041 1 1 0.6532663316582915 0.8161209068010076
232 0.005969300000000066 1 0 0.6582914572864321 0.8161209068010076
233 0.006153999999999993 1 1 0.6633165829145728 0.818639798488665
234 0.005648199999999992 0 0 0.6633165829145728 0.818639798488665
235 0.00574959999999991 0 2 0.6633165829145728 0.8236775818639799
236 0.005959399999999837 1 2 0.6683417085427136 0.8287153652392947
237 0.00545820000000008 1 0 0.6733668341708543 0.8287153652392947
238 0.005462900000000159 1 0 0.678391959798995 0.8287153652392947
239 0.005434400000000172 1 0 0.6834170854271356 0.8287153652392947
240 0.005793700000000124 1 1 0.6884422110552764 0.8312342569269522
241 0.007207399999999975 1 1 0.6934673366834171 0.8337531486146096
242 0.0058914999999999385 0 2 0.6934673366834171 0.8387909319899244
243 0.006021300000000007 0 1 0.6934673366834171 0.8413098236775819
244 0.005899100000000157 1 0 0.6984924623115578 0.8413098236775819
245 0.005802799999999886 1 1 0.7035175879396985 0.8438287153652393
246 0.00578040000000013 1 1 0.7085427135678392 0.8463476070528967
247 0.006224999999999925 0 0 0.7085427135678392 0.8463476070528967
248 0.006192799999999998 0 0 0.7085427135678392 0.8463476070528967
249 0.005556499999999964 0 1 0.7085427135678392 0.8488664987405542
250 0.006226800000000088 1 0 0.7135678391959799 0.8488664987405542
251 0.006000400000000017 1 0 0.7185929648241206 0.8488664987405542
252 0.005611000000000033 0 0 0.7185929648241206 0.8488664987405542
253 0.00564969999999998 1 1 0.7236180904522613 0.8513853904282116
254 0.005726899999999979 1 0 0.7286432160804021 0.8513853904282116
255 0.005544800000000016 0 0 0.7286432160804021 0.8513853904282116
256 0.00562689999999999 1 1 0.7336683417085427 0.853904282115869
257 0.009731600000000062 1 3 0.7386934673366834 0.8614609571788413
258 0.005881299999999978 1 0 0.7437185929648241 0.8614609571788413
259 0.005846999999999936 0 0 0.7437185929648241 0.8614609571788413
260 0.00593620000000028 1 1 0.7487437185929648 0.8639798488664987
261 0.005667300000000264 1 1 0.7537688442211056 0.8664987405541562
262 0.005801299999999898 1 1 0.7587939698492462 0.8690176322418136
263 0.005784400000000023 1 1 0.7638190954773869 0.871536523929471
264 0.006245799999999857 1 1 0.7688442211055276 0.8740554156171285
265 0.005980800000000119 1 1 0.7738693467336684 0.8765743073047859
266 0.00563009999999986 0 0 0.7738693467336684 0.8765743073047859
267 0.0057955000000000645 1 0 0.7788944723618091 0.8765743073047859
268 0.005935800000000047 1 1 0.7839195979899497 0.8790931989924433
269 0.005768799999999796 0 0 0.7839195979899497 0.8790931989924433
270 0.006004499999999968 1 1 0.7889447236180904 0.8816120906801007
271 0.0058058999999999195 1 1 0.7939698492462312 0.8841309823677582
272 0.005933299999999697 0 2 0.7939698492462312 0.889168765743073
273 0.006133500000000236 0 1 0.7939698492462312 0.8916876574307305
274 0.005764500000000172 0 0 0.7939698492462312 0.8916876574307305
275 0.005899100000000157 1 0 0.7989949748743719 0.8916876574307305
276 0.005714000000000219 1 1 0.8040201005025126 0.8942065491183879
277 0.005801700000000132 1 0 0.8090452261306532 0.8942065491183879
278 0.005924000000000262 0 0 0.8090452261306532 0.8942065491183879
279 0.005873199999999912 1 0 0.8140703517587939 0.8942065491183879
280 0.005868099999999821 1 1 0.8190954773869347 0.8967254408060453
281 0.0059123000000003145 1 2 0.8241206030150754 0.9017632241813602
282 0.005842499999999973 0 0 0.8241206030150754 0.9017632241813602
283 0.006053700000000273 1 0 0.8291457286432161 0.9017632241813602
284 0.006275599999999937 0 2 0.8291457286432161 0.906801007556675
285 0.005892600000000137 1 1 0.8341708542713567 0.9093198992443325
286 0.006187900000000024 0 0 0.8341708542713567 0.9093198992443325
287 0.005920000000000147 1 1 0.8391959798994975 0.9118387909319899
288 0.005754399999999826 1 0 0.8442211055276382 0.9118387909319899
289 0.0058042999999998734 0 0 0.8442211055276382 0.9118387909319899
290 0.005925199999999631 1 0 0.8492462311557789 0.9118387909319899
291 0.005900599999999923 1 1 0.8542713567839196 0.9143576826196473
292 0.005843900000000346 1 1 0.8592964824120602 0.9168765743073047
293 0.005875100000000355 1 0 0.864321608040201 0.9168765743073047
294 0.005863300000000127 0 0 0.864321608040201 0.9168765743073047
295 0.005862400000000267 1 2 0.8693467336683417 0.9219143576826196
296 0.005805200000000177 0 0 0.8693467336683417 0.9219143576826196
297 0.005972100000000147 1 0 0.8743718592964824 0.9219143576826196
298 0.0058370999999999285 1 0 0.8793969849246231 0.9219143576826196
299 0.005935899999999883 0 0 0.8793969849246231 0.9219143576826196
300 0.005990500000000232 1 2 0.8844221105527639 0.9269521410579346
301 0.005950399999999689 1 1 0.8894472361809045 0.929471032745592
302 0.005903199999999664 1 0 0.8944723618090452 0.929471032745592
303 0.006383499999999653 1 1 0.8994974874371859 0.9319899244332494
304 0.005951599999999946 0 0 0.8994974874371859 0.9319899244332494
305 0.005938899999999858 1 1 0.9045226130653267 0.9345088161209067
306 0.00600770000000006 0 0 0.9045226130653267 0.9345088161209067
307 0.006131499999999956 1 2 0.9095477386934674 0.9395465994962217
308 0.006034699999999837 0 0 0.9095477386934674 0.9395465994962217
309 0.006658499999999901 1 3 0.914572864321608 0.947103274559194
310 0.005919599999999914 0 0 0.914572864321608 0.947103274559194
311 0.006760400000000111 1 1 0.9195979899497487 0.9496221662468514
312 0.00616170000000027 1 1 0.9246231155778895 0.9521410579345088
313 0.006135300000000399 1 1 0.9296482412060302 0.9546599496221663
314 0.006046900000000299 0 1 0.9296482412060302 0.9571788413098237
315 0.006003900000000062 1 0 0.9346733668341709 0.9571788413098237
316 0.006089899999999648 0 0 0.9346733668341709 0.9571788413098237
317 0.006172600000000195 0 2 0.9346733668341709 0.9622166246851386
318 0.006254399999999993 0 1 0.9346733668341709 0.964735516372796
319 0.0060427000000000675 0 0 0.9346733668341709 0.964735516372796
320 0.006052500000000016 1 2 0.9396984924623115 0.9697732997481109
321 0.0060378999999999294 0 0 0.9396984924623115 0.9697732997481109
322 0.006321499999999869 1 0 0.9447236180904522 0.9697732997481109
323 0.006112100000000176 0 1 0.9447236180904522 0.9722921914357683
324 0.00611700000000015 1 0 0.949748743718593 0.9722921914357683
325 0.006404900000000158 1 0 0.9547738693467337 0.9722921914357683
326 0.006200999999999901 0 1 0.9547738693467337 0.9748110831234257
327 0.006783400000000217 0 0 0.9547738693467337 0.9748110831234257
328 0.006113299999999988 1 0 0.9597989949748744 0.9748110831234257
329 0.0061302999999997 1 0 0.964824120603015 0.9748110831234257
330 0.006092699999999951 0 1 0.964824120603015 0.9773299748110831
331 0.006118100000000126 1 1 0.9698492462311558 0.9798488664987406
332 0.006744799999999884 1 1 0.9748743718592965 0.982367758186398
333 0.006198100000000206 1 1 0.9798994974874372 0.9848866498740554
334 0.006085500000000188 1 1 0.9849246231155779 0.9874055415617129
335 0.006154800000000016 0 0 0.9849246231155779 0.9874055415617129
336 0.006235499999999838 1 1 0.9899497487437185 0.9899244332493703
337 0.006324799999999797 1 0 0.9949748743718593 0.9899244332493703
338 0.006251699999999971 1 0 1.0 0.9899244332493703
339 0.0069477999999998374 0 0 1.0 0.9899244332493703
340 0.0062347000000002595 0 1 1.0 0.9924433249370277
341 0.006250599999999995 0 1 1.0 0.9949622166246851
342 0.006256000000000039 0 0 1.0 0.9949622166246851
343 0.006321199999999916 0 0 1.0 0.9949622166246851
344 0.006203499999999806 0 0 1.0 0.9949622166246851
345 0.006778699999999915 0 0 1.0 0.9949622166246851
346 0.006150500000000392 0 0 1.0 0.9949622166246851
347 0.006157200000000085 0 0 1.0 0.9949622166246851
348 0.006080600000000214 0 0 1.0 0.9949622166246851
349 0.006170599999999915 0 0 1.0 0.9949622166246851
350 0.006228499999999748 0 0 1.0 0.9949622166246851
351 0.0061965999999999966 0 1 1.0 0.9974811083123426
352 0.006196699999999833 0 0 1.0 0.9974811083123426
353 0.006933200000000195 0 0 1.0 0.9974811083123426
354 0.006427600000000311 0 0 1.0 0.9974811083123426
355 0.006985800000000264 0 0 1.0 0.9974811083123426
356 0.006923699999999755 0 0 1.0 0.9974811083123426
357 0.006687499999999957 0 0 1.0 0.9974811083123426
358 0.006535700000000144 0 0 1.0 0.9974811083123426
359 0.006404999999999994 0 0 1.0 0.9974811083123426
360 0.006560900000000203 0 1 1.0 1.0
