70 1.0 0.6
1 0.0013949000000000045 1 0 0.014492753623188406 0.5036496350364964
2 0.001482100000000014 1 0 0.028985507246376812 0.5036496350364964
3 0.0016944000000000126 1 1 0.043478260869565216 0.5109489051094891
4 0.0016912000000000038 1 2 0.057971014492753624 0.5255474452554745
5 0.0016230999999999884 1 0 0.07246376811594203 0.5255474452554745
6 0.0022493999999999847 1 1 0.08695652173913043 0.5328467153284672
7 0.0014804999999999957 1 2 0.10144927536231885 0.5474452554744526
8 0.0016199999999999826 1 1 0.11594202898550725 0.5547445255474452
9 0.002016800000000013 1 0 0.13043478260869565 0.5547445255474452
10 0.0025772000000000017 1 2 0.14492753623188406 0.5693430656934306
11 0.0023841 1 1 0.15942028985507245 0.5766423357664233
12 0.0024594000000000005 1 0 0.17391304347826086 0.5766423357664233
13 0.0022825000000000206 1 2 0.18840579710144928 0.5912408759124088
14 0.0033053999999999584 1 0 0.2028985507246377 0.5912408759124088
15 0.001827499999999982 1 1 0.21739130434782608 0.5985401459854015
16 0.001805000000000001 1 1 0.2318840579710145 0.6058394160583942
17 0.0028209999999999624 1 2 0.2463768115942029 0.6204379562043796
18 0.0019803999999999933 1 1 0.2608695652173913 0.6277372262773723
19 0.0017703999999999498 1 1 0.2753623188405797 0.635036496350365
20 0.002194699999999994 1 1 0.2898550724637681 0.6423357664233577
21 0.0018836999999999882 1 0 0.30434782608695654 0.6423357664233577
22 0.0018095000000000194 1 2 0.3188405797101449 0.656934306569343
23 0.0023221999999999965 1 1 0.3333333333333333 0.6642335766423357
24 0.002672199999999958 1 1 0.34782608695652173 0.6715328467153284
25 0.0030406000000000044 1 0 0.36231884057971014 0.6715328467153284
26 0.0020919000000000354 1 1 0.37681159420289856 0.6788321167883211
27 0.0018970000000000375 1 1 0.391304347826087 0.6861313868613139
28 0.0023343000000000114 1 2 0.4057971014492754 0.7007299270072993
29 0.0025374999999999703 1 1 0.42028985507246375 0.708029197080292
30 0.0025883000000000433 1 1 0.43478260869565216 0.7153284671532847
31 0.002835399999999988 1 1 0.4492753623188406 0.7226277372262774
32 0.0024475999999999942 1 1 0.463768115942029 0.7299270072992701
33 0.0026812999999999976 1 1 0.4782608695652174 0.7372262773722628
34 0.001989699999999983 1 1 0.4927536231884058 0.7445255474452555
35 0.002012999999999987 1 0 0.5072463768115942 0.7445255474452555
36 0.002761899999999984 1 1 0.5217391304347826 0.7518248175182481
37 0.0024631999999999987 1 1 0.5362318840579711 0.7591240875912408
38 0.002323300000000028 1 0 0.5507246376811594 0.7591240875912408
39 0.003873900000000041 1 0 0.5652173913043478 0.7591240875912408
40 0.002657799999999988 1 2 0.5797101449275363 0.7737226277372263
41 0.002452500000000024 1 2 0.5942028985507246 0.7883211678832117
42 0.0020852999999999566 1 1 0.6086956521739131 0.7956204379562044
43 0.002370099999999986 1 2 0.6231884057971014 0.8102189781021898
44 0.003034099999999984 1 0 0.6376811594202898 0.8102189781021898
45 0.0034611999999999976 1 1 0.6521739130434783 0.8175182481751825
46 0.0020972000000000213 1 0 0.6666666666666666 0.8175182481751825
47 0.002273100000000028 1 2 0.6811594202898551 0.8321167883211679
48 0.0038624000000000436 1 1 0.6956521739130435 0.8394160583941606
49 0.0029452000000000367 1 0 0.7101449275362319 0.8394160583941606
50 0.002953299999999992 1 1 0.7246376811594203 0.8467153284671532
51 0.0026500999999999886 1 2 0.7391304347826086 0.8613138686131386
52 0.0029604000000000297 1 2 0.7536231884057971 0.8759124087591241
53 0.0028384000000000187 1 1 0.7681159420289855 0.8832116788321168
54 0.0037601999999999913 1 1 0.782608695652174 0.8905109489051095
55 0.003079699999999963 1 1 0.7971014492753623 0.8978102189781022
56 0.0038529999999999953 1 1 0.8115942028985508 0.9051094890510949
57 0.0029993999999999854 1 1 0.8260869565217391 0.9124087591240876
58 0.002661799999999992 1 1 0.8405797101449275 0.9197080291970803
59 0.0025540000000000007 1 0 0.855072463768116 0.9197080291970803
60 0.00310819999999995 1 1 0.8695652173913043 0.927007299270073
61 0.002489100000000022 1 1 0.8840579710144928 0.9343065693430657
62 0.002672400000000019 1 2 0.8985507246376812 0.948905109489051
63 0.003281600000000051 1 1 0.9130434782608695 0.9562043795620438
64 0.003519400000000006 1 0 0.927536231884058 0.9562043795620438
65 0.0025976999999999806 1 1 0.9420289855072463 0.9635036496350365
66 0.0024027999999999827 1 0 0.9565217391304348 0.9635036496350365
67 0.0029840999999999895 1 0 0.9710144927536232 0.9635036496350365
68 0.0027044999999999986 1 3 0.9855072463768116 0.9854014598540146
69 0.0026407999999999987 1 1 1.0 0.9927007299270073
70 0.0028281 0 0 1.0 0.9927007299270073
71 0.0027377000000000096 0 0 1.0 0.9927007299270073
72 0.0031142000000000114 0 0 1.0 0.9927007299270073
73 0.0032314999999999983 0 1 1.0 1.0
