70 0.6 0.4
1 0.0015923999999999938 0 0 0.0 0.5036496350364964
2 0.0015727000000000102 0 0 0.0 0.5036496350364964
3 0.0014707999999999943 1 0 0.014492753623188406 0.5036496350364964
4 0.001399399999999995 1 1 0.028985507246376812 0.5109489051094891
5 0.001463900000000018 1 0 0.043478260869565216 0.5109489051094891
6 0.002487299999999998 0 0 0.043478260869565216 0.5109489051094891
7 0.001394499999999993 1 0 0.057971014492753624 0.5109489051094891
8 0.001396200000000014 1 1 0.07246376811594203 0.5182481751824818
9 0.0014889999999999903 0 0 0.07246376811594203 0.5182481751824818
10 0.002420599999999995 1 1 0.08695652173913043 0.5255474452554745
11 0.002130099999999996 1 0 0.10144927536231885 0.5255474452554745
12 0.00266120000000003 1 2 0.11594202898550725 0.5401459854014599
13 0.0015112999999999932 0 0 0.11594202898550725 0.5401459854014599
14 0.0015154 1 2 0.13043478260869565 0.5547445255474452
15 0.0016589000000000187 0 1 0.13043478260869565 0.5620437956204379
16 0.0018425000000000247 1 0 0.14492753623188406 0.5620437956204379
17 0.00173230000000002 1 0 0.15942028985507245 0.5620437956204379
18 0.0016561000000000492 1 0 0.17391304347826086 0.5620437956204379
19 0.0016373000000000082 1 1 0.18840579710144928 0.5693430656934306
20 0.0018295999999999868 1 0 0.2028985507246377 0.5693430656934306
21 0.001639400000000013 1 1 0.21739130434782608 0.5766423357664233
22 0.0015436999999999812 0 1 0.21739130434782608 0.583941605839416
23 0.0020298999999999734 0 0 0.21739130434782608 0.583941605839416
24 0.0016792999999999947 0 2 0.21739130434782608 0.5985401459854015
25 0.0017610000000000126 0 0 0.21739130434782608 0.5985401459854015
26 0.0024481000000000086 1 0 0.2318840579710145 0.5985401459854015
27 0.002360600000000046 1 2 0.2463768115942029 0.6131386861313869
28 0.003842200000000018 0 1 0.2463768115942029 0.6204379562043796
29 0.0030960999999999905 0 0 0.2463768115942029 0.6204379562043796
30 0.002451700000000001 1 0 0.2608695652173913 0.6204379562043796
31 0.0022435999999999567 1 1 0.2753623188405797 0.6277372262773723
32 0.0019319999999999893 1 1 0.2898550724637681 0.635036496350365
33 0.0022685000000000066 0 1 0.2898550724637681 0.6423357664233577
34 0.001613100000000034 0 0 0.2898550724637681 0.6423357664233577
35 0.0016109999999999736 0 0 0.2898550724637681 0.6423357664233577
36 0.002150900000000011 0 0 0.2898550724637681 0.6423357664233577
37 0.0019177000000000222 1 0 0.30434782608695654 0.6423357664233577
38 0.001723399999999986 0 1 0.30434782608695654 0.6496350364963503
39 0.0016531000000000184 0 0 0.30434782608695654 0.6496350364963503
40 0.0020954999999999724 1 0 0.3188405797101449 0.6496350364963503
41 0.001805100000000004 1 0 0.3333333333333333 0.6496350364963503
42 0.001675099999999985 0 1 0.3333333333333333 0.656934306569343
43 0.001798999999999995 0 0 0.3333333333333333 0.656934306569343
44 0.0017380000000000173 0 1 0.3333333333333333 0.6642335766423357
45 0.0017660999999999927 1 0 0.34782608695652173 0.6642335766423357
46 0.001701499999999967 1 1 0.36231884057971014 0.6715328467153284
47 0.0024738999999999733 1 2 0.37681159420289856 0.6861313868613139
48 0.002024700000000046 0 0 0.37681159420289856 0.6861313868613139
49 0.0017600999999999867 0 0 0.37681159420289856 0.6861313868613139
50 0.0028871999999999787 0 0 0.37681159420289856 0.6861313868613139
51 0.0018205000000000027 1 1 0.391304347826087 0.6934306569343066
52 0.0022699999999999942 0 0 0.391304347826087 0.6934306569343066
53 0.002139000000000002 0 0 0.391304347826087 0.6934306569343066
54 0.001798299999999975 1 0 0.4057971014492754 0.6934306569343066
55 0.001840200000000014 1 1 0.42028985507246375 0.7007299270072993
56 0.0019340999999999942 0 0 0.42028985507246375 0.7007299270072993
57 0.0019023000000000234 1 1 0.43478260869565216 0.708029197080292
58 0.0016665000000000152 1 1 0.4492753623188406 0.7153284671532847
59 0.002657300000000029 1 1 0.463768115942029 0.7226277372262774
60 0.001865400000000017 1 1 0.4782608695652174 0.7299270072992701
61 0.0017352999999999952 0 0 0.4782608695652174 0.7299270072992701
62 0.0030929000000000095 1 1 0.4927536231884058 0.7372262773722628
63 0.002061499999999994 0 0 0.4927536231884058 0.7372262773722628
64 0.0019452000000000358 1 1 0.5072463768115942 0.7445255474452555
65 0.002215300000000031 0 0 0.5072463768115942 0.7445255474452555
66 0.001840699999999973 0 0 0.5072463768115942 0.7445255474452555
67 0.0018292000000000308 0 0 0.5072463768115942 0.7445255474452555
68 0.002543799999999985 0 1 0.5072463768115942 0.7518248175182481
69 0.0023046000000000455 0 0 0.5072463768115942 0.7518248175182481
70 0.0031928999999999985 0 0 0.5072463768115942 0.7518248175182481
71 0.0017725000000000102 0 0 0.5072463768115942 0.7518248175182481
72 0.0017801000000000067 1 0 0.5217391304347826 0.7518248175182481
73 0.0021296000000000093 0 0 0.5217391304347826 0.7518248175182481
74 0.002220500000000014 1 1 0.5362318840579711 0.7591240875912408
75 0.002638499999999988 0 0 0.5362318840579711 0.7591240875912408
76 0.0025130999999999903 0 1 0.5362318840579711 0.7664233576642335
77 0.0026903999999999817 1 0 0.5507246376811594 0.7664233576642335
78 0.0024843999999999977 1 2 0.5652173913043478 0.781021897810219
79 0.003371800000000036 0 0 0.5652173913043478 0.781021897810219
80 0.002362900000000001 1 0 0.5797101449275363 0.781021897810219
81 0.0026436000000000237 1 1 0.5942028985507246 0.7883211678832117
82 0.002390200000000009 1 2 0.6086956521739131 0.8029197080291971
83 0.0029438999999999993 1 0 0.6231884057971014 0.8029197080291971
84 0.001910999999999996 0 0 0.6231884057971014 0.8029197080291971
85 0.002094600000000002 1 1 0.6376811594202898 0.8102189781021898
86 0.0023826000000000125 0 0 0.6376811594202898 0.8102189781021898
87 0.0021573000000000286 0 0 0.6376811594202898 0.8102189781021898
88 0.0019893999999999745 1 0 0.6521739130434783 0.8102189781021898
89 0.0021972000000000103 1 0 0.6666666666666666 0.8102189781021898
90 0.0019455999999999918 1 1 0.6811594202898551 0.8175182481751825
91 0.001981699999999975 1 3 0.6956521739130435 0.8394160583941606
92 0.0027293000000000456 1 0 0.7101449275362319 0.8394160583941606
93 0.0018878000000000505 1 2 0.7246376811594203 0.8540145985401459
94 0.0031704000000000176 0 0 0.7246376811594203 0.8540145985401459
95 0.0029422999999999533 1 0 0.7391304347826086 0.8540145985401459
96 0.0028974999999999973 0 0 0.7391304347826086 0.8540145985401459
97 0.002490300000000001 0 1 0.7391304347826086 0.8613138686131386
98 0.002175299999999991 1 1 0.7536231884057971 0.8686131386861314
99 0.0023877999999999955 1 0 0.7681159420289855 0.8686131386861314
100 0.002441099999999974 1 1 0.782608695652174 0.8759124087591241
101 0.0026915999999999607 1 0 0.7971014492753623 0.8759124087591241
102 0.0019712000000000063 1 0 0.8115942028985508 0.8759124087591241
103 0.0021263999999999728 0 0 0.8115942028985508 0.8759124087591241
104 0.0024096000000000117 0 1 0.8115942028985508 0.8832116788321168
105 0.002213400000000032 1 0 0.8260869565217391 0.8832116788321168
106 0.0020974999999999744 0 1 0.8260869565217391 0.8905109489051095
107 0.003902799999999984 0 0 0.8260869565217391 0.8905109489051095
108 0.002373000000000014 1 2 0.8405797101449275 0.9051094890510949
109 0.00360309999999997 1 0 0.855072463768116 0.9051094890510949
110 0.0026711999999999847 1 0 0.8695652173913043 0.9051094890510949
111 0.0032404999999999795 0 1 0.8695652173913043 0.9124087591240876
112 0.0024821000000000426 1 1 0.8840579710144928 0.9197080291970803
113 0.0023803999999999492 1 2 0.8985507246376812 0.9343065693430657
114 0.0021970000000000045 1 0 0.9130434782608695 0.9343065693430657
115 0.0021497999999999795 1 0 0.927536231884058 0.9343065693430657
116 0.002661900000000106 0 2 0.927536231884058 0.948905109489051
117 0.002454199999999962 0 1 0.927536231884058 0.9562043795620438
118 0.0032292999999999905 1 2 0.9420289855072463 0.9708029197080292
119 0.002452600000000027 1 1 0.9565217391304348 0.9781021897810219
120 0.0023760000000000447 1 1 0.9710144927536232 0.9854014598540146
121 0.0032891000000000448 1 1 0.9855072463768116 0.9927007299270073
122 0.002425399999999911 1 0 1.0 0.9927007299270073
123 0.0030953999999999704 0 1 1.0 1.0
