160 0.9 0.3
1 0.0032406999999999853 1 0 0.006289308176100629 0.501577287066246
2 0.0031322999999999768 1 0 0.012578616352201259 0.501577287066246
3 0.0031383999999999856 1 0 0.018867924528301886 0.501577287066246
4 0.003180900000000042 1 1 0.025157232704402517 0.5047318611987381
5 0.003313200000000016 1 2 0.031446540880503145 0.5110410094637224
6 0.0031687999999999716 1 0 0.03773584905660377 0.5110410094637224
7 0.0034422000000000064 1 1 0.0440251572327044 0.5141955835962145
8 0.003685500000000008 1 0 0.050314465408805034 0.5141955835962145
9 0.003253700000000026 1 2 0.05660377358490566 0.5205047318611987
10 0.0032370999999999928 1 0 0.06289308176100629 0.5205047318611987
11 0.003329400000000038 0 1 0.06289308176100629 0.5236593059936908
12 0.0032619000000000398 1 1 0.06918238993710692 0.526813880126183
13 0.003411200000000003 1 0 0.07547169811320754 0.526813880126183
14 0.003331799999999996 1 2 0.08176100628930817 0.5331230283911672
15 0.0034507000000000287 1 0 0.0880503144654088 0.5331230283911672
16 0.0032736999999999905 1 1 0.09433962264150944 0.5362776025236593
17 0.0033243000000000023 1 1 0.10062893081761007 0.5394321766561514
18 0.0036415000000000197 1 1 0.1069182389937107 0.5425867507886435
19 0.003586800000000001 1 1 0.11320754716981132 0.5457413249211357
20 0.003402000000000016 1 1 0.11949685534591195 0.5488958990536278
21 0.003810099999999983 1 3 0.12578616352201258 0.5583596214511041
22 0.003512399999999971 1 1 0.1320754716981132 0.5615141955835962
23 0.003537200000000018 1 1 0.13836477987421383 0.5646687697160884
24 0.0034543999999999686 1 0 0.14465408805031446 0.5646687697160884
25 0.003499299999999983 1 1 0.1509433962264151 0.5678233438485805
26 0.003406599999999982 0 1 0.1509433962264151 0.5709779179810726
27 0.0036773999999999973 1 0 0.15723270440251572 0.5709779179810726
28 0.003914699999999993 1 0 0.16352201257861634 0.5709779179810726
29 0.004294399999999976 1 3 0.16981132075471697 0.580441640378549
30 0.003877699999999984 1 1 0.1761006289308176 0.583596214511041
31 0.0037217999999999973 1 1 0.18238993710691823 0.5867507886435331
32 0.0038111000000000117 1 1 0.18867924528301888 0.5899053627760252
33 0.003931900000000044 0 0 0.18867924528301888 0.5899053627760252
34 0.004066300000000023 1 1 0.1949685534591195 0.5930599369085173
35 0.0039507999999999766 0 1 0.1949685534591195 0.5962145110410094
36 0.0037326999999999777 1 0 0.20125786163522014 0.5962145110410094
37 0.0036410999999999527 1 0 0.20754716981132076 0.5962145110410094
38 0.004000400000000015 1 0 0.2138364779874214 0.5962145110410094
39 0.0037659999999999916 1 2 0.22012578616352202 0.6025236593059937
40 0.003975000000000006 1 0 0.22641509433962265 0.6025236593059937
41 0.0038151000000000157 1 2 0.23270440251572327 0.6088328075709779
42 0.007452199999999909 1 0 0.2389937106918239 0.6088328075709779
43 0.0038884999999999614 1 2 0.24528301886792453 0.6151419558359621
44 0.0036977999999999733 1 1 0.25157232704402516 0.6182965299684543
45 0.003697700000000026 1 1 0.2578616352201258 0.6214511041009464
46 0.00357799999999997 1 0 0.2641509433962264 0.6214511041009464
47 0.0036901000000000295 1 3 0.27044025157232704 0.6309148264984227
48 0.003892600000000024 0 0 0.27044025157232704 0.6309148264984227
49 0.003769399999999923 0 0 0.27044025157232704 0.6309148264984227
50 0.0037728000000000206 1 0 0.27672955974842767 0.6309148264984227
51 0.0041248000000000395 0 1 0.27672955974842767 0.6340694006309149
52 0.003799099999999944 1 0 0.2830188679245283 0.6340694006309149
53 0.0038970999999999867 0 0 0.2830188679245283 0.6340694006309149
54 0.0037850999999999857 1 1 0.2893081761006289 0.637223974763407
55 0.003963400000000061 1 1 0.29559748427672955 0.6403785488958991
56 0.0038667000000000007 0 0 0.29559748427672955 0.6403785488958991
57 0.004220400000000013 1 0 0.3018867924528302 0.6403785488958991
58 0.004309699999999972 1 0 0.3081761006289308 0.6403785488958991
59 0.003887799999999997 1 1 0.31446540880503143 0.6435331230283912
60 0.003775300000000037 1 0 0.32075471698113206 0.6435331230283912
61 0.0039071999999999996 1 1 0.3270440251572327 0.6466876971608833
62 0.003795899999999963 1 1 0.3333333333333333 0.6498422712933754
63 0.0038552000000000586 1 1 0.33962264150943394 0.6529968454258676
64 0.003867100000000012 1 3 0.34591194968553457 0.6624605678233438
65 0.0038002999999999787 1 0 0.3522012578616352 0.6624605678233438
66 0.003980699999999948 1 2 0.3584905660377358 0.668769716088328
67 0.004152099999999992 1 2 0.36477987421383645 0.6750788643533123
68 0.005757199999999907 1 2 0.3710691823899371 0.6813880126182965
69 0.005770399999999953 1 0 0.37735849056603776 0.6813880126182965
70 0.004304899999999945 0 2 0.37735849056603776 0.6876971608832808
71 0.003980099999999931 1 0 0.3836477987421384 0.6876971608832808
72 0.003942299999999954 1 1 0.389937106918239 0.6908517350157729
73 0.004085700000000081 0 0 0.389937106918239 0.6908517350157729
74 0.0039549000000000945 0 0 0.389937106918239 0.6908517350157729
75 0.003969 1 0 0.39622641509433965 0.6908517350157729
76 0.0040143999999999735 1 0 0.4025157232704403 0.6908517350157729
77 0.004003100000000037 1 1 0.4088050314465409 0.694006309148265
78 0.004091900000000037 0 0 0.4088050314465409 0.694006309148265
79 0.004336400000000018 1 1 0.41509433962264153 0.6971608832807571
80 0.0042103999999999475 1 1 0.42138364779874216 0.7003154574132492
81 0.00408569999999997 1 1 0.4276729559748428 0.7034700315457413
82 0.0043176000000000325 1 1 0.4339622641509434 0.7066246056782335
83 0.004171299999999989 1 1 0.44025157232704404 0.7097791798107256
84 0.004193400000000014 1 1 0.44654088050314467 0.7129337539432177
85 0.004409500000000066 1 1 0.4528301886792453 0.7160883280757098
86 0.004277799999999998 1 1 0.4591194968553459 0.7192429022082019
87 0.004383400000000037 1 2 0.46540880503144655 0.7255520504731862
88 0.004250499999999935 1 2 0.4716981132075472 0.7318611987381703
89 0.004287600000000058 0 1 0.4716981132075472 0.7350157728706624
90 0.004237799999999958 1 0 0.4779874213836478 0.7350157728706624
91 0.004174700000000087 1 0 0.48427672955974843 0.7350157728706624
92 0.004522000000000026 1 1 0.49056603773584906 0.7381703470031545
93 0.004224400000000017 1 2 0.4968553459119497 0.7444794952681388
94 0.004398799999999925 0 1 0.4968553459119497 0.7476340694006309
95 0.004238799999999987 1 0 0.5031446540880503 0.7476340694006309
96 0.004294099999999967 1 0 0.5094339622641509 0.7476340694006309
97 0.004407500000000009 1 0 0.5157232704402516 0.7476340694006309
98 0.004328499999999957 1 1 0.5220125786163522 0.750788643533123
99 0.004735700000000009 1 3 0.5283018867924528 0.7602523659305994
100 0.004404400000000086 1 1 0.5345911949685535 0.7634069400630915
101 0.00434190000000001 0 0 0.5345911949685535 0.7634069400630915
102 0.004213699999999987 0 0 0.5345911949685535 0.7634069400630915
103 0.004287600000000058 1 1 0.5408805031446541 0.7665615141955836
104 0.004546500000000009 1 0 0.5471698113207547 0.7665615141955836
105 0.004869200000000018 1 0 0.5534591194968553 0.7665615141955836
106 0.004532899999999951 1 1 0.559748427672956 0.7697160883280757
107 0.004616999999999982 1 1 0.5660377358490566 0.7728706624605678
108 0.004400199999999965 1 2 0.5723270440251572 0.7791798107255521
109 0.004473799999999972 1 1 0.5786163522012578 0.7823343848580442
110 0.004846600000000034 1 0 0.5849056603773585 0.7823343848580442
111 0.0047447999999999935 1 2 0.5911949685534591 0.7886435331230284
112 0.004757200000000017 1 1 0.5974842767295597 0.7917981072555205
113 0.004599499999999979 1 1 0.6037735849056604 0.7949526813880127
114 0.004629699999999959 1 1 0.610062893081761 0.7981072555205048
115 0.004574000000000078 1 1 0.6163522012578616 0.8012618296529969
116 0.004516699999999929 1 0 0.6226415094339622 0.8012618296529969
117 0.004732700000000034 1 0 0.6289308176100629 0.8012618296529969
118 0.004726600000000025 1 2 0.6352201257861635 0.807570977917981
119 0.0050288000000000554 1 2 0.6415094339622641 0.8138801261829653
120 0.004726200000000014 1 1 0.6477987421383647 0.8170347003154574
121 0.004751699999999914 1 0 0.6540880503144654 0.8170347003154574
122 0.004878700000000014 1 1 0.660377358490566 0.8201892744479495
123 0.004653000000000018 1 1 0.6666666666666666 0.8233438485804416
124 0.005275699999999994 0 0 0.6666666666666666 0.8233438485804416
125 0.005254300000000045 1 1 0.6729559748427673 0.8264984227129337
126 0.00590400000000002 1 0 0.6792452830188679 0.8264984227129337
127 0.005650000000000044 1 1 0.6855345911949685 0.8296529968454258
128 0.00502530000000001 1 1 0.6918238993710691 0.832807570977918
129 0.005144400000000049 1 2 0.6981132075471698 0.8391167192429022
130 0.004920399999999936 1 1 0.7044025157232704 0.8422712933753943
131 0.005037799999999981 1 2 0.710691823899371 0.8485804416403786
132 0.005360200000000037 1 1 0.7169811320754716 0.8517350157728707
133 0.005202099999999987 1 1 0.7232704402515723 0.8548895899053628
134 0.004786199999999963 1 1 0.7295597484276729 0.8580441640378549
135 0.00662089999999993 1 2 0.7358490566037735 0.8643533123028391
136 0.004926100000000044 1 1 0.7421383647798742 0.8675078864353313
137 0.005141799999999974 1 0 0.7484276729559748 0.8675078864353313
138 0.005303899999999917 1 1 0.7547169811320755 0.8706624605678234
139 0.004855100000000001 1 0 0.7610062893081762 0.8706624605678234
140 0.005417000000000005 0 1 0.7610062893081762 0.8738170347003155
141 0.005304899999999946 1 1 0.7672955974842768 0.8769716088328076
142 0.005725599999999997 1 2 0.7735849056603774 0.8832807570977917
143 0.0056010999999999145 0 1 0.7735849056603774 0.886435331230284
144 0.005473999999999868 1 0 0.779874213836478 0.886435331230284
145 0.005088500000000051 1 0 0.7861635220125787 0.886435331230284
146 0.004864999999999897 1 0 0.7924528301886793 0.886435331230284
147 0.0050040000000000084 1 0 0.7987421383647799 0.886435331230284
148 0.005285600000000112 1 1 0.8050314465408805 0.889589905362776
149 0.005011300000000052 1 2 0.8113207547169812 0.8958990536277602
150 0.0051232000000001054 1 1 0.8176100628930818 0.8990536277602523
151 0.0052179000000001086 1 2 0.8238993710691824 0.9053627760252366
152 0.005177699999999952 1 0 0.8301886792452831 0.9053627760252366
153 0.004944099999999896 1 0 0.8364779874213837 0.9053627760252366
154 0.005104699999999962 1 0 0.8427672955974843 0.9053627760252366
155 0.004904999999999937 0 0 0.8427672955974843 0.9053627760252366
156 0.00526620000000011 1 1 0.8490566037735849 0.9085173501577287
157 0.005162600000000017 1 2 0.8553459119496856 0.9148264984227129
158 0.005052900000000138 1 1 0.8616352201257862 0.917981072555205
159 0.0049904000000000615 1 1 0.8679245283018868 0.9211356466876972
160 0.0053435000000001676 1 1 0.8742138364779874 0.9242902208201893
161 0.005655999999999883 1 0 0.8805031446540881 0.9242902208201893
162 0.005608100000000116 0 1 0.8805031446540881 0.9274447949526814
163 0.005582100000000034 1 0 0.8867924528301887 0.9274447949526814
164 0.005689000000000055 1 2 0.8930817610062893 0.9337539432176656
165 0.005209000000000019 1 1 0.89937106918239 0.9369085173501577
166 0.005109299999999983 1 1 0.9056603773584906 0.9400630914826499
167 0.0050570999999999255 1 3 0.9119496855345912 0.9495268138801262
168 0.005061900000000064 1 0 0.9182389937106918 0.9495268138801262
169 0.0051674999999999915 1 2 0.9245283018867925 0.9558359621451105
170 0.005086099999999982 1 1 0.9308176100628931 0.9589905362776026
171 0.005307299999999904 1 0 0.9371069182389937 0.9589905362776026
172 0.005218399999999956 1 1 0.9433962264150944 0.9621451104100947
173 0.005202299999999882 1 1 0.949685534591195 0.9652996845425867
174 0.005375399999999919 1 1 0.9559748427672956 0.9684542586750788
175 0.005317199999999911 1 2 0.9622641509433962 0.9747634069400631
176 0.008968399999999876 1 1 0.9685534591194969 0.9779179810725552
177 0.005371400000000026 1 2 0.9748427672955975 0.9842271293375394
178 0.00540980000000002 1 1 0.9811320754716981 0.9873817034700315
179 0.005400499999999919 1 1 0.9874213836477987 0.9905362776025236
180 0.005401199999999884 1 0 0.9937106918238994 0.9905362776025236
181 0.00537999999999994 1 2 1.0 0.9968454258675079
182 0.005882000000000165 0 0 1.0 0.9968454258675079
183 0.005427000000000071 0 0 1.0 0.9968454258675079
184 0.005442500000000017 0 1 1.0 1.0
