100 0.3 0.7
1 0.0027611999999999637 0 0 0.0 0.5025380710659898
2 0.0023967999999999767 0 0 0.0 0.5025380710659898
3 0.0032544999999999935 0 0 0.0 0.5025380710659898
4 0.0021044000000000063 1 0 0.010101010101010102 0.5025380710659898
5 0.002050200000000002 0 0 0.010101010101010102 0.5025380710659898
6 0.0020799999999999708 0 0 0.010101010101010102 0.5025380710659898
7 0.002580799999999994 0 0 0.010101010101010102 0.5025380710659898
8 0.0021376000000000173 0 0 0.010101010101010102 0.5025380710659898
9 0.002709700000000037 0 0 0.010101010101010102 0.5025380710659898
10 0.0020763999999999783 0 0 0.010101010101010102 0.5025380710659898
11 0.001954900000000037 0 0 0.010101010101010102 0.5025380710659898
12 0.002491100000000024 0 0 0.010101010101010102 0.5025380710659898
13 0.002279299999999984 1 1 0.020202020202020204 0.5076142131979695
14 0.0023846000000000145 0 0 0.020202020202020204 0.5076142131979695
15 0.0019073000000000007 0 0 0.020202020202020204 0.5076142131979695
16 0.001899800000000007 0 0 0.020202020202020204 0.5076142131979695
17 0.0026589000000000196 1 1 0.030303030303030304 0.5126903553299492
18 0.0019815999999999723 1 1 0.04040404040404041 0.5177664974619289
19 0.001993899999999993 0 0 0.04040404040404041 0.5177664974619289
20 0.0024686999999999903 1 1 0.050505050505050504 0.5228426395939086
21 0.0020475000000000354 0 0 0.050505050505050504 0.5228426395939086
22 0.002859500000000015 0 0 0.050505050505050504 0.5228426395939086
23 0.001997899999999997 1 1 0.06060606060606061 0.5279187817258884
24 0.0021497999999999795 0 0 0.06060606060606061 0.5279187817258884
25 0.002405000000000046 1 0 0.0707070707070707 0.5279187817258884
26 0.002315500000000026 0 0 0.0707070707070707 0.5279187817258884
27 0.0023804000000000047 1 1 0.08080808080808081 0.5329949238578681
28 0.0020315999999999668 1 1 0.09090909090909091 0.5380710659898477
29 0.0020368000000000053 0 0 0.09090909090909091 0.5380710659898477
30 0.0028611000000000053 0 0 0.09090909090909091 0.5380710659898477
31 0.002120999999999984 0 0 0.09090909090909091 0.5380710659898477
32 0.0019742999999999844 1 1 0.10101010101010101 0.5431472081218274
33 0.002215400000000034 0 0 0.10101010101010101 0.5431472081218274
34 0.002430600000000005 0 0 0.10101010101010101 0.5431472081218274
35 0.003025900000000026 0 0 0.10101010101010101 0.5431472081218274
36 0.0021247999999999823 0 0 0.10101010101010101 0.5431472081218274
37 0.002229800000000004 0 0 0.10101010101010101 0.5431472081218274
38 0.0026814000000000004 1 1 0.1111111111111111 0.5482233502538071
39 0.002379499999999979 0 0 0.1111111111111111 0.5482233502538071
40 0.0024343000000000004 1 1 0.12121212121212122 0.5532994923857868
41 0.0021289000000000446 0 1 0.12121212121212122 0.5583756345177665
42 0.0020164999999999766 0 0 0.12121212121212122 0.5583756345177665
43 0.0024084000000000327 0 0 0.12121212121212122 0.5583756345177665
44 0.002594299999999994 0 0 0.12121212121212122 0.5583756345177665
45 0.002650600000000003 0 0 0.12121212121212122 0.5583756345177665
46 0.002740100000000023 1 1 0.13131313131313133 0.5634517766497462
47 0.0030739000000000183 0 0 0.13131313131313133 0.5634517766497462
48 0.0039092000000000016 0 0 0.13131313131313133 0.5634517766497462
49 0.00299640000000001 1 0 0.1414141414141414 0.5634517766497462
50 0.0033623999999999876 1 1 0.15151515151515152 0.5685279187817259
51 0.0037832999999999894 0 0 0.15151515151515152 0.5685279187817259
52 0.002185400000000004 1 1 0.16161616161616163 0.5736040609137056
53 0.002093899999999982 0 0 0.16161616161616163 0.5736040609137056
54 0.0033275000000000388 0 0 0.16161616161616163 0.5736040609137056
55 0.002266900000000016 0 1 0.16161616161616163 0.5786802030456852
56 0.0022558999999999774 0 0 0.16161616161616163 0.5786802030456852
57 0.0022801999999999545 0 0 0.16161616161616163 0.5786802030456852
58 0.0020781999999999745 0 0 0.16161616161616163 0.5786802030456852
59 0.0025742000000000265 0 0 0.16161616161616163 0.5786802030456852
60 0.0020748999999999906 0 0 0.16161616161616163 0.5786802030456852
61 0.0026549000000000156 0 0 0.16161616161616163 0.5786802030456852
62 0.0026388999999999996 0 0 0.16161616161616163 0.5786802030456852
63 0.0021334000000000075 0 0 0.16161616161616163 0.5786802030456852
64 0.003890600000000022 0 0 0.16161616161616163 0.5786802030456852
65 0.003113699999999997 1 1 0.1717171717171717 0.583756345177665
66 0.002751899999999974 1 0 0.18181818181818182 0.583756345177665
67 0.002953100000000042 0 0 0.18181818181818182 0.583756345177665
68 0.0027594999999999703 0 0 0.18181818181818182 0.583756345177665
69 0.0022036000000000278 0 0 0.18181818181818182 0.583756345177665
70 0.002308200000000038 0 0 0.18181818181818182 0.583756345177665
71 0.0030183000000000293 1 1 0.1919191919191919 0.5888324873096447
72 0.0028894999999999893 0 0 0.1919191919191919 0.5888324873096447
73 0.0023716999999999766 0 0 0.1919191919191919 0.5888324873096447
74 0.002130899999999991 1 1 0.20202020202020202 0.5939086294416244
75 0.0032575999999999716 0 0 0.20202020202020202 0.5939086294416244
76 0.0021327999999999903 0 0 0.20202020202020202 0.5939086294416244
77 0.002163499999999985 0 1 0.20202020202020202 0.5989847715736041
78 0.002925000000000011 1 1 0.21212121212121213 0.6040609137055838
79 0.0025287999999999977 0 0 0.21212121212121213 0.6040609137055838
80 0.0028507999999999867 0 0 0.21212121212121213 0.6040609137055838
81 0.00238900000000003 1 1 0.2222222222222222 0.6091370558375635
82 0.0024570000000000425 0 0 0.2222222222222222 0.6091370558375635
83 0.0027222999999999553 0 0 0.2222222222222222 0.6091370558375635
84 0.0026268999999999876 0 0 0.2222222222222222 0.6091370558375635
85 0.0023663000000000434 0 0 0.2222222222222222 0.6091370558375635
86 0.0023508999999999336 1 1 0.23232323232323232 0.6142131979695431
87 0.0025956999999999786 0 0 0.23232323232323232 0.6142131979695431
88 0.0022950999999999944 0 0 0.23232323232323232 0.6142131979695431
89 0.002324300000000057 0 0 0.23232323232323232 0.6142131979695431
90 0.0029605000000000325 0 0 0.23232323232323232 0.6142131979695431
91 0.0022967000000000404 0 0 0.23232323232323232 0.6142131979695431
92 0.0029712000000000627 0 0 0.23232323232323232 0.6142131979695431
93 0.0024011999999999922 0 0 0.23232323232323232 0.6142131979695431
94 0.0024781000000000386 1 1 0.24242424242424243 0.6192893401015228
95 0.0029970000000000274 0 0 0.24242424242424243 0.6192893401015228
96 0.003098999999999963 0 0 0.24242424242424243 0.6192893401015228
97 0.0025556999999999386 0 0 0.24242424242424243 0.6192893401015228
98 0.0023533000000000026 0 0 0.24242424242424243 0.6192893401015228
99 0.0024349000000000176 0 0 0.24242424242424243 0.6192893401015228
100 0.0026670999999999223 0 0 0.24242424242424243 0.6192893401015228
101 0.002595299999999967 0 0 0.24242424242424243 0.6192893401015228
102 0.0024306000000000605 1 1 0.25252525252525254 0.6243654822335025
103 0.002193699999999965 0 0 0.25252525252525254 0.6243654822335025
104 0.002756900000000062 1 1 0.26262626262626265 0.6294416243654822
105 0.0023064000000000418 1 1 0.2727272727272727 0.6345177664974619
106 0.0022367000000000914 0 0 0.2727272727272727 0.6345177664974619
107 0.00270349999999997 1 0 0.2828282828282828 0.6345177664974619
108 0.0024478 1 1 0.29292929292929293 0.6395939086294417
109 0.0027418000000000164 1 1 0.30303030303030304 0.6446700507614214
110 0.0023093000000000696 0 0 0.30303030303030304 0.6446700507614214
111 0.0022953 1 0 0.31313131313131315 0.6446700507614214
112 0.002664100000000058 0 1 0.31313131313131315 0.649746192893401
113 0.002429899999999985 0 1 0.31313131313131315 0.6548223350253807
114 0.002518200000000026 0 0 0.31313131313131315 0.6548223350253807
115 0.0023009999999999975 1 1 0.32323232323232326 0.6598984771573604
116 0.0035330000000000084 0 0 0.32323232323232326 0.6598984771573604
117 0.003319000000000072 0 0 0.32323232323232326 0.6598984771573604
118 0.0035460999999999965 1 1 0.3333333333333333 0.6649746192893401
119 0.0025231999999999477 0 0 0.3333333333333333 0.6649746192893401
120 0.0030660999999999605 1 1 0.3434343434343434 0.6700507614213198
121 0.002301899999999968 0 0 0.3434343434343434 0.6700507614213198
122 0.0022988999999999926 1 0 0.35353535353535354 0.6700507614213198
123 0.0029630999999999963 0 0 0.35353535353535354 0.6700507614213198
124 0.0023486999999999814 0 0 0.35353535353535354 0.6700507614213198
125 0.0027614999999999723 0 0 0.35353535353535354 0.6700507614213198
126 0.003331300000000037 0 1 0.35353535353535354 0.6751269035532995
127 0.0030647000000000313 0 0 0.35353535353535354 0.6751269035532995
128 0.002623299999999995 0 0 0.35353535353535354 0.6751269035532995
129 0.0026497999999999244 1 1 0.36363636363636365 0.6802030456852792
130 0.002341099999999985 1 1 0.37373737373737376 0.6852791878172588
131 0.002523599999999959 1 1 0.3838383838383838 0.6903553299492385
132 0.0034352000000000826 0 0 0.3838383838383838 0.6903553299492385
133 0.0022685000000000066 1 1 0.3939393939393939 0.6954314720812182
134 0.0028694999999999693 0 0 0.3939393939393939 0.6954314720812182
135 0.0027342999999999673 0 0 0.3939393939393939 0.6954314720812182
136 0.0029493000000000436 1 0 0.40404040404040403 0.6954314720812182
137 0.0023668999999999496 0 1 0.40404040404040403 0.700507614213198
138 0.0023921999999999555 1 0 0.41414141414141414 0.700507614213198
139 0.003077400000000008 0 0 0.41414141414141414 0.700507614213198
140 0.0027190999999999743 1 1 0.42424242424242425 0.7055837563451777
141 0.0026023000000000573 1 1 0.43434343434343436 0.7106598984771574
142 0.002451300000000045 0 0 0.43434343434343436 0.7106598984771574
143 0.002604300000000004 0 1 0.43434343434343436 0.7157360406091371
144 0.0024551999999999907 0 0 0.43434343434343436 0.7157360406091371
145 0.002446999999999977 1 1 0.4444444444444444 0.7208121827411168
146 0.0028622999999999843 0 0 0.4444444444444444 0.7208121827411168
147 0.0032927999999999846 1 1 0.45454545454545453 0.7258883248730964
148 0.0024465999999999655 0 0 0.45454545454545453 0.7258883248730964
149 0.0025408000000000097 1 1 0.46464646464646464 0.7309644670050761
150 0.003499599999999936 1 1 0.47474747474747475 0.7360406091370558
151 0.003096399999999999 0 0 0.47474747474747475 0.7360406091370558
152 0.0027679999999999927 0 0 0.47474747474747475 0.7360406091370558
153 0.002556100000000061 0 0 0.47474747474747475 0.7360406091370558
154 0.0028386000000000244 0 0 0.47474747474747475 0.7360406091370558
155 0.0028078999999999743 0 0 0.47474747474747475 0.7360406091370558
156 0.002686799999999989 0 0 0.47474747474747475 0.7360406091370558
157 0.0024213000000000706 0 0 0.47474747474747475 0.7360406091370558
158 0.0024872000000000227 1 1 0.48484848484848486 0.7411167512690355
159 0.0027516999999999125 1 1 0.494949494949495 0.7461928934010152
160 0.0024447000000000774 1 1 0.5050505050505051 0.751269035532995
161 0.00266859999999991 0 0 0.5050505050505051 0.751269035532995
162 0.002807299999999957 0 0 0.5050505050505051 0.751269035532995
163 0.003202499999999997 0 0 0.5050505050505051 0.751269035532995
164 0.00255290000000008 0 0 0.5050505050505051 0.751269035532995
165 0.005061800000000005 0 0 0.5050505050505051 0.751269035532995
166 0.00287230000000005 0 0 0.5050505050505051 0.751269035532995
167 0.002821399999999974 0 0 0.5050505050505051 0.751269035532995
168 0.0023940999999999546 0 0 0.5050505050505051 0.751269035532995
169 0.00279000000000007 0 0 0.5050505050505051 0.751269035532995
170 0.0024792000000000147 1 0 0.5151515151515151 0.751269035532995
171 0.00245149999999994 1 1 0.5252525252525253 0.7563451776649747
172 0.0030322999999999878 0 0 0.5252525252525253 0.7563451776649747
173 0.002471299999999954 0 0 0.5252525252525253 0.7563451776649747
174 0.003140599999999938 0 0 0.5252525252525253 0.7563451776649747
175 0.0026965000000001016 0 0 0.5252525252525253 0.7563451776649747
176 0.0026766999999999763 0 0 0.5252525252525253 0.7563451776649747
177 0.0029626000000000374 0 0 0.5252525252525253 0.7563451776649747
178 0.004360399999999931 0 0 0.5252525252525253 0.7563451776649747
179 0.0034687000000001023 0 0 0.5252525252525253 0.7563451776649747
180 0.003359799999999913 0 1 0.5252525252525253 0.7614213197969543
181 0.0028194000000000274 0 0 0.5252525252525253 0.7614213197969543
182 0.002603799999999934 1 0 0.5353535353535354 0.7614213197969543
183 0.0025991999999999127 1 0 0.5454545454545454 0.7614213197969543
184 0.0033423999999999676 0 0 0.5454545454545454 0.7614213197969543
185 0.002439500000000039 0 0 0.5454545454545454 0.7614213197969543
186 0.002533899999999978 0 0 0.5454545454545454 0.7614213197969543
187 0.0029183999999999877 0 0 0.5454545454545454 0.7614213197969543
188 0.0026490000000000125 0 0 0.5454545454545454 0.7614213197969543
189 0.0029166999999999943 0 0 0.5454545454545454 0.7614213197969543
190 0.0024243999999999932 1 1 0.5555555555555556 0.766497461928934
191 0.0032746000000000164 1 0 0.5656565656565656 0.766497461928934
192 0.0027422999999999753 1 1 0.5757575757575758 0.7715736040609137
193 0.0027833999999999914 1 2 0.5858585858585859 0.7817258883248731
194 0.0031778000000000084 0 1 0.5858585858585859 0.7868020304568528
195 0.006765100000000079 1 2 0.5959595959595959 0.7969543147208121
196 0.004691699999999965 1 1 0.6060606060606061 0.8020304568527918
197 0.00391229999999998 1 1 0.6161616161616161 0.8071065989847716
198 0.004125799999999957 0 0 0.6161616161616161 0.8071065989847716
199 0.00445210000000007 0 0 0.6161616161616161 0.8071065989847716
200 0.004058699999999971 0 0 0.6161616161616161 0.8071065989847716
201 0.003085400000000016 0 0 0.6161616161616161 0.8071065989847716
202 0.0027861000000000136 1 1 0.6262626262626263 0.8121827411167513
203 0.002968399999999982 0 0 0.6262626262626263 0.8121827411167513
204 0.0030463000000000573 0 0 0.6262626262626263 0.8121827411167513
205 0.0029557000000000055 0 0 0.6262626262626263 0.8121827411167513
206 0.0026823000000000263 0 0 0.6262626262626263 0.8121827411167513
207 0.00416889999999992 0 0 0.6262626262626263 0.8121827411167513
208 0.003588099999999983 0 0 0.6262626262626263 0.8121827411167513
209 0.003010800000000091 0 0 0.6262626262626263 0.8121827411167513
210 0.0031703000000000703 1 1 0.6363636363636364 0.817258883248731
211 0.0028046999999999933 1 1 0.6464646464646465 0.8223350253807107
212 0.002733899999999956 0 0 0.6464646464646465 0.8223350253807107
213 0.0035505999999999593 0 0 0.6464646464646465 0.8223350253807107
214 0.0031090000000000284 1 1 0.6565656565656566 0.8274111675126904
215 0.0025956999999999786 0 0 0.6565656565656566 0.8274111675126904
216 0.002792100000000075 0 0 0.6565656565656566 0.8274111675126904
217 0.002924599999999944 0 0 0.6565656565656566 0.8274111675126904
218 0.002810199999999985 1 1 0.6666666666666666 0.8324873096446701
219 0.0039765000000000494 0 0 0.6666666666666666 0.8324873096446701
220 0.004644700000000057 1 1 0.6767676767676768 0.8375634517766497
221 0.002614200000000011 0 0 0.6767676767676768 0.8375634517766497
222 0.002845700000000062 0 0 0.6767676767676768 0.8375634517766497
223 0.0030057 0 0 0.6767676767676768 0.8375634517766497
224 0.003181700000000065 0 0 0.6767676767676768 0.8375634517766497
225 0.003777200000000036 0 0 0.6767676767676768 0.8375634517766497
226 0.003807599999999911 0 0 0.6767676767676768 0.8375634517766497
227 0.003014000000000072 1 1 0.6868686868686869 0.8426395939086294
228 0.002890500000000018 1 1 0.696969696969697 0.8477157360406091
229 0.002923600000000026 1 1 0.7070707070707071 0.8527918781725888
230 0.003340599999999916 0 0 0.7070707070707071 0.8527918781725888
231 0.0027142 0 0 0.7070707070707071 0.8527918781725888
232 0.00278490000000009 0 0 0.7070707070707071 0.8527918781725888
233 0.0030443 0 0 0.7070707070707071 0.8527918781725888
234 0.004241700000000015 0 0 0.7070707070707071 0.8527918781725888
235 0.0030226999999999338 0 0 0.7070707070707071 0.8527918781725888
236 0.0029711999999999517 0 0 0.7070707070707071 0.8527918781725888
237 0.0030018000000000544 0 0 0.7070707070707071 0.8527918781725888
238 0.003179799999999955 1 1 0.7171717171717171 0.8578680203045685
239 0.0026290000000002145 0 0 0.7171717171717171 0.8578680203045685
240 0.0035313999999999623 0 0 0.7171717171717171 0.8578680203045685
241 0.002640299999999929 0 0 0.7171717171717171 0.8578680203045685
242 0.0027055999999998637 1 1 0.7272727272727273 0.8629441624365483
243 0.003384100000000112 0 0 0.7272727272727273 0.8629441624365483
244 0.0038819000000001047 0 0 0.7272727272727273 0.8629441624365483
245 0.002722499999999961 0 0 0.7272727272727273 0.8629441624365483
246 0.002935300000000085 0 0 0.7272727272727273 0.8629441624365483
247 0.003097399999999917 0 0 0.7272727272727273 0.8629441624365483
248 0.0033569999999998323 0 0 0.7272727272727273 0.8629441624365483
249 0.002693900000000138 0 0 0.7272727272727273 0.8629441624365483
250 0.0029109000000000496 0 0 0.7272727272727273 0.8629441624365483
251 0.003286000000000122 0 0 0.7272727272727273 0.8629441624365483
252 0.003135300000000063 0 0 0.7272727272727273 0.8629441624365483
253 0.003831300000000093 0 0 0.7272727272727273 0.8629441624365483
254 0.005498000000000003 1 0 0.7373737373737373 0.8629441624365483
255 0.004165000000000196 0 1 0.7373737373737373 0.868020304568528
256 0.003352399999999811 0 0 0.7373737373737373 0.868020304568528
257 0.0042311999999999905 1 1 0.7474747474747475 0.8730964467005076
258 0.00292059999999994 0 0 0.7474747474747475 0.8730964467005076
259 0.003453699999999893 0 0 0.7474747474747475 0.8730964467005076
260 0.0028871999999999787 0 0 0.7474747474747475 0.8730964467005076
261 0.0028520000000000767 1 1 0.7575757575757576 0.8781725888324873
262 0.0030197000000000696 0 0 0.7575757575757576 0.8781725888324873
263 0.003150800000000009 1 0 0.7676767676767676 0.8781725888324873
264 0.0026676999999999396 1 1 0.7777777777777778 0.883248730964467
265 0.0029903000000000013 0 0 0.7777777777777778 0.883248730964467
266 0.0031007000000000673 0 0 0.7777777777777778 0.883248730964467
267 0.0035119000000001233 1 1 0.7878787878787878 0.8883248730964467
268 0.00298519999999991 0 0 0.7878787878787878 0.8883248730964467
269 0.003938699999999962 0 1 0.7878787878787878 0.8934010152284264
270 0.0030208000000000457 0 0 0.7878787878787878 0.8934010152284264
271 0.004141299999999903 0 0 0.7878787878787878 0.8934010152284264
272 0.0027494999999999603 0 0 0.7878787878787878 0.8934010152284264
273 0.0033653000000000155 0 0 0.7878787878787878 0.8934010152284264
274 0.0032722999999998947 1 1 0.797979797979798 0.8984771573604061
275 0.002771000000000079 1 0 0.8080808080808081 0.8984771573604061
276 0.002760400000000107 0 1 0.8080808080808081 0.9035532994923858
277 0.0034045000000000325 0 0 0.8080808080808081 0.9035532994923858
278 0.002990700000000013 1 1 0.8181818181818182 0.9086294416243654
279 0.0035794000000000104 1 0 0.8282828282828283 0.9086294416243654
280 0.0031392000000001197 0 0 0.8282828282828283 0.9086294416243654
281 0.0032562000000000424 0 0 0.8282828282828283 0.9086294416243654
282 0.002817899999999929 0 0 0.8282828282828283 0.9086294416243654
283 0.003534499999999996 0 0 0.8282828282828283 0.9086294416243654
284 0.003900699999999979 0 1 0.8282828282828283 0.9137055837563451
285 0.0029820999999998765 0 0 0.8282828282828283 0.9137055837563451
286 0.003829199999999977 1 0 0.8383838383838383 0.9137055837563451
287 0.0027242000000000655 0 0 0.8383838383838383 0.9137055837563451
288 0.003074999999999939 0 0 0.8383838383838383 0.9137055837563451
289 0.003263600000000144 1 0 0.8484848484848485 0.9137055837563451
290 0.003820399999999946 0 0 0.8484848484848485 0.9137055837563451
291 0.0027751000000000303 1 1 0.8585858585858586 0.9187817258883249
292 0.003193700000000188 1 0 0.8686868686868687 0.9187817258883249
293 0.003122999999999987 0 1 0.8686868686868687 0.9238578680203046
294 0.003457999999999961 1 1 0.8787878787878788 0.9289340101522843
295 0.0029357000000000966 0 0 0.8787878787878788 0.9289340101522843
296 0.0034292999999998575 1 1 0.8888888888888888 0.934010152284264
297 0.0031371000000000038 1 1 0.898989898989899 0.9390862944162437
298 0.003536100000000042 0 1 0.898989898989899 0.9441624365482234
299 0.002906999999999993 1 2 0.9090909090909091 0.9543147208121827
300 0.003266199999999886 0 0 0.9090909090909091 0.9543147208121827
301 0.0029797000000000295 0 0 0.9090909090909091 0.9543147208121827
302 0.004564899999999872 0 0 0.9090909090909091 0.9543147208121827
303 0.004494500000000068 1 1 0.9191919191919192 0.9593908629441624
304 0.0028607999999998857 0 0 0.9191919191919192 0.9593908629441624
305 0.00314890000000001 0 0 0.9191919191919192 0.9593908629441624
306 0.003345700000000118 0 0 0.9191919191919192 0.9593908629441624
307 0.003143800000000141 0 0 0.9191919191919192 0.9593908629441624
308 0.002879499999999924 0 0 0.9191919191919192 0.9593908629441624
309 0.003136100000000086 0 0 0.9191919191919192 0.9593908629441624
310 0.0033743999999999996 1 0 0.9292929292929293 0.9593908629441624
311 0.004635599999999851 0 0 0.9292929292929293 0.9593908629441624
312 0.00429450000000009 0 0 0.9292929292929293 0.9593908629441624
313 0.002893100000000093 1 1 0.9393939393939394 0.9644670050761421
314 0.0045496000000000425 1 1 0.9494949494949495 0.9695431472081218
315 0.005018899999999826 0 0 0.9494949494949495 0.9695431472081218
316 0.0029698000000000224 0 0 0.9494949494949495 0.9695431472081218
317 0.0032385999999999804 1 0 0.9595959595959596 0.9695431472081218
318 0.0034610999999999947 0 1 0.9595959595959596 0.9746192893401016
319 0.003296600000000094 0 0 0.9595959595959596 0.9746192893401016
320 0.0029307999999999 1 1 0.9696969696969697 0.9796954314720813
321 0.0031364999999998755 0 1 0.9696969696969697 0.9847715736040609
322 0.003059000000000145 0 0 0.9696969696969697 0.9847715736040609
323 0.00367099999999998 1 1 0.9797979797979798 0.9898477157360406
324 0.0033183999999999436 0 0 0.9797979797979798 0.9898477157360406
325 0.003952100000000014 1 0 0.98989898989899 0.9898477157360406
326 0.003147600000000139 0 0 0.98989898989899 0.9898477157360406
327 0.0038396999999998904 0 0 0.98989898989899 0.9898477157360406
328 0.0033090000000000064 0 0 0.98989898989899 0.9898477157360406
329 0.0029039000000001813 1 1 1.0 0.9949238578680203
330 0.0029296000000000877 0 0 1.0 0.9949238578680203
331 0.0033259000000001038 0 0 1.0 0.9949238578680203
332 0.0029007000000000893 0 1 1.0 1.0
