50 0.1 0.3
1 0.0010435000000000028 0 0 0.0 0.5051546391752577
2 0.0016480999999999857 0 0 0.0 0.5051546391752577
3 0.0014855000000000007 0 0 0.0 0.5051546391752577
4 0.0012069999999999859 0 0 0.0 0.5051546391752577
5 0.0012220000000000009 0 0 0.0 0.5051546391752577
6 0.001364000000000004 0 0 0.0 0.5051546391752577
7 0.0012146999999999852 1 0 0.02040816326530612 0.5051546391752577
8 0.000921100000000008 0 0 0.02040816326530612 0.5051546391752577
9 0.0010760999999999965 0 0 0.02040816326530612 0.5051546391752577
10 0.0011458000000000024 0 0 0.02040816326530612 0.5051546391752577
11 0.0010130000000000139 0 0 0.02040816326530612 0.5051546391752577
12 0.0011435999999999946 0 0 0.02040816326530612 0.5051546391752577
13 0.0010763000000000023 0 0 0.02040816326530612 0.5051546391752577
14 0.001069500000000001 0 0 0.02040816326530612 0.5051546391752577
15 0.0010097000000000023 0 0 0.02040816326530612 0.5051546391752577
16 0.0009963000000000055 0 0 0.02040816326530612 0.5051546391752577
17 0.0019752999999999854 0 0 0.02040816326530612 0.5051546391752577
18 0.0009942000000000006 0 0 0.02040816326530612 0.5051546391752577
19 0.0009152000000000049 0 0 0.02040816326530612 0.5051546391752577
20 0.0010325999999999946 0 0 0.02040816326530612 0.5051546391752577
21 0.0010036999999999963 0 0 0.02040816326530612 0.5051546391752577
22 0.0010138000000000091 0 0 0.02040816326530612 0.5051546391752577
23 0.0010252000000000039 0 0 0.02040816326530612 0.5051546391752577
24 0.0010172999999999988 0 0 0.02040816326530612 0.5051546391752577
25 0.0010126999999999775 0 0 0.02040816326530612 0.5051546391752577
26 0.0010132999999999948 0 0 0.02040816326530612 0.5051546391752577
27 0.0009677999999999909 0 0 0.02040816326530612 0.5051546391752577
28 0.0012040999999999857 0 0 0.02040816326530612 0.5051546391752577
29 0.0014419999999999988 0 0 0.02040816326530612 0.5051546391752577
30 0.0010430999999999913 0 0 0.02040816326530612 0.5051546391752577
31 0.0010179999999999911 0 0 0.02040816326530612 0.5051546391752577
32 0.0010135000000000005 0 0 0.02040816326530612 0.5051546391752577
33 0.0009949999999999959 0 0 0.02040816326530612 0.5051546391752577
34 0.0011012999999999995 0 0 0.02040816326530612 0.5051546391752577
35 0.0010336999999999985 0 0 0.02040816326530612 0.5051546391752577
36 0.0009518999999999778 0 0 0.02040816326530612 0.5051546391752577
37 0.0009446999999999928 0 0 0.02040816326530612 0.5051546391752577
38 0.0010169999999999901 0 0 0.02040816326530612 0.5051546391752577
39 0.0009460000000000024 0 0 0.02040816326530612 0.5051546391752577
40 0.0011331000000000258 0 0 0.02040816326530612 0.5051546391752577
41 0.0009573999999999971 1 0 0.04081632653061224 0.5051546391752577
42 0.0009479000000000015 1 1 0.061224489795918366 0.5154639175257731
43 0.0013059999999999738 0 0 0.061224489795918366 0.5154639175257731
44 0.0012466999999999895 0 0 0.061224489795918366 0.5154639175257731
45 0.0010737000000000108 0 0 0.061224489795918366 0.5154639175257731
46 0.0009123999999999799 0 0 0.061224489795918366 0.5154639175257731
47 0.000954699999999975 0 0 0.061224489795918366 0.5154639175257731
48 0.0009024000000000254 0 0 0.061224489795918366 0.5154639175257731
49 0.0009185999999999916 0 0 0.061224489795918366 0.5154639175257731
50 0.0009910000000000196 0 0 0.061224489795918366 0.5154639175257731
51 0.0010798000000000196 0 0 0.061224489795918366 0.5154639175257731
52 0.0010281999999999791 1 0 0.08163265306122448 0.5154639175257731
53 0.0009085999999999816 0 0 0.08163265306122448 0.5154639175257731
54 0.0009014999999999995 0 0 0.08163265306122448 0.5154639175257731
55 0.001980599999999999 0 0 0.08163265306122448 0.5154639175257731
56 0.0010396000000000294 0 0 0.08163265306122448 0.5154639175257731
57 0.0009352000000000249 0 0 0.08163265306122448 0.5154639175257731
58 0.0009503999999999624 0 0 0.08163265306122448 0.5154639175257731
59 0.0009330000000000171 0 0 0.08163265306122448 0.5154639175257731
60 0.0011063999999999519 1 0 0.10204081632653061 0.5154639175257731
61 0.0012069000000000107 0 0 0.10204081632653061 0.5154639175257731
62 0.0010161000000000198 0 0 0.10204081632653061 0.5154639175257731
63 0.0009035999999999489 0 0 0.10204081632653061 0.5154639175257731
64 0.0009100000000000219 0 0 0.10204081632653061 0.5154639175257731
65 0.0009532999999999903 0 0 0.10204081632653061 0.5154639175257731
66 0.002231700000000003 0 0 0.10204081632653061 0.5154639175257731
67 0.0011380999999999752 0 0 0.10204081632653061 0.5154639175257731
68 0.0010880999999999807 1 0 0.12244897959183673 0.5154639175257731
69 0.0009377999999999886 0 0 0.12244897959183673 0.5154639175257731
70 0.0012004999999999932 0 0 0.12244897959183673 0.5154639175257731
71 0.0010851000000000055 0 0 0.12244897959183673 0.5154639175257731
72 0.0010767999999999889 1 1 0.14285714285714285 0.5257731958762887
73 0.0011234999999999995 0 0 0.14285714285714285 0.5257731958762887
74 0.0012512000000000079 0 0 0.14285714285714285 0.5257731958762887
75 0.0013190000000000146 0 0 0.14285714285714285 0.5257731958762887
76 0.0015907000000000004 0 0 0.14285714285714285 0.5257731958762887
77 0.001177499999999998 0 0 0.14285714285714285 0.5257731958762887
78 0.0012791999999999804 0 0 0.14285714285714285 0.5257731958762887
79 0.0015688999999999842 0 0 0.14285714285714285 0.5257731958762887
80 0.0013468999999999842 0 0 0.14285714285714285 0.5257731958762887
81 0.0010675000000000545 0 0 0.14285714285714285 0.5257731958762887
82 0.0010920999999999847 0 1 0.14285714285714285 0.5360824742268041
83 0.0010171999999999959 0 0 0.14285714285714285 0.5360824742268041
84 0.0009609999999999896 0 0 0.14285714285714285 0.5360824742268041
85 0.0009556000000000009 0 0 0.14285714285714285 0.5360824742268041
86 0.00097750000000002 0 0 0.14285714285714285 0.5360824742268041
87 0.0012224000000000124 0 0 0.14285714285714285 0.5360824742268041
88 0.0010580000000000034 0 1 0.14285714285714285 0.5463917525773195
89 0.0009619000000000155 0 0 0.14285714285714285 0.5463917525773195
90 0.0009674000000000071 0 1 0.14285714285714285 0.5567010309278351
91 0.0016695999999999933 0 0 0.14285714285714285 0.5567010309278351
92 0.0012898000000000076 0 0 0.14285714285714285 0.5567010309278351
93 0.0010174000000000016 0 0 0.14285714285714285 0.5567010309278351
94 0.0009520999999999558 0 0 0.14285714285714285 0.5567010309278351
95 0.0011964999999999892 0 0 0.14285714285714285 0.5567010309278351
96 0.0011071999999999749 0 0 0.14285714285714285 0.5567010309278351
97 0.0011470000000000091 0 0 0.14285714285714285 0.5567010309278351
98 0.0010661000000000143 0 0 0.14285714285714285 0.5567010309278351
99 0.0010599000000000025 1 0 0.16326530612244897 0.5567010309278351
100 0.0010853000000000113 0 0 0.16326530612244897 0.5567010309278351
101 0.001194300000000037 0 0 0.16326530612244897 0.5567010309278351
102 0.0013028999999999957 0 0 0.16326530612244897 0.5567010309278351
103 0.0010944999999999983 0 0 0.16326530612244897 0.5567010309278351
104 0.0009525000000000228 0 0 0.16326530612244897 0.5567010309278351
105 0.0010297999999999696 0 0 0.16326530612244897 0.5567010309278351
106 0.0011417000000000233 1 1 0.1836734693877551 0.5670103092783505
107 0.0013019000000000225 0 0 0.1836734693877551 0.5670103092783505
108 0.0010043000000000135 0 0 0.1836734693877551 0.5670103092783505
109 0.0009895999999999794 0 0 0.1836734693877551 0.5670103092783505
110 0.0010593999999999881 0 0 0.1836734693877551 0.5670103092783505
111 0.0010407000000000055 0 0 0.1836734693877551 0.5670103092783505
112 0.0009962000000000026 0 0 0.1836734693877551 0.5670103092783505
113 0.0010872000000000104 0 0 0.1836734693877551 0.5670103092783505
114 0.0011890999999999985 1 1 0.20408163265306123 0.5773195876288659
115 0.0010624000000000189 1 0 0.22448979591836735 0.5773195876288659
116 0.0010869000000000018 0 0 0.22448979591836735 0.5773195876288659
117 0.0010585000000000178 0 0 0.22448979591836735 0.5773195876288659
118 0.002373499999999973 1 1 0.24489795918367346 0.5876288659793815
119 0.0011509000000000102 0 1 0.24489795918367346 0.5979381443298969
120 0.001065499999999997 0 0 0.24489795918367346 0.5979381443298969
121 0.0010918000000000316 0 1 0.24489795918367346 0.6082474226804123
122 0.0011970000000000036 0 0 0.24489795918367346 0.6082474226804123
123 0.0011302000000000256 0 0 0.24489795918367346 0.6082474226804123
124 0.0011919999999999709 0 0 0.24489795918367346 0.6082474226804123
125 0.0011101000000000028 1 0 0.2653061224489796 0.6082474226804123
126 0.0011124000000000134 0 0 0.2653061224489796 0.6082474226804123
127 0.002021700000000015 0 0 0.2653061224489796 0.6082474226804123
128 0.0012623999999999969 0 0 0.2653061224489796 0.6082474226804123
129 0.0010641000000000123 0 0 0.2653061224489796 0.6082474226804123
130 0.0011013000000000273 0 0 0.2653061224489796 0.6082474226804123
131 0.001043499999999975 0 0 0.2653061224489796 0.6082474226804123
132 0.0010541000000000023 0 0 0.2653061224489796 0.6082474226804123
133 0.0012550000000000061 0 0 0.2653061224489796 0.6082474226804123
134 0.0014635000000000065 1 0 0.2857142857142857 0.6082474226804123
135 0.0014400999999999997 1 1 0.30612244897959184 0.6185567010309279
136 0.0010581000000000063 0 0 0.30612244897959184 0.6185567010309279
137 0.001185500000000006 0 0 0.30612244897959184 0.6185567010309279
138 0.0011220000000000119 0 0 0.30612244897959184 0.6185567010309279
139 0.0011918000000000206 1 1 0.32653061224489793 0.6288659793814433
140 0.0011490999999999585 0 1 0.32653061224489793 0.6391752577319587
141 0.0011757000000000017 0 0 0.32653061224489793 0.6391752577319587
142 0.0012013000000000162 0 0 0.32653061224489793 0.6391752577319587
143 0.0010245000000000393 1 0 0.3469387755102041 0.6391752577319587
144 0.0011499999999999844 0 0 0.3469387755102041 0.6391752577319587
145 0.0010685999999999751 0 0 0.3469387755102041 0.6391752577319587
146 0.0011281000000000208 0 0 0.3469387755102041 0.6391752577319587
147 0.0012575999999999699 0 0 0.3469387755102041 0.6391752577319587
148 0.001293799999999956 1 0 0.3673469387755102 0.6391752577319587
149 0.001560600000000023 0 0 0.3673469387755102 0.6391752577319587
150 0.0014256000000000268 1 0 0.3877551020408163 0.6391752577319587
151 0.002456999999999987 0 0 0.3877551020408163 0.6391752577319587
152 0.001124299999999967 0 0 0.3877551020408163 0.6391752577319587
153 0.0012163000000000035 1 0 0.40816326530612246 0.6391752577319587
154 0.0012139999999999929 0 0 0.40816326530612246 0.6391752577319587
155 0.0012452000000000019 0 0 0.40816326530612246 0.6391752577319587
156 0.0014122999999999775 0 0 0.40816326530612246 0.6391752577319587
157 0.001229099999999983 0 0 0.40816326530612246 0.6391752577319587
158 0.0010707999999999829 0 0 0.40816326530612246 0.6391752577319587
159 0.0011166999999999705 1 2 0.42857142857142855 0.6597938144329897
160 0.0010461999999999971 0 0 0.42857142857142855 0.6597938144329897
161 0.001301899999999967 0 1 0.42857142857142855 0.6701030927835051
162 0.00127339999999998 0 0 0.42857142857142855 0.6701030927835051
163 0.0011984999999999912 0 0 0.42857142857142855 0.6701030927835051
164 0.0012125000000000052 0 1 0.42857142857142855 0.6804123711340206
165 0.002145100000000011 0 0 0.42857142857142855 0.6804123711340206
166 0.0012126000000000081 0 0 0.42857142857142855 0.6804123711340206
167 0.001259499999999969 1 0 0.4489795918367347 0.6804123711340206
168 0.0017046000000000006 0 0 0.4489795918367347 0.6804123711340206
169 0.0017428999999999917 0 0 0.4489795918367347 0.6804123711340206
170 0.0018571000000000004 0 0 0.4489795918367347 0.6804123711340206
171 0.0016199000000000074 0 0 0.4489795918367347 0.6804123711340206
172 0.001606200000000002 0 0 0.4489795918367347 0.6804123711340206
173 0.0029813999999999674 0 0 0.4489795918367347 0.6804123711340206
174 0.0016705000000000192 0 0 0.4489795918367347 0.6804123711340206
175 0.0017557000000000267 0 1 0.4489795918367347 0.6907216494845361
176 0.0018638000000000265 0 0 0.4489795918367347 0.6907216494845361
177 0.0018844000000000083 0 0 0.4489795918367347 0.6907216494845361
178 0.0016722000000000126 0 0 0.4489795918367347 0.6907216494845361
179 0.002001699999999995 0 0 0.4489795918367347 0.6907216494845361
180 0.0013652000000000108 0 1 0.4489795918367347 0.7010309278350515
181 0.001237900000000014 0 0 0.4489795918367347 0.7010309278350515
182 0.0011108999999999702 0 0 0.4489795918367347 0.7010309278350515
183 0.0012214999999999865 0 0 0.4489795918367347 0.7010309278350515
184 0.0012795999999999919 0 0 0.4489795918367347 0.7010309278350515
185 0.001817100000000016 0 0 0.4489795918367347 0.7010309278350515
186 0.0017676999999999832 0 0 0.4489795918367347 0.7010309278350515
187 0.0018101000000000367 0 0 0.4489795918367347 0.7010309278350515
188 0.0018663999999999903 1 0 0.46938775510204084 0.7010309278350515
189 0.0017008000000000023 0 0 0.46938775510204084 0.7010309278350515
190 0.0020881999999999845 0 0 0.46938775510204084 0.7010309278350515
191 0.00176179999999998 0 0 0.46938775510204084 0.7010309278350515
192 0.001731399999999994 0 0 0.46938775510204084 0.7010309278350515
193 0.001709399999999972 0 0 0.46938775510204084 0.7010309278350515
194 0.0019730000000000025 0 0 0.46938775510204084 0.7010309278350515
195 0.0021872000000000003 0 0 0.46938775510204084 0.7010309278350515
196 0.0017474999999999574 0 0 0.46938775510204084 0.7010309278350515
197 0.0021748000000000323 0 1 0.46938775510204084 0.711340206185567
198 0.002093799999999979 1 1 0.4897959183673469 0.7216494845360825
199 0.0018230999999999664 0 0 0.4897959183673469 0.7216494845360825
200 0.001964100000000024 0 0 0.4897959183673469 0.7216494845360825
201 0.0021175999999999973 1 0 0.5102040816326531 0.7216494845360825
202 0.0018166000000000015 0 0 0.5102040816326531 0.7216494845360825
203 0.002091300000000018 0 0 0.5102040816326531 0.7216494845360825
204 0.003663699999999992 0 1 0.5102040816326531 0.7319587628865979
205 0.0033897999999999984 0 0 0.5102040816326531 0.7319587628865979
206 0.0018529999999999935 0 0 0.5102040816326531 0.7319587628865979
207 0.0017475999999999603 0 0 0.5102040816326531 0.7319587628865979
208 0.0022199999999999998 0 0 0.5102040816326531 0.7319587628865979
209 0.002044099999999993 0 0 0.5102040816326531 0.7319587628865979
210 0.001794200000000079 0 1 0.5102040816326531 0.7422680412371134
211 0.004288700000000034 0 0 0.5102040816326531 0.7422680412371134
212 0.0019578000000000095 0 0 0.5102040816326531 0.7422680412371134
213 0.0020836000000000743 0 0 0.5102040816326531 0.7422680412371134
214 0.002033700000000027 0 0 0.5102040816326531 0.7422680412371134
215 0.0028791000000000233 0 0 0.5102040816326531 0.7422680412371134
216 0.0040080000000000116 0 0 0.5102040816326531 0.7422680412371134
217 0.0018810000000000215 0 0 0.5102040816326531 0.7422680412371134
218 0.0019396999999999887 0 0 0.5102040816326531 0.7422680412371134
219 0.0020176999999999 0 0 0.5102040816326531 0.7422680412371134
220 0.0019242000000000425 0 0 0.5102040816326531 0.7422680412371134
221 0.0015233999999999526 0 0 0.5102040816326531 0.7422680412371134
222 0.00131149999999991 1 1 0.5306122448979592 0.7525773195876289
223 0.0013800999999999952 1 0 0.5510204081632653 0.7525773195876289
224 0.0012140999999999957 0 0 0.5510204081632653 0.7525773195876289
225 0.0012105000000000032 0 0 0.5510204081632653 0.7525773195876289
226 0.0018969000000000902 0 0 0.5510204081632653 0.7525773195876289
227 0.0013575000000000115 0 0 0.5510204081632653 0.7525773195876289
228 0.0012231999999999799 0 1 0.5510204081632653 0.7628865979381443
229 0.0012271999999999839 0 0 0.5510204081632653 0.7628865979381443
230 0.0011605000000000087 0 0 0.5510204081632653 0.7628865979381443
231 0.0014273000000000202 0 0 0.5510204081632653 0.7628865979381443
232 0.001366199999999984 0 0 0.5510204081632653 0.7628865979381443
233 0.001212300000000055 0 0 0.5510204081632653 0.7628865979381443
234 0.0011039999999999939 0 0 0.5510204081632653 0.7628865979381443
235 0.002167800000000053 0 0 0.5510204081632653 0.7628865979381443
236 0.0017097000000000362 0 0 0.5510204081632653 0.7628865979381443
237 0.0011944999999999872 0 0 0.5510204081632653 0.7628865979381443
238 0.0012022999999999895 0 0 0.5510204081632653 0.7628865979381443
239 0.0013326999999999645 0 0 0.5510204081632653 0.7628865979381443
240 0.001497399999999982 0 0 0.5510204081632653 0.7628865979381443
241 0.0013222999999999985 0 0 0.5510204081632653 0.7628865979381443
242 0.0011176000000000519 0 0 0.5510204081632653 0.7628865979381443
243 0.0016192000000000428 0 0 0.5510204081632653 0.7628865979381443
244 0.0013914000000000426 0 0 0.5510204081632653 0.7628865979381443
245 0.0012415000000000065 1 1 0.5714285714285714 0.7731958762886598
246 0.001174999999999926 1 0 0.5918367346938775 0.7731958762886598
247 0.0016441000000000372 0 0 0.5918367346938775 0.7731958762886598
248 0.0012995999999999563 0 0 0.5918367346938775 0.7731958762886598
249 0.0012822999999999585 0 0 0.5918367346938775 0.7731958762886598
250 0.0011168999999999762 0 0 0.5918367346938775 0.7731958762886598
251 0.0012894999999999435 0 0 0.5918367346938775 0.7731958762886598
252 0.0011217999999999506 0 0 0.5918367346938775 0.7731958762886598
253 0.0013231999999999688 0 0 0.5918367346938775 0.7731958762886598
254 0.0012990000000000501 0 0 0.5918367346938775 0.7731958762886598
255 0.0012811999999999824 0 0 0.5918367346938775 0.7731958762886598
256 0.001174699999999973 0 0 0.5918367346938775 0.7731958762886598
257 0.0025128000000000927 0 0 0.5918367346938775 0.7731958762886598
258 0.0012199999999999989 0 0 0.5918367346938775 0.7731958762886598
259 0.0012188999999999117 0 0 0.5918367346938775 0.7731958762886598
260 0.001131500000000063 0 0 0.5918367346938775 0.7731958762886598
261 0.0012737999999999916 0 0 0.5918367346938775 0.7731958762886598
262 0.0013547999999999893 0 0 0.5918367346938775 0.7731958762886598
263 0.0012579999999999814 0 0 0.5918367346938775 0.7731958762886598
264 0.0011297999999999586 1 0 0.6122448979591837 0.7731958762886598
265 0.0014695999999999598 0 0 0.6122448979591837 0.7731958762886598
266 0.0016201000000000132 0 0 0.6122448979591837 0.7731958762886598
267 0.0013344999999999052 0 0 0.6122448979591837 0.7731958762886598
268 0.001240299999999972 0 0 0.6122448979591837 0.7731958762886598
269 0.001221899999999998 0 0 0.6122448979591837 0.7731958762886598
270 0.0016593000000000302 0 0 0.6122448979591837 0.7731958762886598
271 0.001251799999999914 0 0 0.6122448979591837 0.7731958762886598
272 0.0011611999999999734 0 1 0.6122448979591837 0.7835051546391752
273 0.0013684999999999947 0 0 0.6122448979591837 0.7835051546391752
274 0.0013895000000000435 0 0 0.6122448979591837 0.7835051546391752
275 0.001216299999999948 0 0 0.6122448979591837 0.7835051546391752
276 0.0012633999999999146 0 0 0.6122448979591837 0.7835051546391752
277 0.0011677000000001048 0 0 0.6122448979591837 0.7835051546391752
278 0.001506699999999972 0 0 0.6122448979591837 0.7835051546391752
279 0.0013073000000000112 0 0 0.6122448979591837 0.7835051546391752
280 0.0012400000000000189 0 0 0.6122448979591837 0.7835051546391752
281 0.0011212000000000444 1 0 0.6326530612244898 0.7835051546391752
282 0.001132299999999975 0 0 0.6326530612244898 0.7835051546391752
283 0.0011316000000000104 0 0 0.6326530612244898 0.7835051546391752
284 0.001226199999999955 0 0 0.6326530612244898 0.7835051546391752
285 0.0013111000000000095 1 0 0.6530612244897959 0.7835051546391752
286 0.00130830000000004 1 0 0.673469387755102 0.7835051546391752
287 0.0019655000000000644 1 1 0.6938775510204082 0.7938144329896907
288 0.0015898000000000856 0 0 0.6938775510204082 0.7938144329896907
289 0.001326999999999967 1 0 0.7142857142857143 0.7938144329896907
290 0.0012632000000000199 0 0 0.7142857142857143 0.7938144329896907
291 0.0012171999999999183 1 0 0.7346938775510204 0.7938144329896907
292 0.0013784000000000018 0 0 0.7346938775510204 0.7938144329896907
293 0.0012505999999999906 0 0 0.7346938775510204 0.7938144329896907
294 0.0011676999999999937 0 0 0.7346938775510204 0.7938144329896907
295 0.0011433000000000693 0 0 0.7346938775510204 0.7938144329896907
296 0.0017270999999999814 0 0 0.7346938775510204 0.7938144329896907
297 0.0016720000000000068 1 0 0.7551020408163265 0.7938144329896907
298 0.0015553000000000372 0 1 0.7551020408163265 0.8041237113402062
299 0.001925100000000013 0 0 0.7551020408163265 0.8041237113402062
300 0.0012267999999999724 1 1 0.7755102040816326 0.8144329896907216
301 0.0011751999999999319 0 0 0.7755102040816326 0.8144329896907216
302 0.0011921000000000292 0 0 0.7755102040816326 0.8144329896907216
303 0.0013649000000000022 0 0 0.7755102040816326 0.8144329896907216
304 0.0013066000000000466 0 0 0.7755102040816326 0.8144329896907216
305 0.0014308000000000654 0 0 0.7755102040816326 0.8144329896907216
306 0.0012961999999999696 0 0 0.7755102040816326 0.8144329896907216
307 0.001324300000000056 0 0 0.7755102040816326 0.8144329896907216
308 0.0011888999999999372 0 0 0.7755102040816326 0.8144329896907216
309 0.0016503999999999408 1 1 0.7959183673469388 0.8247422680412371
310 0.0016161000000000092 0 1 0.7959183673469388 0.8350515463917526
311 0.0013779999999999903 1 1 0.8163265306122449 0.845360824742268
312 0.0016439999999999788 0 0 0.8163265306122449 0.845360824742268
313 0.0018964999999999677 0 1 0.8163265306122449 0.8556701030927835
314 0.0017833999999999905 0 0 0.8163265306122449 0.8556701030927835
315 0.0017274000000000456 0 0 0.8163265306122449 0.8556701030927835
316 0.0022193999999999825 0 0 0.8163265306122449 0.8556701030927835
317 0.0012971999999999984 0 1 0.8163265306122449 0.865979381443299
318 0.0012270999999999255 0 0 0.8163265306122449 0.865979381443299
319 0.0012784999999999602 0 0 0.8163265306122449 0.865979381443299
320 0.0013153999999999666 0 0 0.8163265306122449 0.865979381443299
321 0.001509399999999994 0 0 0.8163265306122449 0.865979381443299
322 0.0012087000000000625 0 0 0.8163265306122449 0.865979381443299
323 0.0013168999999999542 0 0 0.8163265306122449 0.865979381443299
324 0.001277899999999943 0 0 0.8163265306122449 0.865979381443299
325 0.0014871999999999108 0 0 0.8163265306122449 0.865979381443299
326 0.0013929000000000302 0 0 0.8163265306122449 0.865979381443299
327 0.0012108000000000674 0 0 0.8163265306122449 0.865979381443299
328 0.001321400000000028 1 0 0.8367346938775511 0.865979381443299
329 0.0013935999999999948 0 0 0.8367346938775511 0.865979381443299
330 0.001293899999999959 0 0 0.8367346938775511 0.865979381443299
331 0.0011911000000000005 0 0 0.8367346938775511 0.865979381443299
332 0.0011981000000000908 0 0 0.8367346938775511 0.865979381443299
333 0.0015864999999999352 0 0 0.8367346938775511 0.865979381443299
334 0.001386700000000074 0 0 0.8367346938775511 0.865979381443299
335 0.0011925999999999881 0 0 0.8367346938775511 0.865979381443299
336 0.0011827999999999284 0 0 0.8367346938775511 0.865979381443299
337 0.0019462999999999564 0 0 0.8367346938775511 0.865979381443299
338 0.002203499999999914 0 0 0.8367346938775511 0.865979381443299
339 0.001653400000000027 0 0 0.8367346938775511 0.865979381443299
340 0.001706199999999991 0 0 0.8367346938775511 0.865979381443299
341 0.0014374999999999805 0 0 0.8367346938775511 0.865979381443299
342 0.0013203999999999994 0 0 0.8367346938775511 0.865979381443299
343 0.0012120999999999382 0 1 0.8367346938775511 0.8762886597938144
344 0.0012330000000000396 1 2 0.8571428571428571 0.8969072164948454
345 0.0013864000000000098 0 0 0.8571428571428571 0.8969072164948454
346 0.001446199999999953 0 0 0.8571428571428571 0.8969072164948454
347 0.0012968999999999342 0 0 0.8571428571428571 0.8969072164948454
348 0.0012490000000000556 0 0 0.8571428571428571 0.8969072164948454
349 0.001417899999999972 0 0 0.8571428571428571 0.8969072164948454
350 0.0015060999999999547 0 0 0.8571428571428571 0.8969072164948454
351 0.0014030999999999905 0 0 0.8571428571428571 0.8969072164948454
352 0.0014041000000000192 0 0 0.8571428571428571 0.8969072164948454
353 0.001357900000000023 0 0 0.8571428571428571 0.8969072164948454
354 0.0017473999999999545 0 0 0.8571428571428571 0.8969072164948454
355 0.001485100000000017 0 0 0.8571428571428571 0.8969072164948454
356 0.001346699999999923 0 0 0.8571428571428571 0.8969072164948454
357 0.0012518000000000251 0 0 0.8571428571428571 0.8969072164948454
358 0.0018573000000000617 0 0 0.8571428571428571 0.8969072164948454
359 0.001622699999999977 0 0 0.8571428571428571 0.8969072164948454
360 0.0014878999999999865 0 0 0.8571428571428571 0.8969072164948454
361 0.001257399999999964 0 0 0.8571428571428571 0.8969072164948454
362 0.0014174999999999605 0 1 0.8571428571428571 0.9072164948453608
363 0.0014925000000000077 0 0 0.8571428571428571 0.9072164948453608
364 0.0014115999999999573 0 0 0.8571428571428571 0.9072164948453608
365 0.0013079999999999758 0 0 0.8571428571428571 0.9072164948453608
366 0.0016366999999999354 0 0 0.8571428571428571 0.9072164948453608
367 0.0020099999999999563 0 0 0.8571428571428571 0.9072164948453608
368 0.0012579999999999814 0 0 0.8571428571428571 0.9072164948453608
369 0.0013077000000000227 0 1 0.8571428571428571 0.9175257731958762
370 0.001470199999999977 1 1 0.8775510204081632 0.9278350515463918
371 0.0014642000000000266 0 0 0.8775510204081632 0.9278350515463918
372 0.0013685000000001057 0 0 0.8775510204081632 0.9278350515463918
373 0.0013533000000000017 0 0 0.8775510204081632 0.9278350515463918
374 0.0014607999999999288 0 0 0.8775510204081632 0.9278350515463918
375 0.00139659999999997 0 0 0.8775510204081632 0.9278350515463918
376 0.0012311999999999879 0 0 0.8775510204081632 0.9278350515463918
377 0.0012404999999999777 0 1 0.8775510204081632 0.9381443298969072
378 0.0030124999999999735 0 0 0.8775510204081632 0.9381443298969072
379 0.0013988000000000334 0 0 0.8775510204081632 0.9381443298969072
380 0.0012747999999999093 0 0 0.8775510204081632 0.9381443298969072
381 0.0013092000000000104 0 0 0.8775510204081632 0.9381443298969072
382 0.0015718999999999594 0 0 0.8775510204081632 0.9381443298969072
383 0.001549899999999993 0 0 0.8775510204081632 0.9381443298969072
384 0.0013798999999999895 0 0 0.8775510204081632 0.9381443298969072
385 0.00127390000000005 1 0 0.8979591836734694 0.9381443298969072
386 0.001835800000000054 0 0 0.8979591836734694 0.9381443298969072
387 0.0015865999999999936 0 1 0.8979591836734694 0.9484536082474226
388 0.0012325000000000808 1 0 0.9183673469387755 0.9484536082474226
389 0.0013236000000000914 0 0 0.9183673469387755 0.9484536082474226
390 0.0017546000000000506 0 0 0.9183673469387755 0.9484536082474226
391 0.0014837000000000877 0 0 0.9183673469387755 0.9484536082474226
392 0.0012607000000000035 0 0 0.9183673469387755 0.9484536082474226
393 0.0012530000000000596 0 0 0.9183673469387755 0.9484536082474226
394 0.0016641000000000572 0 0 0.9183673469387755 0.9484536082474226
395 0.0013552000000000008 0 0 0.9183673469387755 0.9484536082474226
396 0.0012204999999999577 0 0 0.9183673469387755 0.9484536082474226
397 0.001462199999999969 1 0 0.9387755102040817 0.9484536082474226
398 0.0022535999999999667 0 0 0.9387755102040817 0.9484536082474226
399 0.0012959000000000165 0 0 0.9387755102040817 0.9484536082474226
400 0.0013001000000000262 0 0 0.9387755102040817 0.9484536082474226
401 0.00126779999999993 0 1 0.9387755102040817 0.9587628865979382
402 0.0013815999999999828 0 0 0.9387755102040817 0.9587628865979382
403 0.001437899999999992 0 0 0.9387755102040817 0.9587628865979382
404 0.001426200000000044 0 0 0.9387755102040817 0.9587628865979382
405 0.0012589000000000627 0 0 0.9387755102040817 0.9587628865979382
406 0.0013121000000000382 1 0 0.9591836734693877 0.9587628865979382
407 0.0020476000000000383 0 0 0.9591836734693877 0.9587628865979382
408 0.0016249000000000402 0 0 0.9591836734693877 0.9587628865979382
409 0.0013376999999999972 0 0 0.9591836734693877 0.9587628865979382
410 0.0015327000000000535 0 0 0.9591836734693877 0.9587628865979382
411 0.001548300000000058 0 1 0.9591836734693877 0.9690721649484536
412 0.0013803999999999483 0 0 0.9591836734693877 0.9690721649484536
413 0.0012720999999999982 0 0 0.9591836734693877 0.9690721649484536
414 0.0018852999999999787 1 0 0.9795918367346939 0.9690721649484536
415 0.0019248000000000598 0 0 0.9795918367346939 0.9690721649484536
416 0.0012629000000000667 0 0 0.9795918367346939 0.9690721649484536
417 0.0012670999999999655 0 0 0.9795918367346939 0.9690721649484536
418 0.001473100000000005 0 0 0.9795918367346939 0.9690721649484536
419 0.0015529999999999156 0 0 0.9795918367346939 0.9690721649484536
420 0.0013600999999999752 1 0 1.0 0.9690721649484536
421 0.0012352999999999392 0 0 1.0 0.9690721649484536
422 0.001340600000000025 0 0 1.0 0.9690721649484536
423 0.0015829000000000537 0 0 1.0 0.9690721649484536
424 0.0014222999999999875 0 0 1.0 0.9690721649484536
425 0.0013199000000000405 0 0 1.0 0.9690721649484536
426 0.0014369999999999106 0 0 1.0 0.9690721649484536
427 0.0014320000000000999 0 0 1.0 0.9690721649484536
428 0.0022643999999999442 0 0 1.0 0.9690721649484536
429 0.0018323999999999563 0 0 1.0 0.9690721649484536
430 0.0019249000000000072 0 0 1.0 0.9690721649484536
431 0.00153100000000006 0 1 1.0 0.979381443298969
432 0.0013236999999999277 0 0 1.0 0.979381443298969
433 0.0015608000000000288 0 0 1.0 0.979381443298969
434 0.0025036999999999976 0 0 1.0 0.979381443298969
435 0.0014058000000000126 0 0 1.0 0.979381443298969
436 0.001250699999999938 0 0 1.0 0.979381443298969
437 0.001388599999999962 0 0 1.0 0.979381443298969
438 0.0015543999999999558 0 0 1.0 0.979381443298969
439 0.0013585999999999876 0 0 1.0 0.979381443298969
440 0.0014184999999999892 0 0 1.0 0.979381443298969
441 0.0013889000000000262 0 0 1.0 0.979381443298969
442 0.001985100000000073 0 0 1.0 0.979381443298969
443 0.0014800000000000368 0 0 1.0 0.979381443298969
444 0.001303799999999966 0 0 1.0 0.979381443298969
445 0.0018660000000000343 0 0 1.0 0.979381443298969
446 0.001444600000000018 0 0 1.0 0.979381443298969
447 0.001315500000000025 0 0 1.0 0.979381443298969
448 0.001547499999999924 0 0 1.0 0.979381443298969
449 0.0012816999999999412 0 0 1.0 0.979381443298969
450 0.0014619999999999633 0 0 1.0 0.979381443298969
451 0.0013965000000000227 0 0 1.0 0.979381443298969
452 0.0012973000000000567 0 0 1.0 0.979381443298969
453 0.00281739999999997 0 0 1.0 0.979381443298969
454 0.001719000000000026 0 0 1.0 0.979381443298969
455 0.001401899999999956 0 0 1.0 0.979381443298969
456 0.0014781000000000377 0 0 1.0 0.979381443298969
457 0.0014828999999999537 0 0 1.0 0.979381443298969
458 0.0014497000000001092 0 1 1.0 0.9896907216494846
459 0.001393899999999948 0 0 1.0 0.9896907216494846
460 0.0013675999999999133 0 0 1.0 0.9896907216494846
461 0.002161699999999933 0 0 1.0 0.9896907216494846
462 0.0014526999999999735 0 0 1.0 0.9896907216494846
463 0.0013988000000000334 0 0 1.0 0.9896907216494846
464 0.0015225000000000932 0 0 1.0 0.9896907216494846
465 0.0015592000000000938 0 0 1.0 0.9896907216494846
466 0.0014411999999999203 0 0 1.0 0.9896907216494846
467 0.0012811999999999824 0 0 1.0 0.9896907216494846
468 0.0014240999999999282 0 0 1.0 0.9896907216494846
469 0.001678199999999963 0 0 1.0 0.9896907216494846
470 0.001482199999999989 0 0 1.0 0.9896907216494846
471 0.0014528000000000318 0 0 1.0 0.9896907216494846
472 0.0016943000000000374 0 0 1.0 0.9896907216494846
473 0.0017188000000000203 0 0 1.0 0.9896907216494846
474 0.0012848999999999222 0 0 1.0 0.9896907216494846
475 0.0014854999999999174 0 0 1.0 0.9896907216494846
476 0.001329399999999925 0 0 1.0 0.9896907216494846
477 0.0016038999999999914 0 1 1.0 1.0
