10 0.3 0.1
1 0.00030179999999999096 1 0 0.1111111111111111 0.5294117647058824
2 0.00020950000000000135 0 0 0.1111111111111111 0.5294117647058824
3 0.00025939999999999297 0 0 0.1111111111111111 0.5294117647058824
4 0.00030949999999999034 1 0 0.2222222222222222 0.5294117647058824
5 0.00038710000000000133 0 0 0.2222222222222222 0.5294117647058824
6 0.0007353999999999972 1 0 0.3333333333333333 0.5294117647058824
7 0.0005411999999999917 0 0 0.3333333333333333 0.5294117647058824
8 0.0005957000000000046 0 0 0.3333333333333333 0.5294117647058824
9 0.00023559999999997472 0 0 0.3333333333333333 0.5294117647058824
10 0.00027569999999998984 0 0 0.3333333333333333 0.5294117647058824
11 0.00029389999999998584 0 0 0.3333333333333333 0.5294117647058824
12 0.0002238999999999991 0 0 0.3333333333333333 0.5294117647058824
13 0.00022320000000000673 0 0 0.3333333333333333 0.5294117647058824
14 0.0002872000000000152 0 0 0.3333333333333333 0.5294117647058824
15 0.0003352000000000077 0 0 0.3333333333333333 0.5294117647058824
16 0.0002506999999999926 1 0 0.4444444444444444 0.5294117647058824
17 0.0003034000000000092 0 0 0.4444444444444444 0.5294117647058824
18 0.00036139999999998396 0 0 0.4444444444444444 0.5294117647058824
19 0.0003963999999999912 0 0 0.4444444444444444 0.5294117647058824
20 0.0002838000000000007 0 0 0.4444444444444444 0.5294117647058824
21 0.00034100000000000796 0 0 0.4444444444444444 0.5294117647058824
22 0.0005507999999999902 0 1 0.4444444444444444 0.5882352941176471
23 0.0002617000000000036 0 0 0.4444444444444444 0.5882352941176471
24 0.00023520000000001873 0 0 0.4444444444444444 0.5882352941176471
25 0.00031690000000000884 0 0 0.4444444444444444 0.5882352941176471
26 0.0005467000000000111 1 1 0.5555555555555556 0.6470588235294118
27 0.0004635000000000056 1 0 0.6666666666666666 0.6470588235294118
28 0.0003232999999999986 0 0 0.6666666666666666 0.6470588235294118
29 0.00025680000000000147 0 0 0.6666666666666666 0.6470588235294118
30 0.00032869999999998734 1 0 0.7777777777777778 0.6470588235294118
31 0.0003263999999999767 1 0 0.8888888888888888 0.6470588235294118
32 0.0003039999999999987 0 0 0.8888888888888888 0.6470588235294118
33 0.00046219999999999595 0 0 0.8888888888888888 0.6470588235294118
34 0.0003641000000000061 0 0 0.8888888888888888 0.6470588235294118
35 0.00030570000000001984 1 1 1.0 0.7058823529411765
36 0.00030839999999998646 0 0 1.0 0.7058823529411765
37 0.0003599999999999992 0 1 1.0 0.7647058823529411
38 0.0003614000000000117 0 0 1.0 0.7647058823529411
39 0.0003621000000000041 0 0 1.0 0.7647058823529411
40 0.0003539000000000181 0 0 1.0 0.7647058823529411
41 0.00039000000000000146 0 1 1.0 0.8235294117647058
42 0.0002662999999999971 0 1 1.0 0.8823529411764706
43 0.00044199999999999795 0 0 1.0 0.8823529411764706
44 0.00050840000000002 0 0 1.0 0.8823529411764706
45 0.0002925000000000011 0 0 1.0 0.8823529411764706
46 0.0002816000000000207 0 0 1.0 0.8823529411764706
47 0.00026480000000000947 0 0 1.0 0.8823529411764706
48 0.00033299999999999996 0 0 1.0 0.8823529411764706
49 0.0002995000000000081 0 0 1.0 0.8823529411764706
50 0.0003120000000000067 0 0 1.0 0.8823529411764706
51 0.00043999999999999595 0 1 1.0 0.9411764705882353
52 0.00027450000000001085 0 0 1.0 0.9411764705882353
53 0.0005056999999999978 0 0 1.0 0.9411764705882353
54 0.00045459999999999945 0 0 1.0 0.9411764705882353
55 0.00035760000000001346 0 0 1.0 0.9411764705882353
56 0.0004632999999999998 0 0 1.0 0.9411764705882353
57 0.0007695000000000063 0 0 1.0 0.9411764705882353
58 0.0005568999999999991 0 0 1.0 0.9411764705882353
59 0.00039719999999998645 0 0 1.0 0.9411764705882353
60 0.0004473999999999867 0 0 1.0 0.9411764705882353
61 0.00032969999999998834 0 0 1.0 0.9411764705882353
62 0.0003949000000000036 0 0 1.0 0.9411764705882353
63 0.0004338999999999871 0 0 1.0 0.9411764705882353
64 0.0008653999999999884 0 0 1.0 0.9411764705882353
65 0.00048770000000000757 0 0 1.0 0.9411764705882353
66 0.0002848000000000017 0 0 1.0 0.9411764705882353
67 0.0002994000000000052 0 0 1.0 0.9411764705882353
68 0.0003486999999999796 0 0 1.0 0.9411764705882353
69 0.0003882000000000052 0 0 1.0 0.9411764705882353
70 0.0003458000000000072 0 0 1.0 0.9411764705882353
71 0.0003410999999999831 0 0 1.0 0.9411764705882353
72 0.0002954000000000012 0 0 1.0 0.9411764705882353
73 0.0003666999999999976 0 0 1.0 0.9411764705882353
74 0.00041489999999999583 0 0 1.0 0.9411764705882353
75 0.00033080000000001997 0 0 1.0 0.9411764705882353
76 0.00043280000000001095 0 0 1.0 0.9411764705882353
77 0.00042079999999999895 0 0 1.0 0.9411764705882353
78 0.00035620000000000096 0 0 1.0 0.9411764705882353
79 0.00039310000000000733 0 0 1.0 0.9411764705882353
80 0.0004009999999999847 0 1 1.0 1.0
