50 0.1 0.7
1 0.0015031999999999823 0 0 0.0 0.5051546391752577
2 0.0011604000000000059 0 0 0.0 0.5051546391752577
3 0.0010479999999999934 0 0 0.0 0.5051546391752577
4 0.001219700000000018 0 0 0.0 0.5051546391752577
5 0.0010214999999999808 0 0 0.0 0.5051546391752577
6 0.0010623999999999911 0 0 0.0 0.5051546391752577
7 0.001009900000000008 0 0 0.0 0.5051546391752577
8 0.0009327000000000085 0 0 0.0 0.5051546391752577
9 0.0009244999999999948 1 0 0.02040816326530612 0.5051546391752577
10 0.001005099999999981 1 1 0.04081632653061224 0.5154639175257731
11 0.001851699999999984 0 0 0.04081632653061224 0.5154639175257731
12 0.0011948000000000236 1 0 0.061224489795918366 0.5154639175257731
13 0.0010382000000000169 0 0 0.061224489795918366 0.5154639175257731
14 0.0010505000000000098 0 0 0.061224489795918366 0.5154639175257731
15 0.0009752999999999845 0 0 0.061224489795918366 0.5154639175257731
16 0.0009792999999999885 0 0 0.061224489795918366 0.5154639175257731
17 0.0023749999999999882 0 0 0.061224489795918366 0.5154639175257731
18 0.0012776999999999927 0 0 0.061224489795918366 0.5154639175257731
19 0.0009849999999999859 0 0 0.061224489795918366 0.5154639175257731
20 0.0009747999999999979 0 0 0.061224489795918366 0.5154639175257731
21 0.001678800000000008 0 1 0.061224489795918366 0.5257731958762887
22 0.001776999999999973 0 0 0.061224489795918366 0.5257731958762887
23 0.0010751999999999984 0 0 0.061224489795918366 0.5257731958762887
24 0.001087500000000019 1 1 0.08163265306122448 0.5360824742268041
25 0.001125900000000013 0 0 0.08163265306122448 0.5360824742268041
26 0.0011043000000000025 0 0 0.08163265306122448 0.5360824742268041
27 0.0011827999999999839 0 0 0.08163265306122448 0.5360824742268041
28 0.0012957000000000107 0 0 0.08163265306122448 0.5360824742268041
29 0.0010529999999999706 0 0 0.08163265306122448 0.5360824742268041
30 0.001121900000000009 0 0 0.08163265306122448 0.5360824742268041
31 0.0011629999999999696 0 0 0.08163265306122448 0.5360824742268041
32 0.0010452999999999713 0 0 0.08163265306122448 0.5360824742268041
33 0.0010285000000000433 0 0 0.08163265306122448 0.5360824742268041
34 0.0010268999999999973 0 0 0.08163265306122448 0.5360824742268041
35 0.0012424000000000324 0 0 0.08163265306122448 0.5360824742268041
36 0.001950300000000016 0 0 0.08163265306122448 0.5360824742268041
37 0.001349800000000012 0 0 0.08163265306122448 0.5360824742268041
38 0.0009607999999999839 0 0 0.08163265306122448 0.5360824742268041
39 0.0010383000000000475 0 0 0.08163265306122448 0.5360824742268041
40 0.0010426000000000046 0 0 0.08163265306122448 0.5360824742268041
41 0.001659899999999992 0 0 0.08163265306122448 0.5360824742268041
42 0.001198699999999997 0 0 0.08163265306122448 0.5360824742268041
43 0.0013256999999999852 0 0 0.08163265306122448 0.5360824742268041
44 0.0010709999999999886 0 0 0.08163265306122448 0.5360824742268041
45 0.001054300000000008 0 0 0.08163265306122448 0.5360824742268041
46 0.0024541000000000146 0 0 0.08163265306122448 0.5360824742268041
47 0.0010678000000000076 0 0 0.08163265306122448 0.5360824742268041
48 0.0010286999999999935 0 0 0.08163265306122448 0.5360824742268041
49 0.0011178000000000021 0 0 0.08163265306122448 0.5360824742268041
50 0.0013233999999999746 0 0 0.08163265306122448 0.5360824742268041
51 0.0014480000000000048 0 0 0.08163265306122448 0.5360824742268041
52 0.0011879000000000195 0 0 0.08163265306122448 0.5360824742268041
53 0.0014093000000000022 0 0 0.08163265306122448 0.5360824742268041
54 0.001383800000000046 0 0 0.08163265306122448 0.5360824742268041
55 0.002207699999999979 0 0 0.08163265306122448 0.5360824742268041
56 0.0010232000000000019 0 0 0.08163265306122448 0.5360824742268041
57 0.0010720999999999647 0 0 0.08163265306122448 0.5360824742268041
58 0.0010467000000000115 0 0 0.08163265306122448 0.5360824742268041
59 0.0013492999999999977 1 1 0.10204081632653061 0.5463917525773195
60 0.001151100000000016 1 0 0.12244897959183673 0.5463917525773195
61 0.0013243000000000005 0 0 0.12244897959183673 0.5463917525773195
62 0.0010562000000000071 0 0 0.12244897959183673 0.5463917525773195
63 0.0010976999999999792 0 0 0.12244897959183673 0.5463917525773195
64 0.0010660000000000114 0 0 0.12244897959183673 0.5463917525773195
65 0.0010843999999999854 0 0 0.12244897959183673 0.5463917525773195
66 0.0012091000000000185 0 1 0.12244897959183673 0.5567010309278351
67 0.0010204999999999798 0 0 0.12244897959183673 0.5567010309278351
68 0.0010065000000000213 0 0 0.12244897959183673 0.5567010309278351
69 0.0011031000000000235 0 0 0.12244897959183673 0.5567010309278351
70 0.0011811999999999934 0 0 0.12244897959183673 0.5567010309278351
71 0.001529500000000017 0 0 0.12244897959183673 0.5567010309278351
72 0.0010246999999999895 0 0 0.12244897959183673 0.5567010309278351
73 0.000997099999999973 0 0 0.12244897959183673 0.5567010309278351
74 0.001812199999999986 1 1 0.14285714285714285 0.5670103092783505
75 0.0012184000000000084 0 0 0.14285714285714285 0.5670103092783505
76 0.0012485999999999886 0 0 0.14285714285714285 0.5670103092783505
77 0.0011095999999999884 0 0 0.14285714285714285 0.5670103092783505
78 0.00174669999999999 0 0 0.14285714285714285 0.5670103092783505
79 0.0013944000000000178 0 0 0.14285714285714285 0.5670103092783505
80 0.0010519999999999974 0 0 0.14285714285714285 0.5670103092783505
81 0.0010880999999999807 0 0 0.14285714285714285 0.5670103092783505
82 0.0010208999999999913 0 0 0.14285714285714285 0.5670103092783505
83 0.0010301000000000338 0 0 0.14285714285714285 0.5670103092783505
84 0.001450600000000024 0 0 0.14285714285714285 0.5670103092783505
85 0.001319899999999985 0 0 0.14285714285714285 0.5670103092783505
86 0.0012466999999999895 0 0 0.14285714285714285 0.5670103092783505
87 0.0010914000000000201 0 0 0.14285714285714285 0.5670103092783505
88 0.0014408000000000198 0 0 0.14285714285714285 0.5670103092783505
89 0.0012023999999999924 0 0 0.14285714285714285 0.5670103092783505
90 0.0010800999999999727 0 0 0.14285714285714285 0.5670103092783505
91 0.0011049000000000198 0 0 0.14285714285714285 0.5670103092783505
92 0.0010176000000000074 0 0 0.14285714285714285 0.5670103092783505
93 0.001417099999999949 0 0 0.14285714285714285 0.5670103092783505
94 0.001512300000000022 0 0 0.14285714285714285 0.5670103092783505
95 0.0014496999999999982 0 0 0.14285714285714285 0.5670103092783505
96 0.0013273999999999786 0 0 0.14285714285714285 0.5670103092783505
97 0.001390300000000011 1 1 0.16326530612244897 0.5773195876288659
98 0.0011819999999999609 1 0 0.1836734693877551 0.5773195876288659
99 0.0013555000000000095 0 0 0.1836734693877551 0.5773195876288659
100 0.0011409000000000002 0 0 0.1836734693877551 0.5773195876288659
101 0.0012579999999999814 0 0 0.1836734693877551 0.5773195876288659
102 0.0010386000000000006 0 0 0.1836734693877551 0.5773195876288659
103 0.0018307999999999658 0 0 0.1836734693877551 0.5773195876288659
104 0.0014938999999999925 0 0 0.1836734693877551 0.5773195876288659
105 0.0010383000000000475 0 0 0.1836734693877551 0.5773195876288659
106 0.0010632999999999893 0 0 0.1836734693877551 0.5773195876288659
107 0.0011888999999999927 0 0 0.1836734693877551 0.5773195876288659
108 0.0016603000000000034 0 0 0.1836734693877551 0.5773195876288659
109 0.0012827999999999729 0 0 0.1836734693877551 0.5773195876288659
110 0.0010609000000000313 0 0 0.1836734693877551 0.5773195876288659
111 0.0011000999999999928 0 0 0.1836734693877551 0.5773195876288659
112 0.0019407000000000174 0 0 0.1836734693877551 0.5773195876288659
113 0.0010658000000000056 0 0 0.1836734693877551 0.5773195876288659
114 0.0011137999999999981 0 0 0.1836734693877551 0.5773195876288659
115 0.0010445000000000038 0 0 0.1836734693877551 0.5773195876288659
116 0.0010421000000000458 0 0 0.1836734693877551 0.5773195876288659
117 0.0012271000000000365 0 0 0.1836734693877551 0.5773195876288659
118 0.0012193999999999816 0 0 0.1836734693877551 0.5773195876288659
119 0.0011710000000000331 0 0 0.1836734693877551 0.5773195876288659
120 0.0010758000000000156 0 0 0.1836734693877551 0.5773195876288659
121 0.0010772000000000004 0 0 0.1836734693877551 0.5773195876288659
122 0.0012619999999999854 0 0 0.1836734693877551 0.5773195876288659
123 0.0011111999999999789 0 0 0.1836734693877551 0.5773195876288659
124 0.0010804999999999843 0 0 0.1836734693877551 0.5773195876288659
125 0.0010601000000000083 0 0 0.1836734693877551 0.5773195876288659
126 0.00165299999999996 0 0 0.1836734693877551 0.5773195876288659
127 0.001823100000000022 0 0 0.1836734693877551 0.5773195876288659
128 0.0010740000000000194 0 0 0.1836734693877551 0.5773195876288659
129 0.0010811999999999489 0 0 0.1836734693877551 0.5773195876288659
130 0.0011088000000000209 0 0 0.1836734693877551 0.5773195876288659
131 0.0011697999999999986 0 0 0.1836734693877551 0.5773195876288659
132 0.001123900000000011 0 0 0.1836734693877551 0.5773195876288659
133 0.001345800000000008 1 2 0.20408163265306123 0.5979381443298969
134 0.0010642000000000151 0 0 0.20408163265306123 0.5979381443298969
135 0.001807100000000006 0 0 0.20408163265306123 0.5979381443298969
136 0.0018227000000000104 0 0 0.20408163265306123 0.5979381443298969
137 0.0010494000000000336 0 0 0.20408163265306123 0.5979381443298969
138 0.0010803999999999814 0 0 0.20408163265306123 0.5979381443298969
139 0.0014340999999999937 0 0 0.20408163265306123 0.5979381443298969
140 0.0014914000000000316 0 0 0.20408163265306123 0.5979381443298969
141 0.0016336000000000128 0 0 0.20408163265306123 0.5979381443298969
142 0.0010270000000000001 0 0 0.20408163265306123 0.5979381443298969
143 0.0010854000000000141 0 0 0.20408163265306123 0.5979381443298969
144 0.0010588000000000264 0 0 0.20408163265306123 0.5979381443298969
145 0.0012597000000000302 1 1 0.22448979591836735 0.6082474226804123
146 0.0011006000000000071 1 1 0.24489795918367346 0.6185567010309279
147 0.001113099999999978 0 0 0.24489795918367346 0.6185567010309279
148 0.0012051000000000145 0 0 0.24489795918367346 0.6185567010309279
149 0.001058300000000012 0 0 0.24489795918367346 0.6185567010309279
150 0.0014097000000000137 0 0 0.24489795918367346 0.6185567010309279
151 0.0013208000000000109 0 0 0.24489795918367346 0.6185567010309279
152 0.0011660000000000004 0 0 0.24489795918367346 0.6185567010309279
153 0.001150299999999993 0 0 0.24489795918367346 0.6185567010309279
154 0.0011421000000000348 0 0 0.24489795918367346 0.6185567010309279
155 0.0017276000000000513 1 0 0.2653061224489796 0.6185567010309279
156 0.0012414000000000036 0 0 0.2653061224489796 0.6185567010309279
157 0.001198699999999997 0 0 0.2653061224489796 0.6185567010309279
158 0.002365299999999959 0 1 0.2653061224489796 0.6288659793814433
159 0.0012152000000000274 0 0 0.2653061224489796 0.6288659793814433
160 0.0011276000000000064 0 0 0.2653061224489796 0.6288659793814433
161 0.0011107999999999674 0 0 0.2653061224489796 0.6288659793814433
162 0.0011355999999999589 0 0 0.2653061224489796 0.6288659793814433
163 0.001739899999999961 0 0 0.2653061224489796 0.6288659793814433
164 0.002007800000000004 0 0 0.2653061224489796 0.6288659793814433
165 0.0012030000000000096 1 1 0.2857142857142857 0.6391752577319587
166 0.0014743999999999868 0 0 0.2857142857142857 0.6391752577319587
167 0.0023331999999999797 0 0 0.2857142857142857 0.6391752577319587
168 0.0011026000000000091 0 0 0.2857142857142857 0.6391752577319587
169 0.0011405999999999916 0 0 0.2857142857142857 0.6391752577319587
170 0.0013713000000000197 0 0 0.2857142857142857 0.6391752577319587
171 0.0012503000000000375 0 0 0.2857142857142857 0.6391752577319587
172 0.0013892000000000349 0 0 0.2857142857142857 0.6391752577319587
173 0.0012064999999999992 0 0 0.2857142857142857 0.6391752577319587
174 0.0015362999999999905 0 0 0.2857142857142857 0.6391752577319587
175 0.0016656999999999922 0 0 0.2857142857142857 0.6391752577319587
176 0.0011376000000000164 1 0 0.30612244897959184 0.6391752577319587
177 0.0010530999999999735 0 0 0.30612244897959184 0.6391752577319587
178 0.0011849999999999916 1 0 0.32653061224489793 0.6391752577319587
179 0.0012745000000000117 0 0 0.32653061224489793 0.6391752577319587
180 0.0021060000000000523 0 0 0.32653061224489793 0.6391752577319587
181 0.0011811999999999934 1 1 0.3469387755102041 0.6494845360824743
182 0.0011425999999999936 0 0 0.3469387755102041 0.6494845360824743
183 0.0010526000000000146 0 0 0.3469387755102041 0.6494845360824743
184 0.0018944999999999657 0 0 0.3469387755102041 0.6494845360824743
185 0.0014503999999999628 0 0 0.3469387755102041 0.6494845360824743
186 0.0013734000000000246 0 0 0.3469387755102041 0.6494845360824743
187 0.0011301999999999701 0 1 0.3469387755102041 0.6597938144329897
188 0.0011398000000000241 0 0 0.3469387755102041 0.6597938144329897
189 0.0024066000000000365 0 0 0.3469387755102041 0.6597938144329897
190 0.001110699999999909 0 0 0.3469387755102041 0.6597938144329897
191 0.0011049000000000753 0 0 0.3469387755102041 0.6597938144329897
192 0.001338699999999915 0 0 0.3469387755102041 0.6597938144329897
193 0.0021615000000000384 1 0 0.3673469387755102 0.6597938144329897
194 0.0014049999999999896 0 0 0.3673469387755102 0.6597938144329897
195 0.0010839999999999739 0 0 0.3673469387755102 0.6597938144329897
196 0.0013619999999999743 0 0 0.3673469387755102 0.6597938144329897
197 0.0012607000000000035 0 0 0.3673469387755102 0.6597938144329897
198 0.0012175999999999298 0 0 0.3673469387755102 0.6597938144329897
199 0.0011628000000000194 0 0 0.3673469387755102 0.6597938144329897
200 0.0011729000000000323 1 0 0.3877551020408163 0.6597938144329897
201 0.0012010000000000076 0 0 0.3877551020408163 0.6597938144329897
202 0.002100600000000008 0 0 0.3877551020408163 0.6597938144329897
203 0.001191500000000012 0 0 0.3877551020408163 0.6597938144329897
204 0.0011031999999999709 1 1 0.40816326530612246 0.6701030927835051
205 0.0010693999999999981 0 0 0.40816326530612246 0.6701030927835051
206 0.001425900000000091 0 0 0.40816326530612246 0.6701030927835051
207 0.0012691999999999704 0 0 0.40816326530612246 0.6701030927835051
208 0.001967200000000058 0 0 0.40816326530612246 0.6701030927835051
209 0.001128599999999924 0 0 0.40816326530612246 0.6701030927835051
210 0.0015821000000000307 0 0 0.40816326530612246 0.6701030927835051
211 0.002105400000000035 0 0 0.40816326530612246 0.6701030927835051
212 0.001216599999999901 0 0 0.40816326530612246 0.6701030927835051
213 0.0011009999999999076 0 0 0.40816326530612246 0.6701030927835051
214 0.0012377999999999556 0 0 0.40816326530612246 0.6701030927835051
215 0.001206700000000005 0 0 0.40816326530612246 0.6701030927835051
216 0.0014079000000000175 0 0 0.40816326530612246 0.6701030927835051
217 0.0012614000000000791 1 0 0.42857142857142855 0.6701030927835051
218 0.0011229999999999851 0 0 0.42857142857142855 0.6701030927835051
219 0.0017688000000000148 0 0 0.42857142857142855 0.6701030927835051
220 0.0012748999999999677 0 0 0.42857142857142855 0.6701030927835051
221 0.0011857000000000673 0 1 0.42857142857142855 0.6804123711340206
222 0.0013060999999999767 0 0 0.42857142857142855 0.6804123711340206
223 0.0015663000000000205 1 0 0.4489795918367347 0.6804123711340206
224 0.0016439999999999788 0 0 0.4489795918367347 0.6804123711340206
225 0.0012422999999999185 0 0 0.4489795918367347 0.6804123711340206
226 0.001197399999999904 0 0 0.4489795918367347 0.6804123711340206
227 0.0013739999999999863 0 0 0.4489795918367347 0.6804123711340206
228 0.001270699999999958 0 1 0.4489795918367347 0.6907216494845361
229 0.0012452000000000574 0 0 0.4489795918367347 0.6907216494845361
230 0.0011273000000000533 0 0 0.4489795918367347 0.6907216494845361
231 0.0012106000000000616 0 1 0.4489795918367347 0.7010309278350515
232 0.001369100000000012 0 0 0.4489795918367347 0.7010309278350515
233 0.001605900000000049 0 0 0.4489795918367347 0.7010309278350515
234 0.0012811999999999824 0 0 0.4489795918367347 0.7010309278350515
235 0.0010977000000000903 1 0 0.46938775510204084 0.7010309278350515
236 0.0012451999999999463 0 1 0.46938775510204084 0.711340206185567
237 0.0013959000000000055 0 0 0.46938775510204084 0.711340206185567
238 0.0015216000000000118 0 0 0.46938775510204084 0.711340206185567
239 0.0014313999999999716 0 0 0.46938775510204084 0.711340206185567
240 0.0013183999999999418 0 0 0.46938775510204084 0.711340206185567
241 0.0023370000000000335 0 0 0.46938775510204084 0.711340206185567
242 0.0015897000000000272 1 1 0.4897959183673469 0.7216494845360825
243 0.001472599999999935 0 0 0.4897959183673469 0.7216494845360825
244 0.0016096999999999362 0 0 0.4897959183673469 0.7216494845360825
245 0.0018364999999999077 0 1 0.4897959183673469 0.7319587628865979
246 0.001413900000000079 0 0 0.4897959183673469 0.7319587628865979
247 0.0012952000000000519 0 0 0.4897959183673469 0.7319587628865979
248 0.0017261000000000637 0 0 0.4897959183673469 0.7319587628865979
249 0.0012710000000000221 0 0 0.4897959183673469 0.7319587628865979
250 0.001322999999999963 0 0 0.4897959183673469 0.7319587628865979
251 0.0012664999999999482 0 0 0.4897959183673469 0.7319587628865979
252 0.0014659999999999673 0 0 0.4897959183673469 0.7319587628865979
253 0.001464599999999927 0 0 0.4897959183673469 0.7319587628865979
254 0.0021302999999999184 0 0 0.4897959183673469 0.7319587628865979
255 0.001147500000000079 0 0 0.4897959183673469 0.7319587628865979
256 0.0011925999999999881 0 0 0.4897959183673469 0.7319587628865979
257 0.0012662999999999425 0 0 0.4897959183673469 0.7319587628865979
258 0.0013100000000000334 0 0 0.4897959183673469 0.7319587628865979
259 0.0014408999999999672 0 0 0.4897959183673469 0.7319587628865979
260 0.0012143000000000015 0 0 0.4897959183673469 0.7319587628865979
261 0.001637400000000011 0 0 0.4897959183673469 0.7319587628865979
262 0.0013324000000000114 0 0 0.4897959183673469 0.7319587628865979
263 0.0011735999999999969 0 0 0.4897959183673469 0.7319587628865979
264 0.001189899999999966 0 0 0.4897959183673469 0.7319587628865979
265 0.0014093000000000577 0 0 0.4897959183673469 0.7319587628865979
266 0.0016287999999999858 0 0 0.4897959183673469 0.7319587628865979
267 0.0015268999999999977 1 1 0.5102040816326531 0.7422680412371134
268 0.0012562000000000406 1 1 0.5306122448979592 0.7525773195876289
269 0.0011847000000000385 0 0 0.5306122448979592 0.7525773195876289
270 0.0017040999999999862 0 0 0.5306122448979592 0.7525773195876289
271 0.0012982999999999745 0 0 0.5306122448979592 0.7525773195876289
272 0.0018401999999999585 1 1 0.5510204081632653 0.7628865979381443
273 0.0016682000000000086 0 0 0.5510204081632653 0.7628865979381443
274 0.001341900000000007 0 1 0.5510204081632653 0.7731958762886598
275 0.0014375000000000915 0 0 0.5510204081632653 0.7731958762886598
276 0.002834000000000003 0 0 0.5510204081632653 0.7731958762886598
277 0.001404599999999978 0 0 0.5510204081632653 0.7731958762886598
278 0.001851500000000006 0 0 0.5510204081632653 0.7731958762886598
279 0.0012728000000000739 0 0 0.5510204081632653 0.7731958762886598
280 0.001337900000000003 0 0 0.5510204081632653 0.7731958762886598
281 0.0025407000000000624 0 0 0.5510204081632653 0.7731958762886598
282 0.001453399999999938 0 0 0.5510204081632653 0.7731958762886598
283 0.0013883999999999563 1 1 0.5714285714285714 0.7835051546391752
284 0.001789900000000011 1 0 0.5918367346938775 0.7835051546391752
285 0.0016880999999999702 0 0 0.5918367346938775 0.7835051546391752
286 0.0016744999999999122 0 0 0.5918367346938775 0.7835051546391752
287 0.0014869000000000687 0 0 0.5918367346938775 0.7835051546391752
288 0.0024206999999999423 1 1 0.6122448979591837 0.7938144329896907
289 0.0023269000000000206 0 0 0.6122448979591837 0.7938144329896907
290 0.0012663000000000535 0 0 0.6122448979591837 0.7938144329896907
291 0.0019917000000000407 0 0 0.6122448979591837 0.7938144329896907
292 0.0013731999999999633 0 1 0.6122448979591837 0.8041237113402062
293 0.0016520999999999342 0 0 0.6122448979591837 0.8041237113402062
294 0.0013967000000000285 0 0 0.6122448979591837 0.8041237113402062
295 0.0018295999999999868 0 0 0.6122448979591837 0.8041237113402062
296 0.001721100000000031 0 0 0.6122448979591837 0.8041237113402062
297 0.0016761000000000692 0 0 0.6122448979591837 0.8041237113402062
298 0.0015893000000000157 0 0 0.6122448979591837 0.8041237113402062
299 0.0022164999999999546 0 0 0.6122448979591837 0.8041237113402062
300 0.0012501000000000317 0 0 0.6122448979591837 0.8041237113402062
301 0.0012078999999999285 0 0 0.6122448979591837 0.8041237113402062
302 0.0013007999999999909 0 0 0.6122448979591837 0.8041237113402062
303 0.001388300000000009 0 0 0.6122448979591837 0.8041237113402062
304 0.0014880999999999922 0 0 0.6122448979591837 0.8041237113402062
305 0.0014653000000000027 1 1 0.6326530612244898 0.8144329896907216
306 0.001337399999999933 0 0 0.6326530612244898 0.8144329896907216
307 0.0020349000000000617 0 0 0.6326530612244898 0.8144329896907216
308 0.001439000000000079 0 0 0.6326530612244898 0.8144329896907216
309 0.001249100000000003 0 0 0.6326530612244898 0.8144329896907216
310 0.0011552999999999702 0 0 0.6326530612244898 0.8144329896907216
311 0.0011651999999999774 0 0 0.6326530612244898 0.8144329896907216
312 0.002035800000000032 0 0 0.6326530612244898 0.8144329896907216
313 0.0015161000000000202 0 0 0.6326530612244898 0.8144329896907216
314 0.0012727000000000155 1 1 0.6530612244897959 0.8247422680412371
315 0.001409100000000052 0 0 0.6530612244897959 0.8247422680412371
316 0.0019812999999999636 0 0 0.6530612244897959 0.8247422680412371
317 0.0011815000000000575 0 0 0.6530612244897959 0.8247422680412371
318 0.0013212999999999697 0 0 0.6530612244897959 0.8247422680412371
319 0.0012691999999999704 0 0 0.6530612244897959 0.8247422680412371
320 0.001747500000000013 0 0 0.6530612244897959 0.8247422680412371
321 0.0015743000000000285 0 0 0.6530612244897959 0.8247422680412371
322 0.0016353999999999536 0 0 0.6530612244897959 0.8247422680412371
323 0.001737100000000047 0 0 0.6530612244897959 0.8247422680412371
324 0.0012944999999999762 0 0 0.6530612244897959 0.8247422680412371
325 0.0031183000000000183 0 0 0.6530612244897959 0.8247422680412371
326 0.0025759000000000754 0 0 0.6530612244897959 0.8247422680412371
327 0.0016020999999999397 0 0 0.6530612244897959 0.8247422680412371
328 0.0018783999999999468 0 0 0.6530612244897959 0.8247422680412371
329 0.0012575000000000225 0 0 0.6530612244897959 0.8247422680412371
330 0.002594500000000055 0 0 0.6530612244897959 0.8247422680412371
331 0.0018065999999999915 1 1 0.673469387755102 0.8350515463917526
332 0.001377399999999973 1 1 0.6938775510204082 0.845360824742268
333 0.002493399999999979 0 0 0.6938775510204082 0.845360824742268
334 0.0014383000000000035 0 0 0.6938775510204082 0.845360824742268
335 0.0014005000000000267 0 0 0.6938775510204082 0.845360824742268
336 0.0013200999999999352 0 0 0.6938775510204082 0.845360824742268
337 0.00176670000000001 0 0 0.6938775510204082 0.845360824742268
338 0.0014979999999999993 0 0 0.6938775510204082 0.845360824742268
339 0.0013874000000000386 0 0 0.6938775510204082 0.845360824742268
340 0.0013684999999999947 0 0 0.6938775510204082 0.845360824742268
341 0.0021604000000000623 0 0 0.6938775510204082 0.845360824742268
342 0.0013167999999998958 0 0 0.6938775510204082 0.845360824742268
343 0.0012817999999999996 0 0 0.6938775510204082 0.845360824742268
344 0.0012800000000000589 0 0 0.6938775510204082 0.845360824742268
345 0.002056100000000005 0 0 0.6938775510204082 0.845360824742268
346 0.00147660000000005 0 0 0.6938775510204082 0.845360824742268
347 0.0013269000000000197 0 0 0.6938775510204082 0.845360824742268
348 0.0012212000000000334 1 1 0.7142857142857143 0.8556701030927835
349 0.0014124999999999277 1 0 0.7346938775510204 0.8556701030927835
350 0.0020822999999999814 0 0 0.7346938775510204 0.8556701030927835
351 0.0016232000000000468 0 0 0.7346938775510204 0.8556701030927835
352 0.0014072000000000529 0 0 0.7346938775510204 0.8556701030927835
353 0.001735799999999954 0 0 0.7346938775510204 0.8556701030927835
354 0.001389399999999985 0 0 0.7346938775510204 0.8556701030927835
355 0.001592599999999944 0 0 0.7346938775510204 0.8556701030927835
356 0.0013756999999999797 0 0 0.7346938775510204 0.8556701030927835
357 0.0016477000000000297 0 1 0.7346938775510204 0.865979381443299
358 0.0018407999999999758 0 0 0.7346938775510204 0.865979381443299
359 0.0014155999999999613 0 0 0.7346938775510204 0.865979381443299
360 0.001319799999999982 0 0 0.7346938775510204 0.865979381443299
361 0.0014865999999998936 0 0 0.7346938775510204 0.865979381443299
362 0.0014401000000000552 0 0 0.7346938775510204 0.865979381443299
363 0.0013057999999999126 1 1 0.7551020408163265 0.8762886597938144
364 0.0013060000000000294 0 0 0.7551020408163265 0.8762886597938144
365 0.0013456000000000579 0 0 0.7551020408163265 0.8762886597938144
366 0.0023954000000000475 0 0 0.7551020408163265 0.8762886597938144
367 0.0015212999999999477 0 0 0.7551020408163265 0.8762886597938144
368 0.0013733000000000217 0 0 0.7551020408163265 0.8762886597938144
369 0.0015193000000000012 0 0 0.7551020408163265 0.8762886597938144
370 0.0014873999999999166 0 0 0.7551020408163265 0.8762886597938144
371 0.0013900000000000023 0 0 0.7551020408163265 0.8762886597938144
372 0.0015183999999999198 0 0 0.7551020408163265 0.8762886597938144
373 0.0016420999999999797 0 0 0.7551020408163265 0.8762886597938144
374 0.0013824999999999532 0 0 0.7551020408163265 0.8762886597938144
375 0.0018791999999999698 0 0 0.7551020408163265 0.8762886597938144
376 0.0015967000000000064 0 0 0.7551020408163265 0.8762886597938144
377 0.0015417000000000902 0 0 0.7551020408163265 0.8762886597938144
378 0.0018137999999999765 0 0 0.7551020408163265 0.8762886597938144
379 0.0022573000000000176 0 0 0.7551020408163265 0.8762886597938144
380 0.0026648000000000227 0 0 0.7551020408163265 0.8762886597938144
381 0.0026954000000000145 0 0 0.7551020408163265 0.8762886597938144
382 0.001422699999999999 0 0 0.7551020408163265 0.8762886597938144
383 0.002303000000000055 0 0 0.7551020408163265 0.8762886597938144
384 0.00164299999999995 0 0 0.7551020408163265 0.8762886597938144
385 0.0016565000000000607 0 0 0.7551020408163265 0.8762886597938144
386 0.0012706000000000106 0 0 0.7551020408163265 0.8762886597938144
387 0.0013402000000000136 0 0 0.7551020408163265 0.8762886597938144
388 0.0013753000000000792 0 0 0.7551020408163265 0.8762886597938144
389 0.0012687000000000115 0 0 0.7551020408163265 0.8762886597938144
390 0.0013194000000000816 1 1 0.7755102040816326 0.8865979381443299
391 0.0019886999999999544 0 0 0.7755102040816326 0.8865979381443299
392 0.0012369999999999326 0 0 0.7755102040816326 0.8865979381443299
393 0.0013328999999999702 0 0 0.7755102040816326 0.8865979381443299
394 0.001352600000000037 0 0 0.7755102040816326 0.8865979381443299
395 0.0014383000000000035 0 0 0.7755102040816326 0.8865979381443299
396 0.001547499999999924 0 0 0.7755102040816326 0.8865979381443299
397 0.0014880000000000448 0 0 0.7755102040816326 0.8865979381443299
398 0.0013507999999999853 0 0 0.7755102040816326 0.8865979381443299
399 0.0018396000000000523 1 1 0.7959183673469388 0.8969072164948454
400 0.0025001999999999525 1 1 0.8163265306122449 0.9072164948453608
401 0.0014312999999999132 0 0 0.8163265306122449 0.9072164948453608
402 0.0022904000000000257 0 0 0.8163265306122449 0.9072164948453608
403 0.0017114000000000296 0 0 0.8163265306122449 0.9072164948453608
404 0.0015372000000000163 0 0 0.8163265306122449 0.9072164948453608
405 0.0033287000000000733 0 0 0.8163265306122449 0.9072164948453608
406 0.0023748999999999576 0 0 0.8163265306122449 0.9072164948453608
407 0.0018867999999999663 0 0 0.8163265306122449 0.9072164948453608
408 0.002113400000000043 0 0 0.8163265306122449 0.9072164948453608
409 0.0021191000000000404 0 0 0.8163265306122449 0.9072164948453608
410 0.001394699999999971 0 0 0.8163265306122449 0.9072164948453608
411 0.001760299999999937 0 0 0.8163265306122449 0.9072164948453608
412 0.0013471000000000455 0 0 0.8163265306122449 0.9072164948453608
413 0.0013355999999999923 0 0 0.8163265306122449 0.9072164948453608
414 0.001265899999999931 1 1 0.8367346938775511 0.9175257731958762
415 0.0014167000000000485 0 0 0.8367346938775511 0.9175257731958762
416 0.002527799999999969 0 0 0.8367346938775511 0.9175257731958762
417 0.0018628000000000533 0 0 0.8367346938775511 0.9175257731958762
418 0.00184989999999996 0 0 0.8367346938775511 0.9175257731958762
419 0.0019212999999999036 0 0 0.8367346938775511 0.9175257731958762
420 0.002173399999999992 0 0 0.8367346938775511 0.9175257731958762
421 0.001738699999999982 0 0 0.8367346938775511 0.9175257731958762
422 0.0023579999999999712 0 0 0.8367346938775511 0.9175257731958762
423 0.0014648999999999912 0 0 0.8367346938775511 0.9175257731958762
424 0.001341399999999937 0 0 0.8367346938775511 0.9175257731958762
425 0.0014144999999999852 0 0 0.8367346938775511 0.9175257731958762
426 0.001868599999999998 0 0 0.8367346938775511 0.9175257731958762
427 0.002127499999999949 0 0 0.8367346938775511 0.9175257731958762
428 0.001411800000000074 0 0 0.8367346938775511 0.9175257731958762
429 0.001998400000000067 0 0 0.8367346938775511 0.9175257731958762
430 0.0013087999999999989 0 0 0.8367346938775511 0.9175257731958762
431 0.001333899999999999 0 0 0.8367346938775511 0.9175257731958762
432 0.0013863000000000625 0 0 0.8367346938775511 0.9175257731958762
433 0.001479000000000008 1 1 0.8571428571428571 0.9278350515463918
434 0.0018625999999999365 0 0 0.8571428571428571 0.9278350515463918
435 0.0014624999999999222 0 0 0.8571428571428571 0.9278350515463918
436 0.0013798999999999895 1 1 0.8775510204081632 0.9381443298969072
437 0.0016666000000000736 0 0 0.8775510204081632 0.9381443298969072
438 0.0016361000000000292 0 0 0.8775510204081632 0.9381443298969072
439 0.0015676000000000023 0 0 0.8775510204081632 0.9381443298969072
440 0.0013959000000000055 1 0 0.8979591836734694 0.9381443298969072
441 0.002885200000000032 0 0 0.8979591836734694 0.9381443298969072
442 0.001373100000000016 1 1 0.9183673469387755 0.9484536082474226
443 0.0013977000000000572 0 0 0.9183673469387755 0.9484536082474226
444 0.0013777000000000372 0 0 0.9183673469387755 0.9484536082474226
445 0.0017631999999999648 0 0 0.9183673469387755 0.9484536082474226
446 0.0016614999999999824 0 0 0.9183673469387755 0.9484536082474226
447 0.0015389000000000097 1 1 0.9387755102040817 0.9587628865979382
448 0.002205699999999977 1 0 0.9591836734693877 0.9587628865979382
449 0.0014826000000000006 0 0 0.9591836734693877 0.9587628865979382
450 0.0013657999999999726 0 0 0.9591836734693877 0.9587628865979382
451 0.0014928999999999082 0 0 0.9591836734693877 0.9587628865979382
452 0.002140900000000001 0 0 0.9591836734693877 0.9587628865979382
453 0.002092299999999936 0 1 0.9591836734693877 0.9690721649484536
454 0.0014484999999999637 0 0 0.9591836734693877 0.9690721649484536
455 0.0017103000000000534 1 1 0.9795918367346939 0.979381443298969
456 0.001344299999999965 0 0 0.9795918367346939 0.979381443298969
457 0.0014836000000000293 0 0 0.9795918367346939 0.979381443298969
458 0.0021244000000000263 0 0 0.9795918367346939 0.979381443298969
459 0.0025404000000001092 0 0 0.9795918367346939 0.979381443298969
460 0.001996899999999968 0 0 0.9795918367346939 0.979381443298969
461 0.001825900000000047 0 0 0.9795918367346939 0.979381443298969
462 0.002121400000000051 0 0 0.9795918367346939 0.979381443298969
463 0.0019224999999999381 0 0 0.9795918367346939 0.979381443298969
464 0.0014275999999999733 0 0 0.9795918367346939 0.979381443298969
465 0.001416300000000037 0 0 0.9795918367346939 0.979381443298969
466 0.0034041999999999684 0 1 0.9795918367346939 0.9896907216494846
467 0.0016952000000001188 0 0 0.9795918367346939 0.9896907216494846
468 0.002216299999999949 0 0 0.9795918367346939 0.9896907216494846
469 0.0018544000000000338 0 0 0.9795918367346939 0.9896907216494846
470 0.001716300000000004 0 0 0.9795918367346939 0.9896907216494846
471 0.0013878999999998864 0 0 0.9795918367346939 0.9896907216494846
472 0.001592600000000166 0 0 0.9795918367346939 0.9896907216494846
473 0.0014351999999999698 0 0 0.9795918367346939 0.9896907216494846
474 0.0014559999999999018 0 0 0.9795918367346939 0.9896907216494846
475 0.0014815999999999718 0 0 0.9795918367346939 0.9896907216494846
476 0.0019492000000000953 0 0 0.9795918367346939 0.9896907216494846
477 0.0013834000000001456 0 0 0.9795918367346939 0.9896907216494846
478 0.0013410000000000366 0 0 0.9795918367346939 0.9896907216494846
479 0.0015985000000000582 1 1 1.0 1.0
