125 0.3 0.6
1 0.0029671000000000003 0 0 0.0 0.5020242914979757
2 0.002877500000000033 1 0 0.008064516129032258 0.5020242914979757
3 0.002410499999999982 1 0 0.016129032258064516 0.5020242914979757
4 0.002439300000000033 1 0 0.024193548387096774 0.5020242914979757
5 0.0025067999999999757 0 0 0.024193548387096774 0.5020242914979757
6 0.002608100000000002 0 1 0.024193548387096774 0.5060728744939271
7 0.00245709999999999 0 0 0.024193548387096774 0.5060728744939271
8 0.0030709999999999904 0 1 0.024193548387096774 0.5101214574898786
9 0.0025984000000000007 0 0 0.024193548387096774 0.5101214574898786
10 0.0032986000000000404 0 0 0.024193548387096774 0.5101214574898786
11 0.002486199999999994 1 1 0.03225806451612903 0.5141700404858299
12 0.0031707000000000263 1 1 0.04032258064516129 0.5182186234817814
13 0.0028928000000000287 1 0 0.04838709677419355 0.5182186234817814
14 0.0026327999999999907 0 0 0.04838709677419355 0.5182186234817814
15 0.002491900000000047 0 0 0.04838709677419355 0.5182186234817814
16 0.0032617999999999814 0 0 0.04838709677419355 0.5182186234817814
17 0.002592299999999992 1 0 0.056451612903225805 0.5182186234817814
18 0.002644200000000041 0 0 0.056451612903225805 0.5182186234817814
19 0.0029585000000000305 0 0 0.056451612903225805 0.5182186234817814
20 0.00299060000000001 1 1 0.06451612903225806 0.5222672064777328
21 0.0025620000000000087 0 0 0.06451612903225806 0.5222672064777328
22 0.0024405999999999595 0 1 0.06451612903225806 0.5263157894736842
23 0.0030566000000000204 0 0 0.06451612903225806 0.5263157894736842
24 0.0028176999999999786 0 0 0.06451612903225806 0.5263157894736842
25 0.0034129999999999994 0 0 0.06451612903225806 0.5263157894736842
26 0.00253239999999999 1 1 0.07258064516129033 0.5303643724696356
27 0.002893599999999996 0 0 0.07258064516129033 0.5303643724696356
28 0.0027720999999999996 0 0 0.07258064516129033 0.5303643724696356
29 0.002873300000000023 1 0 0.08064516129032258 0.5303643724696356
30 0.002683999999999964 1 1 0.08870967741935484 0.5344129554655871
31 0.0027780000000000027 1 0 0.0967741935483871 0.5344129554655871
32 0.0027924999999999756 0 1 0.0967741935483871 0.5384615384615384
33 0.0027002000000000415 0 0 0.0967741935483871 0.5384615384615384
34 0.0030858999999999748 0 0 0.0967741935483871 0.5384615384615384
35 0.003330500000000014 0 0 0.0967741935483871 0.5384615384615384
36 0.0030644000000000227 1 1 0.10483870967741936 0.5425101214574899
37 0.0027549000000000046 0 2 0.10483870967741936 0.5506072874493927
38 0.0046771999999999925 0 0 0.10483870967741936 0.5506072874493927
39 0.0030497999999999914 1 0 0.11290322580645161 0.5506072874493927
40 0.002680899999999986 1 0 0.12096774193548387 0.5506072874493927
41 0.0029872999999999705 0 0 0.12096774193548387 0.5506072874493927
42 0.0028728000000000087 1 2 0.12903225806451613 0.5587044534412956
43 0.00261119999999998 0 0 0.12903225806451613 0.5587044534412956
44 0.0033026000000000444 0 0 0.12903225806451613 0.5587044534412956
45 0.002727000000000035 0 0 0.12903225806451613 0.5587044534412956
46 0.0029475999999999947 1 1 0.13709677419354838 0.562753036437247
47 0.002748200000000034 0 0 0.13709677419354838 0.562753036437247
48 0.0029741999999999824 0 0 0.13709677419354838 0.562753036437247
49 0.003037700000000032 1 1 0.14516129032258066 0.5668016194331984
50 0.003480900000000009 0 0 0.14516129032258066 0.5668016194331984
51 0.0029289999999999594 0 0 0.14516129032258066 0.5668016194331984
52 0.0030647999999999787 1 1 0.1532258064516129 0.5708502024291497
53 0.0034920000000000506 0 0 0.1532258064516129 0.5708502024291497
54 0.0028910000000000324 1 1 0.16129032258064516 0.5748987854251012
55 0.0028133000000000186 0 1 0.16129032258064516 0.5789473684210527
56 0.0030777000000000165 1 1 0.1693548387096774 0.582995951417004
57 0.0029266000000000014 1 1 0.1774193548387097 0.5870445344129555
58 0.002869599999999972 1 0 0.18548387096774194 0.5870445344129555
59 0.0031858999999999638 1 1 0.1935483870967742 0.5910931174089069
60 0.003325400000000034 0 0 0.1935483870967742 0.5910931174089069
61 0.0033490000000000464 0 0 0.1935483870967742 0.5910931174089069
62 0.002875500000000031 0 0 0.1935483870967742 0.5910931174089069
63 0.003077999999999914 0 1 0.1935483870967742 0.5951417004048583
64 0.002979800000000088 0 0 0.1935483870967742 0.5951417004048583
65 0.0026664000000000687 1 1 0.20161290322580644 0.5991902834008097
66 0.0031482999999999928 1 0 0.20967741935483872 0.5991902834008097
67 0.0030493000000000325 0 0 0.20967741935483872 0.5991902834008097
68 0.0034872000000000236 0 0 0.20967741935483872 0.5991902834008097
69 0.003118499999999913 1 0 0.21774193548387097 0.5991902834008097
70 0.0048175999999999775 0 1 0.21774193548387097 0.6032388663967612
71 0.002899500000000055 0 0 0.21774193548387097 0.6032388663967612
72 0.00366220000000006 0 0 0.21774193548387097 0.6032388663967612
73 0.004017700000000013 0 0 0.21774193548387097 0.6032388663967612
74 0.002807000000000004 1 0 0.22580645161290322 0.6032388663967612
75 0.0028706000000000564 0 0 0.22580645161290322 0.6032388663967612
76 0.0034250000000000114 0 0 0.22580645161290322 0.6032388663967612
77 0.0032060999999999895 1 0 0.23387096774193547 0.6032388663967612
78 0.0029887999999999026 0 0 0.23387096774193547 0.6032388663967612
79 0.0028458000000000094 1 1 0.24193548387096775 0.6072874493927125
80 0.00304889999999991 1 1 0.25 0.611336032388664
81 0.002821900000000044 1 0 0.25806451612903225 0.611336032388664
82 0.003594199999999992 0 2 0.25806451612903225 0.6194331983805668
83 0.0038561999999999763 1 0 0.2661290322580645 0.6194331983805668
84 0.0030250000000000554 0 2 0.2661290322580645 0.6275303643724697
85 0.0028464000000000267 0 0 0.2661290322580645 0.6275303643724697
86 0.0033821000000000545 1 0 0.27419354838709675 0.6275303643724697
87 0.0031025999999999554 0 1 0.27419354838709675 0.631578947368421
88 0.0027553999999999634 1 1 0.28225806451612906 0.6356275303643725
89 0.0028278999999999943 1 1 0.2903225806451613 0.6396761133603239
90 0.0030930999999999598 1 1 0.29838709677419356 0.6437246963562753
91 0.002877200000000024 1 1 0.3064516129032258 0.6477732793522267
92 0.0033969999999999834 1 2 0.31451612903225806 0.6558704453441295
93 0.003993800000000047 0 0 0.31451612903225806 0.6558704453441295
94 0.0029310999999999643 0 0 0.31451612903225806 0.6558704453441295
95 0.002884900000000079 0 0 0.31451612903225806 0.6558704453441295
96 0.003419300000000014 0 0 0.31451612903225806 0.6558704453441295
97 0.003895800000000005 0 0 0.31451612903225806 0.6558704453441295
98 0.0030080000000000107 0 0 0.31451612903225806 0.6558704453441295
99 0.0032273999999999914 1 0 0.3225806451612903 0.6558704453441295
100 0.003338000000000063 1 2 0.33064516129032256 0.6639676113360324
101 0.0031706000000000234 0 0 0.33064516129032256 0.6639676113360324
102 0.0029012999999999955 0 0 0.33064516129032256 0.6639676113360324
103 0.0032218999999999998 1 0 0.3387096774193548 0.6639676113360324
104 0.0028220999999999385 1 1 0.3467741935483871 0.6680161943319838
105 0.0033402000000000154 1 1 0.3548387096774194 0.6720647773279352
106 0.003348599999999924 1 1 0.3629032258064516 0.6761133603238867
107 0.0033417999999999504 1 1 0.3709677419354839 0.680161943319838
108 0.0034931000000000267 0 0 0.3709677419354839 0.680161943319838
109 0.0038810000000000233 0 0 0.3709677419354839 0.680161943319838
110 0.003432899999999961 0 0 0.3709677419354839 0.680161943319838
111 0.002945199999999981 0 0 0.3709677419354839 0.680161943319838
112 0.003219599999999989 1 1 0.3790322580645161 0.6842105263157895
113 0.0029208000000000567 0 0 0.3790322580645161 0.6842105263157895
114 0.0033381000000000105 0 1 0.3790322580645161 0.6882591093117408
115 0.003521400000000008 0 0 0.3790322580645161 0.6882591093117408
116 0.0048911999999999844 0 0 0.3790322580645161 0.6882591093117408
117 0.0031280000000000197 0 0 0.3790322580645161 0.6882591093117408
118 0.003843099999999988 1 0 0.3870967741935484 0.6882591093117408
119 0.004381100000000027 1 1 0.3951612903225806 0.6923076923076923
120 0.002909399999999951 0 1 0.3951612903225806 0.6963562753036437
121 0.003057100000000035 1 1 0.4032258064516129 0.7004048582995951
122 0.004687599999999903 0 0 0.4032258064516129 0.7004048582995951
123 0.0029856000000000327 1 0 0.4112903225806452 0.7004048582995951
124 0.0030785999999999314 1 1 0.41935483870967744 0.7044534412955465
125 0.004648099999999933 0 1 0.41935483870967744 0.708502024291498
126 0.0031604999999998995 0 0 0.41935483870967744 0.708502024291498
127 0.004453299999999993 0 0 0.41935483870967744 0.708502024291498
128 0.003463600000000011 0 0 0.41935483870967744 0.708502024291498
129 0.0029037000000000646 0 0 0.41935483870967744 0.708502024291498
130 0.0035186999999999857 1 0 0.4274193548387097 0.708502024291498
131 0.003175599999999945 1 1 0.43548387096774194 0.7125506072874493
132 0.003057399999999988 0 0 0.43548387096774194 0.7125506072874493
133 0.002910999999999997 0 0 0.43548387096774194 0.7125506072874493
134 0.003278999999999921 0 0 0.43548387096774194 0.7125506072874493
135 0.0029841999999999924 0 0 0.43548387096774194 0.7125506072874493
136 0.003542000000000045 0 0 0.43548387096774194 0.7125506072874493
137 0.003525200000000006 1 2 0.4435483870967742 0.7206477732793523
138 0.0032327999999999246 0 0 0.4435483870967742 0.7206477732793523
139 0.0029169 0 0 0.4435483870967742 0.7206477732793523
140 0.0037575999999999166 0 0 0.4435483870967742 0.7206477732793523
141 0.004065800000000008 0 0 0.4435483870967742 0.7206477732793523
142 0.003003299999999931 0 0 0.4435483870967742 0.7206477732793523
143 0.0035671000000000452 0 0 0.4435483870967742 0.7206477732793523
144 0.004721799999999998 0 0 0.4435483870967742 0.7206477732793523
145 0.003249400000000069 0 0 0.4435483870967742 0.7206477732793523
146 0.0032849999999999824 0 0 0.4435483870967742 0.7206477732793523
147 0.003224899999999975 0 0 0.4435483870967742 0.7206477732793523
148 0.0033577999999999664 0 0 0.4435483870967742 0.7206477732793523
149 0.0035207000000000432 1 0 0.45161290322580644 0.7206477732793523
150 0.003662799999999966 0 0 0.45161290322580644 0.7206477732793523
151 0.0033170000000000144 1 1 0.4596774193548387 0.7246963562753036
152 0.0034246 0 0 0.4596774193548387 0.7246963562753036
153 0.0032727999999999646 0 0 0.4596774193548387 0.7246963562753036
154 0.0032542999999999322 0 0 0.4596774193548387 0.7246963562753036
155 0.003180599999999978 0 0 0.4596774193548387 0.7246963562753036
156 0.00413169999999996 0 0 0.4596774193548387 0.7246963562753036
157 0.0030681999999999654 0 0 0.4596774193548387 0.7246963562753036
158 0.003564099999999959 0 0 0.4596774193548387 0.7246963562753036
159 0.003735000000000044 0 0 0.4596774193548387 0.7246963562753036
160 0.0031455000000000233 1 0 0.46774193548387094 0.7246963562753036
161 0.0032396999999999565 0 0 0.46774193548387094 0.7246963562753036
162 0.0037095999999999796 0 1 0.46774193548387094 0.728744939271255
163 0.0037272000000000416 0 0 0.46774193548387094 0.728744939271255
164 0.003434800000000071 0 0 0.46774193548387094 0.728744939271255
165 0.0037941000000000225 1 0 0.47580645161290325 0.728744939271255
166 0.003470199999999979 0 1 0.47580645161290325 0.7327935222672065
167 0.003242999999999996 0 0 0.47580645161290325 0.7327935222672065
168 0.0031484999999999985 0 0 0.47580645161290325 0.7327935222672065
169 0.0037071000000000742 0 0 0.47580645161290325 0.7327935222672065
170 0.002917999999999976 1 1 0.4838709677419355 0.7368421052631579
171 0.004977400000000021 0 1 0.4838709677419355 0.7408906882591093
172 0.0037772999999999834 0 0 0.4838709677419355 0.7408906882591093
173 0.00303130000000007 0 0 0.4838709677419355 0.7408906882591093
174 0.003511000000000042 0 0 0.4838709677419355 0.7408906882591093
175 0.003344899999999984 0 0 0.4838709677419355 0.7408906882591093
176 0.0033012999999999515 0 0 0.4838709677419355 0.7408906882591093
177 0.0035562000000000094 0 0 0.4838709677419355 0.7408906882591093
178 0.004008600000000029 0 0 0.4838709677419355 0.7408906882591093
179 0.0033011000000000568 0 0 0.4838709677419355 0.7408906882591093
180 0.0034239999999999826 0 0 0.4838709677419355 0.7408906882591093
181 0.004828400000000066 0 0 0.4838709677419355 0.7408906882591093
182 0.004353900000000022 0 0 0.4838709677419355 0.7408906882591093
183 0.0036384000000000416 0 0 0.4838709677419355 0.7408906882591093
184 0.003555300000000039 1 1 0.49193548387096775 0.7449392712550608
185 0.0036602000000000023 1 0 0.5 0.7449392712550608
186 0.004276500000000016 0 1 0.5 0.7489878542510121
187 0.00339580000000006 0 0 0.5 0.7489878542510121
188 0.0030769999999999964 0 0 0.5 0.7489878542510121
189 0.004341499999999998 0 0 0.5 0.7489878542510121
190 0.004569200000000051 0 0 0.5 0.7489878542510121
191 0.004810800000000004 0 0 0.5 0.7489878542510121
192 0.003810800000000114 0 0 0.5 0.7489878542510121
193 0.003236400000000028 0 0 0.5 0.7489878542510121
194 0.0037498000000000253 0 0 0.5 0.7489878542510121
195 0.003397400000000106 1 0 0.5080645161290323 0.7489878542510121
196 0.0030512000000000317 1 0 0.5161290322580645 0.7489878542510121
197 0.00362360000000006 0 1 0.5161290322580645 0.7530364372469636
198 0.0030216000000000687 1 1 0.5241935483870968 0.757085020242915
199 0.0033688000000000606 0 0 0.5241935483870968 0.757085020242915
200 0.004108400000000012 0 0 0.5241935483870968 0.757085020242915
201 0.0032993999999999524 0 0 0.5241935483870968 0.757085020242915
202 0.0031484999999999985 1 0 0.532258064516129 0.757085020242915
203 0.003770000000000051 0 0 0.532258064516129 0.757085020242915
204 0.004959099999999994 1 0 0.5403225806451613 0.757085020242915
205 0.004697699999999916 1 0 0.5483870967741935 0.757085020242915
206 0.0038527000000001532 0 0 0.5483870967741935 0.757085020242915
207 0.003375599999999812 0 0 0.5483870967741935 0.757085020242915
208 0.003043600000000035 1 2 0.5564516129032258 0.7651821862348178
209 0.003244899999999884 0 0 0.5564516129032258 0.7651821862348178
210 0.002954499999999971 1 0 0.5645161290322581 0.7651821862348178
211 0.0034893000000000285 1 1 0.5725806451612904 0.7692307692307693
212 0.004372200000000159 1 1 0.5806451612903226 0.7732793522267206
213 0.003284099999999901 0 2 0.5806451612903226 0.7813765182186235
214 0.0032136000000000386 1 1 0.5887096774193549 0.7854251012145749
215 0.004007300000000047 0 0 0.5887096774193549 0.7854251012145749
216 0.0036092999999999265 0 0 0.5887096774193549 0.7854251012145749
217 0.0033404999999999685 0 0 0.5887096774193549 0.7854251012145749
218 0.003657699999999986 0 0 0.5887096774193549 0.7854251012145749
219 0.0031828999999998775 1 1 0.5967741935483871 0.7894736842105263
220 0.0038232000000000266 0 0 0.5967741935483871 0.7894736842105263
221 0.0038049 0 0 0.5967741935483871 0.7894736842105263
222 0.0033644999999999925 0 1 0.5967741935483871 0.7935222672064778
223 0.0034617999999999594 1 1 0.6048387096774194 0.7975708502024291
224 0.0037511000000001182 1 0 0.6129032258064516 0.7975708502024291
225 0.005900800000000039 0 0 0.6129032258064516 0.7975708502024291
226 0.0038884999999999614 0 2 0.6129032258064516 0.805668016194332
227 0.0038113999999997983 1 1 0.6209677419354839 0.8097165991902834
228 0.003784900000000091 1 1 0.6290322580645161 0.8137651821862348
229 0.0032684999999998965 0 0 0.6290322580645161 0.8137651821862348
230 0.0034594999999999487 1 1 0.6370967741935484 0.8178137651821862
231 0.003256899999999785 0 0 0.6370967741935484 0.8178137651821862
232 0.0037609999999999033 1 0 0.6451612903225806 0.8178137651821862
233 0.004275800000000052 1 1 0.6532258064516129 0.8218623481781376
234 0.0033600000000000296 0 0 0.6532258064516129 0.8218623481781376
235 0.004235600000000117 1 0 0.6612903225806451 0.8218623481781376
236 0.00361239999999996 0 0 0.6612903225806451 0.8218623481781376
237 0.003337399999999935 1 0 0.6693548387096774 0.8218623481781376
238 0.005041500000000143 0 1 0.6693548387096774 0.8259109311740891
239 0.00484859999999987 1 1 0.6774193548387096 0.8299595141700404
240 0.005963299999999894 0 0 0.6774193548387096 0.8299595141700404
241 0.004825099999999916 0 0 0.6774193548387096 0.8299595141700404
242 0.003868399999999994 0 0 0.6774193548387096 0.8299595141700404
243 0.004855700000000018 0 1 0.6774193548387096 0.8340080971659919
244 0.005180099999999799 1 1 0.6854838709677419 0.8380566801619433
245 0.00504389999999999 0 0 0.6854838709677419 0.8380566801619433
246 0.004877900000000102 0 0 0.6854838709677419 0.8380566801619433
247 0.003878999999999966 0 0 0.6854838709677419 0.8380566801619433
248 0.0032547000000000548 1 1 0.6935483870967742 0.8421052631578947
249 0.0038689999999999003 0 0 0.6935483870967742 0.8421052631578947
250 0.004273699999999936 1 2 0.7016129032258065 0.8502024291497976
251 0.0048144000000001075 0 0 0.7016129032258065 0.8502024291497976
252 0.004508399999999968 1 0 0.7096774193548387 0.8502024291497976
253 0.0036544000000000576 0 0 0.7096774193548387 0.8502024291497976
254 0.0032601999999999354 1 0 0.717741935483871 0.8502024291497976
255 0.0038282999999998957 0 0 0.717741935483871 0.8502024291497976
256 0.0032324999999999715 1 2 0.7258064516129032 0.8582995951417004
257 0.0040599999999999525 0 1 0.7258064516129032 0.8623481781376519
258 0.004367299999999963 1 1 0.7338709677419355 0.8663967611336032
259 0.0035060999999998455 0 0 0.7338709677419355 0.8663967611336032
260 0.003664699999999854 1 0 0.7419354838709677 0.8663967611336032
261 0.004737200000000108 0 0 0.7419354838709677 0.8663967611336032
262 0.003665699999999994 1 1 0.75 0.8704453441295547
263 0.0034121999999998653 0 0 0.75 0.8704453441295547
264 0.0033149000000001205 1 0 0.7580645161290323 0.8704453441295547
265 0.0034802000000000444 1 1 0.7661290322580645 0.8744939271255061
266 0.003935099999999858 0 0 0.7661290322580645 0.8744939271255061
267 0.0052168000000001324 1 1 0.7741935483870968 0.8785425101214575
268 0.00518850000000004 0 0 0.7741935483870968 0.8785425101214575
269 0.003578000000000081 0 0 0.7741935483870968 0.8785425101214575
270 0.0040287999999999435 0 0 0.7741935483870968 0.8785425101214575
271 0.005507099999999987 1 0 0.782258064516129 0.8785425101214575
272 0.0035081999999999613 1 1 0.7903225806451613 0.8825910931174089
273 0.0040560000000000596 1 2 0.7983870967741935 0.8906882591093117
274 0.0038456000000000046 1 1 0.8064516129032258 0.8947368421052632
275 0.003374500000000058 0 0 0.8064516129032258 0.8947368421052632
276 0.00394849999999991 1 1 0.8145161290322581 0.8987854251012146
277 0.003555099999999811 0 0 0.8145161290322581 0.8987854251012146
278 0.004114799999999974 1 0 0.8225806451612904 0.8987854251012146
279 0.0046664000000000705 0 0 0.8225806451612904 0.8987854251012146
280 0.004864500000000049 0 1 0.8225806451612904 0.902834008097166
281 0.005782500000000024 1 2 0.8306451612903226 0.9109311740890689
282 0.005128500000000091 0 1 0.8306451612903226 0.9149797570850202
283 0.005397000000000096 0 0 0.8306451612903226 0.9149797570850202
284 0.005182900000000101 1 0 0.8387096774193549 0.9149797570850202
285 0.004943900000000001 1 0 0.8467741935483871 0.9149797570850202
286 0.005077299999999951 0 1 0.8467741935483871 0.9190283400809717
287 0.0062603000000001074 1 1 0.8548387096774194 0.9230769230769231
288 0.0053315000000000445 0 1 0.8548387096774194 0.9271255060728745
289 0.004604099999999889 0 0 0.8548387096774194 0.9271255060728745
290 0.00466040000000012 0 0 0.8548387096774194 0.9271255060728745
291 0.00587380000000004 1 1 0.8629032258064516 0.9311740890688259
292 0.0053771000000000235 0 0 0.8629032258064516 0.9311740890688259
293 0.005015400000000003 0 0 0.8629032258064516 0.9311740890688259
294 0.0047151999999999195 0 0 0.8629032258064516 0.9311740890688259
295 0.004074300000000086 1 0 0.8709677419354839 0.9311740890688259
296 0.004170200000000124 0 0 0.8709677419354839 0.9311740890688259
297 0.003950099999999956 0 0 0.8709677419354839 0.9311740890688259
298 0.003909399999999952 1 1 0.8790322580645161 0.9352226720647774
299 0.003989099999999857 0 0 0.8790322580645161 0.9352226720647774
300 0.0038978000000000623 0 1 0.8790322580645161 0.9392712550607287
301 0.004075100000000109 0 0 0.8790322580645161 0.9392712550607287
302 0.003927000000000014 1 0 0.8870967741935484 0.9392712550607287
303 0.0038683000000001577 1 0 0.8951612903225806 0.9392712550607287
304 0.004289199999999882 1 1 0.9032258064516129 0.9433198380566802
305 0.003910599999999986 0 0 0.9032258064516129 0.9433198380566802
306 0.0038009999999999433 1 0 0.9112903225806451 0.9433198380566802
307 0.004204700000000061 0 2 0.9112903225806451 0.951417004048583
308 0.00533769999999989 0 0 0.9112903225806451 0.951417004048583
309 0.005371299999999968 1 0 0.9193548387096774 0.951417004048583
310 0.005636500000000044 0 0 0.9193548387096774 0.951417004048583
311 0.006392899999999813 0 1 0.9193548387096774 0.9554655870445344
312 0.004087399999999963 0 0 0.9193548387096774 0.9554655870445344
313 0.00439159999999994 0 0 0.9193548387096774 0.9554655870445344
314 0.004860400000000098 0 1 0.9193548387096774 0.9595141700404858
315 0.003698999999999897 0 0 0.9193548387096774 0.9595141700404858
316 0.004310000000000036 0 0 0.9193548387096774 0.9595141700404858
317 0.0039813000000001875 0 0 0.9193548387096774 0.9595141700404858
318 0.005511999999999961 0 0 0.9193548387096774 0.9595141700404858
319 0.005035399999999912 0 0 0.9193548387096774 0.9595141700404858
320 0.004350199999999971 0 0 0.9193548387096774 0.9595141700404858
321 0.0042408000000000445 0 0 0.9193548387096774 0.9595141700404858
322 0.0038535000000001762 0 0 0.9193548387096774 0.9595141700404858
323 0.005724500000000132 0 0 0.9193548387096774 0.9595141700404858
324 0.0053728000000001774 0 0 0.9193548387096774 0.9595141700404858
325 0.0044872000000000245 1 1 0.9274193548387096 0.9635627530364372
326 0.004062599999999916 0 0 0.9274193548387096 0.9635627530364372
327 0.004357900000000026 0 0 0.9274193548387096 0.9635627530364372
328 0.005353800000000186 0 0 0.9274193548387096 0.9635627530364372
329 0.005783400000000105 0 0 0.9274193548387096 0.9635627530364372
330 0.005176099999999906 0 0 0.9274193548387096 0.9635627530364372
331 0.003798200000000085 0 0 0.9274193548387096 0.9635627530364372
332 0.0042991999999999475 0 0 0.9274193548387096 0.9635627530364372
333 0.0038367000000001372 0 0 0.9274193548387096 0.9635627530364372
334 0.0036273 0 0 0.9274193548387096 0.9635627530364372
335 0.003906299999999918 0 0 0.9274193548387096 0.9635627530364372
336 0.003549699999999989 0 0 0.9274193548387096 0.9635627530364372
337 0.004401199999999994 0 0 0.9274193548387096 0.9635627530364372
338 0.004994300000000118 1 0 0.9354838709677419 0.9635627530364372
339 0.003664099999999948 0 0 0.9354838709677419 0.9635627530364372
340 0.004383900000000107 1 0 0.9435483870967742 0.9635627530364372
341 0.0038561999999999763 0 0 0.9435483870967742 0.9635627530364372
342 0.0036225999999999203 0 0 0.9435483870967742 0.9635627530364372
343 0.0043944000000000205 1 2 0.9516129032258065 0.97165991902834
344 0.0036880000000001356 0 0 0.9516129032258065 0.97165991902834
345 0.004160700000000128 0 0 0.9516129032258065 0.97165991902834
346 0.004578600000000099 0 0 0.9516129032258065 0.97165991902834
347 0.0036723000000000727 0 0 0.9516129032258065 0.97165991902834
348 0.004351900000000075 0 0 0.9516129032258065 0.97165991902834
349 0.006078900000000109 1 0 0.9596774193548387 0.97165991902834
350 0.005597500000000144 0 0 0.9596774193548387 0.97165991902834
351 0.0054259000000000945 0 0 0.9596774193548387 0.97165991902834
352 0.004112399999999905 1 1 0.967741935483871 0.9757085020242915
353 0.004436499999999954 1 1 0.9758064516129032 0.979757085020243
354 0.00551540000000017 0 1 0.9758064516129032 0.9838056680161943
355 0.005046800000000129 0 0 0.9758064516129032 0.9838056680161943
356 0.003670000000000062 1 1 0.9838709677419355 0.9878542510121457
357 0.00583800000000001 1 1 0.9919354838709677 0.9919028340080972
358 0.005553499999999989 1 0 1.0 0.9919028340080972
359 0.0049384000000001205 0 0 1.0 0.9919028340080972
360 0.0037639999999998786 0 1 1.0 0.9959514170040485
361 0.006202800000000064 0 0 1.0 0.9959514170040485
362 0.005479400000000023 0 0 1.0 0.9959514170040485
363 0.005783799999999895 0 1 1.0 1.0
