50 0.9 0.3
1 0.0012426999999999855 1 0 0.02040816326530612 0.5051546391752577
2 0.0009742999999999835 1 0 0.04081632653061224 0.5051546391752577
3 0.0010568000000000244 1 1 0.061224489795918366 0.5154639175257731
4 0.000966699999999987 0 0 0.061224489795918366 0.5154639175257731
5 0.0013202999999999965 1 1 0.08163265306122448 0.5257731958762887
6 0.0011344000000000076 1 0 0.10204081632653061 0.5257731958762887
7 0.0010833000000000093 0 0 0.10204081632653061 0.5257731958762887
8 0.0009760000000000046 1 2 0.12244897959183673 0.5463917525773195
9 0.0010988000000000109 1 1 0.14285714285714285 0.5567010309278351
10 0.001109700000000019 1 0 0.16326530612244897 0.5567010309278351
11 0.0023037000000000196 1 1 0.1836734693877551 0.5670103092783505
12 0.001620399999999994 1 3 0.20408163265306123 0.5979381443298969
13 0.001613300000000012 1 0 0.22448979591836735 0.5979381443298969
14 0.0014454999999999885 1 0 0.24489795918367346 0.5979381443298969
15 0.001081500000000013 1 0 0.2653061224489796 0.5979381443298969
16 0.0011677999999999966 1 1 0.2857142857142857 0.6082474226804123
17 0.0010803000000000063 1 1 0.30612244897959184 0.6185567010309279
18 0.0013758000000000103 1 2 0.32653061224489793 0.6391752577319587
19 0.0014149999999999996 1 0 0.3469387755102041 0.6391752577319587
20 0.001659700000000014 1 1 0.3673469387755102 0.6494845360824743
21 0.0011932999999999805 1 1 0.3877551020408163 0.6597938144329897
22 0.001787900000000009 0 0 0.3877551020408163 0.6597938144329897
23 0.0016679 0 1 0.3877551020408163 0.6701030927835051
24 0.0016308999999999907 1 2 0.40816326530612246 0.6907216494845361
25 0.0017501000000000044 1 1 0.42857142857142855 0.7010309278350515
26 0.0017650000000000166 0 0 0.42857142857142855 0.7010309278350515
27 0.0012687999999999866 1 1 0.4489795918367347 0.711340206185567
28 0.0012347000000000052 0 0 0.4489795918367347 0.711340206185567
29 0.0011922000000000044 1 2 0.46938775510204084 0.7319587628865979
30 0.0014494999999999925 1 0 0.4897959183673469 0.7319587628865979
31 0.0016589999999999938 0 0 0.4897959183673469 0.7319587628865979
32 0.0015512000000000026 1 1 0.5102040816326531 0.7422680412371134
33 0.0014363000000000015 1 1 0.5306122448979592 0.7525773195876289
34 0.0015644000000000213 1 0 0.5510204081632653 0.7525773195876289
35 0.001366000000000006 1 1 0.5714285714285714 0.7628865979381443
36 0.001358999999999999 1 0 0.5918367346938775 0.7628865979381443
37 0.0014585999999999766 1 2 0.6122448979591837 0.7835051546391752
38 0.0017987999999999893 1 2 0.6326530612244898 0.8041237113402062
39 0.0016423999999999883 1 1 0.6530612244897959 0.8144329896907216
40 0.0015712999999999977 1 0 0.673469387755102 0.8144329896907216
41 0.0013806000000000096 1 0 0.6938775510204082 0.8144329896907216
42 0.0014669000000000487 1 2 0.7142857142857143 0.8350515463917526
43 0.0014712000000000058 1 1 0.7346938775510204 0.845360824742268
44 0.001566999999999985 1 1 0.7551020408163265 0.8556701030927835
45 0.0017579000000000344 1 3 0.7755102040816326 0.8865979381443299
46 0.0023848000000000202 1 0 0.7959183673469388 0.8865979381443299
47 0.0015996999999999817 1 1 0.8163265306122449 0.8969072164948454
48 0.0014807000000000015 1 0 0.8367346938775511 0.8969072164948454
49 0.0017764000000000113 1 2 0.8571428571428571 0.9175257731958762
50 0.0024643999999999777 1 0 0.8775510204081632 0.9175257731958762
51 0.0019706000000000445 0 0 0.8775510204081632 0.9175257731958762
52 0.0023508000000000417 0 0 0.8775510204081632 0.9175257731958762
53 0.0016228999999999827 1 1 0.8979591836734694 0.9278350515463918
54 0.0017824000000000173 1 1 0.9183673469387755 0.9381443298969072
55 0.0031830999999999943 1 0 0.9387755102040817 0.9381443298969072
56 0.003386100000000003 1 0 0.9591836734693877 0.9381443298969072
57 0.0030273000000000105 1 2 0.9795918367346939 0.9587628865979382
58 0.0025511000000000283 1 1 1.0 0.9690721649484536
59 0.0017957000000000112 0 1 1.0 0.979381443298969
60 0.002056300000000011 0 0 1.0 0.979381443298969
61 0.0022261000000000086 0 1 1.0 0.9896907216494846
62 0.001823900000000045 0 0 1.0 0.9896907216494846
63 0.0016067000000000164 0 0 1.0 0.9896907216494846
64 0.00171300000000002 0 0 1.0 0.9896907216494846
65 0.0015677000000000052 0 0 1.0 0.9896907216494846
66 0.0016101000000000032 0 0 1.0 0.9896907216494846
67 0.0023006000000000415 0 1 1.0 1.0
