100 0.6 0.7
1 0.0019105000000000094 0 0 0.0 0.5025380710659898
2 0.002096799999999982 1 0 0.010101010101010102 0.5025380710659898
3 0.002749500000000016 1 1 0.020202020202020204 0.5076142131979695
4 0.0026782000000000195 0 0 0.020202020202020204 0.5076142131979695
5 0.0039556000000000036 1 0 0.030303030303030304 0.5076142131979695
6 0.002113600000000021 1 0 0.04040404040404041 0.5076142131979695
7 0.0020456999999999836 0 1 0.04040404040404041 0.5126903553299492
8 0.002022999999999997 0 1 0.04040404040404041 0.5177664974619289
9 0.0021633000000000346 1 0 0.050505050505050504 0.5177664974619289
10 0.0024207999999999452 0 0 0.050505050505050504 0.5177664974619289
11 0.002039299999999966 1 1 0.06060606060606061 0.5228426395939086
12 0.0036297000000000135 1 1 0.0707070707070707 0.5279187817258884
13 0.0021628000000000203 1 2 0.08080808080808081 0.5380710659898477
14 0.0023227999999999582 1 1 0.09090909090909091 0.5431472081218274
15 0.0021456999999999726 1 1 0.10101010101010101 0.5482233502538071
16 0.0021263999999999728 1 0 0.1111111111111111 0.5482233502538071
17 0.0022183000000000064 1 0 0.12121212121212122 0.5482233502538071
18 0.0021378999999999704 1 2 0.13131313131313133 0.5583756345177665
19 0.002159100000000025 1 2 0.1414141414141414 0.5685279187817259
20 0.00229389999999996 1 0 0.15151515151515152 0.5685279187817259
21 0.002310599999999996 1 2 0.16161616161616163 0.5786802030456852
22 0.0022455999999999587 0 0 0.16161616161616163 0.5786802030456852
23 0.0023856999999999906 0 0 0.16161616161616163 0.5786802030456852
24 0.0021339999999999693 1 1 0.1717171717171717 0.583756345177665
25 0.0023360000000000047 1 1 0.18181818181818182 0.5888324873096447
26 0.0022715999999999847 0 0 0.18181818181818182 0.5888324873096447
27 0.0023168000000000077 0 0 0.18181818181818182 0.5888324873096447
28 0.0023635000000000184 1 1 0.1919191919191919 0.5939086294416244
29 0.0022375000000000034 1 0 0.20202020202020202 0.5939086294416244
30 0.0022771999999999792 1 0 0.21212121212121213 0.5939086294416244
31 0.0023675999999999697 1 3 0.2222222222222222 0.6091370558375635
32 0.0024285 0 0 0.2222222222222222 0.6091370558375635
33 0.002090599999999998 0 0 0.2222222222222222 0.6091370558375635
34 0.0023863999999999552 1 0 0.23232323232323232 0.6091370558375635
35 0.0023735999999999757 0 1 0.23232323232323232 0.6142131979695431
36 0.0022986000000000395 1 1 0.24242424242424243 0.6192893401015228
37 0.0023048999999999986 0 0 0.24242424242424243 0.6192893401015228
38 0.002370900000000009 0 0 0.24242424242424243 0.6192893401015228
39 0.0026377000000000206 0 0 0.24242424242424243 0.6192893401015228
40 0.002323799999999987 0 0 0.24242424242424243 0.6192893401015228
41 0.002450999999999981 1 1 0.25252525252525254 0.6243654822335025
42 0.0022958000000000145 1 1 0.26262626262626265 0.6294416243654822
43 0.0023916999999999966 1 0 0.2727272727272727 0.6294416243654822
44 0.0025464999999999516 1 1 0.2828282828282828 0.6345177664974619
45 0.002401399999999998 0 0 0.2828282828282828 0.6345177664974619
46 0.0023423000000000194 0 0 0.2828282828282828 0.6345177664974619
47 0.002370299999999992 0 0 0.2828282828282828 0.6345177664974619
48 0.0024406999999999623 0 1 0.2828282828282828 0.6395939086294417
49 0.002361900000000028 0 0 0.2828282828282828 0.6395939086294417
50 0.002452999999999983 1 1 0.29292929292929293 0.6446700507614214
51 0.002456500000000028 1 1 0.30303030303030304 0.649746192893401
52 0.0028060000000000307 1 0 0.31313131313131315 0.649746192893401
53 0.002509000000000039 1 1 0.32323232323232326 0.6548223350253807
54 0.0024995000000000434 0 0 0.32323232323232326 0.6548223350253807
55 0.0024374999999999813 1 2 0.3333333333333333 0.6649746192893401
56 0.0023128000000000037 0 0 0.3333333333333333 0.6649746192893401
57 0.0023342000000000085 0 0 0.3333333333333333 0.6649746192893401
58 0.0024321999999999955 0 0 0.3333333333333333 0.6649746192893401
59 0.002567800000000009 1 1 0.3434343434343434 0.6700507614213198
60 0.0024210000000000065 0 0 0.3434343434343434 0.6700507614213198
61 0.002472500000000044 1 1 0.35353535353535354 0.6751269035532995
62 0.0033031000000000033 1 1 0.36363636363636365 0.6802030456852792
63 0.002760499999999999 1 1 0.37373737373737376 0.6852791878172588
64 0.0023039000000000254 1 1 0.3838383838383838 0.6903553299492385
65 0.0025341999999999865 0 0 0.3838383838383838 0.6903553299492385
66 0.002481800000000034 1 1 0.3939393939393939 0.6954314720812182
67 0.0025259000000000253 0 0 0.3939393939393939 0.6954314720812182
68 0.0023765000000000036 1 1 0.40404040404040403 0.700507614213198
69 0.002776600000000018 0 0 0.40404040404040403 0.700507614213198
70 0.003640399999999988 1 1 0.41414141414141414 0.7055837563451777
71 0.0042835999999999985 1 1 0.42424242424242425 0.7106598984771574
72 0.002566899999999983 0 0 0.42424242424242425 0.7106598984771574
73 0.002735399999999999 1 1 0.43434343434343436 0.7157360406091371
74 0.0025187999999999877 1 1 0.4444444444444444 0.7208121827411168
75 0.002974399999999988 1 1 0.45454545454545453 0.7258883248730964
76 0.0025992000000000237 1 0 0.46464646464646464 0.7258883248730964
77 0.0026162999999999603 1 2 0.47474747474747475 0.7360406091370558
78 0.002751400000000015 1 1 0.48484848484848486 0.7411167512690355
79 0.0025642000000000165 1 1 0.494949494949495 0.7461928934010152
80 0.0026912000000000047 1 1 0.5050505050505051 0.751269035532995
81 0.002721499999999988 0 0 0.5050505050505051 0.751269035532995
82 0.0024675000000000114 0 0 0.5050505050505051 0.751269035532995
83 0.002700900000000006 0 0 0.5050505050505051 0.751269035532995
84 0.002919100000000008 1 0 0.5151515151515151 0.751269035532995
85 0.0026313999999999504 1 1 0.5252525252525253 0.7563451776649747
86 0.002759099999999959 0 0 0.5252525252525253 0.7563451776649747
87 0.0026287999999999867 0 0 0.5252525252525253 0.7563451776649747
88 0.0028427000000000313 1 1 0.5353535353535354 0.7614213197969543
89 0.0027836000000000527 0 1 0.5353535353535354 0.766497461928934
90 0.002807700000000024 0 0 0.5353535353535354 0.766497461928934
91 0.0028238999999999903 0 0 0.5353535353535354 0.766497461928934
92 0.002572299999999972 1 0 0.5454545454545454 0.766497461928934
93 0.002720100000000003 0 1 0.5454545454545454 0.7715736040609137
94 0.002599399999999974 1 1 0.5555555555555556 0.7766497461928934
95 0.002773599999999987 1 1 0.5656565656565656 0.7817258883248731
96 0.0025623000000000173 1 1 0.5757575757575758 0.7868020304568528
97 0.00264049999999999 0 0 0.5757575757575758 0.7868020304568528
98 0.002607199999999976 1 0 0.5858585858585859 0.7868020304568528
99 0.0030381000000000435 1 1 0.5959595959595959 0.7918781725888325
100 0.0027066000000000034 1 1 0.6060606060606061 0.7969543147208121
101 0.0026234000000000535 1 2 0.6161616161616161 0.8071065989847716
102 0.00265979999999999 1 1 0.6262626262626263 0.8121827411167513
103 0.0029143000000000363 0 0 0.6262626262626263 0.8121827411167513
104 0.0029642999999999198 0 0 0.6262626262626263 0.8121827411167513
105 0.0028269000000000766 1 0 0.6363636363636364 0.8121827411167513
106 0.0027711000000000263 0 1 0.6363636363636364 0.817258883248731
107 0.002832900000000027 0 0 0.6363636363636364 0.817258883248731
108 0.002793399999999946 0 0 0.6363636363636364 0.817258883248731
109 0.002685700000000013 1 0 0.6464646464646465 0.817258883248731
110 0.0026994000000000185 0 0 0.6464646464646465 0.817258883248731
111 0.002825399999999978 1 1 0.6565656565656566 0.8223350253807107
112 0.0027422999999999753 1 1 0.6666666666666666 0.8274111675126904
113 0.0027226000000000194 1 1 0.6767676767676768 0.8324873096446701
114 0.0028281 0 0 0.6767676767676768 0.8324873096446701
115 0.0028626000000000484 1 2 0.6868686868686869 0.8426395939086294
116 0.002932600000000063 0 0 0.6868686868686869 0.8426395939086294
117 0.0030543000000000653 1 0 0.696969696969697 0.8426395939086294
118 0.002963000000000049 1 2 0.7070707070707071 0.8527918781725888
119 0.0031373000000000095 0 0 0.7070707070707071 0.8527918781725888
120 0.0030665999999999194 0 0 0.7070707070707071 0.8527918781725888
121 0.002840899999999924 1 1 0.7171717171717171 0.8578680203045685
122 0.002833899999999945 1 1 0.7272727272727273 0.8629441624365483
123 0.004723299999999986 0 0 0.7272727272727273 0.8629441624365483
124 0.004074600000000039 1 0 0.7373737373737373 0.8629441624365483
125 0.004131499999999955 1 0 0.7474747474747475 0.8629441624365483
126 0.004259599999999919 1 2 0.7575757575757576 0.8730964467005076
127 0.004184100000000024 0 0 0.7575757575757576 0.8730964467005076
128 0.003858299999999981 0 0 0.7575757575757576 0.8730964467005076
129 0.0029545999999999184 0 0 0.7575757575757576 0.8730964467005076
130 0.0027655999999999237 0 0 0.7575757575757576 0.8730964467005076
131 0.0026612999999999776 0 0 0.7575757575757576 0.8730964467005076
132 0.0030535000000000423 1 0 0.7676767676767676 0.8730964467005076
133 0.0029294999999999183 1 1 0.7777777777777778 0.8781725888324873
134 0.0029303999999999997 1 2 0.7878787878787878 0.8883248730964467
135 0.0029862999999999973 0 1 0.7878787878787878 0.8934010152284264
136 0.0030362000000000444 1 1 0.797979797979798 0.8984771573604061
137 0.0031187000000000298 0 0 0.797979797979798 0.8984771573604061
138 0.0027352000000000487 0 0 0.797979797979798 0.8984771573604061
139 0.002899800000000008 0 0 0.797979797979798 0.8984771573604061
140 0.00300060000000002 1 0 0.8080808080808081 0.8984771573604061
141 0.002953199999999989 1 1 0.8181818181818182 0.9035532994923858
142 0.0029837000000000335 0 1 0.8181818181818182 0.9086294416243654
143 0.0031586999999999588 0 0 0.8181818181818182 0.9086294416243654
144 0.003278800000000026 0 0 0.8181818181818182 0.9086294416243654
145 0.0029652999999999485 1 1 0.8282828282828283 0.9137055837563451
146 0.0028013000000000066 0 0 0.8282828282828283 0.9137055837563451
147 0.003074000000000021 1 1 0.8383838383838383 0.9187817258883249
148 0.0030719000000000163 1 1 0.8484848484848485 0.9238578680203046
149 0.0030070999999999293 0 0 0.8484848484848485 0.9238578680203046
150 0.0029031000000000473 1 0 0.8585858585858586 0.9238578680203046
151 0.003313200000000016 1 1 0.8686868686868687 0.9289340101522843
152 0.0032774999999999332 1 1 0.8787878787878788 0.934010152284264
153 0.003108100000000058 0 1 0.8787878787878788 0.9390862944162437
154 0.0032116999999999285 1 1 0.8888888888888888 0.9441624365482234
155 0.0032638999999999863 0 0 0.8888888888888888 0.9441624365482234
156 0.0033414999999999973 1 1 0.898989898989899 0.949238578680203
157 0.0032451000000000008 1 0 0.9090909090909091 0.949238578680203
158 0.003058700000000081 0 0 0.9090909090909091 0.949238578680203
159 0.003336099999999953 1 2 0.9191919191919192 0.9593908629441624
160 0.0031700999999999535 0 0 0.9191919191919192 0.9593908629441624
161 0.003062499999999968 0 0 0.9191919191919192 0.9593908629441624
162 0.0029320000000000457 0 0 0.9191919191919192 0.9593908629441624
163 0.0031518999999999853 1 1 0.9292929292929293 0.9644670050761421
164 0.0031425999999999954 0 0 0.9292929292929293 0.9644670050761421
165 0.0032932999999999435 0 0 0.9292929292929293 0.9644670050761421
166 0.003080900000000053 0 0 0.9292929292929293 0.9644670050761421
167 0.0032792000000000376 1 1 0.9393939393939394 0.9695431472081218
168 0.003082000000000029 0 0 0.9393939393939394 0.9695431472081218
169 0.0031425999999999954 0 0 0.9393939393939394 0.9695431472081218
170 0.004764400000000002 1 1 0.9494949494949495 0.9746192893401016
171 0.0032518999999999743 1 1 0.9595959595959596 0.9796954314720813
172 0.003118500000000024 0 0 0.9595959595959596 0.9796954314720813
173 0.00326649999999995 0 0 0.9595959595959596 0.9796954314720813
174 0.0032128000000000156 0 0 0.9595959595959596 0.9796954314720813
175 0.003224099999999952 0 0 0.9595959595959596 0.9796954314720813
176 0.003290000000000015 1 0 0.9696969696969697 0.9796954314720813
177 0.003440899999999969 1 2 0.9797979797979798 0.9898477157360406
178 0.003353700000000015 1 1 0.98989898989899 0.9949238578680203
179 0.0032615000000000283 1 0 1.0 0.9949238578680203
180 0.0031119999999998926 0 0 1.0 0.9949238578680203
181 0.003372099999999989 0 0 1.0 0.9949238578680203
182 0.0032067000000000068 0 0 1.0 0.9949238578680203
183 0.0035247000000000472 0 0 1.0 0.9949238578680203
184 0.003549199999999919 0 1 1.0 1.0
