75 0.3 0.3
1 0.0016616999999999882 0 0 0.0 0.5034013605442177
2 0.002430600000000005 1 0 0.013513513513513514 0.5034013605442177
3 0.0016257000000000077 0 0 0.013513513513513514 0.5034013605442177
4 0.0030151000000000205 1 0 0.02702702702702703 0.5034013605442177
5 0.0015117000000000047 1 0 0.04054054054054054 0.5034013605442177
6 0.001589000000000007 0 1 0.04054054054054054 0.5102040816326531
7 0.0014930999999999972 0 0 0.04054054054054054 0.5102040816326531
8 0.0020545999999999898 0 0 0.04054054054054054 0.5102040816326531
9 0.0017631000000000174 0 0 0.04054054054054054 0.5102040816326531
10 0.0015611000000000097 1 0 0.05405405405405406 0.5102040816326531
11 0.001442700000000019 0 0 0.05405405405405406 0.5102040816326531
12 0.0014958000000000193 0 0 0.05405405405405406 0.5102040816326531
13 0.001511399999999996 0 0 0.05405405405405406 0.5102040816326531
14 0.0014673000000000047 0 0 0.05405405405405406 0.5102040816326531
15 0.0018871999999999778 0 0 0.05405405405405406 0.5102040816326531
16 0.0020044999999999924 0 0 0.05405405405405406 0.5102040816326531
17 0.0015283999999999853 1 1 0.06756756756756757 0.5170068027210885
18 0.001458299999999968 1 0 0.08108108108108109 0.5170068027210885
19 0.0016000999999999932 0 0 0.08108108108108109 0.5170068027210885
20 0.0019160000000000288 0 0 0.08108108108108109 0.5170068027210885
21 0.0015441999999999956 1 0 0.0945945945945946 0.5170068027210885
22 0.002311899999999978 0 0 0.0945945945945946 0.5170068027210885
23 0.001570999999999989 0 1 0.0945945945945946 0.5238095238095238
24 0.0015526999999999624 0 1 0.0945945945945946 0.5306122448979592
25 0.0015127000000000335 0 1 0.0945945945945946 0.5374149659863946
26 0.0015388000000000068 0 0 0.0945945945945946 0.5374149659863946
27 0.001999799999999996 1 1 0.10810810810810811 0.54421768707483
28 0.0015797999999999646 1 0 0.12162162162162163 0.54421768707483
29 0.0014625000000000332 0 0 0.12162162162162163 0.54421768707483
30 0.0015535999999999883 1 1 0.13513513513513514 0.5510204081632653
31 0.0015227999999999908 0 0 0.13513513513513514 0.5510204081632653
32 0.0015620000000000078 0 0 0.13513513513513514 0.5510204081632653
33 0.0014791999999999583 0 1 0.13513513513513514 0.5578231292517006
34 0.002599299999999971 0 1 0.13513513513513514 0.564625850340136
35 0.0018487999999999838 0 0 0.13513513513513514 0.564625850340136
36 0.0020827999999999958 0 0 0.13513513513513514 0.564625850340136
37 0.0017920000000000158 1 0 0.14864864864864866 0.564625850340136
38 0.0018016000000000143 0 0 0.14864864864864866 0.564625850340136
39 0.001551500000000039 0 0 0.14864864864864866 0.564625850340136
40 0.0025975000000000303 1 0 0.16216216216216217 0.564625850340136
41 0.0015545999999999616 0 0 0.16216216216216217 0.564625850340136
42 0.0016443999999999903 1 0 0.17567567567567569 0.564625850340136
43 0.0016319000000000194 0 0 0.17567567567567569 0.564625850340136
44 0.0017863000000000184 0 1 0.17567567567567569 0.5714285714285714
45 0.0019484000000000168 1 0 0.1891891891891892 0.5714285714285714
46 0.0018961000000000117 0 1 0.1891891891891892 0.5782312925170068
47 0.0017134000000000316 0 0 0.1891891891891892 0.5782312925170068
48 0.001764600000000005 1 0 0.20270270270270271 0.5782312925170068
49 0.0016471000000000124 1 1 0.21621621621621623 0.5850340136054422
50 0.0020819000000000254 0 0 0.21621621621621623 0.5850340136054422
51 0.002115900000000004 0 2 0.21621621621621623 0.5986394557823129
52 0.001629400000000003 0 0 0.21621621621621623 0.5986394557823129
53 0.0016693999999999876 1 0 0.22972972972972974 0.5986394557823129
54 0.0017022000000000426 0 0 0.22972972972972974 0.5986394557823129
55 0.0015128999999999837 0 0 0.22972972972972974 0.5986394557823129
56 0.0015736999999999557 0 0 0.22972972972972974 0.5986394557823129
57 0.0032021999999999884 0 0 0.22972972972972974 0.5986394557823129
58 0.0022519999999999762 1 0 0.24324324324324326 0.5986394557823129
59 0.0021616000000000413 0 0 0.24324324324324326 0.5986394557823129
60 0.002597299999999969 1 0 0.25675675675675674 0.5986394557823129
61 0.0024302999999999964 0 0 0.25675675675675674 0.5986394557823129
62 0.0027478000000000224 1 1 0.2702702702702703 0.6054421768707483
63 0.002155900000000044 1 1 0.28378378378378377 0.6122448979591837
64 0.002204100000000042 0 0 0.28378378378378377 0.6122448979591837
65 0.0024478 1 1 0.2972972972972973 0.6190476190476191
66 0.0025035999999999947 0 0 0.2972972972972973 0.6190476190476191
67 0.002264900000000014 1 0 0.3108108108108108 0.6190476190476191
68 0.0016521000000000452 1 1 0.32432432432432434 0.6258503401360545
69 0.001645899999999978 0 1 0.32432432432432434 0.6326530612244898
70 0.0017272000000000398 1 0 0.33783783783783783 0.6326530612244898
71 0.0021496000000000293 0 0 0.33783783783783783 0.6326530612244898
72 0.0016711999999999838 0 0 0.33783783783783783 0.6326530612244898
73 0.0028298999999999963 0 0 0.33783783783783783 0.6326530612244898
74 0.0019579000000000124 0 0 0.33783783783783783 0.6326530612244898
75 0.0019444000000000128 1 1 0.35135135135135137 0.6394557823129252
76 0.0025097000000000036 0 0 0.35135135135135137 0.6394557823129252
77 0.0026405000000000456 0 0 0.35135135135135137 0.6394557823129252
78 0.002356299999999978 0 1 0.35135135135135137 0.6462585034013606
79 0.0027533999999999614 0 0 0.35135135135135137 0.6462585034013606
80 0.002564799999999978 0 0 0.35135135135135137 0.6462585034013606
81 0.0023671999999999582 0 0 0.35135135135135137 0.6462585034013606
82 0.00188550000000004 0 0 0.35135135135135137 0.6462585034013606
83 0.0017064999999999997 0 1 0.35135135135135137 0.6530612244897959
84 0.0017946999999999824 0 0 0.35135135135135137 0.6530612244897959
85 0.002154199999999995 0 0 0.35135135135135137 0.6530612244897959
86 0.001911900000000022 0 1 0.35135135135135137 0.6598639455782312
87 0.001834699999999967 0 0 0.35135135135135137 0.6598639455782312
88 0.0016607999999999623 0 0 0.35135135135135137 0.6598639455782312
89 0.0018077999999999705 0 0 0.35135135135135137 0.6598639455782312
90 0.0032881999999999634 0 0 0.35135135135135137 0.6598639455782312
91 0.002390200000000009 0 0 0.35135135135135137 0.6598639455782312
92 0.0024837999999999805 0 0 0.35135135135135137 0.6598639455782312
93 0.0020406000000000035 0 0 0.35135135135135137 0.6598639455782312
94 0.0019309999999999605 1 0 0.36486486486486486 0.6598639455782312
95 0.002996500000000013 0 0 0.36486486486486486 0.6598639455782312
96 0.0018997999999999515 1 0 0.3783783783783784 0.6598639455782312
97 0.0018484000000000278 1 1 0.3918918918918919 0.6666666666666666
98 0.0017368000000000383 0 0 0.3918918918918919 0.6666666666666666
99 0.0021526000000000045 0 1 0.3918918918918919 0.673469387755102
100 0.0019503999999999633 0 0 0.3918918918918919 0.673469387755102
101 0.0021059000000000494 1 0 0.40540540540540543 0.673469387755102
102 0.0019777000000000267 0 0 0.40540540540540543 0.673469387755102
103 0.0019128999999999952 0 0 0.40540540540540543 0.673469387755102
104 0.0020756000000000108 0 0 0.40540540540540543 0.673469387755102
105 0.002253700000000025 0 0 0.40540540540540543 0.673469387755102
106 0.001821399999999973 0 0 0.40540540540540543 0.673469387755102
107 0.0017527999999999988 0 0 0.40540540540540543 0.673469387755102
108 0.002028299999999983 0 0 0.40540540540540543 0.673469387755102
109 0.0021810999999999914 0 0 0.40540540540540543 0.673469387755102
110 0.0033024000000000386 1 2 0.4189189189189189 0.6870748299319728
111 0.0019166999999999934 0 0 0.4189189189189189 0.6870748299319728
112 0.001873899999999984 1 0 0.43243243243243246 0.6870748299319728
113 0.002436999999999967 0 0 0.43243243243243246 0.6870748299319728
114 0.002220500000000014 0 0 0.43243243243243246 0.6870748299319728
115 0.0018331999999999793 0 0 0.43243243243243246 0.6870748299319728
116 0.002513299999999996 0 1 0.43243243243243246 0.6938775510204082
117 0.0018083999999999878 0 0 0.43243243243243246 0.6938775510204082
118 0.0018155999999999728 1 0 0.44594594594594594 0.6938775510204082
119 0.0026712999999999876 0 1 0.44594594594594594 0.7006802721088435
120 0.002014299999999969 0 0 0.44594594594594594 0.7006802721088435
121 0.0019394000000000355 1 1 0.4594594594594595 0.7074829931972789
122 0.001868700000000001 0 0 0.4594594594594595 0.7074829931972789
123 0.0019017000000000062 0 0 0.4594594594594595 0.7074829931972789
124 0.002583999999999975 0 0 0.4594594594594595 0.7074829931972789
125 0.002060900000000032 0 0 0.4594594594594595 0.7074829931972789
126 0.0017816999999999972 0 1 0.4594594594594595 0.7142857142857143
127 0.001967799999999964 1 0 0.47297297297297297 0.7142857142857143
128 0.0021480000000000388 1 1 0.4864864864864865 0.7210884353741497
129 0.0021252999999999966 0 0 0.4864864864864865 0.7210884353741497
130 0.0031780999999999615 1 1 0.5 0.7278911564625851
131 0.001852299999999918 1 0 0.5135135135135135 0.7278911564625851
132 0.0019542999999999644 1 0 0.527027027027027 0.7278911564625851
133 0.0022463999999999817 1 2 0.5405405405405406 0.7414965986394558
134 0.002502799999999916 0 0 0.5405405405405406 0.7414965986394558
135 0.0020430999999999644 0 1 0.5405405405405406 0.7482993197278912
136 0.0020312000000000108 1 0 0.5540540540540541 0.7482993197278912
137 0.0018901000000000057 0 0 0.5540540540540541 0.7482993197278912
138 0.0019264999999999421 0 0 0.5540540540540541 0.7482993197278912
139 0.002838199999999902 0 0 0.5540540540540541 0.7482993197278912
140 0.001937399999999978 0 0 0.5540540540540541 0.7482993197278912
141 0.0019203999999999333 0 2 0.5540540540540541 0.7619047619047619
142 0.002514699999999981 0 0 0.5540540540540541 0.7619047619047619
143 0.0023972999999999356 0 0 0.5540540540540541 0.7619047619047619
144 0.002336600000000022 1 0 0.5675675675675675 0.7619047619047619
145 0.002018699999999929 0 1 0.5675675675675675 0.7687074829931972
146 0.00203819999999999 1 1 0.581081081081081 0.7755102040816326
147 0.0027262999999999593 1 0 0.5945945945945946 0.7755102040816326
148 0.0029560000000000697 1 0 0.6081081081081081 0.7755102040816326
149 0.0030017999999999434 0 0 0.6081081081081081 0.7755102040816326
150 0.0020612000000000963 0 1 0.6081081081081081 0.782312925170068
151 0.0025879999999999237 0 1 0.6081081081081081 0.7891156462585034
152 0.002473700000000023 1 1 0.6216216216216216 0.7959183673469388
153 0.0025718999999999603 0 0 0.6216216216216216 0.7959183673469388
154 0.0018876999999999367 0 0 0.6216216216216216 0.7959183673469388
155 0.0018177000000000332 1 0 0.6351351351351351 0.7959183673469388
156 0.0020514000000000365 0 0 0.6351351351351351 0.7959183673469388
157 0.0019250000000000655 0 0 0.6351351351351351 0.7959183673469388
158 0.0031320000000000237 0 0 0.6351351351351351 0.7959183673469388
159 0.0019232000000000138 0 0 0.6351351351351351 0.7959183673469388
160 0.002098199999999939 0 0 0.6351351351351351 0.7959183673469388
161 0.0021139999999999493 0 1 0.6351351351351351 0.8027210884353742
162 0.0023235999999999812 0 2 0.6351351351351351 0.8163265306122449
163 0.0034404999999999575 1 1 0.6486486486486487 0.8231292517006803
164 0.00205450000000007 1 0 0.6621621621621622 0.8231292517006803
165 0.0021088000000000218 1 1 0.6756756756756757 0.8299319727891157
166 0.00217630000000002 0 0 0.6756756756756757 0.8299319727891157
167 0.00238830000000001 0 0 0.6756756756756757 0.8299319727891157
168 0.001986999999999961 1 0 0.6891891891891891 0.8299319727891157
169 0.002690199999999976 0 1 0.6891891891891891 0.8367346938775511
170 0.0026952000000000087 0 0 0.6891891891891891 0.8367346938775511
171 0.002979500000000024 0 0 0.6891891891891891 0.8367346938775511
172 0.002150500000000055 0 0 0.6891891891891891 0.8367346938775511
173 0.0019407000000000174 0 0 0.6891891891891891 0.8367346938775511
174 0.002140099999999978 1 0 0.7027027027027027 0.8367346938775511
175 0.0024275999999999742 0 0 0.7027027027027027 0.8367346938775511
176 0.0027786000000000755 1 0 0.7162162162162162 0.8367346938775511
177 0.004531399999999963 0 0 0.7162162162162162 0.8367346938775511
178 0.0030738000000000154 1 0 0.7297297297297297 0.8367346938775511
179 0.0025036999999999976 1 0 0.7432432432432432 0.8367346938775511
180 0.003052599999999961 1 1 0.7567567567567568 0.8435374149659864
181 0.002450499999999911 0 0 0.7567567567567568 0.8435374149659864
182 0.0029841999999999924 0 0 0.7567567567567568 0.8435374149659864
183 0.00322279999999997 1 0 0.7702702702702703 0.8435374149659864
184 0.0039392000000000316 1 0 0.7837837837837838 0.8435374149659864
185 0.0019257999999999775 0 0 0.7837837837837838 0.8435374149659864
186 0.026734900000000006 1 3 0.7972972972972973 0.8639455782312925
187 0.002620599999999973 0 2 0.7972972972972973 0.8775510204081632
188 0.00220089999999995 0 0 0.7972972972972973 0.8775510204081632
189 0.004647900000000038 0 0 0.7972972972972973 0.8775510204081632
190 0.003932399999999947 0 0 0.7972972972972973 0.8775510204081632
191 0.0043583999999999845 0 0 0.7972972972972973 0.8775510204081632
192 0.003308399999999989 1 1 0.8108108108108109 0.8843537414965986
193 0.0045127999999999835 1 1 0.8243243243243243 0.891156462585034
194 0.002659599999999984 1 2 0.8378378378378378 0.9047619047619048
195 0.0028871999999999787 0 0 0.8378378378378378 0.9047619047619048
196 0.0027108999999999606 0 0 0.8378378378378378 0.9047619047619048
197 0.003345399999999943 1 1 0.8513513513513513 0.9115646258503401
198 0.0022052999999999656 0 1 0.8513513513513513 0.9183673469387755
199 0.002475000000000005 0 0 0.8513513513513513 0.9183673469387755
200 0.0037810000000000343 0 0 0.8513513513513513 0.9183673469387755
201 0.0022554000000000185 0 0 0.8513513513513513 0.9183673469387755
202 0.003490500000000063 0 0 0.8513513513513513 0.9183673469387755
203 0.003003800000000001 1 1 0.8648648648648649 0.9251700680272109
204 0.0022153999999999785 1 0 0.8783783783783784 0.9251700680272109
205 0.0019843999999999973 0 0 0.8783783783783784 0.9251700680272109
206 0.002595600000000031 1 0 0.8918918918918919 0.9251700680272109
207 0.0024412999999999796 0 0 0.8918918918918919 0.9251700680272109
208 0.0021759000000000084 0 0 0.8918918918918919 0.9251700680272109
209 0.0034250000000000114 0 0 0.8918918918918919 0.9251700680272109
210 0.002871599999999974 0 0 0.8918918918918919 0.9251700680272109
211 0.002464300000000086 0 0 0.8918918918918919 0.9251700680272109
212 0.0023746000000000045 0 0 0.8918918918918919 0.9251700680272109
213 0.0021100000000000563 0 0 0.8918918918918919 0.9251700680272109
214 0.002237399999999945 0 1 0.8918918918918919 0.9319727891156463
215 0.002265900000000043 0 1 0.8918918918918919 0.9387755102040817
216 0.002916300000000094 0 0 0.8918918918918919 0.9387755102040817
217 0.0022982999999999754 0 0 0.8918918918918919 0.9387755102040817
218 0.003076300000000032 0 1 0.8918918918918919 0.9455782312925171
219 0.003477199999999958 1 0 0.9054054054054054 0.9455782312925171
220 0.003233999999999959 0 0 0.9054054054054054 0.9455782312925171
221 0.0022941000000000766 0 0 0.9054054054054054 0.9455782312925171
222 0.002118999999999982 0 0 0.9054054054054054 0.9455782312925171
223 0.0023988999999999816 0 0 0.9054054054054054 0.9455782312925171
224 0.002672600000000025 0 0 0.9054054054054054 0.9455782312925171
225 0.0028116999999999726 0 0 0.9054054054054054 0.9455782312925171
226 0.0020675 0 0 0.9054054054054054 0.9455782312925171
227 0.0020449999999999635 0 0 0.9054054054054054 0.9455782312925171
228 0.002236900000000097 1 1 0.918918918918919 0.9523809523809523
229 0.002974200000000038 0 0 0.918918918918919 0.9523809523809523
230 0.0022448000000000468 0 0 0.918918918918919 0.9523809523809523
231 0.00213260000000004 1 1 0.9324324324324325 0.9591836734693877
232 0.00221070000000001 0 0 0.9324324324324325 0.9591836734693877
233 0.0027897999999999534 0 0 0.9324324324324325 0.9591836734693877
234 0.0023648000000000557 0 0 0.9324324324324325 0.9591836734693877
235 0.002319000000000071 0 0 0.9324324324324325 0.9591836734693877
236 0.0024110999999999994 0 0 0.9324324324324325 0.9591836734693877
237 0.002544100000000049 0 0 0.9324324324324325 0.9591836734693877
238 0.0023132000000000152 1 0 0.9459459459459459 0.9591836734693877
239 0.0026914000000000105 0 0 0.9459459459459459 0.9591836734693877
240 0.0022102999999999984 0 0 0.9459459459459459 0.9591836734693877
241 0.0021529999999999605 0 0 0.9459459459459459 0.9591836734693877
242 0.0026498000000000355 0 0 0.9459459459459459 0.9591836734693877
243 0.0025060999999999556 0 0 0.9459459459459459 0.9591836734693877
244 0.0024160000000000847 0 0 0.9459459459459459 0.9591836734693877
245 0.002289399999999997 0 0 0.9459459459459459 0.9591836734693877
246 0.002199500000000021 1 0 0.9594594594594594 0.9591836734693877
247 0.002703000000000011 1 0 0.972972972972973 0.9591836734693877
248 0.002324300000000057 0 0 0.972972972972973 0.9591836734693877
249 0.0020875999999999673 0 0 0.972972972972973 0.9591836734693877
250 0.0026576000000000377 1 2 0.9864864864864865 0.9727891156462585
251 0.002164100000000002 0 0 0.9864864864864865 0.9727891156462585
252 0.003142500000000048 0 0 0.9864864864864865 0.9727891156462585
253 0.0021535999999999778 0 0 0.9864864864864865 0.9727891156462585
254 0.0029471000000000913 0 0 0.9864864864864865 0.9727891156462585
255 0.0034378000000000464 1 0 1.0 0.9727891156462585
256 0.0030202999999999758 0 0 1.0 0.9727891156462585
257 0.002924299999999991 0 1 1.0 0.9795918367346939
258 0.002947599999999939 0 0 1.0 0.9795918367346939
259 0.0036665999999999643 0 0 1.0 0.9795918367346939
260 0.002944399999999958 0 0 1.0 0.9795918367346939
261 0.0030556999999999945 0 0 1.0 0.9795918367346939
262 0.0032582999999999362 0 0 1.0 0.9795918367346939
263 0.002184300000000028 0 0 1.0 0.9795918367346939
264 0.002088599999999996 0 0 1.0 0.9795918367346939
265 0.002258700000000058 0 0 1.0 0.9795918367346939
266 0.00353340000000002 0 1 1.0 0.9863945578231292
267 0.003551799999999994 0 1 1.0 0.9931972789115646
268 0.0020804999999999296 0 0 1.0 0.9931972789115646
269 0.002198499999999992 0 0 1.0 0.9931972789115646
270 0.0025311999999999557 0 0 1.0 0.9931972789115646
271 0.002501399999999987 0 0 1.0 0.9931972789115646
272 0.002380599999999955 0 0 1.0 0.9931972789115646
273 0.0028076999999999686 0 1 1.0 1.0
