110 0.9 0.5
1 0.002269300000000002 1 0 0.009174311926605505 0.5023041474654378
2 0.0021330000000000238 0 0 0.009174311926605505 0.5023041474654378
3 0.0022776000000000185 1 0 0.01834862385321101 0.5023041474654378
4 0.0021796000000000038 1 1 0.027522935779816515 0.5069124423963134
5 0.002330899999999997 1 1 0.03669724770642202 0.511520737327189
6 0.0023037000000000196 1 1 0.045871559633027525 0.5161290322580645
7 0.0024071999999999982 1 0 0.05504587155963303 0.5161290322580645
8 0.0023908000000000262 1 2 0.06422018348623854 0.5253456221198156
9 0.0035974000000000284 1 1 0.07339449541284404 0.5299539170506913
10 0.0024406999999999623 1 0 0.08256880733944955 0.5299539170506913
11 0.0023283000000000054 1 2 0.09174311926605505 0.5391705069124424
12 0.002346500000000029 0 0 0.09174311926605505 0.5391705069124424
13 0.00259100000000001 1 1 0.10091743119266056 0.543778801843318
14 0.002401500000000001 1 2 0.11009174311926606 0.5529953917050692
15 0.002342600000000028 0 0 0.11009174311926606 0.5529953917050692
16 0.0026035999999999837 1 1 0.11926605504587157 0.5576036866359447
17 0.0026447 1 1 0.12844036697247707 0.5622119815668203
18 0.002367000000000008 1 0 0.13761467889908258 0.5622119815668203
19 0.002405500000000005 1 1 0.14678899082568808 0.5668202764976958
20 0.0024449000000000276 1 2 0.1559633027522936 0.576036866359447
21 0.002503199999999983 0 0 0.1559633027522936 0.576036866359447
22 0.002657599999999982 1 1 0.1651376146788991 0.5806451612903226
23 0.002566999999999986 1 0 0.1743119266055046 0.5806451612903226
24 0.002871899999999983 1 0 0.1834862385321101 0.5806451612903226
25 0.0025231000000000003 1 1 0.1926605504587156 0.5852534562211982
26 0.002525400000000011 1 1 0.2018348623853211 0.5898617511520737
27 0.0025351000000000123 1 2 0.21100917431192662 0.5990783410138248
28 0.0025517000000000456 1 0 0.22018348623853212 0.5990783410138248
29 0.0025642000000000165 1 1 0.22935779816513763 0.6036866359447005
30 0.00247710000000001 1 1 0.23853211009174313 0.6082949308755761
31 0.002784799999999976 1 2 0.24770642201834864 0.6175115207373272
32 0.002653599999999978 1 1 0.25688073394495414 0.6221198156682027
33 0.0024848000000000092 1 2 0.26605504587155965 0.631336405529954
34 0.0026116999999999946 0 0 0.26605504587155965 0.631336405529954
35 0.0027679999999999927 0 0 0.26605504587155965 0.631336405529954
36 0.0027013000000000176 1 1 0.27522935779816515 0.6359447004608295
37 0.0027207000000000203 1 1 0.28440366972477066 0.6405529953917051
38 0.0026642000000000055 0 0 0.28440366972477066 0.6405529953917051
39 0.002763400000000027 1 1 0.29357798165137616 0.6451612903225806
40 0.002662299999999951 1 0 0.30275229357798167 0.6451612903225806
41 0.002770700000000015 1 2 0.3119266055045872 0.6543778801843319
42 0.00277369999999999 1 1 0.3211009174311927 0.6589861751152074
43 0.0027725999999999584 1 1 0.3302752293577982 0.663594470046083
44 0.002898500000000026 1 1 0.3394495412844037 0.6682027649769585
45 0.002794099999999966 1 1 0.3486238532110092 0.6728110599078341
46 0.002685900000000019 1 1 0.3577981651376147 0.6774193548387096
47 0.002891500000000047 1 1 0.3669724770642202 0.6820276497695853
48 0.002875300000000025 1 1 0.3761467889908257 0.6866359447004609
49 0.002840399999999965 1 1 0.3853211009174312 0.6912442396313364
50 0.002848499999999976 0 0 0.3853211009174312 0.6912442396313364
51 0.0029214000000000184 1 1 0.3944954128440367 0.695852534562212
52 0.002915600000000018 1 1 0.4036697247706422 0.7004608294930875
53 0.0030333000000000165 1 0 0.41284403669724773 0.7004608294930875
54 0.003555599999999992 1 2 0.42201834862385323 0.7096774193548387
55 0.0029326000000000074 1 0 0.43119266055045874 0.7096774193548387
56 0.003714800000000018 1 2 0.44036697247706424 0.7188940092165899
57 0.002966300000000033 1 0 0.44954128440366975 0.7188940092165899
58 0.003264099999999992 1 0 0.45871559633027525 0.7188940092165899
59 0.003179000000000043 1 3 0.46788990825688076 0.7327188940092166
60 0.003303400000000012 1 1 0.47706422018348627 0.7373271889400922
61 0.0032455000000000123 1 1 0.48623853211009177 0.7419354838709677
62 0.0033403000000000183 1 1 0.4954128440366973 0.7465437788018433
63 0.003255700000000028 1 1 0.5045871559633027 0.7511520737327189
64 0.0034850999999999632 1 0 0.5137614678899083 0.7511520737327189
65 0.0033471999999999946 1 1 0.5229357798165137 0.7557603686635944
66 0.003529699999999969 1 2 0.5321100917431193 0.7649769585253456
67 0.0032644000000000006 1 0 0.5412844036697247 0.7649769585253456
68 0.003700700000000001 1 1 0.5504587155963303 0.7695852534562212
69 0.0036126000000000213 1 1 0.5596330275229358 0.7741935483870968
70 0.0033142999999999923 1 1 0.5688073394495413 0.7788018433179723
71 0.0030854999999999633 1 1 0.5779816513761468 0.783410138248848
72 0.003143199999999957 1 0 0.5871559633027523 0.783410138248848
73 0.006003400000000048 1 1 0.5963302752293578 0.7880184331797235
74 0.003892199999999957 1 0 0.6055045871559633 0.7880184331797235
75 0.003589800000000032 1 4 0.6146788990825688 0.8064516129032258
76 0.004408199999999973 1 1 0.6238532110091743 0.8110599078341014
77 0.00330579999999997 1 1 0.6330275229357798 0.815668202764977
78 0.0037378000000000133 1 0 0.6422018348623854 0.815668202764977
79 0.0035236000000000156 1 1 0.6513761467889908 0.8202764976958525
80 0.003465600000000013 1 2 0.6605504587155964 0.8294930875576036
81 0.0033981999999999624 1 1 0.6697247706422018 0.8341013824884793
82 0.003398100000000015 1 1 0.6788990825688074 0.8387096774193549
83 0.003375599999999923 1 0 0.6880733944954128 0.8387096774193549
84 0.0033250000000000224 1 1 0.6972477064220184 0.8433179723502304
85 0.0032649999999999624 1 1 0.7064220183486238 0.847926267281106
86 0.003360400000000041 1 2 0.7155963302752294 0.8571428571428571
87 0.003399600000000058 1 0 0.7247706422018348 0.8571428571428571
88 0.0038443000000000227 1 2 0.7339449541284404 0.8663594470046083
89 0.0034290999999999627 1 0 0.7431192660550459 0.8663594470046083
90 0.0034458000000000544 0 1 0.7431192660550459 0.8709677419354839
91 0.003697399999999962 1 1 0.7522935779816514 0.8755760368663594
92 0.004257899999999926 0 0 0.7522935779816514 0.8755760368663594
93 0.004903599999999897 1 1 0.7614678899082569 0.880184331797235
94 0.005146499999999943 1 0 0.7706422018348624 0.880184331797235
95 0.005250400000000099 1 1 0.7798165137614679 0.8847926267281107
96 0.004744999999999999 1 1 0.7889908256880734 0.8894009216589862
97 0.0048375999999999975 1 1 0.7981651376146789 0.8940092165898618
98 0.005120099999999961 1 2 0.8073394495412844 0.9032258064516129
99 0.005158200000000002 1 1 0.8165137614678899 0.9078341013824884
100 0.005218800000000079 1 0 0.8256880733944955 0.9078341013824884
101 0.005096400000000001 1 0 0.8348623853211009 0.9078341013824884
102 0.003683300000000056 1 1 0.8440366972477065 0.9124423963133641
103 0.0037741000000000025 1 1 0.8532110091743119 0.9170506912442397
104 0.0037658999999999887 1 1 0.8623853211009175 0.9216589861751152
105 0.003871799999999981 1 2 0.8715596330275229 0.9308755760368663
106 0.0037713999999999803 0 1 0.8715596330275229 0.9354838709677419
107 0.0036346999999999907 1 1 0.8807339449541285 0.9400921658986175
108 0.003656899999999963 1 0 0.8899082568807339 0.9400921658986175
109 0.0037685000000000635 1 1 0.8990825688073395 0.9447004608294931
110 0.0035427000000000097 1 0 0.908256880733945 0.9447004608294931
111 0.0039344000000000046 1 1 0.9174311926605505 0.9493087557603687
112 0.0039704000000000406 1 3 0.926605504587156 0.9631336405529954
113 0.003994500000000012 1 1 0.9357798165137615 0.967741935483871
114 0.005214600000000069 1 0 0.944954128440367 0.967741935483871
115 0.003950600000000026 1 0 0.9541284403669725 0.967741935483871
116 0.003988699999999956 1 2 0.963302752293578 0.9769585253456221
117 0.0038749000000000144 1 0 0.9724770642201835 0.9769585253456221
118 0.0040151999999999965 1 1 0.981651376146789 0.9815668202764977
119 0.004468899999999998 1 1 0.9908256880733946 0.9861751152073732
120 0.004177699999999951 0 2 0.9908256880733946 0.9953917050691244
121 0.00395970000000001 1 0 1.0 0.9953917050691244
122 0.0038808000000000176 0 1 1.0 1.0
