100 0.7 0.9
1 0.0022930999999999924 1 0 0.010101010101010102 0.5025380710659898
2 0.003260199999999991 0 0 0.010101010101010102 0.5025380710659898
3 0.002828599999999959 1 1 0.020202020202020204 0.5076142131979695
4 0.0020408000000000093 1 1 0.030303030303030304 0.5126903553299492
5 0.002203300000000019 0 0 0.030303030303030304 0.5126903553299492
6 0.0023311999999999777 1 1 0.04040404040404041 0.5177664974619289
7 0.002671900000000005 0 0 0.04040404040404041 0.5177664974619289
8 0.0022323999999999677 0 0 0.04040404040404041 0.5177664974619289
9 0.0021481000000000416 1 1 0.050505050505050504 0.5228426395939086
10 0.0021291999999999978 0 0 0.050505050505050504 0.5228426395939086
11 0.002507199999999987 0 0 0.050505050505050504 0.5228426395939086
12 0.002384699999999962 1 0 0.06060606060606061 0.5228426395939086
13 0.0019716000000000178 1 2 0.0707070707070707 0.5329949238578681
14 0.0019718000000000235 1 1 0.08080808080808081 0.5380710659898477
15 0.0019627999999999868 1 1 0.09090909090909091 0.5431472081218274
16 0.0024702000000000335 0 0 0.09090909090909091 0.5431472081218274
17 0.001968599999999987 1 1 0.10101010101010101 0.5482233502538071
18 0.002252299999999985 0 0 0.10101010101010101 0.5482233502538071
19 0.0024750999999999523 1 1 0.1111111111111111 0.5532994923857868
20 0.0023062999999999834 0 0 0.1111111111111111 0.5532994923857868
21 0.0026319999999999677 1 1 0.12121212121212122 0.5583756345177665
22 0.0020928000000000058 0 0 0.12121212121212122 0.5583756345177665
23 0.0025731999999999977 1 1 0.13131313131313133 0.5634517766497462
24 0.0025131999999999932 1 1 0.1414141414141414 0.5685279187817259
25 0.0025726999999999833 1 1 0.15151515151515152 0.5736040609137056
26 0.0021486000000000005 1 1 0.16161616161616163 0.5786802030456852
27 0.00218069999999998 1 1 0.1717171717171717 0.583756345177665
28 0.002352600000000038 1 1 0.18181818181818182 0.5888324873096447
29 0.0023746000000000045 1 1 0.1919191919191919 0.5939086294416244
30 0.0022503000000000384 1 1 0.20202020202020202 0.5989847715736041
31 0.002293400000000001 0 0 0.20202020202020202 0.5989847715736041
32 0.002666799999999969 1 1 0.21212121212121213 0.6040609137055838
33 0.003235600000000005 1 1 0.2222222222222222 0.6091370558375635
34 0.002341700000000002 1 1 0.23232323232323232 0.6142131979695431
35 0.0024071999999999982 1 0 0.24242424242424243 0.6142131979695431
36 0.0029385000000000105 0 1 0.24242424242424243 0.6192893401015228
37 0.0026319999999999677 1 1 0.25252525252525254 0.6243654822335025
38 0.0030510999999999733 1 0 0.26262626262626265 0.6243654822335025
39 0.0025754000000000055 0 1 0.26262626262626265 0.6294416243654822
40 0.002604200000000001 0 0 0.26262626262626265 0.6294416243654822
41 0.0028245000000000076 1 1 0.2727272727272727 0.6345177664974619
42 0.0024881000000000486 1 1 0.2828282828282828 0.6395939086294417
43 0.0023031000000000024 1 1 0.29292929292929293 0.6446700507614214
44 0.002388200000000007 1 1 0.30303030303030304 0.649746192893401
45 0.0030554999999999888 0 0 0.30303030303030304 0.649746192893401
46 0.0023328000000000237 1 1 0.31313131313131315 0.6548223350253807
47 0.0027042000000000455 1 1 0.32323232323232326 0.6598984771573604
48 0.002891599999999994 1 1 0.3333333333333333 0.6649746192893401
49 0.0034552999999999945 1 1 0.3434343434343434 0.6700507614213198
50 0.002792500000000031 1 1 0.35353535353535354 0.6751269035532995
51 0.0027797000000000516 1 1 0.36363636363636365 0.6802030456852792
52 0.002875500000000031 1 1 0.37373737373737376 0.6852791878172588
53 0.0028780999999999946 1 1 0.3838383838383838 0.6903553299492385
54 0.002820599999999951 0 0 0.3838383838383838 0.6903553299492385
55 0.0024570000000000425 1 0 0.3939393939393939 0.6903553299492385
56 0.00278790000000001 1 0 0.40404040404040403 0.6903553299492385
57 0.0024874000000000285 1 2 0.41414141414141414 0.700507614213198
58 0.002710199999999996 1 1 0.42424242424242425 0.7055837563451777
59 0.003027600000000019 1 2 0.43434343434343436 0.7157360406091371
60 0.0032279000000000058 1 1 0.4444444444444444 0.7208121827411168
61 0.0029468999999999745 1 1 0.45454545454545453 0.7258883248730964
62 0.0025428000000000117 1 1 0.46464646464646464 0.7309644670050761
63 0.003881499999999982 1 0 0.47474747474747475 0.7309644670050761
64 0.0034978999999999982 1 2 0.48484848484848486 0.7411167512690355
65 0.0026259000000000143 1 1 0.494949494949495 0.7461928934010152
66 0.0026469000000000076 1 1 0.5050505050505051 0.751269035532995
67 0.0032178999999999958 1 1 0.5151515151515151 0.7563451776649747
68 0.003047700000000042 0 0 0.5151515151515151 0.7563451776649747
69 0.00278229999999996 0 0 0.5151515151515151 0.7563451776649747
70 0.002632699999999988 1 1 0.5252525252525253 0.7614213197969543
71 0.004472100000000034 1 1 0.5353535353535354 0.766497461928934
72 0.003764500000000004 0 0 0.5353535353535354 0.766497461928934
73 0.0037663 1 1 0.5454545454545454 0.7715736040609137
74 0.003965099999999999 1 1 0.5555555555555556 0.7766497461928934
75 0.003007599999999999 1 0 0.5656565656565656 0.7766497461928934
76 0.002926299999999993 0 0 0.5656565656565656 0.7766497461928934
77 0.0033080999999999805 0 1 0.5656565656565656 0.7817258883248731
78 0.003394900000000034 1 1 0.5757575757575758 0.7868020304568528
79 0.002868399999999993 1 1 0.5858585858585859 0.7918781725888325
80 0.003066000000000013 0 0 0.5858585858585859 0.7918781725888325
81 0.0028984999999999705 0 0 0.5858585858585859 0.7918781725888325
82 0.0027997999999999634 0 0 0.5858585858585859 0.7918781725888325
83 0.0033255999999999286 1 1 0.5959595959595959 0.7969543147208121
84 0.004824400000000062 1 1 0.6060606060606061 0.8020304568527918
85 0.0032195000000000418 1 1 0.6161616161616161 0.8071065989847716
86 0.0034294999999999742 1 1 0.6262626262626263 0.8121827411167513
87 0.0031183999999999656 1 1 0.6363636363636364 0.817258883248731
88 0.0042679999999999385 1 1 0.6464646464646465 0.8223350253807107
89 0.0036283000000000287 1 1 0.6565656565656566 0.8274111675126904
90 0.0036022 0 0 0.6565656565656566 0.8274111675126904
91 0.003279800000000055 0 0 0.6565656565656566 0.8274111675126904
92 0.0031442000000000414 1 1 0.6666666666666666 0.8324873096446701
93 0.0038306999999999647 0 0 0.6666666666666666 0.8324873096446701
94 0.003007599999999999 1 1 0.6767676767676768 0.8375634517766497
95 0.0032604999999999995 1 1 0.6868686868686869 0.8426395939086294
96 0.0035364999999999425 1 1 0.696969696969697 0.8477157360406091
97 0.004099599999999981 1 1 0.7070707070707071 0.8527918781725888
98 0.0032386999999999277 0 0 0.7070707070707071 0.8527918781725888
99 0.005217200000000033 1 1 0.7171717171717171 0.8578680203045685
100 0.004052899999999915 0 0 0.7171717171717171 0.8578680203045685
101 0.003276400000000068 1 0 0.7272727272727273 0.8578680203045685
102 0.003299799999999964 1 1 0.7373737373737373 0.8629441624365483
103 0.0030837000000000225 1 1 0.7474747474747475 0.868020304568528
104 0.003987300000000027 0 1 0.7474747474747475 0.8730964467005076
105 0.006086000000000036 1 1 0.7575757575757576 0.8781725888324873
106 0.003233700000000006 1 1 0.7676767676767676 0.883248730964467
107 0.005411999999999972 1 1 0.7777777777777778 0.8883248730964467
108 0.004153000000000073 0 0 0.7777777777777778 0.8883248730964467
109 0.004045799999999988 1 1 0.7878787878787878 0.8934010152284264
110 0.004614699999999972 1 1 0.797979797979798 0.8984771573604061
111 0.003380600000000067 1 1 0.8080808080808081 0.9035532994923858
112 0.0031270999999999383 1 1 0.8181818181818182 0.9086294416243654
113 0.004239899999999963 0 0 0.8181818181818182 0.9086294416243654
114 0.0031842000000000814 1 1 0.8282828282828283 0.9137055837563451
115 0.004279299999999986 1 1 0.8383838383838383 0.9187817258883249
116 0.004243899999999967 1 1 0.8484848484848485 0.9238578680203046
117 0.003599000000000019 1 1 0.8585858585858586 0.9289340101522843
118 0.003771299999999922 1 1 0.8686868686868687 0.934010152284264
119 0.0035218000000000194 0 0 0.8686868686868687 0.934010152284264
120 0.0037939000000000167 0 0 0.8686868686868687 0.934010152284264
121 0.0032223000000000113 1 1 0.8787878787878788 0.9390862944162437
122 0.0045216000000000145 1 1 0.8888888888888888 0.9441624365482234
123 0.003518799999999933 1 1 0.898989898989899 0.949238578680203
124 0.003868899999999953 1 1 0.9090909090909091 0.9543147208121827
125 0.004273699999999936 1 1 0.9191919191919192 0.9593908629441624
126 0.003560899999999978 1 1 0.9292929292929293 0.9644670050761421
127 0.004102599999999956 0 0 0.9292929292929293 0.9644670050761421
128 0.004527000000000059 1 1 0.9393939393939394 0.9695431472081218
129 0.0033326999999999662 1 1 0.9494949494949495 0.9746192893401016
130 0.003819099999999964 1 1 0.9595959595959596 0.9796954314720813
131 0.003609399999999985 1 1 0.9696969696969697 0.9847715736040609
132 0.0034506999999999177 1 1 0.9797979797979798 0.9898477157360406
133 0.0036253000000000535 1 1 0.98989898989899 0.9949238578680203
134 0.003978600000000054 1 1 1.0 1.0
