200 0.3 0.6
1 0.0044336000000000375 0 0 0.0 0.5012594458438288
2 0.004781500000000105 0 0 0.0 0.5012594458438288
3 0.004458900000000043 1 0 0.005025125628140704 0.5012594458438288
4 0.005081400000000014 0 0 0.005025125628140704 0.5012594458438288
5 0.005371000000000015 0 0 0.005025125628140704 0.5012594458438288
6 0.004568599999999923 0 0 0.005025125628140704 0.5012594458438288
7 0.004945100000000036 0 0 0.005025125628140704 0.5012594458438288
8 0.005682400000000087 1 0 0.010050251256281407 0.5012594458438288
9 0.004437699999999989 0 0 0.010050251256281407 0.5012594458438288
10 0.004591000000000012 0 0 0.010050251256281407 0.5012594458438288
11 0.004693999999999976 0 0 0.010050251256281407 0.5012594458438288
12 0.004592499999999999 0 0 0.010050251256281407 0.5012594458438288
13 0.004524100000000031 0 1 0.010050251256281407 0.5037783375314862
14 0.004516099999999912 0 0 0.010050251256281407 0.5037783375314862
15 0.004350799999999988 0 0 0.010050251256281407 0.5037783375314862
16 0.004511000000000043 0 0 0.010050251256281407 0.5037783375314862
17 0.004771400000000092 0 0 0.010050251256281407 0.5037783375314862
18 0.004597300000000026 0 0 0.010050251256281407 0.5037783375314862
19 0.004487600000000036 0 0 0.010050251256281407 0.5037783375314862
20 0.004741099999999943 0 0 0.010050251256281407 0.5037783375314862
21 0.004526999999999948 0 0 0.010050251256281407 0.5037783375314862
22 0.004610000000000003 0 0 0.010050251256281407 0.5037783375314862
23 0.004646799999999951 1 0 0.01507537688442211 0.5037783375314862
24 0.004654600000000064 0 1 0.01507537688442211 0.5062972292191436
25 0.004468200000000033 0 0 0.01507537688442211 0.5062972292191436
26 0.004395399999999938 0 0 0.01507537688442211 0.5062972292191436
27 0.004736499999999921 0 0 0.01507537688442211 0.5062972292191436
28 0.004467799999999911 0 0 0.01507537688442211 0.5062972292191436
29 0.004711399999999921 0 0 0.01507537688442211 0.5062972292191436
30 0.00456690000000004 1 1 0.020100502512562814 0.5088161209068011
31 0.004425899999999983 1 0 0.02512562814070352 0.5088161209068011
32 0.004573799999999961 0 0 0.02512562814070352 0.5088161209068011
33 0.004596500000000003 1 1 0.03015075376884422 0.5113350125944585
34 0.00449810000000006 0 0 0.03015075376884422 0.5113350125944585
35 0.004631000000000052 1 2 0.035175879396984924 0.5163727959697733
36 0.0046239999999999615 0 0 0.035175879396984924 0.5163727959697733
37 0.004621800000000009 1 1 0.04020100502512563 0.5188916876574308
38 0.004514000000000018 0 0 0.04020100502512563 0.5188916876574308
39 0.004506299999999963 1 0 0.04522613065326633 0.5188916876574308
40 0.004486600000000007 1 1 0.05025125628140704 0.5214105793450882
41 0.004566999999999988 0 0 0.05025125628140704 0.5214105793450882
42 0.0044887999999999595 0 0 0.05025125628140704 0.5214105793450882
43 0.004518300000000086 0 0 0.05025125628140704 0.5214105793450882
44 0.004741400000000007 1 0 0.05527638190954774 0.5214105793450882
45 0.006577299999999897 0 0 0.05527638190954774 0.5214105793450882
46 0.004615799999999948 1 1 0.06030150753768844 0.5239294710327456
47 0.004715299999999978 0 1 0.06030150753768844 0.5264483627204031
48 0.004547399999999979 0 0 0.06030150753768844 0.5264483627204031
49 0.004644900000000063 1 1 0.06532663316582915 0.5289672544080605
50 0.004601999999999995 0 0 0.06532663316582915 0.5289672544080605
51 0.004477500000000023 1 1 0.07035175879396985 0.5314861460957179
52 0.004942299999999955 0 0 0.07035175879396985 0.5314861460957179
53 0.004824399999999951 1 0 0.07537688442211055 0.5314861460957179
54 0.004755799999999977 0 0 0.07537688442211055 0.5314861460957179
55 0.004493500000000039 0 0 0.07537688442211055 0.5314861460957179
56 0.004588700000000001 0 0 0.07537688442211055 0.5314861460957179
57 0.004702600000000001 0 0 0.07537688442211055 0.5314861460957179
58 0.00467850000000003 0 0 0.07537688442211055 0.5314861460957179
59 0.004620700000000033 1 1 0.08040201005025126 0.5340050377833753
60 0.004835499999999993 0 0 0.08040201005025126 0.5340050377833753
61 0.004816400000000054 0 1 0.08040201005025126 0.5365239294710328
62 0.004746699999999993 0 0 0.08040201005025126 0.5365239294710328
63 0.00489700000000004 0 0 0.08040201005025126 0.5365239294710328
64 0.0048080000000000345 0 0 0.08040201005025126 0.5365239294710328
65 0.0048192000000000235 1 0 0.08542713567839195 0.5365239294710328
66 0.004478500000000052 1 1 0.09045226130653267 0.5390428211586902
67 0.004731700000000005 0 0 0.09045226130653267 0.5390428211586902
68 0.00500350000000005 1 1 0.09547738693467336 0.5415617128463476
69 0.004753999999999925 0 0 0.09547738693467336 0.5415617128463476
70 0.004641299999999959 0 0 0.09547738693467336 0.5415617128463476
71 0.004711400000000032 0 0 0.09547738693467336 0.5415617128463476
72 0.004701100000000014 0 0 0.09547738693467336 0.5415617128463476
73 0.004893099999999984 0 0 0.09547738693467336 0.5415617128463476
74 0.0051099000000000006 1 3 0.10050251256281408 0.5491183879093199
75 0.005097199999999913 1 1 0.10552763819095477 0.5516372795969773
76 0.004826899999999967 0 0 0.10552763819095477 0.5516372795969773
77 0.004942299999999955 0 0 0.10552763819095477 0.5516372795969773
78 0.005036200000000046 0 0 0.10552763819095477 0.5516372795969773
79 0.005622899999999986 0 0 0.10552763819095477 0.5516372795969773
80 0.004842499999999972 1 1 0.11055276381909548 0.5541561712846348
81 0.0048375999999999975 0 0 0.11055276381909548 0.5541561712846348
82 0.005202499999999999 1 1 0.11557788944723618 0.5566750629722922
83 0.004873099999999964 0 0 0.11557788944723618 0.5566750629722922
84 0.004890900000000031 1 1 0.12060301507537688 0.5591939546599496
85 0.005018599999999984 1 1 0.12562814070351758 0.5617128463476071
86 0.004846799999999929 0 0 0.12562814070351758 0.5617128463476071
87 0.005074899999999993 0 0 0.12562814070351758 0.5617128463476071
88 0.004651900000000042 1 0 0.1306532663316583 0.5617128463476071
89 0.004760399999999998 0 0 0.1306532663316583 0.5617128463476071
90 0.0047624000000000555 0 0 0.1306532663316583 0.5617128463476071
91 0.004939099999999974 0 0 0.1306532663316583 0.5617128463476071
92 0.004929700000000037 1 1 0.135678391959799 0.5642317380352645
93 0.005019599999999902 0 0 0.135678391959799 0.5642317380352645
94 0.004790200000000078 0 0 0.135678391959799 0.5642317380352645
95 0.004904600000000037 1 1 0.1407035175879397 0.5667506297229219
96 0.004755700000000029 1 0 0.1457286432160804 0.5667506297229219
97 0.0046800000000000175 0 1 0.1457286432160804 0.5692695214105793
98 0.005021599999999848 1 1 0.1507537688442211 0.5717884130982368
99 0.0050792000000001725 0 0 0.1507537688442211 0.5717884130982368
100 0.005327799999999883 1 1 0.15577889447236182 0.5743073047858942
101 0.005754400000000048 0 0 0.15577889447236182 0.5743073047858942
102 0.004881000000000135 0 0 0.15577889447236182 0.5743073047858942
103 0.005366500000000052 0 0 0.15577889447236182 0.5743073047858942
104 0.005031000000000008 0 0 0.15577889447236182 0.5743073047858942
105 0.004809199999999958 0 0 0.15577889447236182 0.5743073047858942
106 0.0051554999999998685 0 0 0.15577889447236182 0.5743073047858942
107 0.0047520000000000895 0 0 0.15577889447236182 0.5743073047858942
108 0.004666199999999954 0 0 0.15577889447236182 0.5743073047858942
109 0.00477290000000008 1 1 0.16080402010050251 0.5768261964735516
110 0.005940899999999916 0 1 0.16080402010050251 0.5793450881612091
111 0.00516709999999998 0 0 0.16080402010050251 0.5793450881612091
112 0.011948999999999987 1 1 0.1658291457286432 0.5818639798488665
113 0.00530150000000007 0 0 0.1658291457286432 0.5818639798488665
114 0.00495470000000009 1 1 0.1708542713567839 0.5843828715365239
115 0.005176500000000139 0 0 0.1708542713567839 0.5843828715365239
116 0.005463600000000124 0 0 0.1708542713567839 0.5843828715365239
117 0.005301299999999953 0 0 0.1708542713567839 0.5843828715365239
118 0.005105000000000137 1 1 0.17587939698492464 0.5869017632241813
119 0.005166800000000027 0 0 0.17587939698492464 0.5869017632241813
120 0.005061500000000052 0 0 0.17587939698492464 0.5869017632241813
121 0.0049335999999999824 1 0 0.18090452261306533 0.5869017632241813
122 0.0049799999999999844 0 0 0.18090452261306533 0.5869017632241813
123 0.004903399999999891 0 0 0.18090452261306533 0.5869017632241813
124 0.005015699999999956 0 0 0.18090452261306533 0.5869017632241813
125 0.0051603000000000065 0 0 0.18090452261306533 0.5869017632241813
126 0.00501459999999998 0 0 0.18090452261306533 0.5869017632241813
127 0.004781699999999889 0 0 0.18090452261306533 0.5869017632241813
128 0.0049709 0 1 0.18090452261306533 0.5894206549118388
129 0.005297600000000013 0 0 0.18090452261306533 0.5894206549118388
130 0.005129999999999857 0 0 0.18090452261306533 0.5894206549118388
131 0.005072399999999977 0 0 0.18090452261306533 0.5894206549118388
132 0.005068899999999932 1 0 0.18592964824120603 0.5894206549118388
133 0.005146500000000165 1 1 0.19095477386934673 0.5919395465994962
134 0.004929699999999926 0 0 0.19095477386934673 0.5919395465994962
135 0.005105400000000149 1 0 0.19597989949748743 0.5919395465994962
136 0.005235799999999902 0 1 0.19597989949748743 0.5944584382871536
137 0.004912799999999828 0 0 0.19597989949748743 0.5944584382871536
138 0.005161999999999889 0 0 0.19597989949748743 0.5944584382871536
139 0.006916400000000156 0 1 0.19597989949748743 0.5969773299748111
140 0.006783399999999995 0 0 0.19597989949748743 0.5969773299748111
141 0.006736100000000134 0 0 0.19597989949748743 0.5969773299748111
142 0.0049178999999999196 0 0 0.19597989949748743 0.5969773299748111
143 0.004753900000000089 0 0 0.19597989949748743 0.5969773299748111
144 0.005025900000000139 0 0 0.19597989949748743 0.5969773299748111
145 0.005170899999999978 1 0 0.20100502512562815 0.5969773299748111
146 0.004843199999999825 1 0 0.20603015075376885 0.5969773299748111
147 0.0049824000000000535 0 0 0.20603015075376885 0.5969773299748111
148 0.004770699999999906 0 0 0.20603015075376885 0.5969773299748111
149 0.0047543999999999365 1 2 0.21105527638190955 0.6020151133501259
150 0.0046336000000000155 0 0 0.21105527638190955 0.6020151133501259
151 0.004781700000000111 0 0 0.21105527638190955 0.6020151133501259
152 0.004683100000000051 0 0 0.21105527638190955 0.6020151133501259
153 0.005318999999999852 1 1 0.21608040201005024 0.6045340050377834
154 0.0049592000000000525 0 0 0.21608040201005024 0.6045340050377834
155 0.005064599999999864 1 2 0.22110552763819097 0.6095717884130982
156 0.005450100000000013 0 0 0.22110552763819097 0.6095717884130982
157 0.004942099999999838 0 0 0.22110552763819097 0.6095717884130982
158 0.0050474999999998715 0 0 0.22110552763819097 0.6095717884130982
159 0.005007399999999995 0 0 0.22110552763819097 0.6095717884130982
160 0.005034000000000205 1 1 0.22613065326633167 0.6120906801007556
161 0.005258599999999891 0 0 0.22613065326633167 0.6120906801007556
162 0.0051064000000000664 0 0 0.22613065326633167 0.6120906801007556
163 0.004960999999999993 1 1 0.23115577889447236 0.6146095717884131
164 0.004828300000000008 0 0 0.23115577889447236 0.6146095717884131
165 0.004954899999999984 0 0 0.23115577889447236 0.6146095717884131
166 0.005138900000000168 0 0 0.23115577889447236 0.6146095717884131
167 0.005432700000000068 0 0 0.23115577889447236 0.6146095717884131
168 0.005234000000000183 1 1 0.23618090452261306 0.6171284634760705
169 0.005086900000000005 0 0 0.23618090452261306 0.6171284634760705
170 0.0052307000000000325 1 1 0.24120603015075376 0.6196473551637279
171 0.007882600000000073 0 0 0.24120603015075376 0.6196473551637279
172 0.006880899999999857 0 0 0.24120603015075376 0.6196473551637279
173 0.007285300000000161 1 0 0.24623115577889448 0.6196473551637279
174 0.005284400000000078 0 0 0.24623115577889448 0.6196473551637279
175 0.005478799999999895 0 1 0.24623115577889448 0.6221662468513854
176 0.00519959999999986 1 1 0.25125628140703515 0.6246851385390428
177 0.005457999999999963 0 0 0.25125628140703515 0.6246851385390428
178 0.005226900000000034 1 1 0.2562814070351759 0.6272040302267002
179 0.005369399999999969 0 0 0.2562814070351759 0.6272040302267002
180 0.005254799999999893 1 1 0.2613065326633166 0.6297229219143576
181 0.005176400000000081 0 0 0.2613065326633166 0.6297229219143576
182 0.005233400000000055 0 0 0.2613065326633166 0.6297229219143576
183 0.005206400000000055 0 0 0.2613065326633166 0.6297229219143576
184 0.005273700000000048 0 0 0.2613065326633166 0.6297229219143576
185 0.005216600000000016 0 0 0.2613065326633166 0.6297229219143576
186 0.005164799999999969 1 1 0.2663316582914573 0.6322418136020151
187 0.005315200000000075 1 1 0.271356783919598 0.6347607052896725
188 0.0056226999999999805 1 0 0.27638190954773867 0.6347607052896725
189 0.00561300000000009 1 1 0.2814070351758794 0.6372795969773299
190 0.005636500000000044 0 0 0.2814070351758794 0.6372795969773299
191 0.0054498999999998965 0 0 0.2814070351758794 0.6372795969773299
192 0.005540800000000123 0 0 0.2814070351758794 0.6372795969773299
193 0.005085500000000076 0 0 0.2814070351758794 0.6372795969773299
194 0.005268099999999887 0 0 0.2814070351758794 0.6372795969773299
195 0.005113799999999946 0 0 0.2814070351758794 0.6372795969773299
196 0.005007100000000042 1 1 0.2864321608040201 0.6397984886649875
197 0.005174000000000012 1 2 0.2914572864321608 0.6448362720403022
198 0.005012100000000075 0 0 0.2914572864321608 0.6448362720403022
199 0.005093499999999862 1 0 0.2964824120603015 0.6448362720403022
200 0.004984100000000158 0 1 0.2964824120603015 0.6473551637279596
201 0.005392999999999981 0 0 0.2964824120603015 0.6473551637279596
202 0.005014300000000027 0 0 0.2964824120603015 0.6473551637279596
203 0.005106800000000078 0 0 0.2964824120603015 0.6473551637279596
204 0.00534940000000006 0 0 0.2964824120603015 0.6473551637279596
205 0.005155999999999938 0 0 0.2964824120603015 0.6473551637279596
206 0.005124600000000035 0 0 0.2964824120603015 0.6473551637279596
207 0.005117999999999956 0 0 0.2964824120603015 0.6473551637279596
208 0.0051603000000000065 1 1 0.3015075376884422 0.6498740554156172
209 0.0050250999999998935 1 1 0.3065326633165829 0.6523929471032746
210 0.005299100000000001 0 0 0.3065326633165829 0.6523929471032746
211 0.005137000000000169 0 0 0.3065326633165829 0.6523929471032746
212 0.005471100000000062 0 0 0.3065326633165829 0.6523929471032746
213 0.005361799999999972 0 0 0.3065326633165829 0.6523929471032746
214 0.005134500000000042 0 0 0.3065326633165829 0.6523929471032746
215 0.005300599999999989 0 0 0.3065326633165829 0.6523929471032746
216 0.00516289999999997 0 0 0.3065326633165829 0.6523929471032746
217 0.0050162999999998625 0 0 0.3065326633165829 0.6523929471032746
218 0.005500199999999955 1 1 0.31155778894472363 0.654911838790932
219 0.005210000000000159 0 0 0.31155778894472363 0.654911838790932
220 0.0052235000000000475 0 0 0.31155778894472363 0.654911838790932
221 0.005263199999999912 0 0 0.31155778894472363 0.654911838790932
222 0.005292700000000039 0 0 0.31155778894472363 0.654911838790932
223 0.005412599999999879 0 0 0.31155778894472363 0.654911838790932
224 0.005259300000000078 1 1 0.3165829145728643 0.6574307304785895
225 0.005520100000000028 0 0 0.3165829145728643 0.6574307304785895
226 0.00525780000000009 0 0 0.3165829145728643 0.6574307304785895
227 0.005129699999999904 0 0 0.3165829145728643 0.6574307304785895
228 0.0051485 0 0 0.3165829145728643 0.6574307304785895
229 0.005161599999999877 0 0 0.3165829145728643 0.6574307304785895
230 0.005117100000000097 0 0 0.3165829145728643 0.6574307304785895
231 0.0051155000000000506 0 0 0.3165829145728643 0.6574307304785895
232 0.005117700000000003 0 0 0.3165829145728643 0.6574307304785895
233 0.005204700000000173 0 0 0.3165829145728643 0.6574307304785895
234 0.005026500000000045 0 0 0.3165829145728643 0.6574307304785895
235 0.006518300000000199 1 0 0.32160804020100503 0.6574307304785895
236 0.005339699999999947 0 0 0.32160804020100503 0.6574307304785895
237 0.008212899999999967 0 1 0.32160804020100503 0.6599496221662469
238 0.0052000000000000934 0 0 0.32160804020100503 0.6599496221662469
239 0.005298999999999943 0 0 0.32160804020100503 0.6599496221662469
240 0.005124499999999976 0 0 0.32160804020100503 0.6599496221662469
241 0.005223599999999884 0 0 0.32160804020100503 0.6599496221662469
242 0.005256900000000009 0 0 0.32160804020100503 0.6599496221662469
243 0.005225999999999953 1 1 0.32663316582914576 0.6624685138539043
244 0.00519270000000005 0 0 0.32663316582914576 0.6624685138539043
245 0.005224600000000024 0 0 0.32663316582914576 0.6624685138539043
246 0.005275300000000094 0 0 0.32663316582914576 0.6624685138539043
247 0.005264600000000064 0 0 0.32663316582914576 0.6624685138539043
248 0.005258899999999844 0 0 0.32663316582914576 0.6624685138539043
249 0.005125000000000046 0 0 0.32663316582914576 0.6624685138539043
250 0.005252499999999882 0 0 0.32663316582914576 0.6624685138539043
251 0.005100399999999894 0 0 0.32663316582914576 0.6624685138539043
252 0.005375600000000036 0 0 0.32663316582914576 0.6624685138539043
253 0.005524700000000049 1 1 0.3316582914572864 0.6649874055415617
254 0.005168499999999909 0 0 0.3316582914572864 0.6649874055415617
255 0.005401400000000001 0 0 0.3316582914572864 0.6649874055415617
256 0.005271000000000026 0 0 0.3316582914572864 0.6649874055415617
257 0.010253199999999962 0 0 0.3316582914572864 0.6649874055415617
258 0.005236499999999866 0 0 0.3316582914572864 0.6649874055415617
259 0.005691399999999902 0 0 0.3316582914572864 0.6649874055415617
260 0.005831200000000036 0 0 0.3316582914572864 0.6649874055415617
261 0.0056755000000001665 1 0 0.33668341708542715 0.6649874055415617
262 0.005700999999999956 0 0 0.33668341708542715 0.6649874055415617
263 0.006079300000000121 1 1 0.3417085427135678 0.6675062972292192
264 0.005232899999999985 1 0 0.34673366834170855 0.6675062972292192
265 0.005160999999999971 0 1 0.34673366834170855 0.6700251889168766
266 0.005100899999999964 0 0 0.34673366834170855 0.6700251889168766
267 0.005314999999999959 0 0 0.34673366834170855 0.6700251889168766
268 0.006558400000000075 1 0 0.35175879396984927 0.6700251889168766
269 0.005706599999999895 1 0 0.35678391959798994 0.6700251889168766
270 0.005477500000000024 1 2 0.36180904522613067 0.6750629722921915
271 0.00559580000000004 0 0 0.36180904522613067 0.6750629722921915
272 0.0054235000000000255 1 0 0.36683417085427134 0.6750629722921915
273 0.005342700000000367 1 1 0.37185929648241206 0.6775818639798489
274 0.005612499999999798 0 2 0.37185929648241206 0.6826196473551638
275 0.0052306999999998105 0 0 0.37185929648241206 0.6826196473551638
276 0.0060090999999999894 0 0 0.37185929648241206 0.6826196473551638
277 0.005524400000000096 1 0 0.3768844221105528 0.6826196473551638
278 0.007646599999999726 1 1 0.38190954773869346 0.6851385390428212
279 0.00728289999999987 0 0 0.38190954773869346 0.6851385390428212
280 0.007469599999999854 0 0 0.38190954773869346 0.6851385390428212
281 0.007719699999999996 1 2 0.3869346733668342 0.690176322418136
282 0.007826699999999853 0 0 0.3869346733668342 0.690176322418136
283 0.005199599999999638 0 0 0.3869346733668342 0.690176322418136
284 0.0052306999999998105 0 0 0.3869346733668342 0.690176322418136
285 0.0054050999999999405 1 2 0.39195979899497485 0.6952141057934509
286 0.00567580000000012 1 0 0.3969849246231156 0.6952141057934509
287 0.005398500000000084 1 0 0.4020100502512563 0.6952141057934509
288 0.00556599999999996 0 1 0.4020100502512563 0.6977329974811083
289 0.005350999999999662 0 0 0.4020100502512563 0.6977329974811083
290 0.0054978999999999445 0 0 0.4020100502512563 0.6977329974811083
291 0.0055850999999997875 0 0 0.4020100502512563 0.6977329974811083
292 0.005427099999999907 0 0 0.4020100502512563 0.6977329974811083
293 0.005355999999999916 1 0 0.40703517587939697 0.6977329974811083
294 0.005455100000000268 0 0 0.40703517587939697 0.6977329974811083
295 0.005666499999999797 0 1 0.40703517587939697 0.7002518891687658
296 0.005544400000000227 0 0 0.40703517587939697 0.7002518891687658
297 0.005031100000000066 0 0 0.40703517587939697 0.7002518891687658
298 0.005309100000000289 0 0 0.40703517587939697 0.7002518891687658
299 0.005236899999999878 0 0 0.40703517587939697 0.7002518891687658
300 0.0052160000000003315 0 1 0.40703517587939697 0.7027707808564232
301 0.0053434999999999455 1 0 0.4120603015075377 0.7027707808564232
302 0.005785799999999952 0 0 0.4120603015075377 0.7027707808564232
303 0.005607299999999871 0 0 0.4120603015075377 0.7027707808564232
304 0.005456899999999987 0 0 0.4120603015075377 0.7027707808564232
305 0.005458599999999869 0 0 0.4120603015075377 0.7027707808564232
306 0.005271299999999979 1 1 0.41708542713567837 0.7052896725440806
307 0.005460400000000032 0 0 0.41708542713567837 0.7052896725440806
308 0.005175900000000233 0 0 0.41708542713567837 0.7052896725440806
309 0.005610499999999963 0 0 0.41708542713567837 0.7052896725440806
310 0.005286200000000019 0 0 0.41708542713567837 0.7052896725440806
311 0.005466999999999889 0 0 0.41708542713567837 0.7052896725440806
312 0.006825500000000151 0 1 0.41708542713567837 0.707808564231738
313 0.005603299999999756 0 0 0.41708542713567837 0.707808564231738
314 0.005467400000000122 0 0 0.41708542713567837 0.707808564231738
315 0.005768400000000007 0 0 0.41708542713567837 0.707808564231738
316 0.00588450000000007 0 0 0.41708542713567837 0.707808564231738
317 0.006166400000000127 0 0 0.41708542713567837 0.707808564231738
318 0.00590579999999985 0 0 0.41708542713567837 0.707808564231738
319 0.005226799999999976 0 0 0.41708542713567837 0.707808564231738
320 0.005570000000000075 0 0 0.41708542713567837 0.707808564231738
321 0.005973699999999749 1 1 0.4221105527638191 0.7103274559193955
322 0.005516899999999936 1 1 0.4271356783919598 0.7128463476070529
323 0.005743100000000112 1 0 0.4321608040201005 0.7128463476070529
324 0.005503999999999731 0 0 0.4321608040201005 0.7128463476070529
325 0.005283700000000113 0 1 0.4321608040201005 0.7153652392947103
326 0.005315999999999654 0 0 0.4321608040201005 0.7153652392947103
327 0.0055355000000001375 0 0 0.4321608040201005 0.7153652392947103
328 0.005550299999999897 0 0 0.4321608040201005 0.7153652392947103
329 0.005436800000000019 0 0 0.4321608040201005 0.7153652392947103
330 0.005610900000000196 0 0 0.4321608040201005 0.7153652392947103
331 0.005791799999999903 0 0 0.4321608040201005 0.7153652392947103
332 0.005309199999999681 1 0 0.4371859296482412 0.7153652392947103
333 0.005595399999999806 0 0 0.4371859296482412 0.7153652392947103
334 0.0055434999999999235 1 2 0.44221105527638194 0.7204030226700252
335 0.005710899999999963 0 0 0.44221105527638194 0.7204030226700252
336 0.005874500000000005 0 0 0.44221105527638194 0.7204030226700252
337 0.005714600000000125 0 0 0.44221105527638194 0.7204030226700252
338 0.005346300000000248 0 0 0.44221105527638194 0.7204030226700252
339 0.005676200000000353 1 0 0.4472361809045226 0.7204030226700252
340 0.010088799999999676 1 0 0.45226130653266333 0.7204030226700252
341 0.008684499999999762 0 1 0.45226130653266333 0.7229219143576826
342 0.0060653999999997765 1 2 0.457286432160804 0.7279596977329975
343 0.005534600000000278 0 0 0.457286432160804 0.7279596977329975
344 0.0063717999999997055 0 0 0.457286432160804 0.7279596977329975
345 0.005783899999999953 0 0 0.457286432160804 0.7279596977329975
346 0.006360099999999758 0 0 0.457286432160804 0.7279596977329975
347 0.005743800000000299 1 0 0.4623115577889447 0.7279596977329975
348 0.0057981999999996425 0 0 0.4623115577889447 0.7279596977329975
349 0.006303200000000064 1 1 0.46733668341708545 0.7304785894206549
350 0.007939799999999941 1 2 0.4723618090452261 0.7355163727959698
351 0.007402200000000025 0 0 0.4723618090452261 0.7355163727959698
352 0.007688599999999823 0 0 0.4723618090452261 0.7355163727959698
353 0.007460100000000303 0 0 0.4723618090452261 0.7355163727959698
354 0.005933800000000211 0 0 0.4723618090452261 0.7355163727959698
355 0.005614800000000031 0 0 0.4723618090452261 0.7355163727959698
356 0.005607899999999777 1 1 0.47738693467336685 0.7380352644836272
357 0.005653600000000036 0 0 0.47738693467336685 0.7380352644836272
358 0.005662399999999845 1 0 0.4824120603015075 0.7380352644836272
359 0.00550890000000015 0 0 0.4824120603015075 0.7380352644836272
360 0.005512199999999634 0 0 0.4824120603015075 0.7380352644836272
361 0.005529999999999813 0 0 0.4824120603015075 0.7380352644836272
362 0.005438100000000112 0 1 0.4824120603015075 0.7405541561712846
363 0.005409300000000172 0 0 0.4824120603015075 0.7405541561712846
364 0.0056955000000002975 0 0 0.4824120603015075 0.7405541561712846
365 0.005534200000000045 0 0 0.4824120603015075 0.7405541561712846
366 0.005502599999999802 0 0 0.4824120603015075 0.7405541561712846
367 0.0054498999999998965 1 0 0.48743718592964824 0.7405541561712846
368 0.00552290000000033 0 1 0.48743718592964824 0.743073047858942
369 0.005774600000000074 1 1 0.49246231155778897 0.7455919395465995
370 0.005480599999999836 0 0 0.49246231155778897 0.7455919395465995
371 0.005507699999999893 1 1 0.49748743718592964 0.7481108312342569
372 0.00809219999999966 0 0 0.49748743718592964 0.7481108312342569
373 0.006763700000000039 0 0 0.49748743718592964 0.7481108312342569
374 0.00629729999999995 0 0 0.49748743718592964 0.7481108312342569
375 0.005707899999999988 1 1 0.5025125628140703 0.7506297229219143
376 0.0060803000000002605 0 0 0.5025125628140703 0.7506297229219143
377 0.005787599999999671 0 0 0.5025125628140703 0.7506297229219143
378 0.00576169999999987 0 0 0.5025125628140703 0.7506297229219143
379 0.005793700000000346 1 0 0.507537688442211 0.7506297229219143
380 0.005580499999999766 1 0 0.5125628140703518 0.7506297229219143
381 0.00567580000000012 0 0 0.5125628140703518 0.7506297229219143
382 0.005740899999999716 0 1 0.5125628140703518 0.7531486146095718
383 0.005781000000000258 0 0 0.5125628140703518 0.7531486146095718
384 0.0059539000000001785 0 0 0.5125628140703518 0.7531486146095718
385 0.006175899999999679 0 0 0.5125628140703518 0.7531486146095718
386 0.005799200000000226 0 0 0.5125628140703518 0.7531486146095718
387 0.005626599999999815 1 0 0.5175879396984925 0.7531486146095718
388 0.005638000000000254 0 0 0.5175879396984925 0.7531486146095718
389 0.005774000000000168 1 1 0.5226130653266332 0.7556675062972292
390 0.006237500000000118 0 1 0.5226130653266332 0.7581863979848866
391 0.0061565999999997345 0 1 0.5226130653266332 0.760705289672544
392 0.006043299999999974 0 0 0.5226130653266332 0.760705289672544
393 0.005443899999999946 0 0 0.5226130653266332 0.760705289672544
394 0.005365799999999865 1 1 0.5276381909547738 0.7632241813602015
395 0.0062643000000002225 1 0 0.5326633165829145 0.7632241813602015
396 0.005835000000000257 0 1 0.5326633165829145 0.7657430730478589
397 0.0056947000000002745 1 1 0.5376884422110553 0.7682619647355163
398 0.005988899999999742 0 0 0.5376884422110553 0.7682619647355163
399 0.005647799999999759 0 0 0.5376884422110553 0.7682619647355163
400 0.005552999999999919 0 0 0.5376884422110553 0.7682619647355163
401 0.0058635000000002435 0 0 0.5376884422110553 0.7682619647355163
402 0.011003499999999722 1 1 0.542713567839196 0.7707808564231738
403 0.005799400000000343 1 1 0.5477386934673367 0.7732997481108312
404 0.005734200000000023 0 0 0.5477386934673367 0.7732997481108312
405 0.00816569999999972 0 0 0.5477386934673367 0.7732997481108312
406 0.00806029999999991 0 0 0.5477386934673367 0.7732997481108312
407 0.00805979999999984 0 0 0.5477386934673367 0.7732997481108312
408 0.005728200000000072 1 0 0.5527638190954773 0.7732997481108312
409 0.0059917999999998806 1 1 0.5577889447236181 0.7758186397984886
410 0.006262899999999849 0 1 0.5577889447236181 0.7783375314861462
411 0.0065645999999999205 1 1 0.5628140703517588 0.7808564231738035
412 0.009009400000000056 0 0 0.5628140703517588 0.7808564231738035
413 0.005846000000000018 0 0 0.5628140703517588 0.7808564231738035
414 0.0056178999999998425 0 0 0.5628140703517588 0.7808564231738035
415 0.0057795000000000485 0 0 0.5628140703517588 0.7808564231738035
416 0.006184800000000212 0 0 0.5628140703517588 0.7808564231738035
417 0.006993700000000214 1 1 0.5678391959798995 0.783375314861461
418 0.005950200000000017 0 0 0.5678391959798995 0.783375314861461
419 0.0065421999999997205 0 0 0.5678391959798995 0.783375314861461
420 0.005872399999999889 1 1 0.5728643216080402 0.7858942065491183
421 0.0063261999999997265 0 0 0.5728643216080402 0.7858942065491183
422 0.006288800000000094 0 0 0.5728643216080402 0.7858942065491183
423 0.006044700000000347 0 0 0.5728643216080402 0.7858942065491183
424 0.006174200000000241 1 1 0.5778894472361809 0.7884130982367759
425 0.005908500000000316 0 0 0.5778894472361809 0.7884130982367759
426 0.005719499999999655 0 0 0.5778894472361809 0.7884130982367759
427 0.006187699999999907 0 0 0.5778894472361809 0.7884130982367759
428 0.005804799999999943 0 0 0.5778894472361809 0.7884130982367759
429 0.005832199999999954 1 1 0.5829145728643216 0.7909319899244333
430 0.0058051000000003405 0 0 0.5829145728643216 0.7909319899244333
431 0.006568999999999825 0 0 0.5829145728643216 0.7909319899244333
432 0.006225600000000053 0 0 0.5829145728643216 0.7909319899244333
433 0.00600120000000004 0 0 0.5829145728643216 0.7909319899244333
434 0.005915200000000009 0 0 0.5829145728643216 0.7909319899244333
435 0.006215699999999824 0 0 0.5829145728643216 0.7909319899244333
436 0.00582679999999991 0 0 0.5829145728643216 0.7909319899244333
437 0.005894599999999972 0 0 0.5829145728643216 0.7909319899244333
438 0.0058131000000001265 0 0 0.5829145728643216 0.7909319899244333
439 0.006402099999999855 0 0 0.5829145728643216 0.7909319899244333
440 0.006555700000000275 1 1 0.5879396984924623 0.7934508816120907
441 0.006336699999999862 0 0 0.5879396984924623 0.7934508816120907
442 0.005683099999999719 0 0 0.5879396984924623 0.7934508816120907
443 0.005609600000000103 0 0 0.5879396984924623 0.7934508816120907
444 0.00608070000000005 0 0 0.5879396984924623 0.7934508816120907
445 0.0057618999999999865 0 0 0.5879396984924623 0.7934508816120907
446 0.006136999999999837 0 0 0.5879396984924623 0.7934508816120907
447 0.005986000000000047 0 0 0.5879396984924623 0.7934508816120907
448 0.005734100000000186 1 1 0.592964824120603 0.7959697732997482
449 0.00579699999999983 0 0 0.592964824120603 0.7959697732997482
450 0.005508799999999869 0 0 0.592964824120603 0.7959697732997482
451 0.005650099999999991 0 0 0.592964824120603 0.7959697732997482
452 0.005655300000000363 0 0 0.592964824120603 0.7959697732997482
453 0.0060728000000001 0 0 0.592964824120603 0.7959697732997482
454 0.005509200000000103 0 0 0.592964824120603 0.7959697732997482
455 0.005720600000000076 0 0 0.592964824120603 0.7959697732997482
456 0.005666300000000124 1 0 0.5979899497487438 0.7959697732997482
457 0.005904200000000248 0 0 0.5979899497487438 0.7959697732997482
458 0.005983599999999978 1 1 0.6030150753768844 0.7984886649874056
459 0.006494900000000303 0 0 0.6030150753768844 0.7984886649874056
460 0.006558000000000064 0 0 0.6030150753768844 0.7984886649874056
461 0.005896899999999761 0 0 0.6030150753768844 0.7984886649874056
462 0.006475099999999845 0 0 0.6030150753768844 0.7984886649874056
463 0.006142399999999881 0 0 0.6030150753768844 0.7984886649874056
464 0.0059365999999996255 0 0 0.6030150753768844 0.7984886649874056
465 0.006706800000000346 0 0 0.6030150753768844 0.7984886649874056
466 0.006063299999999661 1 1 0.6080402010050251 0.801007556675063
467 0.006028800000000167 1 1 0.6130653266331658 0.8035264483627204
468 0.005710000000000104 0 0 0.6130653266331658 0.8035264483627204
469 0.0056603000000001735 0 1 0.6130653266331658 0.8060453400503779
470 0.005648199999999992 0 0 0.6130653266331658 0.8060453400503779
471 0.005782000000000398 0 0 0.6130653266331658 0.8060453400503779
472 0.005745700000000298 0 0 0.6130653266331658 0.8060453400503779
473 0.005972799999999889 0 0 0.6130653266331658 0.8060453400503779
474 0.005677299999999885 0 0 0.6130653266331658 0.8060453400503779
475 0.005882399999999954 0 0 0.6130653266331658 0.8060453400503779
476 0.0056107000000000795 0 0 0.6130653266331658 0.8060453400503779
477 0.005721600000000215 0 0 0.6130653266331658 0.8060453400503779
478 0.005711899999999659 1 1 0.6180904522613065 0.8085642317380353
479 0.008273599999999881 0 0 0.6180904522613065 0.8085642317380353
480 0.008381699999999714 0 0 0.6180904522613065 0.8085642317380353
481 0.008235900000000296 0 0 0.6180904522613065 0.8085642317380353
482 0.008111200000000096 1 1 0.6231155778894473 0.8110831234256927
483 0.008326999999999973 0 0 0.6231155778894473 0.8110831234256927
484 0.008321500000000093 0 0 0.6231155778894473 0.8110831234256927
485 0.00926019999999994 1 1 0.628140703517588 0.8136020151133502
486 0.007810700000000281 0 0 0.628140703517588 0.8136020151133502
487 0.006555400000000322 0 0 0.628140703517588 0.8136020151133502
488 0.0058469999999997135 0 0 0.628140703517588 0.8136020151133502
489 0.009595099999999857 0 0 0.628140703517588 0.8136020151133502
490 0.009444199999999903 0 0 0.628140703517588 0.8136020151133502
491 0.0062077999999998745 0 0 0.628140703517588 0.8136020151133502
492 0.006301500000000182 0 0 0.628140703517588 0.8136020151133502
493 0.006321100000000079 0 0 0.628140703517588 0.8136020151133502
494 0.005954800000000038 0 0 0.628140703517588 0.8136020151133502
495 0.006191100000000116 0 0 0.628140703517588 0.8136020151133502
496 0.006028200000000261 1 1 0.6331658291457286 0.8161209068010076
497 0.005944400000000183 0 0 0.6331658291457286 0.8161209068010076
498 0.007977099999999737 0 0 0.6331658291457286 0.8161209068010076
499 0.008362999999999676 1 1 0.6381909547738693 0.818639798488665
500 0.0059643000000000335 0 0 0.6381909547738693 0.818639798488665
501 0.00624720000000023 0 0 0.6381909547738693 0.818639798488665
502 0.0063059000000000864 0 0 0.6381909547738693 0.818639798488665
503 0.006450000000000067 1 0 0.6432160804020101 0.818639798488665
504 0.006361000000000061 0 1 0.6432160804020101 0.8211586901763224
505 0.006046400000000229 0 0 0.6432160804020101 0.8211586901763224
506 0.00587850000000012 0 0 0.6432160804020101 0.8211586901763224
507 0.006731400000000054 0 0 0.6432160804020101 0.8211586901763224
508 0.0064757999999995874 0 0 0.6432160804020101 0.8211586901763224
509 0.006104099999999946 0 0 0.6432160804020101 0.8211586901763224
510 0.006154899999999852 0 0 0.6432160804020101 0.8211586901763224
511 0.006254900000000063 0 0 0.6432160804020101 0.8211586901763224
512 0.007141800000000309 1 1 0.6482412060301508 0.8236775818639799
513 0.005841299999999716 0 0 0.6482412060301508 0.8236775818639799
514 0.006077400000000122 1 1 0.6532663316582915 0.8261964735516373
515 0.0057723000000002855 1 0 0.6582914572864321 0.8261964735516373
516 0.00652279999999994 0 0 0.6582914572864321 0.8261964735516373
517 0.006324199999999891 1 1 0.6633165829145728 0.8287153652392947
518 0.006446399999999741 1 1 0.6683417085427136 0.8312342569269522
519 0.006173700000000171 0 0 0.6683417085427136 0.8312342569269522
520 0.006374499999999728 0 0 0.6683417085427136 0.8312342569269522
521 0.005919399999999797 0 0 0.6683417085427136 0.8312342569269522
522 0.006129500000000121 1 0 0.6733668341708543 0.8312342569269522
523 0.005793600000000065 1 2 0.678391959798995 0.836272040302267
524 0.006181199999999887 1 1 0.6834170854271356 0.8387909319899244
525 0.006299400000000066 0 1 0.6834170854271356 0.8413098236775819
526 0.00597089999999989 0 0 0.6834170854271356 0.8413098236775819
527 0.006021500000000124 1 1 0.6884422110552764 0.8438287153652393
528 0.006382599999999794 0 0 0.6884422110552764 0.8438287153652393
529 0.006377500000000147 0 0 0.6884422110552764 0.8438287153652393
530 0.005878499999999676 0 0 0.6884422110552764 0.8438287153652393
531 0.006090799999999952 0 0 0.6884422110552764 0.8438287153652393
532 0.006335999999999675 0 0 0.6884422110552764 0.8438287153652393
533 0.005980399999999886 0 0 0.6884422110552764 0.8438287153652393
534 0.006047800000000159 1 1 0.6934673366834171 0.8463476070528967
535 0.005989400000000256 0 0 0.6934673366834171 0.8463476070528967
536 0.005910399999999871 1 0 0.6984924623115578 0.8463476070528967
537 0.005904000000000131 0 0 0.6984924623115578 0.8463476070528967
538 0.006311200000000294 0 1 0.6984924623115578 0.8488664987405542
539 0.005838100000000068 1 1 0.7035175879396985 0.8513853904282116
540 0.0058995000000003905 0 0 0.7035175879396985 0.8513853904282116
541 0.00586360000000008 0 0 0.7035175879396985 0.8513853904282116
542 0.0061010999999999704 0 0 0.7035175879396985 0.8513853904282116
543 0.006004899999999758 0 0 0.7035175879396985 0.8513853904282116
544 0.005916399999999822 0 0 0.7035175879396985 0.8513853904282116
545 0.006006300000000131 0 0 0.7035175879396985 0.8513853904282116
546 0.006143100000000068 0 0 0.7035175879396985 0.8513853904282116
547 0.010313099999999853 0 0 0.7035175879396985 0.8513853904282116
548 0.005981199999999909 0 0 0.7035175879396985 0.8513853904282116
549 0.00609409999999988 0 0 0.7035175879396985 0.8513853904282116
550 0.0061835000000001195 0 0 0.7035175879396985 0.8513853904282116
551 0.006439899999999721 1 0 0.7085427135678392 0.8513853904282116
552 0.007255699999999976 0 0 0.7085427135678392 0.8513853904282116
553 0.008406899999999773 1 0 0.7135678391959799 0.8513853904282116
554 0.00615919999999992 1 2 0.7185929648241206 0.8564231738035264
555 0.006460099999999969 0 0 0.7185929648241206 0.8564231738035264
556 0.006263499999999755 0 1 0.7185929648241206 0.8589420654911839
557 0.005886999999999976 0 0 0.7185929648241206 0.8589420654911839
558 0.0057675000000001475 0 0 0.7185929648241206 0.8589420654911839
559 0.005677500000000002 1 0 0.7236180904522613 0.8589420654911839
560 0.008173399999999997 1 1 0.7286432160804021 0.8614609571788413
561 0.006392299999999906 0 0 0.7286432160804021 0.8614609571788413
562 0.006137599999999743 0 0 0.7286432160804021 0.8614609571788413
563 0.005973599999999912 0 0 0.7286432160804021 0.8614609571788413
564 0.006187900000000024 0 0 0.7286432160804021 0.8614609571788413
565 0.0063398000000001176 0 0 0.7286432160804021 0.8614609571788413
566 0.0061357999999995805 0 1 0.7286432160804021 0.8639798488664987
567 0.006332299999999957 0 0 0.7286432160804021 0.8639798488664987
568 0.006206200000000273 0 0 0.7286432160804021 0.8639798488664987
569 0.006132099999999863 0 0 0.7286432160804021 0.8639798488664987
570 0.006002099999999899 1 0 0.7336683417085427 0.8639798488664987
571 0.006190399999999929 0 0 0.7336683417085427 0.8639798488664987
572 0.006614700000000084 0 0 0.7336683417085427 0.8639798488664987
573 0.006311900000000037 0 0 0.7336683417085427 0.8639798488664987
574 0.00617610000000024 0 0 0.7336683417085427 0.8639798488664987
575 0.0059770999999999574 0 0 0.7336683417085427 0.8639798488664987
576 0.006112299999999848 0 0 0.7336683417085427 0.8639798488664987
577 0.006283599999999723 0 0 0.7336683417085427 0.8639798488664987
578 0.00634099999999993 0 1 0.7336683417085427 0.8664987405541562
579 0.006284100000000237 0 0 0.7336683417085427 0.8664987405541562
580 0.006602300000000838 0 0 0.7336683417085427 0.8664987405541562
581 0.006103699999999712 0 0 0.7336683417085427 0.8664987405541562
582 0.006140799999999835 0 0 0.7336683417085427 0.8664987405541562
583 0.006141099999999788 0 0 0.7336683417085427 0.8664987405541562
584 0.008623100000000328 0 0 0.7336683417085427 0.8664987405541562
585 0.008389399999999547 1 1 0.7386934673366834 0.8690176322418136
586 0.005852100000000249 1 0 0.7437185929648241 0.8690176322418136
587 0.006005700000000225 0 0 0.7437185929648241 0.8690176322418136
588 0.006348199999999693 0 0 0.7437185929648241 0.8690176322418136
589 0.006144700000000114 0 0 0.7437185929648241 0.8690176322418136
590 0.006180500000000144 0 1 0.7437185929648241 0.871536523929471
591 0.006433799999999934 0 0 0.7437185929648241 0.871536523929471
592 0.006143899999999647 1 1 0.7487437185929648 0.8740554156171285
593 0.006148099999999879 1 0 0.7537688442211056 0.8740554156171285
594 0.006112399999999241 0 0 0.7537688442211056 0.8740554156171285
595 0.005944899999999365 0 0 0.7537688442211056 0.8740554156171285
596 0.006049800000000438 0 0 0.7537688442211056 0.8740554156171285
597 0.0060731000000000535 1 2 0.7587939698492462 0.8790931989924433
598 0.005942500000000628 0 0 0.7587939698492462 0.8790931989924433
599 0.006565799999999733 1 1 0.7638190954773869 0.8816120906801007
600 0.006667699999999499 1 1 0.7688442211055276 0.8841309823677582
601 0.006536199999999326 1 1 0.7738693467336684 0.8866498740554156
602 0.006438000000000166 0 0 0.7738693467336684 0.8866498740554156
603 0.006648699999999508 1 1 0.7788944723618091 0.889168765743073
604 0.006038300000000163 0 0 0.7788944723618091 0.889168765743073
605 0.006339700000000725 0 0 0.7788944723618091 0.889168765743073
606 0.006291700000000233 0 0 0.7788944723618091 0.889168765743073
607 0.0061587000000002945 0 0 0.7788944723618091 0.889168765743073
608 0.006860500000000158 0 0 0.7788944723618091 0.889168765743073
609 0.006260699999999453 0 0 0.7788944723618091 0.889168765743073
610 0.006396700000000699 1 1 0.7839195979899497 0.8916876574307305
611 0.0062683000000003375 1 1 0.7889447236180904 0.8942065491183879
612 0.0060464000000006735 1 0 0.7939698492462312 0.8942065491183879
613 0.006386200000000564 1 2 0.7989949748743719 0.8992443324937027
614 0.006355399999999456 1 1 0.8040201005025126 0.9017632241813602
615 0.006249500000000019 0 0 0.8040201005025126 0.9017632241813602
616 0.006279300000000099 1 1 0.8090452261306532 0.9042821158690176
617 0.006733699999999843 0 0 0.8090452261306532 0.9042821158690176
618 0.00668190000000024 0 0 0.8090452261306532 0.9042821158690176
619 0.006531100000000123 0 0 0.8090452261306532 0.9042821158690176
620 0.006569800000000292 1 1 0.8140703517587939 0.906801007556675
621 0.006540199999999885 0 0 0.8140703517587939 0.906801007556675
622 0.00629940000000051 0 0 0.8140703517587939 0.906801007556675
623 0.00623169999999984 0 0 0.8140703517587939 0.906801007556675
624 0.006222399999999517 0 0 0.8140703517587939 0.906801007556675
625 0.006223300000000265 0 0 0.8140703517587939 0.906801007556675
626 0.0064301999999996085 0 0 0.8140703517587939 0.906801007556675
627 0.009059000000000594 0 0 0.8140703517587939 0.906801007556675
628 0.00884100000000032 0 0 0.8140703517587939 0.906801007556675
629 0.008788700000000205 1 1 0.8190954773869347 0.9093198992443325
630 0.008799999999999919 0 0 0.8190954773869347 0.9093198992443325
631 0.009028299999999767 0 0 0.8190954773869347 0.9093198992443325
632 0.009065999999999796 0 0 0.8190954773869347 0.9093198992443325
633 0.007100400000000562 0 0 0.8190954773869347 0.9093198992443325
634 0.010737500000000288 0 0 0.8190954773869347 0.9093198992443325
635 0.006493200000000421 0 0 0.8190954773869347 0.9093198992443325
636 0.006599500000000091 0 0 0.8190954773869347 0.9093198992443325
637 0.0063741999999997745 1 0 0.8241206030150754 0.9093198992443325
638 0.006384199999999396 0 0 0.8241206030150754 0.9093198992443325
639 0.00642750000000003 1 1 0.8291457286432161 0.9118387909319899
640 0.006295300000000559 0 0 0.8291457286432161 0.9118387909319899
641 0.006884500000000848 1 1 0.8341708542713567 0.9143576826196473
642 0.006236000000000352 1 1 0.8391959798994975 0.9168765743073047
643 0.007727599999999946 0 0 0.8391959798994975 0.9168765743073047
644 0.006734900000000543 0 0 0.8391959798994975 0.9168765743073047
645 0.006718400000000457 0 0 0.8391959798994975 0.9168765743073047
646 0.006730000000000125 0 0 0.8391959798994975 0.9168765743073047
647 0.006521300000000174 0 0 0.8391959798994975 0.9168765743073047
648 0.006808300000000322 0 0 0.8391959798994975 0.9168765743073047
649 0.006653700000000207 0 0 0.8391959798994975 0.9168765743073047
650 0.00658639999999977 0 0 0.8391959798994975 0.9168765743073047
651 0.00643750000000054 0 0 0.8391959798994975 0.9168765743073047
652 0.0062357999999997915 0 0 0.8391959798994975 0.9168765743073047
653 0.00672549999999994 0 0 0.8391959798994975 0.9168765743073047
654 0.006300900000000276 1 1 0.8442211055276382 0.9193954659949622
655 0.006428200000000217 0 0 0.8442211055276382 0.9193954659949622
656 0.0063555000000006245 0 0 0.8442211055276382 0.9193954659949622
657 0.0068928999999995355 1 1 0.8492462311557789 0.9219143576826196
658 0.006719099999999756 0 0 0.8492462311557789 0.9219143576826196
659 0.006341200000000491 0 0 0.8492462311557789 0.9219143576826196
660 0.006524399999999986 1 0 0.8542713567839196 0.9219143576826196
661 0.0063773999999998665 1 1 0.8592964824120602 0.924433249370277
662 0.006330600000000075 1 1 0.864321608040201 0.9269521410579346
663 0.0064093999999998985 0 0 0.864321608040201 0.9269521410579346
664 0.006119199999999658 0 0 0.864321608040201 0.9269521410579346
665 0.006639599999999746 0 0 0.864321608040201 0.9269521410579346
666 0.006334700000000026 0 0 0.864321608040201 0.9269521410579346
667 0.006300299999999481 1 0 0.8693467336683417 0.9269521410579346
668 0.006590999999999347 1 2 0.8743718592964824 0.9319899244332494
669 0.0066350000000001685 0 0 0.8743718592964824 0.9319899244332494
670 0.006444499999999742 0 0 0.8743718592964824 0.9319899244332494
671 0.007069899999999407 0 1 0.8743718592964824 0.9345088161209067
672 0.006350099999999692 0 0 0.8743718592964824 0.9345088161209067
673 0.006514300000000084 0 0 0.8743718592964824 0.9345088161209067
674 0.006317000000000128 0 0 0.8743718592964824 0.9345088161209067
675 0.006736200000000636 0 0 0.8743718592964824 0.9345088161209067
676 0.0063979000000005115 1 1 0.8793969849246231 0.9370277078085643
677 0.006364699999999779 0 0 0.8793969849246231 0.9370277078085643
678 0.0065739000000002434 0 0 0.8793969849246231 0.9370277078085643
679 0.0066477999999996484 0 0 0.8793969849246231 0.9370277078085643
680 0.006358600000000436 0 0 0.8793969849246231 0.9370277078085643
681 0.006340199999999463 1 1 0.8844221105527639 0.9395465994962217
682 0.006347400000000114 0 0 0.8844221105527639 0.9395465994962217
683 0.006148800000000065 0 0 0.8844221105527639 0.9395465994962217
684 0.006652500000000394 0 0 0.8844221105527639 0.9395465994962217
685 0.006256699999999782 0 0 0.8844221105527639 0.9395465994962217
686 0.006470999999999449 1 1 0.8894472361809045 0.9420654911838791
687 0.006482000000000099 1 0 0.8944723618090452 0.9420654911838791
688 0.006352199999999364 0 0 0.8944723618090452 0.9420654911838791
689 0.006412100000000365 0 0 0.8944723618090452 0.9420654911838791
690 0.006163199999999591 0 0 0.8944723618090452 0.9420654911838791
691 0.00630419999999976 1 0 0.8994974874371859 0.9420654911838791
692 0.01128410000000013 0 1 0.8994974874371859 0.9445843828715366
693 0.006850999999999274 1 1 0.9045226130653267 0.947103274559194
694 0.006153000000000297 0 0 0.9045226130653267 0.947103274559194
695 0.0064576999999994555 0 0 0.9045226130653267 0.947103274559194
696 0.0068254000000003145 0 0 0.9045226130653267 0.947103274559194
697 0.006364699999999779 0 1 0.9045226130653267 0.9496221662468514
698 0.009251100000000179 1 1 0.9095477386934674 0.9521410579345088
699 0.008785699999999785 1 1 0.914572864321608 0.9546599496221663
700 0.008890100000000345 0 1 0.914572864321608 0.9571788413098237
701 0.009439299999999484 1 1 0.9195979899497487 0.9596977329974811
702 0.009093799999999597 0 0 0.9195979899497487 0.9596977329974811
703 0.008879099999999696 1 1 0.9246231155778895 0.9622166246851386
704 0.00885479999999994 0 0 0.9246231155778895 0.9622166246851386
705 0.00919170000000058 0 0 0.9246231155778895 0.9622166246851386
706 0.006498200000000232 0 0 0.9246231155778895 0.9622166246851386
707 0.008163099999999979 1 1 0.9296482412060302 0.964735516372796
708 0.0066205999999997545 0 0 0.9296482412060302 0.964735516372796
709 0.00657149999999973 1 0 0.9346733668341709 0.964735516372796
710 0.007148400000000166 0 1 0.9346733668341709 0.9672544080604534
711 0.006710299999999947 0 0 0.9346733668341709 0.9672544080604534
712 0.006762099999999549 1 1 0.9396984924623115 0.9697732997481109
713 0.006526299999999985 0 0 0.9396984924623115 0.9697732997481109
714 0.007227399999999662 1 1 0.9447236180904522 0.9722921914357683
715 0.0073080999999994845 1 1 0.949748743718593 0.9748110831234257
716 0.007229200000000269 0 0 0.949748743718593 0.9748110831234257
717 0.006846300000000305 0 0 0.949748743718593 0.9748110831234257
718 0.0064022000000001356 1 1 0.9547738693467337 0.9773299748110831
719 0.0065336999999994205 0 0 0.9547738693467337 0.9773299748110831
720 0.006334400000000073 0 0 0.9547738693467337 0.9773299748110831
721 0.0066502000000001615 0 0 0.9547738693467337 0.9773299748110831
722 0.007933999999999664 0 0 0.9547738693467337 0.9773299748110831
723 0.007255400000000023 0 0 0.9547738693467337 0.9773299748110831
724 0.007223000000000646 0 0 0.9547738693467337 0.9773299748110831
725 0.006604000000000276 0 0 0.9547738693467337 0.9773299748110831
726 0.006693400000000516 1 0 0.9597989949748744 0.9773299748110831
727 0.006657699999999878 0 0 0.9597989949748744 0.9773299748110831
728 0.006996499999999628 1 0 0.964824120603015 0.9773299748110831
729 0.006717800000000551 0 0 0.964824120603015 0.9773299748110831
730 0.006905200000000278 1 1 0.9698492462311558 0.9798488664987406
731 0.006698699999999391 0 2 0.9698492462311558 0.9848866498740554
732 0.006956699999999927 0 0 0.9698492462311558 0.9848866498740554
733 0.006658700000000017 0 0 0.9698492462311558 0.9848866498740554
734 0.006852399999999648 0 0 0.9698492462311558 0.9848866498740554
735 0.00689839999999986 0 0 0.9698492462311558 0.9848866498740554
736 0.006816399999999945 1 1 0.9748743718592965 0.9874055415617129
737 0.0068808999999996345 0 0 0.9748743718592965 0.9874055415617129
738 0.006744300000000258 0 0 0.9748743718592965 0.9874055415617129
739 0.006742400000000259 0 0 0.9748743718592965 0.9874055415617129
740 0.0075910000000005695 0 0 0.9748743718592965 0.9874055415617129
741 0.0068379000000007295 0 0 0.9748743718592965 0.9874055415617129
742 0.006729500000000499 1 0 0.9798994974874372 0.9874055415617129
743 0.006830400000000125 0 1 0.9798994974874372 0.9899244332493703
744 0.006519800000000409 1 1 0.9849246231155779 0.9924433249370277
745 0.006904099999999858 0 0 0.9849246231155779 0.9924433249370277
746 0.006181899999999629 0 0 0.9849246231155779 0.9924433249370277
747 0.0067192999999994285 1 1 0.9899497487437185 0.9949622166246851
748 0.00703639999999961 1 1 0.9949748743718593 0.9974811083123426
749 0.009241700000000463 1 1 1.0 1.0
