75 0.1 0.5
1 0.0018198999999999854 0 0 0.0 0.5034013605442177
2 0.0018186000000000035 0 0 0.0 0.5034013605442177
3 0.0013755000000000017 0 0 0.0 0.5034013605442177
4 0.001893600000000023 0 0 0.0 0.5034013605442177
5 0.0016436000000000228 0 0 0.0 0.5034013605442177
6 0.0014807000000000015 1 0 0.013513513513513514 0.5034013605442177
7 0.0019501000000000102 0 0 0.013513513513513514 0.5034013605442177
8 0.0019525999999999988 0 0 0.013513513513513514 0.5034013605442177
9 0.0018144999999999967 0 0 0.013513513513513514 0.5034013605442177
10 0.0014577000000000062 0 0 0.013513513513513514 0.5034013605442177
11 0.0018311000000000022 0 0 0.013513513513513514 0.5034013605442177
12 0.0021735999999999978 0 0 0.013513513513513514 0.5034013605442177
13 0.002075599999999983 0 0 0.013513513513513514 0.5034013605442177
14 0.001708100000000018 0 0 0.013513513513513514 0.5034013605442177
15 0.0017157000000000422 0 0 0.013513513513513514 0.5034013605442177
16 0.0016401999999999806 0 0 0.013513513513513514 0.5034013605442177
17 0.001602300000000001 0 0 0.013513513513513514 0.5034013605442177
18 0.0015230999999999995 0 0 0.013513513513513514 0.5034013605442177
19 0.0014919999999999933 0 0 0.013513513513513514 0.5034013605442177
20 0.0014886000000000066 0 0 0.013513513513513514 0.5034013605442177
21 0.0013625999999999916 0 0 0.013513513513513514 0.5034013605442177
22 0.0020759000000000194 0 0 0.013513513513513514 0.5034013605442177
23 0.001435799999999987 0 0 0.013513513513513514 0.5034013605442177
24 0.0013773000000000257 0 0 0.013513513513513514 0.5034013605442177
25 0.001639400000000013 0 0 0.013513513513513514 0.5034013605442177
26 0.0026066000000000145 1 0 0.02702702702702703 0.5034013605442177
27 0.002019099999999996 0 0 0.02702702702702703 0.5034013605442177
28 0.001678199999999963 0 0 0.02702702702702703 0.5034013605442177
29 0.0015207000000000415 1 0 0.04054054054054054 0.5034013605442177
30 0.001487499999999975 0 0 0.04054054054054054 0.5034013605442177
31 0.001369100000000012 0 0 0.04054054054054054 0.5034013605442177
32 0.0016551000000000204 0 0 0.04054054054054054 0.5034013605442177
33 0.001824199999999998 0 0 0.04054054054054054 0.5034013605442177
34 0.0015418000000000376 0 0 0.04054054054054054 0.5034013605442177
35 0.0014380999999999977 0 1 0.04054054054054054 0.5102040816326531
36 0.001447099999999979 0 0 0.04054054054054054 0.5102040816326531
37 0.0013302000000000036 0 0 0.04054054054054054 0.5102040816326531
38 0.0013682000000000416 0 0 0.04054054054054054 0.5102040816326531
39 0.0015342999999999885 0 0 0.04054054054054054 0.5102040816326531
40 0.0017725000000000102 0 0 0.04054054054054054 0.5102040816326531
41 0.0015364999999999962 0 0 0.04054054054054054 0.5102040816326531
42 0.0013849000000000222 1 1 0.05405405405405406 0.5170068027210885
43 0.0014173000000000102 0 0 0.05405405405405406 0.5170068027210885
44 0.001735500000000001 0 0 0.05405405405405406 0.5170068027210885
45 0.0022920000000000162 0 0 0.05405405405405406 0.5170068027210885
46 0.0019418999999999964 0 0 0.05405405405405406 0.5170068027210885
47 0.0020959999999999868 0 0 0.05405405405405406 0.5170068027210885
48 0.0019639000000000184 0 0 0.05405405405405406 0.5170068027210885
49 0.0015447999999999573 1 0 0.06756756756756757 0.5170068027210885
50 0.001404699999999981 0 0 0.06756756756756757 0.5170068027210885
51 0.001756200000000041 0 0 0.06756756756756757 0.5170068027210885
52 0.0018355999999999928 0 0 0.06756756756756757 0.5170068027210885
53 0.0015757999999999606 0 0 0.06756756756756757 0.5170068027210885
54 0.0015919999999999823 0 0 0.06756756756756757 0.5170068027210885
55 0.00149100000000002 0 0 0.06756756756756757 0.5170068027210885
56 0.001390699999999967 0 0 0.06756756756756757 0.5170068027210885
57 0.001606699999999961 0 2 0.06756756756756757 0.5306122448979592
58 0.001825100000000024 1 1 0.08108108108108109 0.5374149659863946
59 0.0018304000000000098 0 0 0.08108108108108109 0.5374149659863946
60 0.0017472000000000043 0 0 0.08108108108108109 0.5374149659863946
61 0.001682600000000034 0 0 0.08108108108108109 0.5374149659863946
62 0.001376299999999997 0 0 0.08108108108108109 0.5374149659863946
63 0.0014095999999999553 0 0 0.08108108108108109 0.5374149659863946
64 0.0015321999999999836 0 0 0.08108108108108109 0.5374149659863946
65 0.0015996000000000343 0 0 0.08108108108108109 0.5374149659863946
66 0.0019019999999999593 0 0 0.08108108108108109 0.5374149659863946
67 0.0015762000000000276 0 0 0.08108108108108109 0.5374149659863946
68 0.0014392000000000293 0 0 0.08108108108108109 0.5374149659863946
69 0.0018690000000000095 0 0 0.08108108108108109 0.5374149659863946
70 0.0018732000000000193 0 0 0.08108108108108109 0.5374149659863946
71 0.0014312000000000213 0 0 0.08108108108108109 0.5374149659863946
72 0.0019297999999999815 0 0 0.08108108108108109 0.5374149659863946
73 0.0015469000000000177 0 0 0.08108108108108109 0.5374149659863946
74 0.001411400000000007 0 0 0.08108108108108109 0.5374149659863946
75 0.002038299999999993 0 0 0.08108108108108109 0.5374149659863946
76 0.002511799999999953 0 0 0.08108108108108109 0.5374149659863946
77 0.002090700000000001 0 0 0.08108108108108109 0.5374149659863946
78 0.0014368000000000158 0 0 0.08108108108108109 0.5374149659863946
79 0.0014875999999999778 0 0 0.08108108108108109 0.5374149659863946
80 0.0016105000000000147 0 0 0.08108108108108109 0.5374149659863946
81 0.0015224999999999822 0 0 0.08108108108108109 0.5374149659863946
82 0.0016132999999999842 0 0 0.08108108108108109 0.5374149659863946
83 0.0015772000000000008 0 0 0.08108108108108109 0.5374149659863946
84 0.0018812000000000273 0 0 0.08108108108108109 0.5374149659863946
85 0.0018172000000000188 0 0 0.08108108108108109 0.5374149659863946
86 0.0018761999999999945 0 0 0.08108108108108109 0.5374149659863946
87 0.0018152000000000168 0 0 0.08108108108108109 0.5374149659863946
88 0.0022704000000000057 1 0 0.0945945945945946 0.5374149659863946
89 0.0017557000000000267 0 0 0.0945945945945946 0.5374149659863946
90 0.0014903 0 0 0.0945945945945946 0.5374149659863946
91 0.0015836000000000183 0 1 0.0945945945945946 0.54421768707483
92 0.001819100000000018 0 0 0.0945945945945946 0.54421768707483
93 0.0021214999999999984 0 0 0.0945945945945946 0.54421768707483
94 0.001552600000000015 1 0 0.10810810810810811 0.54421768707483
95 0.002176599999999973 0 0 0.10810810810810811 0.54421768707483
96 0.001664600000000016 0 0 0.10810810810810811 0.54421768707483
97 0.0015905999999999976 0 0 0.10810810810810811 0.54421768707483
98 0.0014746999999999955 0 0 0.10810810810810811 0.54421768707483
99 0.0020792000000000033 0 1 0.10810810810810811 0.5510204081632653
100 0.0017938999999999594 0 0 0.10810810810810811 0.5510204081632653
101 0.0016745999999999706 0 0 0.10810810810810811 0.5510204081632653
102 0.0014919999999999933 0 0 0.10810810810810811 0.5510204081632653
103 0.001884600000000014 0 0 0.10810810810810811 0.5510204081632653
104 0.0019392999999999772 0 0 0.10810810810810811 0.5510204081632653
105 0.002273700000000045 0 0 0.10810810810810811 0.5510204081632653
106 0.0018379000000000034 0 0 0.10810810810810811 0.5510204081632653
107 0.0014000000000000123 0 0 0.10810810810810811 0.5510204081632653
108 0.0015152999999999972 0 0 0.10810810810810811 0.5510204081632653
109 0.0018791000000000224 1 1 0.12162162162162163 0.5578231292517006
110 0.0018634999999999624 0 0 0.12162162162162163 0.5578231292517006
111 0.0016490000000000116 0 0 0.12162162162162163 0.5578231292517006
112 0.0019349999999999645 0 0 0.12162162162162163 0.5578231292517006
113 0.001550299999999949 1 1 0.13513513513513514 0.564625850340136
114 0.0015729000000000437 0 0 0.13513513513513514 0.564625850340136
115 0.0016220999999999597 0 0 0.13513513513513514 0.564625850340136
116 0.0017671999999999688 1 1 0.14864864864864866 0.5714285714285714
117 0.0018726999999999494 0 0 0.14864864864864866 0.5714285714285714
118 0.0017336000000000018 0 0 0.14864864864864866 0.5714285714285714
119 0.0015502000000000016 0 0 0.14864864864864866 0.5714285714285714
120 0.002076200000000028 0 0 0.14864864864864866 0.5714285714285714
121 0.0020919000000000354 0 0 0.14864864864864866 0.5714285714285714
122 0.0019912000000000263 0 0 0.14864864864864866 0.5714285714285714
123 0.001587100000000008 0 0 0.14864864864864866 0.5714285714285714
124 0.0014266 0 0 0.14864864864864866 0.5714285714285714
125 0.0015937000000000312 0 0 0.14864864864864866 0.5714285714285714
126 0.0020445000000000046 0 0 0.14864864864864866 0.5714285714285714
127 0.0019492999999999872 0 0 0.14864864864864866 0.5714285714285714
128 0.0021115999999999913 0 0 0.14864864864864866 0.5714285714285714
129 0.0017463999999999813 0 0 0.14864864864864866 0.5714285714285714
130 0.0014758999999999745 0 0 0.14864864864864866 0.5714285714285714
131 0.0018163999999999958 1 0 0.16216216216216217 0.5714285714285714
132 0.0023119999999999807 0 0 0.16216216216216217 0.5714285714285714
133 0.002634399999999981 0 1 0.16216216216216217 0.5782312925170068
134 0.002478199999999986 1 1 0.17567567567567569 0.5850340136054422
135 0.0028581999999999774 0 0 0.17567567567567569 0.5850340136054422
136 0.0021778000000000075 0 0 0.17567567567567569 0.5850340136054422
137 0.002313099999999957 0 0 0.17567567567567569 0.5850340136054422
138 0.0024417999999999385 0 0 0.17567567567567569 0.5850340136054422
139 0.001753400000000016 0 0 0.17567567567567569 0.5850340136054422
140 0.002049399999999979 1 0 0.1891891891891892 0.5850340136054422
141 0.0016863000000000294 0 1 0.1891891891891892 0.5918367346938775
142 0.0017494999999999594 0 0 0.1891891891891892 0.5918367346938775
143 0.0023100000000000342 0 0 0.1891891891891892 0.5918367346938775
144 0.0016528999999999572 0 0 0.1891891891891892 0.5918367346938775
145 0.002335799999999999 0 0 0.1891891891891892 0.5918367346938775
146 0.0026342999999999783 0 0 0.1891891891891892 0.5918367346938775
147 0.0024227 0 0 0.1891891891891892 0.5918367346938775
148 0.0019139999999999713 0 0 0.1891891891891892 0.5918367346938775
149 0.002381700000000042 0 0 0.1891891891891892 0.5918367346938775
150 0.0017239000000000004 0 0 0.1891891891891892 0.5918367346938775
151 0.0016532999999999687 0 0 0.1891891891891892 0.5918367346938775
152 0.0029605000000000325 0 0 0.1891891891891892 0.5918367346938775
153 0.002250500000000044 1 0 0.20270270270270271 0.5918367346938775
154 0.0017752999999999242 0 0 0.20270270270270271 0.5918367346938775
155 0.0017312999999999912 0 0 0.20270270270270271 0.5918367346938775
156 0.001874200000000048 0 0 0.20270270270270271 0.5918367346938775
157 0.0018040999999999752 0 0 0.20270270270270271 0.5918367346938775
158 0.002421999999999924 0 0 0.20270270270270271 0.5918367346938775
159 0.0024028999999999856 0 0 0.20270270270270271 0.5918367346938775
160 0.0021068000000000753 0 0 0.20270270270270271 0.5918367346938775
161 0.0024799999999999267 0 0 0.20270270270270271 0.5918367346938775
162 0.002043799999999929 0 0 0.20270270270270271 0.5918367346938775
163 0.001875799999999983 0 0 0.20270270270270271 0.5918367346938775
164 0.0017161999999999455 0 0 0.20270270270270271 0.5918367346938775
165 0.0016342999999999774 0 0 0.20270270270270271 0.5918367346938775
166 0.0021720000000000628 0 0 0.20270270270270271 0.5918367346938775
167 0.002328600000000014 0 0 0.20270270270270271 0.5918367346938775
168 0.001972100000000032 0 0 0.20270270270270271 0.5918367346938775
169 0.0016289999999999916 0 1 0.20270270270270271 0.5986394557823129
170 0.0018633999999999595 0 0 0.20270270270270271 0.5986394557823129
171 0.002381900000000048 0 0 0.20270270270270271 0.5986394557823129
172 0.0023303000000000074 1 0 0.21621621621621623 0.5986394557823129
173 0.0028108999999999496 0 0 0.21621621621621623 0.5986394557823129
174 0.002284100000000011 0 0 0.21621621621621623 0.5986394557823129
175 0.0020263999999999838 0 0 0.21621621621621623 0.5986394557823129
176 0.001754200000000039 1 2 0.22972972972972974 0.6122448979591837
177 0.0015516999999999337 0 0 0.22972972972972974 0.6122448979591837
178 0.0015791000000000555 0 0 0.22972972972972974 0.6122448979591837
179 0.002433100000000077 0 0 0.22972972972972974 0.6122448979591837
180 0.0015864999999999352 0 0 0.22972972972972974 0.6122448979591837
181 0.0015444000000000013 0 0 0.22972972972972974 0.6122448979591837
182 0.003460899999999989 0 0 0.22972972972972974 0.6122448979591837
183 0.0021174999999999944 1 0 0.24324324324324326 0.6122448979591837
184 0.001721900000000054 0 0 0.24324324324324326 0.6122448979591837
185 0.00451250000000003 0 0 0.24324324324324326 0.6122448979591837
186 0.0023780000000001023 0 0 0.24324324324324326 0.6122448979591837
187 0.0035796999999999635 0 0 0.24324324324324326 0.6122448979591837
188 0.002530499999999991 0 0 0.24324324324324326 0.6122448979591837
189 0.0018283999999999523 0 0 0.24324324324324326 0.6122448979591837
190 0.002200599999999997 0 0 0.24324324324324326 0.6122448979591837
191 0.001648299999999936 0 0 0.24324324324324326 0.6122448979591837
192 0.002634499999999984 0 0 0.24324324324324326 0.6122448979591837
193 0.0016648999999999692 0 0 0.24324324324324326 0.6122448979591837
194 0.0019348000000000143 0 0 0.24324324324324326 0.6122448979591837
195 0.0028801999999999994 0 0 0.24324324324324326 0.6122448979591837
196 0.0023273999999999795 0 0 0.24324324324324326 0.6122448979591837
197 0.0020792000000000588 0 0 0.24324324324324326 0.6122448979591837
198 0.0026749000000000356 0 0 0.24324324324324326 0.6122448979591837
199 0.0016013000000000277 0 0 0.24324324324324326 0.6122448979591837
200 0.0025366 0 0 0.24324324324324326 0.6122448979591837
201 0.002491000000000021 0 0 0.24324324324324326 0.6122448979591837
202 0.0019768000000000008 0 0 0.24324324324324326 0.6122448979591837
203 0.002809900000000032 0 0 0.24324324324324326 0.6122448979591837
204 0.0017881000000000702 0 0 0.24324324324324326 0.6122448979591837
205 0.0019498000000000015 0 0 0.24324324324324326 0.6122448979591837
206 0.0023876000000000452 0 0 0.24324324324324326 0.6122448979591837
207 0.0027022999999999353 0 0 0.24324324324324326 0.6122448979591837
208 0.002456600000000031 0 0 0.24324324324324326 0.6122448979591837
209 0.0017384999999999762 0 0 0.24324324324324326 0.6122448979591837
210 0.0015681000000000722 0 0 0.24324324324324326 0.6122448979591837
211 0.0016549000000000147 0 0 0.24324324324324326 0.6122448979591837
212 0.002740399999999976 0 0 0.24324324324324326 0.6122448979591837
213 0.001760300000000048 0 0 0.24324324324324326 0.6122448979591837
214 0.001866999999999952 0 0 0.24324324324324326 0.6122448979591837
215 0.003027299999999955 0 0 0.24324324324324326 0.6122448979591837
216 0.0025140000000000162 0 0 0.24324324324324326 0.6122448979591837
217 0.002461399999999947 0 0 0.24324324324324326 0.6122448979591837
218 0.002280300000000013 0 0 0.24324324324324326 0.6122448979591837
219 0.0021921999999999775 0 0 0.24324324324324326 0.6122448979591837
220 0.001991299999999918 0 0 0.24324324324324326 0.6122448979591837
221 0.002218199999999948 0 0 0.24324324324324326 0.6122448979591837
222 0.0017650000000000166 0 0 0.24324324324324326 0.6122448979591837
223 0.002192099999999919 0 0 0.24324324324324326 0.6122448979591837
224 0.0015967999999999538 1 0 0.25675675675675674 0.6122448979591837
225 0.0015252999999999517 0 0 0.25675675675675674 0.6122448979591837
226 0.002839499999999995 0 0 0.25675675675675674 0.6122448979591837
227 0.0018705999999999445 0 0 0.25675675675675674 0.6122448979591837
228 0.001604599999999956 0 0 0.25675675675675674 0.6122448979591837
229 0.0021556999999999826 0 0 0.25675675675675674 0.6122448979591837
230 0.002004099999999953 0 1 0.25675675675675674 0.6190476190476191
231 0.0017773000000000927 0 0 0.25675675675675674 0.6190476190476191
232 0.002983300000000022 0 0 0.25675675675675674 0.6190476190476191
233 0.0018985999999999725 0 0 0.25675675675675674 0.6190476190476191
234 0.0022867999999999222 0 0 0.25675675675675674 0.6190476190476191
235 0.002745099999999945 0 0 0.25675675675675674 0.6190476190476191
236 0.0024324000000000012 0 0 0.25675675675675674 0.6190476190476191
237 0.0020050000000000345 1 0 0.2702702702702703 0.6190476190476191
238 0.0017536999999999692 1 1 0.28378378378378377 0.6258503401360545
239 0.0016180000000000083 0 0 0.28378378378378377 0.6258503401360545
240 0.0017145000000000632 0 0 0.28378378378378377 0.6258503401360545
241 0.0026239000000000123 0 0 0.28378378378378377 0.6258503401360545
242 0.0024136000000000157 0 0 0.28378378378378377 0.6258503401360545
243 0.0023564000000000362 0 1 0.28378378378378377 0.6326530612244898
244 0.002234699999999923 0 0 0.28378378378378377 0.6326530612244898
245 0.0022233999999999865 0 0 0.28378378378378377 0.6326530612244898
246 0.0023271999999999737 0 0 0.28378378378378377 0.6326530612244898
247 0.0016593000000000302 0 0 0.28378378378378377 0.6326530612244898
248 0.0017523999999999873 1 1 0.2972972972972973 0.6394557823129252
249 0.0016688000000000258 0 0 0.2972972972972973 0.6394557823129252
250 0.0020967000000000624 0 0 0.2972972972972973 0.6394557823129252
251 0.0019223000000000434 0 0 0.2972972972972973 0.6394557823129252
252 0.002023499999999956 0 0 0.2972972972972973 0.6394557823129252
253 0.0024377999999999345 0 0 0.2972972972972973 0.6394557823129252
254 0.001750699999999994 0 0 0.2972972972972973 0.6394557823129252
255 0.0017712999999999202 0 0 0.2972972972972973 0.6394557823129252
256 0.0024454999999999893 0 0 0.2972972972972973 0.6394557823129252
257 0.0019843999999999973 0 0 0.2972972972972973 0.6394557823129252
258 0.001643499999999909 0 0 0.2972972972972973 0.6394557823129252
259 0.0019521000000000122 0 0 0.2972972972972973 0.6394557823129252
260 0.0022929999999999895 0 0 0.2972972972972973 0.6394557823129252
261 0.002385100000000029 0 0 0.2972972972972973 0.6394557823129252
262 0.002209099999999964 0 0 0.2972972972972973 0.6394557823129252
263 0.0021539999999999893 0 0 0.2972972972972973 0.6394557823129252
264 0.002547299999999919 0 0 0.2972972972972973 0.6394557823129252
265 0.0025172999999999446 0 0 0.2972972972972973 0.6394557823129252
266 0.0022868999999999806 0 0 0.2972972972972973 0.6394557823129252
267 0.0017216999999999372 0 0 0.2972972972972973 0.6394557823129252
268 0.0017091999999999663 0 0 0.2972972972972973 0.6394557823129252
269 0.0015604999999999647 0 0 0.2972972972972973 0.6394557823129252
270 0.0016366999999999354 0 0 0.2972972972972973 0.6394557823129252
271 0.001923000000000008 0 0 0.2972972972972973 0.6394557823129252
272 0.002619299999999991 0 0 0.2972972972972973 0.6394557823129252
273 0.0025047000000000263 0 1 0.2972972972972973 0.6462585034013606
274 0.0015645000000000797 0 0 0.2972972972972973 0.6462585034013606
275 0.0017304999999999682 0 0 0.2972972972972973 0.6462585034013606
276 0.0018985999999999725 0 0 0.2972972972972973 0.6462585034013606
277 0.002089099999999955 0 0 0.2972972972972973 0.6462585034013606
278 0.0016260000000000163 0 0 0.2972972972972973 0.6462585034013606
279 0.0016838999999999604 0 0 0.2972972972972973 0.6462585034013606
280 0.001527000000000056 0 0 0.2972972972972973 0.6462585034013606
281 0.0015139999999999043 0 0 0.2972972972972973 0.6462585034013606
282 0.0016642000000000046 0 0 0.2972972972972973 0.6462585034013606
283 0.0019460000000000033 0 0 0.2972972972972973 0.6462585034013606
284 0.0017623999999999418 0 0 0.2972972972972973 0.6462585034013606
285 0.001485100000000017 0 0 0.2972972972972973 0.6462585034013606
286 0.0015338000000000296 0 0 0.2972972972972973 0.6462585034013606
287 0.002837199999999984 0 0 0.2972972972972973 0.6462585034013606
288 0.002093699999999976 0 0 0.2972972972972973 0.6462585034013606
289 0.002360599999999935 0 0 0.2972972972972973 0.6462585034013606
290 0.0020879999999999788 0 0 0.2972972972972973 0.6462585034013606
291 0.0016128000000000808 0 0 0.2972972972972973 0.6462585034013606
292 0.0016774999999999984 0 0 0.2972972972972973 0.6462585034013606
293 0.0023545999999999845 0 0 0.2972972972972973 0.6462585034013606
294 0.0018304999999999572 0 0 0.2972972972972973 0.6462585034013606
295 0.0016735999999999418 0 0 0.2972972972972973 0.6462585034013606
296 0.0016104000000000118 1 1 0.3108108108108108 0.6530612244897959
297 0.001634699999999989 0 0 0.3108108108108108 0.6530612244897959
298 0.0016446999999999434 0 0 0.3108108108108108 0.6530612244897959
299 0.0016880999999999702 0 0 0.3108108108108108 0.6530612244897959
300 0.0016095999999999888 1 0 0.32432432432432434 0.6530612244897959
301 0.0014974999999999294 1 1 0.33783783783783783 0.6598639455782312
302 0.0017230999999999774 1 0 0.35135135135135137 0.6598639455782312
303 0.0019028999999999296 0 0 0.35135135135135137 0.6598639455782312
304 0.0020263999999999838 0 0 0.35135135135135137 0.6598639455782312
305 0.001654700000000009 0 0 0.35135135135135137 0.6598639455782312
306 0.0020832000000000628 0 0 0.35135135135135137 0.6598639455782312
307 0.0018448999999999272 0 0 0.35135135135135137 0.6598639455782312
308 0.0015855000000000175 0 0 0.35135135135135137 0.6598639455782312
309 0.0015543999999999558 0 0 0.35135135135135137 0.6598639455782312
310 0.002080900000000052 0 0 0.35135135135135137 0.6598639455782312
311 0.0020259999999999723 0 0 0.35135135135135137 0.6598639455782312
312 0.0019668999999999937 1 0 0.36486486486486486 0.6598639455782312
313 0.0017503000000000934 0 0 0.36486486486486486 0.6598639455782312
314 0.001565900000000009 0 0 0.36486486486486486 0.6598639455782312
315 0.00176109999999996 0 0 0.36486486486486486 0.6598639455782312
316 0.0018125000000001057 0 0 0.36486486486486486 0.6598639455782312
317 0.002638800000000052 0 0 0.36486486486486486 0.6598639455782312
318 0.0023244000000000042 0 0 0.36486486486486486 0.6598639455782312
319 0.0023231000000000224 0 0 0.36486486486486486 0.6598639455782312
320 0.001737100000000047 0 0 0.36486486486486486 0.6598639455782312
321 0.0016190999999999844 1 1 0.3783783783783784 0.6666666666666666
322 0.0017474000000000656 0 0 0.3783783783783784 0.6666666666666666
323 0.0017001000000000932 0 0 0.3783783783783784 0.6666666666666666
324 0.0015791000000000555 0 0 0.3783783783783784 0.6666666666666666
325 0.0016863000000000294 0 0 0.3783783783783784 0.6666666666666666
326 0.002009600000000056 0 0 0.3783783783783784 0.6666666666666666
327 0.0019223999999999908 0 0 0.3783783783783784 0.6666666666666666
328 0.0017350999999999894 1 1 0.3918918918918919 0.673469387755102
329 0.0026895000000000113 0 1 0.3918918918918919 0.6802721088435374
330 0.0020274000000000125 0 0 0.3918918918918919 0.6802721088435374
331 0.0016284999999999217 0 0 0.3918918918918919 0.6802721088435374
332 0.002644900000000061 0 0 0.3918918918918919 0.6802721088435374
333 0.0018962000000000145 0 0 0.3918918918918919 0.6802721088435374
334 0.0016753999999999936 0 0 0.3918918918918919 0.6802721088435374
335 0.0016214999999999424 0 0 0.3918918918918919 0.6802721088435374
336 0.0015678999999999554 0 0 0.3918918918918919 0.6802721088435374
337 0.001630999999999938 0 0 0.3918918918918919 0.6802721088435374
338 0.001788599999999918 0 0 0.3918918918918919 0.6802721088435374
339 0.0022855999999999987 0 0 0.3918918918918919 0.6802721088435374
340 0.002268300000000001 0 1 0.3918918918918919 0.6870748299319728
341 0.0020472000000000268 0 0 0.3918918918918919 0.6870748299319728
342 0.002082200000000034 0 0 0.3918918918918919 0.6870748299319728
343 0.0017137000000000402 1 0 0.40540540540540543 0.6870748299319728
344 0.001951800000000059 0 0 0.40540540540540543 0.6870748299319728
345 0.002251299999999956 0 0 0.40540540540540543 0.6870748299319728
346 0.00172300000000003 0 0 0.40540540540540543 0.6870748299319728
347 0.002347300000000052 0 0 0.40540540540540543 0.6870748299319728
348 0.0023187999999999542 0 0 0.40540540540540543 0.6870748299319728
349 0.0035464000000000606 0 0 0.40540540540540543 0.6870748299319728
350 0.0034026999999999807 0 0 0.40540540540540543 0.6870748299319728
351 0.0026316999999999036 0 0 0.40540540540540543 0.6870748299319728
352 0.0020461000000000507 0 0 0.40540540540540543 0.6870748299319728
353 0.0017405000000001447 0 0 0.40540540540540543 0.6870748299319728
354 0.0018264999999999532 0 0 0.40540540540540543 0.6870748299319728
355 0.001640300000000039 1 1 0.4189189189189189 0.6938775510204082
356 0.0016521999999998815 0 0 0.4189189189189189 0.6938775510204082
357 0.0016203999999999663 0 0 0.4189189189189189 0.6938775510204082
358 0.0019557000000001157 0 0 0.4189189189189189 0.6938775510204082
359 0.0023142999999998803 0 0 0.4189189189189189 0.6938775510204082
360 0.001614999999999922 1 1 0.43243243243243246 0.7006802721088435
361 0.002051499999999873 0 0 0.43243243243243246 0.7006802721088435
362 0.002109899999999998 0 0 0.43243243243243246 0.7006802721088435
363 0.0016050000000000786 0 0 0.43243243243243246 0.7006802721088435
364 0.001926700000000059 0 0 0.43243243243243246 0.7006802721088435
365 0.0016937999999999676 1 1 0.44594594594594594 0.7074829931972789
366 0.0016271000000001035 0 0 0.44594594594594594 0.7074829931972789
367 0.00236589999999981 0 0 0.44594594594594594 0.7074829931972789
368 0.0024850000000000705 1 0 0.4594594594594595 0.7074829931972789
369 0.002501899999999946 0 0 0.4594594594594595 0.7074829931972789
370 0.002309400000000128 0 0 0.4594594594594595 0.7074829931972789
371 0.003106800000000076 1 1 0.47297297297297297 0.7142857142857143
372 0.002350500000000144 0 1 0.47297297297297297 0.7210884353741497
373 0.0017354000000000536 0 0 0.47297297297297297 0.7210884353741497
374 0.0016886999999998764 0 0 0.47297297297297297 0.7210884353741497
375 0.0022500999999999216 1 0 0.4864864864864865 0.7210884353741497
376 0.002191499999999902 0 1 0.4864864864864865 0.7278911564625851
377 0.0018377999999998895 0 0 0.4864864864864865 0.7278911564625851
378 0.0021223999999999688 0 1 0.4864864864864865 0.7346938775510204
379 0.0017962000000000256 0 0 0.4864864864864865 0.7346938775510204
380 0.0018093000000001247 0 0 0.4864864864864865 0.7346938775510204
381 0.0029854999999998633 1 1 0.5 0.7414965986394558
382 0.0028265999999999014 0 0 0.5 0.7414965986394558
383 0.0029570999999999348 0 0 0.5 0.7414965986394558
384 0.0017480000000000828 0 0 0.5 0.7414965986394558
385 0.001695000000000002 0 0 0.5 0.7414965986394558
386 0.002120000000000122 0 0 0.5 0.7414965986394558
387 0.002174700000000085 0 0 0.5 0.7414965986394558
388 0.001965900000000076 0 1 0.5 0.7482993197278912
389 0.0018894999999998774 0 0 0.5 0.7482993197278912
390 0.0016416999999999682 0 0 0.5 0.7482993197278912
391 0.001658999999999855 0 0 0.5 0.7482993197278912
392 0.0017882000000000176 0 0 0.5 0.7482993197278912
393 0.0020964000000001093 0 0 0.5 0.7482993197278912
394 0.0016742999999999064 0 0 0.5 0.7482993197278912
395 0.0017920000000000158 0 0 0.5 0.7482993197278912
396 0.002484900000000012 0 0 0.5 0.7482993197278912
397 0.001860600000000101 0 0 0.5 0.7482993197278912
398 0.001730699999999974 0 0 0.5 0.7482993197278912
399 0.002136099999999974 0 0 0.5 0.7482993197278912
400 0.0017088000000000658 0 0 0.5 0.7482993197278912
401 0.0017233999999999305 0 0 0.5 0.7482993197278912
402 0.0023108999999998936 1 1 0.5135135135135135 0.7551020408163265
403 0.0022876000000000563 0 0 0.5135135135135135 0.7551020408163265
404 0.001922699999999944 0 0 0.5135135135135135 0.7551020408163265
405 0.001778700000000022 0 0 0.5135135135135135 0.7551020408163265
406 0.0016486999999998364 0 0 0.5135135135135135 0.7551020408163265
407 0.0016514000000000806 0 0 0.5135135135135135 0.7551020408163265
408 0.0018129000000000062 0 0 0.5135135135135135 0.7551020408163265
409 0.0017841999999999025 0 0 0.5135135135135135 0.7551020408163265
410 0.0016564999999999497 0 0 0.5135135135135135 0.7551020408163265
411 0.002326700000000015 0 0 0.5135135135135135 0.7551020408163265
412 0.002118499999999912 0 0 0.5135135135135135 0.7551020408163265
413 0.0019653000000001697 0 0 0.5135135135135135 0.7551020408163265
414 0.0023423000000000194 0 0 0.5135135135135135 0.7551020408163265
415 0.0024908000000001262 0 0 0.5135135135135135 0.7551020408163265
416 0.0024025999999999215 0 0 0.5135135135135135 0.7551020408163265
417 0.0029360000000000497 0 0 0.5135135135135135 0.7551020408163265
418 0.002159299999999975 0 0 0.5135135135135135 0.7551020408163265
419 0.002440600000000126 1 0 0.527027027027027 0.7551020408163265
420 0.002296899999999935 0 0 0.527027027027027 0.7551020408163265
421 0.0022240000000000038 1 0 0.5405405405405406 0.7551020408163265
422 0.002326199999999945 0 0 0.5405405405405406 0.7551020408163265
423 0.0020907999999999483 0 0 0.5405405405405406 0.7551020408163265
424 0.0017750999999999184 0 0 0.5405405405405406 0.7551020408163265
425 0.00174350000000012 0 0 0.5405405405405406 0.7551020408163265
426 0.0017439999999999678 0 0 0.5405405405405406 0.7551020408163265
427 0.0016877000000001807 0 0 0.5405405405405406 0.7551020408163265
428 0.0017080000000000428 0 0 0.5405405405405406 0.7551020408163265
429 0.002477899999999922 0 0 0.5405405405405406 0.7551020408163265
430 0.002409099999999942 0 0 0.5405405405405406 0.7551020408163265
431 0.0020169999999999355 0 0 0.5405405405405406 0.7551020408163265
432 0.0021407999999998317 0 0 0.5405405405405406 0.7551020408163265
433 0.0018582999999998684 0 0 0.5405405405405406 0.7551020408163265
434 0.002019800000000016 0 0 0.5405405405405406 0.7551020408163265
435 0.0017589000000000077 0 0 0.5405405405405406 0.7551020408163265
436 0.0017006999999999994 0 0 0.5405405405405406 0.7551020408163265
437 0.0024025999999999215 1 1 0.5540540540540541 0.7619047619047619
438 0.0021523999999999432 0 0 0.5540540540540541 0.7619047619047619
439 0.0018264999999999532 0 0 0.5540540540540541 0.7619047619047619
440 0.0018901000000000057 0 0 0.5540540540540541 0.7619047619047619
441 0.0017153000000000862 0 0 0.5540540540540541 0.7619047619047619
442 0.0016680000000000028 0 0 0.5540540540540541 0.7619047619047619
443 0.0019476000000000493 0 0 0.5540540540540541 0.7619047619047619
444 0.0021204999999999696 0 0 0.5540540540540541 0.7619047619047619
445 0.002432900000000071 0 0 0.5540540540540541 0.7619047619047619
446 0.0030518999999999963 1 2 0.5675675675675675 0.7755102040816326
447 0.003042700000000176 0 0 0.5675675675675675 0.7755102040816326
448 0.0023237000000000396 1 0 0.581081081081081 0.7755102040816326
449 0.0018868000000000773 0 0 0.581081081081081 0.7755102040816326
450 0.0017272999999999872 0 0 0.581081081081081 0.7755102040816326
451 0.0020791000000000004 0 0 0.581081081081081 0.7755102040816326
452 0.0022718999999999934 0 0 0.581081081081081 0.7755102040816326
453 0.0021675000000001 0 0 0.581081081081081 0.7755102040816326
454 0.0019721999999999795 0 0 0.581081081081081 0.7755102040816326
455 0.001770199999999944 0 0 0.581081081081081 0.7755102040816326
456 0.0018441000000000152 0 0 0.581081081081081 0.7755102040816326
457 0.0018356999999999957 0 0 0.581081081081081 0.7755102040816326
458 0.0018306000000001266 0 0 0.581081081081081 0.7755102040816326
459 0.0017580999999999847 0 0 0.581081081081081 0.7755102040816326
460 0.001683499999999949 0 0 0.581081081081081 0.7755102040816326
461 0.0018441000000000152 0 1 0.581081081081081 0.782312925170068
462 0.002921700000000138 0 0 0.581081081081081 0.782312925170068
463 0.002498700000000076 0 1 0.581081081081081 0.7891156462585034
464 0.0017639000000000404 0 0 0.581081081081081 0.7891156462585034
465 0.0023433999999999955 0 0 0.581081081081081 0.7891156462585034
466 0.0017439999999999678 0 0 0.581081081081081 0.7891156462585034
467 0.002734800000000037 1 1 0.5945945945945946 0.7959183673469388
468 0.0016685000000000727 0 0 0.5945945945945946 0.7959183673469388
469 0.0018963999999999093 0 0 0.5945945945945946 0.7959183673469388
470 0.0018590999999998914 0 0 0.5945945945945946 0.7959183673469388
471 0.002094700000000005 0 0 0.5945945945945946 0.7959183673469388
472 0.0017932000000000503 0 0 0.5945945945945946 0.7959183673469388
473 0.0026375000000000703 0 0 0.5945945945945946 0.7959183673469388
474 0.0017959999999999088 0 0 0.5945945945945946 0.7959183673469388
475 0.0018800999999999402 0 0 0.5945945945945946 0.7959183673469388
476 0.0021807999999998717 0 0 0.5945945945945946 0.7959183673469388
477 0.002180300000000024 0 0 0.5945945945945946 0.7959183673469388
478 0.0018057000000000212 1 1 0.6081081081081081 0.8027210884353742
479 0.0019017999999999535 0 0 0.6081081081081081 0.8027210884353742
480 0.001728599999999858 0 0 0.6081081081081081 0.8027210884353742
481 0.0018983999999999668 0 0 0.6081081081081081 0.8027210884353742
482 0.0025892000000000692 0 0 0.6081081081081081 0.8027210884353742
483 0.0019377000000000422 0 0 0.6081081081081081 0.8027210884353742
484 0.001955799999999952 0 0 0.6081081081081081 0.8027210884353742
485 0.001911500000000066 0 0 0.6081081081081081 0.8027210884353742
486 0.0021652999999999256 0 0 0.6081081081081081 0.8027210884353742
487 0.002160099999999998 0 0 0.6081081081081081 0.8027210884353742
488 0.002173900000000062 0 0 0.6081081081081081 0.8027210884353742
489 0.0017390999999999934 0 0 0.6081081081081081 0.8027210884353742
490 0.0017490000000000006 0 0 0.6081081081081081 0.8027210884353742
491 0.0019173000000001217 1 1 0.6216216216216216 0.8095238095238095
492 0.0023036000000000723 1 0 0.6351351351351351 0.8095238095238095
493 0.0023032000000000608 0 0 0.6351351351351351 0.8095238095238095
494 0.002345700000000006 0 0 0.6351351351351351 0.8095238095238095
495 0.002046699999999957 0 0 0.6351351351351351 0.8095238095238095
496 0.0020490000000001896 0 0 0.6351351351351351 0.8095238095238095
497 0.002031300000000069 1 1 0.6486486486486487 0.8163265306122449
498 0.0021326999999999874 0 0 0.6486486486486487 0.8163265306122449
499 0.0018343000000000664 0 0 0.6486486486486487 0.8163265306122449
500 0.0019133000000000067 0 0 0.6486486486486487 0.8163265306122449
501 0.0017397000000001217 0 0 0.6486486486486487 0.8163265306122449
502 0.0017220000000000013 0 0 0.6486486486486487 0.8163265306122449
503 0.0025823000000000373 0 0 0.6486486486486487 0.8163265306122449
504 0.0019225999999998855 0 0 0.6486486486486487 0.8163265306122449
505 0.001812599999999831 0 0 0.6486486486486487 0.8163265306122449
506 0.0018583000000000904 0 0 0.6486486486486487 0.8163265306122449
507 0.0029551999999999357 0 0 0.6486486486486487 0.8163265306122449
508 0.0021884000000000903 0 0 0.6486486486486487 0.8163265306122449
509 0.0021759999999999557 0 0 0.6486486486486487 0.8163265306122449
510 0.0017703000000000024 0 0 0.6486486486486487 0.8163265306122449
511 0.0018913000000000402 0 0 0.6486486486486487 0.8163265306122449
512 0.0019788000000000583 0 0 0.6486486486486487 0.8163265306122449
513 0.0021914000000000655 0 0 0.6486486486486487 0.8163265306122449
514 0.0018407000000000284 0 0 0.6486486486486487 0.8163265306122449
515 0.0018845000000000667 0 0 0.6486486486486487 0.8163265306122449
516 0.001718200000000003 0 0 0.6486486486486487 0.8163265306122449
517 0.0018137999999998655 0 0 0.6486486486486487 0.8163265306122449
518 0.0025818000000001895 0 0 0.6486486486486487 0.8163265306122449
519 0.0024672000000001137 0 0 0.6486486486486487 0.8163265306122449
520 0.0024547999999999792 0 0 0.6486486486486487 0.8163265306122449
521 0.0027756000000001 1 0 0.6621621621621622 0.8163265306122449
522 0.0020487999999998507 0 0 0.6621621621621622 0.8163265306122449
523 0.0020198999999998524 0 0 0.6621621621621622 0.8163265306122449
524 0.0018036999999999637 0 0 0.6621621621621622 0.8163265306122449
525 0.002004299999999848 1 0 0.6756756756756757 0.8163265306122449
526 0.0019088000000000438 1 1 0.6891891891891891 0.8231292517006803
527 0.002225399999999933 0 0 0.6891891891891891 0.8231292517006803
528 0.0025732000000000532 0 0 0.6891891891891891 0.8231292517006803
529 0.0019785999999999415 0 0 0.6891891891891891 0.8231292517006803
530 0.0021474000000001325 1 1 0.7027027027027027 0.8299319727891157
531 0.001871799999999979 0 0 0.7027027027027027 0.8299319727891157
532 0.003023500000000068 0 0 0.7027027027027027 0.8299319727891157
533 0.0024924000000001723 0 0 0.7027027027027027 0.8299319727891157
534 0.0026279000000000163 0 1 0.7027027027027027 0.8367346938775511
535 0.002520300000000031 1 0 0.7162162162162162 0.8367346938775511
536 0.002626200000000134 0 0 0.7162162162162162 0.8367346938775511
537 0.0018318999999999974 0 0 0.7162162162162162 0.8367346938775511
538 0.0019196999999999687 1 2 0.7297297297297297 0.8503401360544217
539 0.0018108999999999487 0 0 0.7297297297297297 0.8503401360544217
540 0.0040287999999999435 0 0 0.7297297297297297 0.8503401360544217
541 0.0021493000000001317 0 0 0.7297297297297297 0.8503401360544217
542 0.0028017999999998544 0 0 0.7297297297297297 0.8503401360544217
543 0.0018855999999998208 1 0 0.7432432432432432 0.8503401360544217
544 0.0018167000000000044 0 0 0.7432432432432432 0.8503401360544217
545 0.0020419999999998772 0 0 0.7432432432432432 0.8503401360544217
546 0.0020937999999999235 0 0 0.7432432432432432 0.8503401360544217
547 0.0019852999999998566 0 0 0.7432432432432432 0.8503401360544217
548 0.0025134999999998353 0 1 0.7432432432432432 0.8571428571428571
549 0.0025212000000001122 0 0 0.7432432432432432 0.8571428571428571
550 0.0034724999999999895 0 0 0.7432432432432432 0.8571428571428571
551 0.0017722000000000016 0 0 0.7432432432432432 0.8571428571428571
552 0.0017143000000001685 0 0 0.7432432432432432 0.8571428571428571
553 0.0020127999999999258 0 1 0.7432432432432432 0.8639455782312925
554 0.0022647000000000084 0 0 0.7432432432432432 0.8639455782312925
555 0.002800899999999995 0 0 0.7432432432432432 0.8639455782312925
556 0.002638699999999883 0 0 0.7432432432432432 0.8639455782312925
557 0.0026505999999999474 0 0 0.7432432432432432 0.8639455782312925
558 0.002168300000000123 0 0 0.7432432432432432 0.8639455782312925
559 0.0021183000000000174 0 0 0.7432432432432432 0.8639455782312925
560 0.0029025999999998664 0 0 0.7432432432432432 0.8639455782312925
561 0.0018000000000000238 1 0 0.7567567567567568 0.8639455782312925
562 0.0018210000000000726 0 0 0.7567567567567568 0.8639455782312925
563 0.0019496000000001068 0 0 0.7567567567567568 0.8639455782312925
564 0.002380099999999885 0 0 0.7567567567567568 0.8639455782312925
565 0.0019365000000000077 0 0 0.7567567567567568 0.8639455782312925
566 0.0023590999999998363 1 0 0.7702702702702703 0.8639455782312925
567 0.002528100000000144 0 0 0.7702702702702703 0.8639455782312925
568 0.0018978000000000605 0 0 0.7702702702702703 0.8639455782312925
569 0.0026376000000001287 0 0 0.7702702702702703 0.8639455782312925
570 0.0019426000000000165 0 1 0.7702702702702703 0.8707482993197279
571 0.0018977000000000022 0 0 0.7702702702702703 0.8707482993197279
572 0.0030642000000000724 0 0 0.7702702702702703 0.8707482993197279
573 0.0024336000000000357 0 0 0.7702702702702703 0.8707482993197279
574 0.002457999999999849 0 0 0.7702702702702703 0.8707482993197279
575 0.0018530000000001046 0 0 0.7702702702702703 0.8707482993197279
576 0.002091799999999866 0 0 0.7702702702702703 0.8707482993197279
577 0.0022534999999999084 0 0 0.7702702702702703 0.8707482993197279
578 0.0021712000000000398 0 0 0.7702702702702703 0.8707482993197279
579 0.0018743999999999428 0 1 0.7702702702702703 0.8775510204081632
580 0.001861899999999972 0 0 0.7702702702702703 0.8775510204081632
581 0.0019100000000000783 0 0 0.7702702702702703 0.8775510204081632
582 0.0017859999999998433 0 0 0.7702702702702703 0.8775510204081632
583 0.0025348999999998956 0 0 0.7702702702702703 0.8775510204081632
584 0.0019228000000000023 0 0 0.7702702702702703 0.8775510204081632
585 0.0018915999999999933 0 0 0.7702702702702703 0.8775510204081632
586 0.00184110000000004 0 0 0.7702702702702703 0.8775510204081632
587 0.0022184000000000648 0 0 0.7702702702702703 0.8775510204081632
588 0.002069700000000063 1 0 0.7837837837837838 0.8775510204081632
589 0.0023295000000000954 0 1 0.7837837837837838 0.8843537414965986
590 0.0019465000000000732 1 1 0.7972972972972973 0.891156462585034
591 0.0018136999999998071 0 0 0.7972972972972973 0.891156462585034
592 0.0019091999999998333 0 0 0.7972972972972973 0.891156462585034
593 0.0024511000000000394 0 0 0.7972972972972973 0.891156462585034
594 0.0018802999999998349 0 0 0.7972972972972973 0.891156462585034
595 0.0030703999999999176 0 0 0.7972972972972973 0.891156462585034
596 0.001994499999999899 0 0 0.7972972972972973 0.891156462585034
597 0.0018103999999998788 0 0 0.7972972972972973 0.891156462585034
598 0.002337699999999998 0 0 0.7972972972972973 0.891156462585034
599 0.0021340999999999166 0 0 0.7972972972972973 0.891156462585034
600 0.0026548000000001792 0 0 0.7972972972972973 0.891156462585034
601 0.0025824000000000957 0 0 0.7972972972972973 0.891156462585034
602 0.002553199999999922 0 0 0.7972972972972973 0.891156462585034
603 0.0022381000000000206 0 0 0.7972972972972973 0.891156462585034
604 0.0018390999999999824 0 0 0.7972972972972973 0.891156462585034
605 0.001794999999999991 0 0 0.7972972972972973 0.891156462585034
606 0.0020052000000001513 0 0 0.7972972972972973 0.891156462585034
607 0.0022573000000001286 0 0 0.7972972972972973 0.891156462585034
608 0.002314200000000044 0 0 0.7972972972972973 0.891156462585034
609 0.0031088000000001337 0 0 0.7972972972972973 0.891156462585034
610 0.0027215000000000433 0 0 0.7972972972972973 0.891156462585034
611 0.003798799999999991 0 0 0.7972972972972973 0.891156462585034
612 0.004503900000000005 0 0 0.7972972972972973 0.891156462585034
613 0.001894700000000027 0 0 0.7972972972972973 0.891156462585034
614 0.001851500000000117 0 0 0.7972972972972973 0.891156462585034
615 0.0025058000000000025 1 0 0.8108108108108109 0.891156462585034
616 0.0019188999999999456 0 0 0.8108108108108109 0.891156462585034
617 0.0018352999999999842 0 0 0.8108108108108109 0.891156462585034
618 0.002042199999999994 0 0 0.8108108108108109 0.891156462585034
619 0.0023034000000001775 0 0 0.8108108108108109 0.891156462585034
620 0.0020269000000001647 0 0 0.8108108108108109 0.891156462585034
621 0.002637700000000187 0 0 0.8108108108108109 0.891156462585034
622 0.001969899999999969 0 0 0.8108108108108109 0.891156462585034
623 0.00205769999999994 0 0 0.8108108108108109 0.891156462585034
624 0.0022389000000000436 0 0 0.8108108108108109 0.891156462585034
625 0.0021514000000000255 0 0 0.8108108108108109 0.891156462585034
626 0.0024842000000000475 0 0 0.8108108108108109 0.891156462585034
627 0.002484399999999942 0 0 0.8108108108108109 0.891156462585034
628 0.0019260000000000943 0 0 0.8108108108108109 0.891156462585034
629 0.002017099999999994 0 0 0.8108108108108109 0.891156462585034
630 0.0025401999999998814 0 0 0.8108108108108109 0.891156462585034
631 0.002273900000000051 0 0 0.8108108108108109 0.891156462585034
632 0.0020500999999999436 0 0 0.8108108108108109 0.891156462585034
633 0.0018340000000001133 0 0 0.8108108108108109 0.891156462585034
634 0.0019180999999999226 0 0 0.8108108108108109 0.891156462585034
635 0.0023577999999999655 1 2 0.8243243243243243 0.9047619047619048
636 0.0017841000000000662 0 0 0.8243243243243243 0.9047619047619048
637 0.001890700000000134 0 0 0.8243243243243243 0.9047619047619048
638 0.002496100000000112 0 0 0.8243243243243243 0.9047619047619048
639 0.001879500000000034 0 0 0.8243243243243243 0.9047619047619048
640 0.002898499999999915 0 0 0.8243243243243243 0.9047619047619048
641 0.0019743000000000954 0 0 0.8243243243243243 0.9047619047619048
642 0.0019445000000000157 0 0 0.8243243243243243 0.9047619047619048
643 0.0019820999999999867 0 0 0.8243243243243243 0.9047619047619048
644 0.0025098000000001175 0 0 0.8243243243243243 0.9047619047619048
645 0.0018791000000000224 0 0 0.8243243243243243 0.9047619047619048
646 0.0018968999999999792 0 0 0.8243243243243243 0.9047619047619048
647 0.001798700000000153 0 0 0.8243243243243243 0.9047619047619048
648 0.0017608999999998431 0 0 0.8243243243243243 0.9047619047619048
649 0.00263469999999999 0 1 0.8243243243243243 0.9115646258503401
650 0.001880300000000057 0 0 0.8243243243243243 0.9115646258503401
651 0.0019735000000000724 0 0 0.8243243243243243 0.9115646258503401
652 0.0031204999999998595 0 0 0.8243243243243243 0.9115646258503401
653 0.0025298000000000265 0 0 0.8243243243243243 0.9115646258503401
654 0.003933099999999801 0 0 0.8243243243243243 0.9115646258503401
655 0.002763000000000071 0 0 0.8243243243243243 0.9115646258503401
656 0.0028193999999999164 0 0 0.8243243243243243 0.9115646258503401
657 0.002478700000000167 0 0 0.8243243243243243 0.9115646258503401
658 0.0028400000000001757 0 0 0.8243243243243243 0.9115646258503401
659 0.0020482000000001666 0 0 0.8243243243243243 0.9115646258503401
660 0.001981600000000139 0 0 0.8243243243243243 0.9115646258503401
661 0.0019948000000000743 0 0 0.8243243243243243 0.9115646258503401
662 0.0023405000000000786 0 0 0.8243243243243243 0.9115646258503401
663 0.0019471999999998157 1 0 0.8378378378378378 0.9115646258503401
664 0.001916600000000157 0 0 0.8378378378378378 0.9115646258503401
665 0.002095799999999981 0 1 0.8378378378378378 0.9183673469387755
666 0.001989699999999983 0 0 0.8378378378378378 0.9183673469387755
667 0.0026393999999998474 0 0 0.8378378378378378 0.9183673469387755
668 0.002875799999999984 0 0 0.8378378378378378 0.9183673469387755
669 0.002609400000000095 0 0 0.8378378378378378 0.9183673469387755
670 0.002273700000000156 0 0 0.8378378378378378 0.9183673469387755
671 0.0021653000000001477 0 0 0.8378378378378378 0.9183673469387755
672 0.003009400000000051 0 0 0.8378378378378378 0.9183673469387755
673 0.002045899999999934 0 0 0.8378378378378378 0.9183673469387755
674 0.0022352000000001038 0 0 0.8378378378378378 0.9183673469387755
675 0.00262999999999991 0 0 0.8378378378378378 0.9183673469387755
676 0.002085899999999974 0 0 0.8378378378378378 0.9183673469387755
677 0.0022693000000000296 0 0 0.8378378378378378 0.9183673469387755
678 0.0020717000000001207 0 0 0.8378378378378378 0.9183673469387755
679 0.0020065999999998585 0 0 0.8378378378378378 0.9183673469387755
680 0.0021333000000001157 0 0 0.8378378378378378 0.9183673469387755
681 0.0022177000000001 0 0 0.8378378378378378 0.9183673469387755
682 0.0018985000000000252 0 0 0.8378378378378378 0.9183673469387755
683 0.0019263999999998838 0 0 0.8378378378378378 0.9183673469387755
684 0.0024513999999999925 0 0 0.8378378378378378 0.9183673469387755
685 0.002102700000000013 1 1 0.8513513513513513 0.9251700680272109
686 0.004153199999999968 0 0 0.8513513513513513 0.9251700680272109
687 0.0019283999999999413 0 0 0.8513513513513513 0.9251700680272109
688 0.002307499999999907 0 0 0.8513513513513513 0.9251700680272109
689 0.002409399999999895 0 0 0.8513513513513513 0.9251700680272109
690 0.0021645000000001247 1 0 0.8648648648648649 0.9251700680272109
691 0.0023452999999999946 0 0 0.8648648648648649 0.9251700680272109
692 0.0019415000000000404 0 0 0.8648648648648649 0.9251700680272109
693 0.0018807000000000684 0 0 0.8648648648648649 0.9251700680272109
694 0.002541700000000091 1 1 0.8783783783783784 0.9319727891156463
695 0.002186200000000138 0 0 0.8783783783783784 0.9319727891156463
696 0.002030999999999894 0 0 0.8783783783783784 0.9319727891156463
697 0.002080099999999918 0 0 0.8783783783783784 0.9319727891156463
698 0.0019404000000000643 0 0 0.8783783783783784 0.9319727891156463
699 0.0018548000000000453 0 0 0.8783783783783784 0.9319727891156463
700 0.003144100000000094 0 0 0.8783783783783784 0.9319727891156463
701 0.0026721999999999024 0 0 0.8783783783783784 0.9319727891156463
702 0.0029278999999999833 0 0 0.8783783783783784 0.9319727891156463
703 0.0027351999999998267 0 0 0.8783783783783784 0.9319727891156463
704 0.0027734999999999843 0 0 0.8783783783783784 0.9319727891156463
705 0.001976600000000106 0 0 0.8783783783783784 0.9319727891156463
706 0.002049700000000154 0 0 0.8783783783783784 0.9319727891156463
707 0.0022248000000000268 0 0 0.8783783783783784 0.9319727891156463
708 0.0028742999999999963 0 0 0.8783783783783784 0.9319727891156463
709 0.001964299999999808 0 0 0.8783783783783784 0.9319727891156463
710 0.002678799999999981 1 0 0.8918918918918919 0.9319727891156463
711 0.002615800000000057 0 0 0.8918918918918919 0.9319727891156463
712 0.0023055000000000714 0 0 0.8918918918918919 0.9319727891156463
713 0.0019412000000000873 0 0 0.8918918918918919 0.9319727891156463
714 0.0019236999999998616 0 0 0.8918918918918919 0.9319727891156463
715 0.0021692999999998186 0 0 0.8918918918918919 0.9319727891156463
716 0.002105400000000035 1 1 0.9054054054054054 0.9387755102040817
717 0.003259300000000076 0 0 0.9054054054054054 0.9387755102040817
718 0.0029270999999999603 0 0 0.9054054054054054 0.9387755102040817
719 0.002544399999999891 0 0 0.9054054054054054 0.9387755102040817
720 0.002360599999999824 0 1 0.9054054054054054 0.9455782312925171
721 0.002981699999999865 0 0 0.9054054054054054 0.9455782312925171
722 0.0029866000000000614 0 0 0.9054054054054054 0.9455782312925171
723 0.001929399999999859 0 0 0.9054054054054054 0.9455782312925171
724 0.002106400000000175 0 0 0.9054054054054054 0.9455782312925171
725 0.0024661000000001376 0 0 0.9054054054054054 0.9455782312925171
726 0.002023799999999909 1 0 0.918918918918919 0.9455782312925171
727 0.002105100000000082 0 0 0.918918918918919 0.9455782312925171
728 0.0020482000000001666 0 0 0.918918918918919 0.9455782312925171
729 0.0019317000000000917 0 0 0.918918918918919 0.9455782312925171
730 0.00283470000000019 0 0 0.918918918918919 0.9455782312925171
731 0.002825700000000042 0 0 0.918918918918919 0.9455782312925171
732 0.0019358999999998794 0 0 0.918918918918919 0.9455782312925171
733 0.0024197000000001356 0 0 0.918918918918919 0.9455782312925171
734 0.0022959000000000174 0 0 0.918918918918919 0.9455782312925171
735 0.003430999999999962 0 1 0.918918918918919 0.9523809523809523
736 0.0030034000000001004 0 1 0.918918918918919 0.9591836734693877
737 0.002884600000000015 0 0 0.918918918918919 0.9591836734693877
738 0.0024196000000000772 0 0 0.918918918918919 0.9591836734693877
739 0.0018785000000001162 0 0 0.918918918918919 0.9591836734693877
740 0.0018276999999999877 0 0 0.918918918918919 0.9591836734693877
741 0.001914999999999889 1 1 0.9324324324324325 0.9659863945578231
742 0.0018681999999998755 0 0 0.9324324324324325 0.9659863945578231
743 0.0027512000000000647 0 0 0.9324324324324325 0.9659863945578231
744 0.0019572999999999396 0 0 0.9324324324324325 0.9659863945578231
745 0.0019096999999999031 0 0 0.9324324324324325 0.9659863945578231
746 0.002185900000000185 0 0 0.9324324324324325 0.9659863945578231
747 0.002474799999999888 0 0 0.9324324324324325 0.9659863945578231
748 0.002966699999999989 0 0 0.9324324324324325 0.9659863945578231
749 0.002057399999999987 1 0 0.9459459459459459 0.9659863945578231
750 0.0019895999999999248 0 0 0.9459459459459459 0.9659863945578231
751 0.0020530000000000825 0 0 0.9459459459459459 0.9659863945578231
752 0.002416299999999927 0 0 0.9459459459459459 0.9659863945578231
753 0.002017600000000064 0 0 0.9459459459459459 0.9659863945578231
754 0.0025319999999999787 0 0 0.9459459459459459 0.9659863945578231
755 0.0021044000000003393 0 0 0.9459459459459459 0.9659863945578231
756 0.0019700000000000273 0 0 0.9459459459459459 0.9659863945578231
757 0.00225979999999959 0 0 0.9459459459459459 0.9659863945578231
758 0.0022990999999996653 0 0 0.9459459459459459 0.9659863945578231
759 0.0020033999999999885 0 0 0.9459459459459459 0.9659863945578231
760 0.0019423999999998998 0 0 0.9459459459459459 0.9659863945578231
761 0.0018554000000001736 1 0 0.9594594594594594 0.9659863945578231
762 0.002184900000000045 0 1 0.9594594594594594 0.9727891156462585
763 0.0024647999999998227 0 0 0.9594594594594594 0.9727891156462585
764 0.0019225999999998855 0 0 0.9594594594594594 0.9727891156462585
765 0.0024488000000002508 0 0 0.9594594594594594 0.9727891156462585
766 0.0024296000000001428 0 0 0.9594594594594594 0.9727891156462585
767 0.0019762000000000945 0 0 0.9594594594594594 0.9727891156462585
768 0.0035210999999999437 0 0 0.9594594594594594 0.9727891156462585
769 0.002701899999999924 0 1 0.9594594594594594 0.9795918367346939
770 0.002756900000000062 0 0 0.9594594594594594 0.9795918367346939
771 0.0030632000000001547 0 0 0.9594594594594594 0.9795918367346939
772 0.0023969999999997604 0 0 0.9594594594594594 0.9795918367346939
773 0.002244099999999971 0 0 0.9594594594594594 0.9795918367346939
774 0.0027015999999999707 0 0 0.9594594594594594 0.9795918367346939
775 0.0045471999999997514 0 0 0.9594594594594594 0.9795918367346939
776 0.003436899999999632 0 0 0.9594594594594594 0.9795918367346939
777 0.00226990000000038 1 0 0.972972972972973 0.9795918367346939
778 0.0030970999999997417 0 0 0.972972972972973 0.9795918367346939
779 0.0021263000000000254 0 0 0.972972972972973 0.9795918367346939
780 0.0020123999999999143 0 1 0.972972972972973 0.9863945578231292
781 0.002220099999999725 0 0 0.972972972972973 0.9863945578231292
782 0.003258999999999901 0 0 0.972972972972973 0.9863945578231292
783 0.003478799999999893 1 1 0.9864864864864865 0.9931972789115646
784 0.002842699999999976 0 0 0.9864864864864865 0.9931972789115646
785 0.00258029999999998 1 0 1.0 0.9931972789115646
786 0.0024782999999999333 0 1 1.0 1.0
