10 0.4 0.4
1 0.0003403000000000156 1 0 0.1111111111111111 0.5294117647058824
2 0.00022639999999998772 1 0 0.2222222222222222 0.5294117647058824
3 0.00035870000000001734 0 1 0.2222222222222222 0.5882352941176471
4 0.00038900000000000046 0 0 0.2222222222222222 0.5882352941176471
5 0.0005237000000000158 0 0 0.2222222222222222 0.5882352941176471
6 0.0005102000000000162 1 0 0.3333333333333333 0.5882352941176471
7 0.0002681999999999962 1 0 0.4444444444444444 0.5882352941176471
8 0.00031039999999998846 0 0 0.4444444444444444 0.5882352941176471
9 0.00031220000000001247 1 2 0.5555555555555556 0.7058823529411765
10 0.0004039999999999877 0 0 0.5555555555555556 0.7058823529411765
11 0.0003998000000000057 0 1 0.5555555555555556 0.7647058823529411
12 0.00027740000000001097 0 0 0.5555555555555556 0.7647058823529411
13 0.00028510000000001035 0 0 0.5555555555555556 0.7647058823529411
14 0.0004224000000000172 1 0 0.6666666666666666 0.7647058823529411
15 0.0006222000000000172 1 1 0.7777777777777778 0.8235294117647058
16 0.00031630000000001934 0 0 0.7777777777777778 0.8235294117647058
17 0.0004986999999999908 0 0 0.7777777777777778 0.8235294117647058
18 0.0004889999999999894 0 0 0.7777777777777778 0.8235294117647058
19 0.0003722999999999921 0 0 0.7777777777777778 0.8235294117647058
20 0.00043450000000000433 0 0 0.7777777777777778 0.8235294117647058
21 0.0004033999999999982 1 1 0.8888888888888888 0.8823529411764706
22 0.00034829999999999584 1 0 1.0 0.8823529411764706
23 0.00031899999999998596 0 0 1.0 0.8823529411764706
24 0.0006400000000000017 0 0 1.0 0.8823529411764706
25 0.0005651999999999879 0 0 1.0 0.8823529411764706
26 0.0004291999999999907 0 0 1.0 0.8823529411764706
27 0.0003253999999999757 0 0 1.0 0.8823529411764706
28 0.00032599999999999296 0 1 1.0 0.9411764705882353
29 0.00034359999999999946 0 0 1.0 0.9411764705882353
30 0.00038900000000000046 0 0 1.0 0.9411764705882353
31 0.00032109999999999084 0 0 1.0 0.9411764705882353
32 0.00032509999999999484 0 0 1.0 0.9411764705882353
33 0.00035630000000000384 0 1 1.0 1.0
