25 0.1 0.1
1 0.0005838999999999983 0 0 0.0 0.5106382978723404
2 0.000631699999999985 0 0 0.0 0.5106382978723404
3 0.0005120999999999876 0 0 0.0 0.5106382978723404
4 0.0006238000000000077 1 0 0.041666666666666664 0.5106382978723404
5 0.0010950999999999877 0 0 0.041666666666666664 0.5106382978723404
6 0.0006311999999999984 0 0 0.041666666666666664 0.5106382978723404
7 0.0005773000000000028 0 0 0.041666666666666664 0.5106382978723404
8 0.0005545999999999884 0 0 0.041666666666666664 0.5106382978723404
9 0.0005112999999999923 0 0 0.041666666666666664 0.5106382978723404
10 0.0005008000000000234 0 0 0.041666666666666664 0.5106382978723404
11 0.0005008999999999986 0 0 0.041666666666666664 0.5106382978723404
12 0.0005329999999999779 0 0 0.041666666666666664 0.5106382978723404
13 0.0005103999999999942 0 0 0.041666666666666664 0.5106382978723404
14 0.0007090000000000152 0 0 0.041666666666666664 0.5106382978723404
15 0.0007016999999999995 0 0 0.041666666666666664 0.5106382978723404
16 0.0008377999999999997 0 0 0.041666666666666664 0.5106382978723404
17 0.0005145000000000011 0 0 0.041666666666666664 0.5106382978723404
18 0.0006896000000000124 0 0 0.041666666666666664 0.5106382978723404
19 0.0005896999999999986 0 0 0.041666666666666664 0.5106382978723404
20 0.0004655000000000076 0 0 0.041666666666666664 0.5106382978723404
21 0.0004888000000000114 0 0 0.041666666666666664 0.5106382978723404
22 0.0006564000000000014 0 0 0.041666666666666664 0.5106382978723404
23 0.0009396999999999878 0 0 0.041666666666666664 0.5106382978723404
24 0.0005074999999999941 0 0 0.041666666666666664 0.5106382978723404
25 0.0004573999999999967 0 0 0.041666666666666664 0.5106382978723404
26 0.0005191999999999974 0 0 0.041666666666666664 0.5106382978723404
27 0.0005157999999999829 0 0 0.041666666666666664 0.5106382978723404
28 0.0004979999999999984 1 1 0.08333333333333333 0.5319148936170213
29 0.0006389999999999729 0 0 0.08333333333333333 0.5319148936170213
30 0.0005217999999999889 0 0 0.08333333333333333 0.5319148936170213
31 0.0006021999999999972 0 0 0.08333333333333333 0.5319148936170213
32 0.0004882999999999971 0 0 0.08333333333333333 0.5319148936170213
33 0.0005292000000000074 0 0 0.08333333333333333 0.5319148936170213
34 0.0006332000000000004 1 0 0.125 0.5319148936170213
35 0.0006295000000000051 0 0 0.125 0.5319148936170213
36 0.0005232000000000014 0 0 0.125 0.5319148936170213
37 0.0005451999999999957 0 0 0.125 0.5319148936170213
38 0.0005205000000000071 0 0 0.125 0.5319148936170213
39 0.0005175999999999792 0 0 0.125 0.5319148936170213
40 0.0006268000000000107 0 0 0.125 0.5319148936170213
41 0.0005566999999999933 0 0 0.125 0.5319148936170213
42 0.0005338000000000009 0 0 0.125 0.5319148936170213
43 0.0005397000000000041 0 0 0.125 0.5319148936170213
44 0.0005400999999999878 1 0 0.16666666666666666 0.5319148936170213
45 0.0005319000000000018 1 0 0.20833333333333334 0.5319148936170213
46 0.0005509999999999959 0 0 0.20833333333333334 0.5319148936170213
47 0.0006664999999999865 1 0 0.25 0.5319148936170213
48 0.00047589999999997357 0 0 0.25 0.5319148936170213
49 0.0005145000000000011 0 0 0.25 0.5319148936170213
50 0.000507400000000019 0 0 0.25 0.5319148936170213
51 0.0009178000000000242 0 0 0.25 0.5319148936170213
52 0.0006112000000000062 0 1 0.25 0.5531914893617021
53 0.0006189000000000056 0 0 0.25 0.5531914893617021
54 0.0006893000000000038 0 0 0.25 0.5531914893617021
55 0.0005642999999999898 0 0 0.25 0.5531914893617021
56 0.0005005000000000148 0 0 0.25 0.5531914893617021
57 0.0005334999999999923 0 1 0.25 0.574468085106383
58 0.0005085999999999979 0 0 0.25 0.574468085106383
59 0.0005746000000000084 0 0 0.25 0.574468085106383
60 0.0004993000000000081 0 0 0.25 0.574468085106383
61 0.0005751999999999979 0 0 0.25 0.574468085106383
62 0.0005001000000000033 0 0 0.25 0.574468085106383
63 0.0006382000000000054 0 0 0.25 0.574468085106383
64 0.0005683999999999967 1 0 0.2916666666666667 0.574468085106383
65 0.0005104999999999971 0 0 0.2916666666666667 0.574468085106383
66 0.0004946999999999868 0 0 0.2916666666666667 0.574468085106383
67 0.0004871999999999932 0 0 0.2916666666666667 0.574468085106383
68 0.001363800000000026 0 0 0.2916666666666667 0.574468085106383
69 0.0007515999999999912 0 0 0.2916666666666667 0.574468085106383
70 0.0006781000000000148 0 0 0.2916666666666667 0.574468085106383
71 0.0006266000000000049 0 0 0.2916666666666667 0.574468085106383
72 0.0005774000000000057 0 0 0.2916666666666667 0.574468085106383
73 0.0007199999999999984 0 0 0.2916666666666667 0.574468085106383
74 0.0007178000000000184 0 0 0.2916666666666667 0.574468085106383
75 0.0008163000000000198 0 0 0.2916666666666667 0.574468085106383
76 0.0005843999999999849 0 0 0.2916666666666667 0.574468085106383
77 0.0006103000000000081 0 0 0.2916666666666667 0.574468085106383
78 0.0005961000000000161 0 0 0.2916666666666667 0.574468085106383
79 0.0005422999999999956 0 0 0.2916666666666667 0.574468085106383
80 0.0005357000000000001 0 0 0.2916666666666667 0.574468085106383
81 0.0005828999999999973 0 0 0.2916666666666667 0.574468085106383
82 0.0008938000000000001 0 0 0.2916666666666667 0.574468085106383
83 0.0007044999999999968 1 0 0.3333333333333333 0.574468085106383
84 0.0006232000000000182 1 0 0.375 0.574468085106383
85 0.0006998999999999755 0 0 0.375 0.574468085106383
86 0.000674299999999961 0 0 0.375 0.574468085106383
87 0.0006519000000000386 0 0 0.375 0.574468085106383
88 0.0007179999999999964 0 0 0.375 0.574468085106383
89 0.0006953000000000098 0 0 0.375 0.574468085106383
90 0.000632699999999986 0 0 0.375 0.574468085106383
91 0.0009100999999999693 0 0 0.375 0.574468085106383
92 0.0005583000000000116 0 0 0.375 0.574468085106383
93 0.0005283999999999844 0 0 0.375 0.574468085106383
94 0.0006174999999999931 0 0 0.375 0.574468085106383
95 0.0006825999999999777 0 0 0.375 0.574468085106383
96 0.0006070999999999716 0 0 0.375 0.574468085106383
97 0.0006017000000000383 0 0 0.375 0.574468085106383
98 0.0005494000000000332 0 0 0.375 0.574468085106383
99 0.0005094999999999961 0 0 0.375 0.574468085106383
100 0.0005563999999999569 0 0 0.375 0.574468085106383
101 0.0005162999999999696 0 0 0.375 0.574468085106383
102 0.0004981000000000013 0 0 0.375 0.574468085106383
103 0.0005275000000000141 0 0 0.375 0.574468085106383
104 0.0005830000000000002 0 0 0.375 0.574468085106383
105 0.0005307999999999979 0 0 0.375 0.574468085106383
106 0.0005490000000000217 0 0 0.375 0.574468085106383
107 0.0005586999999999676 0 0 0.375 0.574468085106383
108 0.0004975999999999869 0 0 0.375 0.574468085106383
109 0.0005358999999999781 0 0 0.375 0.574468085106383
110 0.0005166999999999811 0 0 0.375 0.574468085106383
111 0.0011121000000000048 0 0 0.375 0.574468085106383
112 0.0007705000000000073 0 0 0.375 0.574468085106383
113 0.0006972000000000089 0 0 0.375 0.574468085106383
114 0.00047479999999999745 0 0 0.375 0.574468085106383
115 0.0005027999999999699 0 0 0.375 0.574468085106383
116 0.0006534999999999735 0 0 0.375 0.574468085106383
117 0.00047069999999999057 0 0 0.375 0.574468085106383
118 0.0005433000000000243 1 0 0.4166666666666667 0.574468085106383
119 0.0006583000000000006 0 0 0.4166666666666667 0.574468085106383
120 0.0005367000000000011 0 0 0.4166666666666667 0.574468085106383
121 0.0005355000000000221 0 0 0.4166666666666667 0.574468085106383
122 0.000677900000000009 0 0 0.4166666666666667 0.574468085106383
123 0.0005082000000000142 0 0 0.4166666666666667 0.574468085106383
124 0.0005569000000000268 0 0 0.4166666666666667 0.574468085106383
125 0.0007731999999999739 0 0 0.4166666666666667 0.574468085106383
126 0.0008210999999999635 0 0 0.4166666666666667 0.574468085106383
127 0.0006069999999999687 0 0 0.4166666666666667 0.574468085106383
128 0.0005512999999999768 0 0 0.4166666666666667 0.574468085106383
129 0.0005361999999999867 0 1 0.4166666666666667 0.5957446808510638
130 0.0005071999999999854 0 0 0.4166666666666667 0.5957446808510638
131 0.0005053999999999892 0 0 0.4166666666666667 0.5957446808510638
132 0.0005700000000000149 0 0 0.4166666666666667 0.5957446808510638
133 0.0005246999999999891 0 0 0.4166666666666667 0.5957446808510638
134 0.0005025000000000168 0 0 0.4166666666666667 0.5957446808510638
135 0.0005862999999999841 0 0 0.4166666666666667 0.5957446808510638
136 0.0005491999999999719 0 0 0.4166666666666667 0.5957446808510638
137 0.0006068999999999658 0 0 0.4166666666666667 0.5957446808510638
138 0.0006682000000000077 0 0 0.4166666666666667 0.5957446808510638
139 0.0005905999999999967 0 0 0.4166666666666667 0.5957446808510638
140 0.00048789999999998557 0 0 0.4166666666666667 0.5957446808510638
141 0.0005453000000000263 1 0 0.4583333333333333 0.5957446808510638
142 0.0006429000000000018 0 0 0.4583333333333333 0.5957446808510638
143 0.0006837999999999567 0 0 0.4583333333333333 0.5957446808510638
144 0.0008110999999999535 0 0 0.4583333333333333 0.5957446808510638
145 0.0007081999999999922 1 0 0.5 0.5957446808510638
146 0.0006242000000000192 0 0 0.5 0.5957446808510638
147 0.0007539000000000295 0 0 0.5 0.5957446808510638
148 0.0007312999999999903 0 0 0.5 0.5957446808510638
149 0.000699100000000008 1 1 0.5416666666666666 0.6170212765957447
150 0.0009182000000000357 0 0 0.5416666666666666 0.6170212765957447
151 0.0008306000000000147 0 0 0.5416666666666666 0.6170212765957447
152 0.0005826999999999916 1 0 0.5833333333333334 0.6170212765957447
153 0.0006463999999999914 0 0 0.5833333333333334 0.6170212765957447
154 0.0008328000000000224 0 0 0.5833333333333334 0.6170212765957447
155 0.0006771000000000416 1 0 0.625 0.6170212765957447
156 0.0006011000000000211 0 0 0.625 0.6170212765957447
157 0.0005170999999999926 0 0 0.625 0.6170212765957447
158 0.0005450000000000177 0 0 0.625 0.6170212765957447
159 0.0006126000000000187 0 0 0.625 0.6170212765957447
160 0.0005402000000000462 0 0 0.625 0.6170212765957447
161 0.0005763999999999769 0 0 0.625 0.6170212765957447
162 0.0005143999999999704 0 0 0.625 0.6170212765957447
163 0.0005079000000000056 0 0 0.625 0.6170212765957447
164 0.0005085999999999702 0 0 0.625 0.6170212765957447
165 0.0005867999999999984 0 0 0.625 0.6170212765957447
166 0.0005251000000000006 0 0 0.625 0.6170212765957447
167 0.0005801999999999752 0 0 0.625 0.6170212765957447
168 0.0006005000000000038 0 0 0.625 0.6170212765957447
169 0.001416300000000037 0 0 0.625 0.6170212765957447
170 0.0005414000000000252 1 0 0.6666666666666666 0.6170212765957447
171 0.0005293000000000103 0 0 0.6666666666666666 0.6170212765957447
172 0.0005086000000000257 0 0 0.6666666666666666 0.6170212765957447
173 0.0005437999999999832 0 0 0.6666666666666666 0.6170212765957447
174 0.0005362999999999896 0 0 0.6666666666666666 0.6170212765957447
175 0.000667099999999976 0 0 0.6666666666666666 0.6170212765957447
176 0.0009997999999999951 0 0 0.6666666666666666 0.6170212765957447
177 0.0006019000000000441 0 0 0.6666666666666666 0.6170212765957447
178 0.0005953999999999682 0 0 0.6666666666666666 0.6170212765957447
179 0.0007238999999999995 0 0 0.6666666666666666 0.6170212765957447
180 0.000709100000000018 0 0 0.6666666666666666 0.6170212765957447
181 0.0005932999999999633 1 0 0.7083333333333334 0.6170212765957447
182 0.0005925000000000513 0 0 0.7083333333333334 0.6170212765957447
183 0.0005750999999999951 0 0 0.7083333333333334 0.6170212765957447
184 0.0005604999999999638 0 0 0.7083333333333334 0.6170212765957447
185 0.0005211999999999994 0 0 0.7083333333333334 0.6170212765957447
186 0.001043499999999975 0 0 0.7083333333333334 0.6170212765957447
187 0.0006920999999999733 0 0 0.7083333333333334 0.6170212765957447
188 0.0005266999999999911 0 0 0.7083333333333334 0.6170212765957447
189 0.0005961999999999912 0 0 0.7083333333333334 0.6170212765957447
190 0.0005865999999999927 0 0 0.7083333333333334 0.6170212765957447
191 0.0005669999999999842 0 0 0.7083333333333334 0.6170212765957447
192 0.0005375000000000241 0 0 0.7083333333333334 0.6170212765957447
193 0.0005940999999999863 0 0 0.7083333333333334 0.6170212765957447
194 0.0005377000000000298 0 0 0.7083333333333334 0.6170212765957447
195 0.0008717999999999781 1 0 0.75 0.6170212765957447
196 0.0006055999999999839 0 0 0.75 0.6170212765957447
197 0.0006543999999999994 0 1 0.75 0.6382978723404256
198 0.0008176999999999768 1 0 0.7916666666666666 0.6382978723404256
199 0.0005235000000000101 0 0 0.7916666666666666 0.6382978723404256
200 0.0005387000000000031 0 0 0.7916666666666666 0.6382978723404256
201 0.0007012000000000129 0 0 0.7916666666666666 0.6382978723404256
202 0.0005537999999999932 0 0 0.7916666666666666 0.6382978723404256
203 0.0005890000000000062 0 0 0.7916666666666666 0.6382978723404256
204 0.0005484999999999518 0 1 0.7916666666666666 0.6595744680851063
205 0.000549600000000039 1 0 0.8333333333333334 0.6595744680851063
206 0.0005502000000000007 0 0 0.8333333333333334 0.6595744680851063
207 0.0005837000000000203 1 0 0.875 0.6595744680851063
208 0.0005400999999999878 0 0 0.875 0.6595744680851063
209 0.0005987000000000076 0 0 0.875 0.6595744680851063
210 0.0011181000000000108 0 0 0.875 0.6595744680851063
211 0.0006249000000000393 0 0 0.875 0.6595744680851063
212 0.0005418000000000367 0 0 0.875 0.6595744680851063
213 0.0006489999999999552 0 0 0.875 0.6595744680851063
214 0.0005593999999999877 0 0 0.875 0.6595744680851063
215 0.0005851000000000051 0 0 0.875 0.6595744680851063
216 0.0005588000000000259 0 1 0.875 0.6808510638297872
217 0.0005989000000000133 0 0 0.875 0.6808510638297872
218 0.0005692999999999948 0 0 0.875 0.6808510638297872
219 0.0006290999999999936 0 0 0.875 0.6808510638297872
220 0.0006883999999999779 0 0 0.875 0.6808510638297872
221 0.0005870000000000042 0 0 0.875 0.6808510638297872
222 0.0006515999999999744 0 0 0.875 0.6808510638297872
223 0.0007511000000000045 0 0 0.875 0.6808510638297872
224 0.0005572000000000354 0 0 0.875 0.6808510638297872
225 0.0006176000000000514 0 0 0.875 0.6808510638297872
226 0.0006121999999999517 0 1 0.875 0.7021276595744681
227 0.0011929999999999996 0 0 0.875 0.7021276595744681
228 0.0007376000000000049 1 0 0.9166666666666666 0.7021276595744681
229 0.0006520999999999888 1 1 0.9583333333333334 0.723404255319149
230 0.0005927000000000016 0 0 0.9583333333333334 0.723404255319149
231 0.0005891000000000091 0 0 0.9583333333333334 0.723404255319149
232 0.0007428999999999908 0 1 0.9583333333333334 0.7446808510638298
233 0.0006032999999999733 0 0 0.9583333333333334 0.7446808510638298
234 0.0005826999999999916 0 0 0.9583333333333334 0.7446808510638298
235 0.0008085999999999927 1 0 1.0 0.7446808510638298
236 0.0008303999999999534 0 0 1.0 0.7446808510638298
237 0.0008125999999999967 0 0 1.0 0.7446808510638298
238 0.0007149000000000183 0 0 1.0 0.7446808510638298
239 0.0005654999999999966 0 0 1.0 0.7446808510638298
240 0.0006105999999999612 0 0 1.0 0.7446808510638298
241 0.0006088999999999678 0 0 1.0 0.7446808510638298
242 0.000663899999999995 0 0 1.0 0.7446808510638298
243 0.0006800000000000139 0 0 1.0 0.7446808510638298
244 0.0006125000000000158 0 0 1.0 0.7446808510638298
245 0.000631899999999963 0 0 1.0 0.7446808510638298
246 0.0005437000000000358 0 0 1.0 0.7446808510638298
247 0.0006631999999999749 0 1 1.0 0.7659574468085106
248 0.000630699999999984 0 0 1.0 0.7659574468085106
249 0.0006408000000000524 0 0 1.0 0.7659574468085106
250 0.0005934000000000217 0 0 1.0 0.7659574468085106
251 0.000697100000000006 0 0 1.0 0.7659574468085106
252 0.0008740999999999888 0 0 1.0 0.7659574468085106
253 0.0006860999999999673 0 0 1.0 0.7659574468085106
254 0.0008267000000000135 0 0 1.0 0.7659574468085106
255 0.0007281000000000093 0 0 1.0 0.7659574468085106
256 0.0006194999999999951 0 0 1.0 0.7659574468085106
257 0.0007655999999999774 0 1 1.0 0.7872340425531915
258 0.0006850000000000467 0 0 1.0 0.7872340425531915
259 0.0006326000000000387 0 0 1.0 0.7872340425531915
260 0.0006513000000000213 0 0 1.0 0.7872340425531915
261 0.0006429000000000018 0 0 1.0 0.7872340425531915
262 0.0006201000000000123 0 0 1.0 0.7872340425531915
263 0.0005709000000000408 0 0 1.0 0.7872340425531915
264 0.0005864999999999898 0 0 1.0 0.7872340425531915
265 0.0008578000000000197 0 0 1.0 0.7872340425531915
266 0.00065109999999996 0 0 1.0 0.7872340425531915
267 0.0008386000000000227 0 0 1.0 0.7872340425531915
268 0.0005858000000000252 0 0 1.0 0.7872340425531915
269 0.0005779000000000201 0 0 1.0 0.7872340425531915
270 0.0006744000000000194 0 0 1.0 0.7872340425531915
271 0.0005712999999999968 0 0 1.0 0.7872340425531915
272 0.0006470000000000087 0 0 1.0 0.7872340425531915
273 0.0005676000000000014 0 0 1.0 0.7872340425531915
274 0.0006238000000000077 0 0 1.0 0.7872340425531915
275 0.0005735000000000046 0 0 1.0 0.7872340425531915
276 0.0007118999999999875 0 0 1.0 0.7872340425531915
277 0.0006663000000000086 0 0 1.0 0.7872340425531915
278 0.0006399999999999739 0 0 1.0 0.7872340425531915
279 0.0007821000000000078 0 0 1.0 0.7872340425531915
280 0.0005828999999999973 0 0 1.0 0.7872340425531915
281 0.0005871000000000071 0 0 1.0 0.7872340425531915
282 0.0006437000000000248 0 0 1.0 0.7872340425531915
283 0.0008864000000000094 0 0 1.0 0.7872340425531915
284 0.0008277999999999897 0 0 1.0 0.7872340425531915
285 0.0007873999999999937 0 0 1.0 0.7872340425531915
286 0.0007769000000000248 0 0 1.0 0.7872340425531915
287 0.0007720999999999978 0 0 1.0 0.7872340425531915
288 0.0007969000000000448 0 0 1.0 0.7872340425531915
289 0.0008840999999999988 0 0 1.0 0.7872340425531915
290 0.0009026999999999785 0 0 1.0 0.7872340425531915
291 0.0007433000000000023 0 0 1.0 0.7872340425531915
292 0.0007328999999999808 0 0 1.0 0.7872340425531915
293 0.000697100000000006 0 0 1.0 0.7872340425531915
294 0.0006104000000000109 0 0 1.0 0.7872340425531915
295 0.0006454000000000182 0 0 1.0 0.7872340425531915
296 0.0006317000000000128 0 0 1.0 0.7872340425531915
297 0.0005619000000000041 0 0 1.0 0.7872340425531915
298 0.0007559000000000315 0 0 1.0 0.7872340425531915
299 0.0006615000000000371 0 0 1.0 0.7872340425531915
300 0.0006586000000000092 0 0 1.0 0.7872340425531915
301 0.0006541999999999937 0 0 1.0 0.7872340425531915
302 0.0006367999999999929 0 0 1.0 0.7872340425531915
303 0.0006347000000000436 0 0 1.0 0.7872340425531915
304 0.001152299999999995 0 0 1.0 0.7872340425531915
305 0.0008277999999999897 0 0 1.0 0.7872340425531915
306 0.0006932000000000049 0 0 1.0 0.7872340425531915
307 0.000631899999999963 0 0 1.0 0.7872340425531915
308 0.0006599000000000466 0 0 1.0 0.7872340425531915
309 0.0006622000000000017 0 1 1.0 0.8085106382978723
310 0.0006502999999999926 0 0 1.0 0.8085106382978723
311 0.0005832000000000059 0 0 1.0 0.8085106382978723
312 0.0005872000000000099 0 1 1.0 0.8297872340425532
313 0.0008008999999999933 0 0 1.0 0.8297872340425532
314 0.0010631999999999864 0 0 1.0 0.8297872340425532
315 0.0009565999999999741 0 0 1.0 0.8297872340425532
316 0.000854699999999986 0 0 1.0 0.8297872340425532
317 0.0008032000000000039 0 0 1.0 0.8297872340425532
318 0.0010062000000000126 0 0 1.0 0.8297872340425532
319 0.0011110000000000286 0 0 1.0 0.8297872340425532
320 0.0006207000000000296 0 0 1.0 0.8297872340425532
321 0.0006639999999999979 0 0 1.0 0.8297872340425532
322 0.0006573999999999747 0 0 1.0 0.8297872340425532
323 0.0006610000000000227 0 0 1.0 0.8297872340425532
324 0.0006153999999999882 0 0 1.0 0.8297872340425532
325 0.0006960999999999773 0 1 1.0 0.851063829787234
326 0.0006013000000000268 0 0 1.0 0.851063829787234
327 0.0007296999999999998 0 0 1.0 0.851063829787234
328 0.0006871999999999989 0 0 1.0 0.851063829787234
329 0.0010765999999999831 0 0 1.0 0.851063829787234
330 0.0007003999999999899 0 0 1.0 0.851063829787234
331 0.0006623000000000046 0 1 1.0 0.8723404255319149
332 0.0006369999999999987 0 0 1.0 0.8723404255319149
333 0.00066109999999997 0 0 1.0 0.8723404255319149
334 0.0006212999999999913 0 0 1.0 0.8723404255319149
335 0.0007390999999999925 0 0 1.0 0.8723404255319149
336 0.000679900000000011 0 0 1.0 0.8723404255319149
337 0.0006182000000000132 0 0 1.0 0.8723404255319149
338 0.0006727000000000261 0 0 1.0 0.8723404255319149
339 0.0009258999999999795 0 0 1.0 0.8723404255319149
340 0.0006728000000000289 0 0 1.0 0.8723404255319149
341 0.0006514000000000242 0 0 1.0 0.8723404255319149
342 0.0007875999999999994 0 0 1.0 0.8723404255319149
343 0.000845899999999955 0 0 1.0 0.8723404255319149
344 0.0007291999999999854 0 0 1.0 0.8723404255319149
345 0.0007814000000000432 0 0 1.0 0.8723404255319149
346 0.0006429000000000018 0 0 1.0 0.8723404255319149
347 0.0007237000000000493 0 0 1.0 0.8723404255319149
348 0.000903900000000013 0 0 1.0 0.8723404255319149
349 0.0007577999999999752 0 0 1.0 0.8723404255319149
350 0.000788299999999964 0 0 1.0 0.8723404255319149
351 0.0008158999999999805 0 0 1.0 0.8723404255319149
352 0.0007720999999999978 0 0 1.0 0.8723404255319149
353 0.0007514000000000132 0 0 1.0 0.8723404255319149
354 0.0007813000000000403 0 0 1.0 0.8723404255319149
355 0.0007918000000000092 0 0 1.0 0.8723404255319149
356 0.0012305999999999706 0 0 1.0 0.8723404255319149
357 0.0006791999999999909 0 0 1.0 0.8723404255319149
358 0.0006786999999999765 0 0 1.0 0.8723404255319149
359 0.0005985000000000018 0 0 1.0 0.8723404255319149
360 0.0006787000000000321 0 0 1.0 0.8723404255319149
361 0.0006000999999999923 0 0 1.0 0.8723404255319149
362 0.0006401999999999797 0 0 1.0 0.8723404255319149
363 0.0006777000000000033 0 0 1.0 0.8723404255319149
364 0.0006622000000000017 0 0 1.0 0.8723404255319149
365 0.0007519000000000275 0 0 1.0 0.8723404255319149
366 0.0007677999999999852 0 0 1.0 0.8723404255319149
367 0.0007173000000000318 0 0 1.0 0.8723404255319149
368 0.0006576999999999833 0 0 1.0 0.8723404255319149
369 0.0006323000000000301 0 0 1.0 0.8723404255319149
370 0.0007963000000000275 0 0 1.0 0.8723404255319149
371 0.0008385999999999671 0 0 1.0 0.8723404255319149
372 0.0007871000000000405 0 0 1.0 0.8723404255319149
373 0.0006877000000000688 0 0 1.0 0.8723404255319149
374 0.0006766000000000272 0 0 1.0 0.8723404255319149
375 0.0006555999999999784 0 0 1.0 0.8723404255319149
376 0.0007002000000000397 0 1 1.0 0.8936170212765957
377 0.0009862000000000481 0 1 1.0 0.9148936170212766
378 0.000682699999999925 0 0 1.0 0.9148936170212766
379 0.0008163999999999394 0 0 1.0 0.9148936170212766
380 0.0008704000000000489 0 0 1.0 0.9148936170212766
381 0.0008078000000000252 0 0 1.0 0.9148936170212766
382 0.0009379999999999944 0 0 1.0 0.9148936170212766
383 0.0006369999999999987 0 0 1.0 0.9148936170212766
384 0.0007173000000000318 0 0 1.0 0.9148936170212766
385 0.0006526999999999505 0 0 1.0 0.9148936170212766
386 0.0006032999999999733 0 0 1.0 0.9148936170212766
387 0.0006584000000000589 0 0 1.0 0.9148936170212766
388 0.0007110999999999645 0 0 1.0 0.9148936170212766
389 0.0006035999999999264 0 0 1.0 0.9148936170212766
390 0.000664000000000109 0 0 1.0 0.9148936170212766
391 0.0006344000000000349 0 1 1.0 0.9361702127659575
392 0.0005989000000000688 0 0 1.0 0.9361702127659575
393 0.0006572000000000244 0 0 1.0 0.9361702127659575
394 0.0007388999999999868 0 0 1.0 0.9361702127659575
395 0.0010500999999999427 0 0 1.0 0.9361702127659575
396 0.000870700000000002 0 0 1.0 0.9361702127659575
397 0.0007473000000000063 0 0 1.0 0.9361702127659575
398 0.0007483999999999824 0 0 1.0 0.9361702127659575
399 0.0006199999999999539 0 0 1.0 0.9361702127659575
400 0.000653899999999985 0 0 1.0 0.9361702127659575
401 0.0007773999999999281 0 0 1.0 0.9361702127659575
402 0.0007155999999999274 0 1 1.0 0.9574468085106383
403 0.0007304000000000199 0 0 1.0 0.9574468085106383
404 0.0007449000000000483 0 0 1.0 0.9574468085106383
405 0.0006940000000000834 0 0 1.0 0.9574468085106383
406 0.0007279999999999509 0 0 1.0 0.9574468085106383
407 0.000608299999999895 0 0 1.0 0.9574468085106383
408 0.0011284999999999767 0 0 1.0 0.9574468085106383
409 0.0007908999999999278 0 0 1.0 0.9574468085106383
410 0.0006744000000000749 0 0 1.0 0.9574468085106383
411 0.000705899999999926 0 0 1.0 0.9574468085106383
412 0.0006411000000000611 0 0 1.0 0.9574468085106383
413 0.0006372999999999518 0 0 1.0 0.9574468085106383
414 0.0006707000000000241 0 0 1.0 0.9574468085106383
415 0.0006726999999999705 0 0 1.0 0.9574468085106383
416 0.0007945999999999787 0 0 1.0 0.9574468085106383
417 0.0007338000000000067 0 0 1.0 0.9574468085106383
418 0.0007671000000000205 0 0 1.0 0.9574468085106383
419 0.0008607999999999949 0 0 1.0 0.9574468085106383
420 0.0007195999999999314 0 0 1.0 0.9574468085106383
421 0.0007152999999999743 0 0 1.0 0.9574468085106383
422 0.0006833000000000533 0 0 1.0 0.9574468085106383
423 0.0006545000000000023 0 0 1.0 0.9574468085106383
424 0.0010812000000000044 0 0 1.0 0.9574468085106383
425 0.0006542999999999966 0 0 1.0 0.9574468085106383
426 0.0006230999999999876 0 0 1.0 0.9574468085106383
427 0.0007631000000000165 0 0 1.0 0.9574468085106383
428 0.0006161000000000083 0 0 1.0 0.9574468085106383
429 0.0006455999999999129 0 0 1.0 0.9574468085106383
430 0.0006512000000000739 0 0 1.0 0.9574468085106383
431 0.000765899999999986 0 1 1.0 0.9787234042553191
432 0.001033900000000032 0 0 1.0 0.9787234042553191
433 0.0007262999999999575 0 0 1.0 0.9787234042553191
434 0.0007504999999999873 0 0 1.0 0.9787234042553191
435 0.0009561000000000153 0 0 1.0 0.9787234042553191
436 0.0006903000000000326 0 0 1.0 0.9787234042553191
437 0.0007897999999999517 0 0 1.0 0.9787234042553191
438 0.0008036000000000154 0 0 1.0 0.9787234042553191
439 0.0006581999999999422 0 0 1.0 0.9787234042553191
440 0.0006553000000000253 0 0 1.0 0.9787234042553191
441 0.000618699999999972 0 0 1.0 0.9787234042553191
442 0.000638699999999992 0 0 1.0 0.9787234042553191
443 0.0006775999999999449 0 0 1.0 0.9787234042553191
444 0.0006544000000000549 0 0 1.0 0.9787234042553191
445 0.0007481999999999767 0 0 1.0 0.9787234042553191
446 0.0007152000000000269 0 0 1.0 0.9787234042553191
447 0.0009839999999999849 0 0 1.0 0.9787234042553191
448 0.0007272999999999863 0 0 1.0 0.9787234042553191
449 0.0006600999999999413 0 0 1.0 0.9787234042553191
450 0.0006327000000000416 0 0 1.0 0.9787234042553191
451 0.0007508999999999988 0 0 1.0 0.9787234042553191
452 0.0006250000000000977 0 0 1.0 0.9787234042553191
453 0.0006523999999999974 0 0 1.0 0.9787234042553191
454 0.0007344999999999713 0 0 1.0 0.9787234042553191
455 0.000746699999999989 0 0 1.0 0.9787234042553191
456 0.000765899999999986 0 0 1.0 0.9787234042553191
457 0.0008819999999999384 0 0 1.0 0.9787234042553191
458 0.0006395000000000151 0 0 1.0 0.9787234042553191
459 0.0006907999999999914 0 0 1.0 0.9787234042553191
460 0.0012073999999999696 0 0 1.0 0.9787234042553191
461 0.0006620000000000514 0 0 1.0 0.9787234042553191
462 0.0006367999999999929 0 0 1.0 0.9787234042553191
463 0.0006868999999999348 0 0 1.0 0.9787234042553191
464 0.0006465999999999417 0 0 1.0 0.9787234042553191
465 0.0007637000000000338 0 0 1.0 0.9787234042553191
466 0.000637099999999946 0 0 1.0 0.9787234042553191
467 0.0006342999999999765 0 0 1.0 0.9787234042553191
468 0.0006920999999999733 0 0 1.0 0.9787234042553191
469 0.0008660999999999808 0 0 1.0 0.9787234042553191
470 0.0007833999999999897 0 0 1.0 0.9787234042553191
471 0.0009303999999999979 0 0 1.0 0.9787234042553191
472 0.0008595999999999604 0 0 1.0 0.9787234042553191
473 0.0006907000000000441 0 0 1.0 0.9787234042553191
474 0.0009747999999999424 0 0 1.0 0.9787234042553191
475 0.0006798000000000082 0 0 1.0 0.9787234042553191
476 0.0006616999999999873 0 0 1.0 0.9787234042553191
477 0.0006516999999999218 0 0 1.0 0.9787234042553191
478 0.0006416999999999673 0 0 1.0 0.9787234042553191
479 0.000660299999999947 0 0 1.0 0.9787234042553191
480 0.0007095999999999769 0 0 1.0 0.9787234042553191
481 0.0007013000000000158 0 0 1.0 0.9787234042553191
482 0.0012145000000000072 0 0 1.0 0.9787234042553191
483 0.0006253999999999982 0 0 1.0 0.9787234042553191
484 0.0006339999999999124 0 0 1.0 0.9787234042553191
485 0.0006648999999999683 0 0 1.0 0.9787234042553191
486 0.0006502999999999926 0 0 1.0 0.9787234042553191
487 0.0006798000000000082 0 0 1.0 0.9787234042553191
488 0.0006400000000000849 0 0 1.0 0.9787234042553191
489 0.0006630000000000802 0 0 1.0 0.9787234042553191
490 0.000725099999999923 0 0 1.0 0.9787234042553191
491 0.0009409000000000223 0 0 1.0 0.9787234042553191
492 0.0007975000000000065 0 0 1.0 0.9787234042553191
493 0.0009085999999999261 0 0 1.0 0.9787234042553191
494 0.000760300000000047 0 0 1.0 0.9787234042553191
495 0.0007674000000000847 0 0 1.0 0.9787234042553191
496 0.0009083999999999204 0 0 1.0 0.9787234042553191
497 0.0010653999999999941 0 0 1.0 0.9787234042553191
498 0.0008597000000000188 0 0 1.0 0.9787234042553191
499 0.0007946000000000897 0 0 1.0 0.9787234042553191
500 0.0008553000000000033 0 0 1.0 0.9787234042553191
501 0.0007452999999999488 0 0 1.0 0.9787234042553191
502 0.0007623999999999409 0 0 1.0 0.9787234042553191
503 0.0007068000000000074 0 0 1.0 0.9787234042553191
504 0.0007360000000000699 0 0 1.0 0.9787234042553191
505 0.0007380999999999638 0 0 1.0 0.9787234042553191
506 0.0007213999999999832 0 0 1.0 0.9787234042553191
507 0.0007814999999999905 0 0 1.0 0.9787234042553191
508 0.0007067000000000601 0 0 1.0 0.9787234042553191
509 0.0006981000000000348 0 0 1.0 0.9787234042553191
510 0.000717100000000026 0 0 1.0 0.9787234042553191
511 0.0007316000000000544 0 0 1.0 0.9787234042553191
512 0.0007032999999999623 0 0 1.0 0.9787234042553191
513 0.0007195999999999314 0 0 1.0 0.9787234042553191
514 0.0006643000000000621 0 0 1.0 0.9787234042553191
515 0.0007048000000000609 0 0 1.0 0.9787234042553191
516 0.0006678999999999435 0 0 1.0 0.9787234042553191
517 0.0007364999999999178 0 0 1.0 0.9787234042553191
518 0.0007047000000000025 0 0 1.0 0.9787234042553191
519 0.0006793999999999967 0 0 1.0 0.9787234042553191
520 0.0007366999999999235 0 0 1.0 0.9787234042553191
521 0.0008552999999998923 0 0 1.0 0.9787234042553191
522 0.0007911000000000445 0 0 1.0 0.9787234042553191
523 0.0007609000000000643 0 0 1.0 0.9787234042553191
524 0.0007406999999999275 0 0 1.0 0.9787234042553191
525 0.0006635000000000391 0 0 1.0 0.9787234042553191
526 0.0007108000000000114 0 0 1.0 0.9787234042553191
527 0.0007694999999999785 0 1 1.0 1.0
