10 0.4 0.9
1 0.0003896000000000177 0 0 0.0 0.5294117647058824
2 0.0002707000000000126 0 0 0.0 0.5294117647058824
3 0.000245000000000023 1 0 0.1111111111111111 0.5294117647058824
4 0.0001981000000000066 0 0 0.1111111111111111 0.5294117647058824
5 0.00030420000000000447 1 1 0.2222222222222222 0.5882352941176471
6 0.0007471000000000005 1 1 0.3333333333333333 0.6470588235294118
7 0.0005975000000000008 0 0 0.3333333333333333 0.6470588235294118
8 0.0004408999999999941 0 0 0.3333333333333333 0.6470588235294118
9 0.0002864999999999951 0 0 0.3333333333333333 0.6470588235294118
10 0.00025390000000000135 0 0 0.3333333333333333 0.6470588235294118
11 0.00030160000000001297 1 1 0.4444444444444444 0.7058823529411765
12 0.00033659999999999246 1 1 0.5555555555555556 0.7647058823529411
13 0.00035060000000000646 1 0 0.6666666666666666 0.7647058823529411
14 0.0002792000000000072 0 0 0.6666666666666666 0.7647058823529411
15 0.00029029999999999334 1 0 0.7777777777777778 0.7647058823529411
16 0.0003641000000000061 0 0 0.7777777777777778 0.7647058823529411
17 0.00040939999999997645 1 1 0.8888888888888888 0.8235294117647058
18 0.00035820000000000296 0 1 0.8888888888888888 0.8823529411764706
19 0.00034470000000000334 0 0 0.8888888888888888 0.8823529411764706
20 0.0004993999999999832 0 0 0.8888888888888888 0.8823529411764706
21 0.00032550000000000634 1 1 1.0 0.9411764705882353
22 0.0004175000000000151 0 0 1.0 0.9411764705882353
23 0.0006774000000000224 0 0 1.0 0.9411764705882353
24 0.0005070000000000074 0 0 1.0 0.9411764705882353
25 0.00041189999999999283 0 1 1.0 1.0
