175 0.6 1.0
1 0.004986799999999958 1 0 0.005747126436781609 0.5014409221902018
2 0.004597100000000021 1 1 0.011494252873563218 0.5043227665706052
3 0.005309200000000014 1 1 0.017241379310344827 0.5072046109510087
4 0.004022999999999999 1 1 0.022988505747126436 0.5100864553314121
5 0.005128999999999939 1 1 0.028735632183908046 0.5129682997118156
6 0.005389399999999989 0 0 0.028735632183908046 0.5129682997118156
7 0.005107700000000048 1 1 0.034482758620689655 0.515850144092219
8 0.004972399999999988 1 1 0.040229885057471264 0.5187319884726225
9 0.007241700000000018 0 0 0.040229885057471264 0.5187319884726225
10 0.00740430000000003 1 1 0.04597701149425287 0.521613832853026
11 0.008259000000000016 0 0 0.04597701149425287 0.521613832853026
12 0.008932999999999969 1 1 0.05172413793103448 0.5244956772334294
13 0.00654980000000005 1 1 0.05747126436781609 0.5273775216138329
14 0.004319099999999909 1 1 0.06321839080459771 0.5302593659942363
15 0.004722000000000004 0 0 0.06321839080459771 0.5302593659942363
16 0.008346900000000046 1 1 0.06896551724137931 0.5331412103746398
17 0.005553299999999983 1 1 0.07471264367816093 0.5360230547550432
18 0.005161199999999977 1 1 0.08045977011494253 0.5389048991354467
19 0.0052235000000000475 1 1 0.08620689655172414 0.5417867435158501
20 0.004655599999999982 1 1 0.09195402298850575 0.5446685878962536
21 0.004277399999999987 1 1 0.09770114942528736 0.547550432276657
22 0.0052578999999999265 1 1 0.10344827586206896 0.5504322766570605
23 0.005820999999999965 0 0 0.10344827586206896 0.5504322766570605
24 0.00570970000000004 0 0 0.10344827586206896 0.5504322766570605
25 0.004963700000000015 1 1 0.10919540229885058 0.553314121037464
26 0.005026499999999934 0 0 0.10919540229885058 0.553314121037464
27 0.004324600000000012 0 0 0.10919540229885058 0.553314121037464
28 0.0051058999999999966 1 1 0.11494252873563218 0.5561959654178674
29 0.004566999999999988 1 1 0.1206896551724138 0.5590778097982709
30 0.0060751 1 1 0.12643678160919541 0.5619596541786743
31 0.004359499999999961 0 0 0.12643678160919541 0.5619596541786743
32 0.005212899999999965 1 1 0.13218390804597702 0.5648414985590778
33 0.006122799999999984 1 1 0.13793103448275862 0.5677233429394812
34 0.006842599999999921 1 1 0.14367816091954022 0.5706051873198847
35 0.004508399999999968 1 1 0.14942528735632185 0.5734870317002881
36 0.005052100000000004 1 1 0.15517241379310345 0.5763688760806917
37 0.005799699999999963 1 1 0.16091954022988506 0.579250720461095
38 0.006888299999999958 1 1 0.16666666666666666 0.5821325648414986
39 0.004322700000000013 0 0 0.16666666666666666 0.5821325648414986
40 0.005401199999999995 1 1 0.1724137931034483 0.5850144092219021
41 0.005359100000000061 1 1 0.1781609195402299 0.5878962536023055
42 0.0060173999999999506 1 1 0.1839080459770115 0.590778097982709
43 0.005342500000000028 1 1 0.1896551724137931 0.5936599423631124
44 0.006865200000000016 1 1 0.19540229885057472 0.5965417867435159
45 0.0077080999999999955 0 0 0.19540229885057472 0.5965417867435159
46 0.005455299999999941 1 1 0.20114942528735633 0.5994236311239193
47 0.004804600000000048 1 1 0.20689655172413793 0.6023054755043228
48 0.0050568000000000835 1 1 0.21264367816091953 0.6051873198847262
49 0.0047047999999999535 1 1 0.21839080459770116 0.6080691642651297
50 0.008089899999999983 0 0 0.21839080459770116 0.6080691642651297
51 0.005369700000000033 1 1 0.22413793103448276 0.6109510086455331
52 0.004638099999999978 0 0 0.22413793103448276 0.6109510086455331
53 0.005100799999999905 0 0 0.22413793103448276 0.6109510086455331
54 0.005004100000000067 1 1 0.22988505747126436 0.6138328530259366
55 0.004498499999999961 0 0 0.22988505747126436 0.6138328530259366
56 0.005017199999999944 1 1 0.23563218390804597 0.6167146974063401
57 0.006059199999999931 1 1 0.2413793103448276 0.6195965417867435
58 0.005203199999999963 1 1 0.2471264367816092 0.622478386167147
59 0.004988899999999963 1 1 0.25287356321839083 0.6253602305475504
60 0.0053782 1 1 0.25862068965517243 0.6282420749279539
61 0.006767499999999926 1 1 0.26436781609195403 0.6311239193083573
62 0.006289699999999954 1 1 0.27011494252873564 0.6340057636887608
63 0.005731800000000065 1 1 0.27586206896551724 0.6368876080691642
64 0.0060154999999999514 1 1 0.28160919540229884 0.6397694524495677
65 0.005573200000000056 1 1 0.28735632183908044 0.6426512968299711
66 0.005129399999999951 1 1 0.29310344827586204 0.6455331412103746
67 0.006300000000000083 1 1 0.2988505747126437 0.6484149855907781
68 0.005378499999999953 1 1 0.3045977011494253 0.6512968299711815
69 0.0062877999999999545 1 1 0.3103448275862069 0.654178674351585
70 0.007691000000000003 1 1 0.3160919540229885 0.6570605187319885
71 0.0058171000000000195 0 0 0.3160919540229885 0.6570605187319885
72 0.006439100000000031 1 1 0.3218390804597701 0.659942363112392
73 0.007100799999999907 1 1 0.3275862068965517 0.6628242074927954
74 0.005806399999999989 0 0 0.3275862068965517 0.6628242074927954
75 0.005135800000000024 1 1 0.3333333333333333 0.6657060518731989
76 0.00654470000000007 0 0 0.3333333333333333 0.6657060518731989
77 0.0066933999999999605 0 0 0.3333333333333333 0.6657060518731989
78 0.0057787000000001365 1 1 0.3390804597701149 0.6685878962536023
79 0.005994300000000008 0 0 0.3390804597701149 0.6685878962536023
80 0.00585520000000006 1 1 0.3448275862068966 0.6714697406340058
81 0.006834100000000065 1 1 0.3505747126436782 0.6743515850144092
82 0.007789100000000104 1 1 0.3563218390804598 0.6772334293948127
83 0.0058963000000000765 0 0 0.3563218390804598 0.6772334293948127
84 0.005614900000000089 0 0 0.3563218390804598 0.6772334293948127
85 0.006701000000000068 0 0 0.3563218390804598 0.6772334293948127
86 0.005511900000000125 1 1 0.3620689655172414 0.6801152737752162
87 0.005870500000000112 1 1 0.367816091954023 0.6829971181556196
88 0.005122800000000094 1 1 0.3735632183908046 0.6858789625360231
89 0.006030299999999933 0 0 0.3735632183908046 0.6858789625360231
90 0.00582309999999997 1 1 0.3793103448275862 0.6887608069164265
91 0.006473999999999869 1 1 0.3850574712643678 0.69164265129683
92 0.0059891000000000805 0 0 0.3850574712643678 0.69164265129683
93 0.0050432000000000254 1 1 0.39080459770114945 0.6945244956772334
94 0.0066062000000000065 1 1 0.39655172413793105 0.6974063400576369
95 0.005626999999999827 0 0 0.39655172413793105 0.6974063400576369
96 0.006112999999999813 1 1 0.40229885057471265 0.7002881844380403
97 0.005672699999999864 1 1 0.40804597701149425 0.7031700288184438
98 0.007004200000000127 1 1 0.41379310344827586 0.7060518731988472
99 0.0061563000000000034 0 0 0.41379310344827586 0.7060518731988472
100 0.005649800000000038 0 0 0.41379310344827586 0.7060518731988472
101 0.005083299999999902 1 1 0.41954022988505746 0.7089337175792507
102 0.008341500000000002 1 1 0.42528735632183906 0.7118155619596542
103 0.007866699999999893 0 0 0.42528735632183906 0.7118155619596542
104 0.005691999999999808 1 1 0.43103448275862066 0.7146974063400576
105 0.006290499999999977 0 0 0.43103448275862066 0.7146974063400576
106 0.007794200000000195 0 0 0.43103448275862066 0.7146974063400576
107 0.005692799999999831 0 0 0.43103448275862066 0.7146974063400576
108 0.008172300000000021 1 1 0.4367816091954023 0.7175792507204611
109 0.006125200000000053 1 1 0.4425287356321839 0.7204610951008645
110 0.009343099999999938 0 0 0.4425287356321839 0.7204610951008645
111 0.005912899999999999 1 1 0.4482758620689655 0.723342939481268
112 0.005010999999999877 0 0 0.4482758620689655 0.723342939481268
113 0.006821799999999989 0 0 0.4482758620689655 0.723342939481268
114 0.006449900000000008 1 1 0.4540229885057471 0.7262247838616714
115 0.00738900000000009 0 0 0.4540229885057471 0.7262247838616714
116 0.007136200000000148 1 1 0.45977011494252873 0.729106628242075
117 0.005658199999999836 1 1 0.46551724137931033 0.7319884726224783
118 0.005901299999999887 1 1 0.47126436781609193 0.7348703170028819
119 0.007885900000000001 0 0 0.47126436781609193 0.7348703170028819
120 0.005679100000000048 0 0 0.47126436781609193 0.7348703170028819
121 0.006508300000000133 0 0 0.47126436781609193 0.7348703170028819
122 0.00855169999999994 1 1 0.47701149425287354 0.7377521613832853
123 0.0061051000000000855 0 0 0.47701149425287354 0.7377521613832853
124 0.005222800000000083 1 1 0.4827586206896552 0.7406340057636888
125 0.005667399999999878 1 1 0.4885057471264368 0.7435158501440923
126 0.008015000000000105 0 0 0.4885057471264368 0.7435158501440923
127 0.006040999999999963 1 1 0.4942528735632184 0.7463976945244957
128 0.006043999999999938 1 1 0.5 0.7492795389048992
129 0.00637679999999996 1 1 0.5057471264367817 0.7521613832853026
130 0.0077184999999999615 0 0 0.5057471264367817 0.7521613832853026
131 0.013749800000000034 0 0 0.5057471264367817 0.7521613832853026
132 0.006357500000000016 1 1 0.5114942528735632 0.7550432276657061
133 0.006216800000000022 0 0 0.5114942528735632 0.7550432276657061
134 0.005959700000000012 1 1 0.5172413793103449 0.7579250720461095
135 0.005693599999999854 1 1 0.5229885057471264 0.760806916426513
136 0.005603599999999931 1 1 0.5287356321839081 0.7636887608069164
137 0.007142899999999841 0 0 0.5287356321839081 0.7636887608069164
138 0.008890999999999982 1 1 0.5344827586206896 0.7665706051873199
139 0.006093200000000021 1 1 0.5402298850574713 0.7694524495677233
140 0.007010500000000031 1 1 0.5459770114942529 0.7723342939481268
141 0.0066195 1 1 0.5517241379310345 0.7752161383285303
142 0.007284100000000127 1 1 0.5574712643678161 0.7780979827089337
143 0.007039599999999924 1 1 0.5632183908045977 0.7809798270893372
144 0.007014599999999982 1 1 0.5689655172413793 0.7838616714697406
145 0.006355300000000064 0 0 0.5689655172413793 0.7838616714697406
146 0.006019400000000008 1 1 0.5747126436781609 0.7867435158501441
147 0.007031899999999869 1 1 0.5804597701149425 0.7896253602305475
148 0.0065045999999999715 0 0 0.5804597701149425 0.7896253602305475
149 0.006633099999999947 1 1 0.5862068965517241 0.792507204610951
150 0.008488700000000016 1 1 0.5919540229885057 0.7953890489913544
151 0.006761099999999853 1 1 0.5977011494252874 0.7982708933717579
152 0.006073400000000007 0 0 0.5977011494252874 0.7982708933717579
153 0.008022500000000043 1 1 0.603448275862069 0.8011527377521613
154 0.007076000000000082 0 0 0.603448275862069 0.8011527377521613
155 0.009944799999999976 1 1 0.6091954022988506 0.8040345821325648
156 0.010061099999999934 1 1 0.6149425287356322 0.8069164265129684
157 0.00835830000000004 1 1 0.6206896551724138 0.8097982708933718
158 0.009045600000000098 0 0 0.6206896551724138 0.8097982708933718
159 0.007801200000000064 0 0 0.6206896551724138 0.8097982708933718
160 0.010319699999999932 1 1 0.6264367816091954 0.8126801152737753
161 0.010708800000000185 0 0 0.6264367816091954 0.8126801152737753
162 0.009746299999999986 1 1 0.632183908045977 0.8155619596541787
163 0.00738110000000014 1 1 0.6379310344827587 0.8184438040345822
164 0.006915600000000133 0 0 0.6379310344827587 0.8184438040345822
165 0.006394699999999975 0 0 0.6379310344827587 0.8184438040345822
166 0.007482599999999895 1 1 0.6436781609195402 0.8213256484149856
167 0.0072318000000000104 1 1 0.6494252873563219 0.8242074927953891
168 0.008660399999999902 1 1 0.6551724137931034 0.8270893371757925
169 0.00798510000000019 1 1 0.6609195402298851 0.829971181556196
170 0.007159999999999833 0 0 0.6609195402298851 0.829971181556196
171 0.007320999999999911 1 1 0.6666666666666666 0.8328530259365994
172 0.007617399999999996 1 1 0.6724137931034483 0.8357348703170029
173 0.007722000000000007 0 0 0.6724137931034483 0.8357348703170029
174 0.008612899999999923 1 1 0.6781609195402298 0.8386167146974063
175 0.006783699999999948 1 1 0.6839080459770115 0.8414985590778098
176 0.007146999999999792 1 1 0.6896551724137931 0.8443804034582133
177 0.00827 0 0 0.6896551724137931 0.8443804034582133
178 0.00798489999999985 1 1 0.6954022988505747 0.8472622478386167
179 0.006962299999999866 1 1 0.7011494252873564 0.8501440922190202
180 0.008855900000000139 0 0 0.7011494252873564 0.8501440922190202
181 0.00874050000000004 0 0 0.7011494252873564 0.8501440922190202
182 0.008225700000000113 0 0 0.7011494252873564 0.8501440922190202
183 0.0074209999999999 0 0 0.7011494252873564 0.8501440922190202
184 0.00622519999999982 0 0 0.7011494252873564 0.8501440922190202
185 0.009160199999999952 1 1 0.7068965517241379 0.8530259365994236
186 0.00806220000000013 0 0 0.7068965517241379 0.8530259365994236
187 0.00753360000000014 1 1 0.7126436781609196 0.8559077809798271
188 0.007859599999999967 0 0 0.7126436781609196 0.8559077809798271
189 0.007213100000000194 1 1 0.7183908045977011 0.8587896253602305
190 0.007238000000000078 1 1 0.7241379310344828 0.861671469740634
191 0.007638100000000092 1 1 0.7298850574712644 0.8645533141210374
192 0.0072894000000001125 1 1 0.735632183908046 0.8674351585014409
193 0.006573099999999998 0 0 0.735632183908046 0.8674351585014409
194 0.008223099999999928 1 1 0.7413793103448276 0.8703170028818443
195 0.008740300000000145 1 1 0.7471264367816092 0.8731988472622478
196 0.0062157999999998825 1 1 0.7528735632183908 0.8760806916426513
197 0.007815099999999964 0 0 0.7528735632183908 0.8760806916426513
198 0.008852599999999988 0 0 0.7528735632183908 0.8760806916426513
199 0.00710260000000007 1 1 0.7586206896551724 0.8789625360230547
200 0.006865499999999969 0 0 0.7586206896551724 0.8789625360230547
201 0.008765200000000029 0 0 0.7586206896551724 0.8789625360230547
202 0.00794169999999994 1 1 0.764367816091954 0.8818443804034583
203 0.008502900000000091 1 1 0.7701149425287356 0.8847262247838616
204 0.008908099999999974 0 0 0.7701149425287356 0.8847262247838616
205 0.008430399999999949 1 1 0.7758620689655172 0.8876080691642652
206 0.007018600000000097 1 1 0.7816091954022989 0.8904899135446686
207 0.006539200000000189 1 1 0.7873563218390804 0.8933717579250721
208 0.006878899999999799 1 1 0.7931034482758621 0.8962536023054755
209 0.008033199999999852 0 0 0.7931034482758621 0.8962536023054755
210 0.006973899999999755 1 1 0.7988505747126436 0.899135446685879
211 0.008364199999999933 1 1 0.8045977011494253 0.9020172910662824
212 0.00911160000000022 1 1 0.8103448275862069 0.9048991354466859
213 0.006981800000000149 0 0 0.8103448275862069 0.9048991354466859
214 0.008602499999999846 0 0 0.8103448275862069 0.9048991354466859
215 0.00712550000000034 1 1 0.8160919540229885 0.9077809798270894
216 0.0058875000000000455 1 1 0.8218390804597702 0.9106628242074928
217 0.0069805999999998924 0 0 0.8218390804597702 0.9106628242074928
218 0.00734950000000012 1 1 0.8275862068965517 0.9135446685878963
219 0.0074969000000000285 0 0 0.8275862068965517 0.9135446685878963
220 0.007311799999999646 0 0 0.8275862068965517 0.9135446685878963
221 0.0071104999999995755 1 1 0.8333333333333334 0.9164265129682997
222 0.007260500000000114 1 1 0.8390804597701149 0.9193083573487032
223 0.007447500000000051 1 1 0.8448275862068966 0.9221902017291066
224 0.007310299999999881 1 1 0.8505747126436781 0.9250720461095101
225 0.007452799999999815 1 1 0.8563218390804598 0.9279538904899135
226 0.008621700000000398 0 0 0.8563218390804598 0.9279538904899135
227 0.007671900000000065 0 0 0.8563218390804598 0.9279538904899135
228 0.008047600000000266 1 1 0.8620689655172413 0.930835734870317
229 0.007955100000000215 1 1 0.867816091954023 0.9337175792507204
230 0.007366000000000206 1 1 0.8735632183908046 0.9365994236311239
231 0.007258599999999671 1 1 0.8793103448275862 0.9394812680115274
232 0.010093400000000141 1 1 0.8850574712643678 0.9423631123919308
233 0.008701400000000081 0 0 0.8850574712643678 0.9423631123919308
234 0.009040499999999785 0 0 0.8850574712643678 0.9423631123919308
235 0.00789850000000003 0 0 0.8850574712643678 0.9423631123919308
236 0.00638580000000033 1 1 0.8908045977011494 0.9452449567723343
237 0.007505600000000001 0 0 0.8908045977011494 0.9452449567723343
238 0.008087100000000014 0 0 0.8908045977011494 0.9452449567723343
239 0.009967899999999918 1 1 0.896551724137931 0.9481268011527377
240 0.008308600000000332 0 0 0.896551724137931 0.9481268011527377
241 0.008042800000000128 0 0 0.896551724137931 0.9481268011527377
242 0.011144400000000054 1 1 0.9022988505747126 0.9510086455331412
243 0.008314199999999605 1 1 0.9080459770114943 0.9538904899135446
244 0.007719199999999926 1 1 0.9137931034482759 0.9567723342939481
245 0.009555699999999945 1 1 0.9195402298850575 0.9596541786743515
246 0.007374800000000015 0 0 0.9195402298850575 0.9596541786743515
247 0.008377199999999974 1 1 0.9252873563218391 0.962536023054755
248 0.007158899999999857 1 1 0.9310344827586207 0.9654178674351584
249 0.007580900000000224 0 0 0.9310344827586207 0.9654178674351584
250 0.008001200000000264 1 1 0.9367816091954023 0.968299711815562
251 0.006957800000000347 1 1 0.9425287356321839 0.9711815561959655
252 0.007440100000000172 1 1 0.9482758620689655 0.9740634005763689
253 0.00899889999999992 0 0 0.9482758620689655 0.9740634005763689
254 0.008825199999999978 1 1 0.9540229885057471 0.9769452449567724
255 0.008598699999999848 1 1 0.9597701149425287 0.9798270893371758
256 0.009427500000000144 0 0 0.9597701149425287 0.9798270893371758
257 0.008105099999999865 0 0 0.9597701149425287 0.9798270893371758
258 0.007857699999999745 0 0 0.9597701149425287 0.9798270893371758
259 0.009192399999999878 0 0 0.9597701149425287 0.9798270893371758
260 0.008636200000000205 1 1 0.9655172413793104 0.9827089337175793
261 0.009980700000000287 1 1 0.9712643678160919 0.9855907780979827
262 0.008331099999999925 1 1 0.9770114942528736 0.9884726224783862
263 0.006900300000000303 1 1 0.9827586206896551 0.9913544668587896
264 0.013869200000000248 1 1 0.9885057471264368 0.9942363112391931
265 0.010689200000000287 1 1 0.9942528735632183 0.9971181556195965
266 0.008621900000000071 1 1 1.0 1.0
