150 0.3 0.5
1 0.0030818999999999708 1 0 0.006711409395973154 0.5016835016835017
2 0.003179199999999993 0 0 0.006711409395973154 0.5016835016835017
3 0.0030416999999999805 0 0 0.006711409395973154 0.5016835016835017
4 0.003101200000000026 0 0 0.006711409395973154 0.5016835016835017
5 0.003120600000000029 0 0 0.006711409395973154 0.5016835016835017
6 0.0031554000000000304 1 0 0.013422818791946308 0.5016835016835017
7 0.0030941999999999914 0 0 0.013422818791946308 0.5016835016835017
8 0.0032062999999999953 1 0 0.020134228187919462 0.5016835016835017
9 0.0032271999999999856 1 1 0.026845637583892617 0.5050505050505051
10 0.003191599999999961 0 0 0.026845637583892617 0.5050505050505051
11 0.003234799999999982 0 0 0.026845637583892617 0.5050505050505051
12 0.0029727999999999977 0 0 0.026845637583892617 0.5050505050505051
13 0.0030884000000000467 0 1 0.026845637583892617 0.5084175084175084
14 0.0032771000000000328 1 1 0.03355704697986577 0.5117845117845118
15 0.0031744000000000216 0 0 0.03355704697986577 0.5117845117845118
16 0.0029021000000000186 0 0 0.03355704697986577 0.5117845117845118
17 0.003008500000000025 0 0 0.03355704697986577 0.5117845117845118
18 0.0031839000000000173 0 0 0.03355704697986577 0.5117845117845118
19 0.003026099999999976 0 0 0.03355704697986577 0.5117845117845118
20 0.0029545000000000265 0 1 0.03355704697986577 0.5151515151515151
21 0.002922800000000003 1 1 0.040268456375838924 0.5185185185185185
22 0.0030594999999999928 0 0 0.040268456375838924 0.5185185185185185
23 0.0029247000000000023 0 0 0.040268456375838924 0.5185185185185185
24 0.002917100000000006 0 0 0.040268456375838924 0.5185185185185185
25 0.003215799999999991 1 1 0.04697986577181208 0.5218855218855218
26 0.0032626000000000044 0 0 0.04697986577181208 0.5218855218855218
27 0.0029263999999999957 0 0 0.04697986577181208 0.5218855218855218
28 0.003110600000000019 0 0 0.04697986577181208 0.5218855218855218
29 0.002944900000000028 0 0 0.04697986577181208 0.5218855218855218
30 0.0033170999999999617 0 0 0.04697986577181208 0.5218855218855218
31 0.0031593000000000315 0 0 0.04697986577181208 0.5218855218855218
32 0.0030023000000000133 0 0 0.04697986577181208 0.5218855218855218
33 0.0031657999999999964 0 0 0.04697986577181208 0.5218855218855218
34 0.00289689999999998 0 0 0.04697986577181208 0.5218855218855218
35 0.0029020000000000157 0 0 0.04697986577181208 0.5218855218855218
36 0.0029524000000000217 0 0 0.04697986577181208 0.5218855218855218
37 0.003060399999999963 0 0 0.04697986577181208 0.5218855218855218
38 0.002997300000000036 0 0 0.04697986577181208 0.5218855218855218
39 0.0029105999999999854 0 0 0.04697986577181208 0.5218855218855218
40 0.0030292000000000097 0 0 0.04697986577181208 0.5218855218855218
41 0.0031828999999999885 0 0 0.04697986577181208 0.5218855218855218
42 0.0029476999999999975 0 0 0.04697986577181208 0.5218855218855218
43 0.002904400000000029 0 0 0.04697986577181208 0.5218855218855218
44 0.0029619999999999647 0 0 0.04697986577181208 0.5218855218855218
45 0.0030406000000000044 0 0 0.04697986577181208 0.5218855218855218
46 0.0029684000000000377 1 0 0.053691275167785234 0.5218855218855218
47 0.0029102000000000294 1 1 0.06040268456375839 0.5252525252525253
48 0.0031246999999999803 0 1 0.06040268456375839 0.5286195286195287
49 0.003001099999999979 1 0 0.06711409395973154 0.5286195286195287
50 0.0029486000000000234 1 2 0.0738255033557047 0.5353535353535354
51 0.0029066999999999843 0 0 0.0738255033557047 0.5353535353535354
52 0.002958100000000019 0 0 0.0738255033557047 0.5353535353535354
53 0.00296690000000005 0 0 0.0738255033557047 0.5353535353535354
54 0.0031377000000000765 0 0 0.0738255033557047 0.5353535353535354
55 0.002979600000000082 0 0 0.0738255033557047 0.5353535353535354
56 0.003145700000000029 1 0 0.08053691275167785 0.5353535353535354
57 0.003290799999999927 0 0 0.08053691275167785 0.5353535353535354
58 0.0030466999999999578 0 1 0.08053691275167785 0.5387205387205387
59 0.0033410999999999857 0 0 0.08053691275167785 0.5387205387205387
60 0.0029608000000000967 0 0 0.08053691275167785 0.5387205387205387
61 0.003122500000000028 1 1 0.087248322147651 0.5420875420875421
62 0.0031602000000000574 0 0 0.087248322147651 0.5420875420875421
63 0.0031086999999999643 0 0 0.087248322147651 0.5420875420875421
64 0.0029650999999999428 0 0 0.087248322147651 0.5420875420875421
65 0.002963000000000049 0 0 0.087248322147651 0.5420875420875421
66 0.003016099999999966 1 0 0.09395973154362416 0.5420875420875421
67 0.002977699999999972 0 0 0.09395973154362416 0.5420875420875421
68 0.004499699999999995 1 1 0.10067114093959731 0.5454545454545454
69 0.004384900000000025 0 0 0.10067114093959731 0.5454545454545454
70 0.0033271999999999746 0 1 0.10067114093959731 0.5488215488215489
71 0.0033105999999999414 1 1 0.10738255033557047 0.5521885521885522
72 0.0031327999999999356 1 1 0.11409395973154363 0.5555555555555556
73 0.003302200000000033 0 0 0.11409395973154363 0.5555555555555556
74 0.0031090999999999758 1 0 0.12080536912751678 0.5555555555555556
75 0.002994800000000075 0 0 0.12080536912751678 0.5555555555555556
76 0.0030573000000000405 1 1 0.12751677852348994 0.5589225589225589
77 0.00315960000000004 0 0 0.12751677852348994 0.5589225589225589
78 0.0031282000000000254 1 1 0.1342281879194631 0.5622895622895623
79 0.0033092999999999595 0 0 0.1342281879194631 0.5622895622895623
80 0.0032379000000000158 1 0 0.14093959731543623 0.5622895622895623
81 0.0030298000000000824 1 0 0.1476510067114094 0.5622895622895623
82 0.0030584000000000167 0 0 0.1476510067114094 0.5622895622895623
83 0.003027600000000019 0 0 0.1476510067114094 0.5622895622895623
84 0.0030337999999999754 0 0 0.1476510067114094 0.5622895622895623
85 0.004411300000000007 0 0 0.1476510067114094 0.5622895622895623
86 0.0044535999999999465 0 0 0.1476510067114094 0.5622895622895623
87 0.003082999999999947 0 0 0.1476510067114094 0.5622895622895623
88 0.003027000000000002 0 1 0.1476510067114094 0.5656565656565656
89 0.003067599999999948 0 0 0.1476510067114094 0.5656565656565656
90 0.003409200000000001 0 1 0.1476510067114094 0.569023569023569
91 0.0031476999999999755 0 1 0.1476510067114094 0.5723905723905723
92 0.0031046999999999603 1 1 0.15436241610738255 0.5757575757575758
93 0.003250200000000092 0 0 0.15436241610738255 0.5757575757575758
94 0.003051299999999979 0 0 0.15436241610738255 0.5757575757575758
95 0.003307799999999972 1 0 0.1610738255033557 0.5757575757575758
96 0.0030940999999999885 0 0 0.1610738255033557 0.5757575757575758
97 0.003334500000000018 1 1 0.16778523489932887 0.5791245791245792
98 0.0032679999999999376 1 0 0.174496644295302 0.5791245791245792
99 0.0035697999999999563 0 1 0.174496644295302 0.5824915824915825
100 0.003552400000000011 1 2 0.18120805369127516 0.5892255892255892
101 0.003180599999999978 0 0 0.18120805369127516 0.5892255892255892
102 0.0031954999999999067 0 0 0.18120805369127516 0.5892255892255892
103 0.0030801999999999774 1 1 0.18791946308724833 0.5925925925925926
104 0.0032121999999999984 1 1 0.19463087248322147 0.5959595959595959
105 0.0031537999999999844 0 0 0.19463087248322147 0.5959595959595959
106 0.005789700000000009 1 0 0.20134228187919462 0.5959595959595959
107 0.0031527999999999556 0 0 0.20134228187919462 0.5959595959595959
108 0.0033957000000000015 0 1 0.20134228187919462 0.5993265993265994
109 0.0034098000000000184 0 0 0.20134228187919462 0.5993265993265994
110 0.0035109000000000945 1 0 0.2080536912751678 0.5993265993265994
111 0.003201400000000021 0 0 0.2080536912751678 0.5993265993265994
112 0.003148099999999987 0 1 0.2080536912751678 0.6026936026936027
113 0.0031788999999999845 1 1 0.21476510067114093 0.6060606060606061
114 0.003217200000000031 0 0 0.21476510067114093 0.6060606060606061
115 0.0033210999999999657 0 0 0.21476510067114093 0.6060606060606061
116 0.00332280000000007 0 0 0.21476510067114093 0.6060606060606061
117 0.003186800000000045 1 0 0.2214765100671141 0.6060606060606061
118 0.0031512000000000207 0 1 0.2214765100671141 0.6094276094276094
119 0.003191799999999967 0 0 0.2214765100671141 0.6094276094276094
120 0.003158800000000017 0 0 0.2214765100671141 0.6094276094276094
121 0.003385699999999936 1 0 0.22818791946308725 0.6094276094276094
122 0.0032223000000000113 1 2 0.2348993288590604 0.6161616161616161
123 0.003215299999999921 0 0 0.2348993288590604 0.6161616161616161
124 0.0035295000000000742 0 0 0.2348993288590604 0.6161616161616161
125 0.003363600000000022 0 0 0.2348993288590604 0.6161616161616161
126 0.0035604999999999665 0 0 0.2348993288590604 0.6161616161616161
127 0.0032672000000000256 1 0 0.24161073825503357 0.6161616161616161
128 0.0033546000000000964 0 0 0.24161073825503357 0.6161616161616161
129 0.0031820999999999655 1 0 0.2483221476510067 0.6161616161616161
130 0.0031985999999999404 1 0 0.2550335570469799 0.6161616161616161
131 0.003151000000000015 0 0 0.2550335570469799 0.6161616161616161
132 0.0035663000000000222 0 0 0.2550335570469799 0.6161616161616161
133 0.003549400000000036 0 2 0.2550335570469799 0.622895622895623
134 0.0035083000000000197 0 0 0.2550335570469799 0.622895622895623
135 0.003622000000000014 1 1 0.26174496644295303 0.6262626262626263
136 0.003472100000000089 0 0 0.26174496644295303 0.6262626262626263
137 0.003574499999999925 0 0 0.26174496644295303 0.6262626262626263
138 0.0033535999999999566 0 0 0.26174496644295303 0.6262626262626263
139 0.0033789000000000735 1 1 0.2684563758389262 0.6296296296296297
140 0.003762299999999996 1 1 0.2751677852348993 0.632996632996633
141 0.003259300000000076 0 1 0.2751677852348993 0.6363636363636364
142 0.003666499999999906 0 0 0.2751677852348993 0.6363636363636364
143 0.003495799999999938 0 0 0.2751677852348993 0.6363636363636364
144 0.0035543000000000102 1 0 0.28187919463087246 0.6363636363636364
145 0.0034520000000000106 0 1 0.28187919463087246 0.6397306397306397
146 0.003318500000000002 0 0 0.28187919463087246 0.6397306397306397
147 0.0033487000000000933 0 0 0.28187919463087246 0.6397306397306397
148 0.003242999999999996 0 0 0.28187919463087246 0.6397306397306397
149 0.0033642999999999867 0 0 0.28187919463087246 0.6397306397306397
150 0.0032360000000000166 0 0 0.28187919463087246 0.6397306397306397
151 0.0034785999999999984 0 0 0.28187919463087246 0.6397306397306397
152 0.0032634000000000274 0 0 0.28187919463087246 0.6397306397306397
153 0.0034775999999999696 0 0 0.28187919463087246 0.6397306397306397
154 0.0033925000000000205 0 0 0.28187919463087246 0.6397306397306397
155 0.003228600000000026 0 0 0.28187919463087246 0.6397306397306397
156 0.003279599999999938 1 1 0.28859060402684567 0.6430976430976431
157 0.0036191000000000972 1 1 0.2953020134228188 0.6464646464646465
158 0.003303000000000056 1 0 0.30201342281879195 0.6464646464646465
159 0.0032657999999999854 0 0 0.30201342281879195 0.6464646464646465
160 0.003314499999999998 1 1 0.3087248322147651 0.6498316498316499
161 0.0032858999999999527 1 0 0.31543624161073824 0.6498316498316499
162 0.0033807000000000142 0 0 0.31543624161073824 0.6498316498316499
163 0.0033007999999999926 0 0 0.31543624161073824 0.6498316498316499
164 0.0034794999999999687 0 0 0.31543624161073824 0.6498316498316499
165 0.0032549000000000605 0 0 0.31543624161073824 0.6498316498316499
166 0.0033007000000000453 0 1 0.31543624161073824 0.6531986531986532
167 0.003639300000000012 0 0 0.31543624161073824 0.6531986531986532
168 0.003273999999999999 0 0 0.31543624161073824 0.6531986531986532
169 0.0035900999999999295 0 0 0.31543624161073824 0.6531986531986532
170 0.0032659000000000438 0 1 0.31543624161073824 0.6565656565656566
171 0.0034044999999999215 0 0 0.31543624161073824 0.6565656565656566
172 0.003291299999999997 0 0 0.31543624161073824 0.6565656565656566
173 0.003262199999999993 0 0 0.31543624161073824 0.6565656565656566
174 0.003310499999999994 1 0 0.3221476510067114 0.6565656565656566
175 0.0033545999999999854 0 0 0.3221476510067114 0.6565656565656566
176 0.0032868999999999815 0 0 0.3221476510067114 0.6565656565656566
177 0.0033241999999999994 1 0 0.3288590604026846 0.6565656565656566
178 0.003641400000000017 1 0 0.33557046979865773 0.6565656565656566
179 0.0034528000000000336 1 1 0.3422818791946309 0.6599326599326599
180 0.0034471000000000362 0 0 0.3422818791946309 0.6599326599326599
181 0.0033374999999999932 1 2 0.348993288590604 0.6666666666666666
182 0.003410999999999942 1 1 0.35570469798657717 0.67003367003367
183 0.0032849999999999824 0 1 0.35570469798657717 0.6734006734006734
184 0.00337529999999997 0 0 0.35570469798657717 0.6734006734006734
185 0.0032691000000000248 0 1 0.35570469798657717 0.6767676767676768
186 0.0034399000000000513 0 0 0.35570469798657717 0.6767676767676768
187 0.003370800000000007 0 0 0.35570469798657717 0.6767676767676768
188 0.0034842999999999957 0 0 0.35570469798657717 0.6767676767676768
189 0.0035119000000000122 1 0 0.3624161073825503 0.6767676767676768
190 0.0033760000000000456 0 0 0.3624161073825503 0.6767676767676768
191 0.0035188999999999915 1 1 0.3691275167785235 0.6801346801346801
192 0.0039149000000000544 0 0 0.3691275167785235 0.6801346801346801
193 0.0033999000000000112 0 0 0.3691275167785235 0.6801346801346801
194 0.0037163000000000057 0 0 0.3691275167785235 0.6801346801346801
195 0.003358799999999995 0 0 0.3691275167785235 0.6801346801346801
196 0.0033142999999999923 0 1 0.3691275167785235 0.6835016835016835
197 0.003413200000000005 1 1 0.37583892617449666 0.6868686868686869
198 0.0034106000000000414 0 0 0.37583892617449666 0.6868686868686869
199 0.0033714999999998607 1 1 0.3825503355704698 0.6902356902356902
200 0.0036802000000000223 1 1 0.38926174496644295 0.6936026936026936
201 0.0037911999999999946 1 0 0.3959731543624161 0.6936026936026936
202 0.0035180999999999685 1 1 0.40268456375838924 0.696969696969697
203 0.0038741999999998278 1 1 0.40939597315436244 0.7003367003367004
204 0.003492100000000109 1 1 0.4161073825503356 0.7037037037037037
205 0.0036743999999999666 1 0 0.4228187919463087 0.7037037037037037
206 0.003412400000000204 0 0 0.4228187919463087 0.7037037037037037
207 0.0036343000000000902 0 0 0.4228187919463087 0.7037037037037037
208 0.0038492999999999444 0 1 0.4228187919463087 0.7070707070707071
209 0.0034871000000000762 0 0 0.4228187919463087 0.7070707070707071
210 0.0035305999999999393 0 0 0.4228187919463087 0.7070707070707071
211 0.003561399999999937 0 0 0.4228187919463087 0.7070707070707071
212 0.003462199999999971 0 1 0.4228187919463087 0.7104377104377104
213 0.003506999999999927 0 0 0.4228187919463087 0.7104377104377104
214 0.003451599999999999 1 1 0.42953020134228187 0.7138047138047138
215 0.0039511999999999325 0 0 0.42953020134228187 0.7138047138047138
216 0.00354729999999992 1 1 0.436241610738255 0.7171717171717171
217 0.003443599999999991 0 0 0.436241610738255 0.7171717171717171
218 0.0035658000000000634 0 0 0.436241610738255 0.7171717171717171
219 0.003549999999999942 1 1 0.4429530201342282 0.7205387205387206
220 0.003576100000000082 1 1 0.44966442953020136 0.7239057239057239
221 0.0037823000000001272 0 0 0.44966442953020136 0.7239057239057239
222 0.003924000000000039 0 0 0.44966442953020136 0.7239057239057239
223 0.0034909000000000745 0 0 0.44966442953020136 0.7239057239057239
224 0.003401499999999835 1 0 0.4563758389261745 0.7239057239057239
225 0.003542500000000004 0 0 0.4563758389261745 0.7239057239057239
226 0.0034626000000002044 1 0 0.46308724832214765 0.7239057239057239
227 0.003461699999999901 0 0 0.46308724832214765 0.7239057239057239
228 0.0034910999999999692 0 0 0.46308724832214765 0.7239057239057239
229 0.003534999999999844 1 0 0.4697986577181208 0.7239057239057239
230 0.0035467000000000137 0 0 0.4697986577181208 0.7239057239057239
231 0.0035503000000001173 1 2 0.47651006711409394 0.7306397306397306
232 0.0036156999999998884 1 1 0.48322147651006714 0.734006734006734
233 0.003465399999999841 0 1 0.48322147651006714 0.7373737373737373
234 0.0035575999999999386 1 1 0.4899328859060403 0.7407407407407407
235 0.003926199999999991 0 0 0.4899328859060403 0.7407407407407407
236 0.0035810000000000564 0 0 0.4899328859060403 0.7407407407407407
237 0.003570999999999991 0 0 0.4899328859060403 0.7407407407407407
238 0.0035661000000000165 0 0 0.4899328859060403 0.7407407407407407
239 0.003611800000000054 0 0 0.4899328859060403 0.7407407407407407
240 0.003535599999999972 0 0 0.4899328859060403 0.7407407407407407
241 0.004038599999999892 0 0 0.4899328859060403 0.7407407407407407
242 0.0035765000000000935 0 0 0.4899328859060403 0.7407407407407407
243 0.003881500000000093 0 0 0.4899328859060403 0.7407407407407407
244 0.003507300000000102 1 0 0.4966442953020134 0.7407407407407407
245 0.0052155000000000395 1 0 0.5033557046979866 0.7407407407407407
246 0.003978099999999873 0 0 0.5033557046979866 0.7407407407407407
247 0.003963600000000067 0 0 0.5033557046979866 0.7407407407407407
248 0.0038403000000000187 1 3 0.5100671140939598 0.7508417508417509
249 0.003991400000000089 0 0 0.5100671140939598 0.7508417508417509
250 0.004090499999999997 1 1 0.5167785234899329 0.7542087542087542
251 0.003933799999999987 0 1 0.5167785234899329 0.7575757575757576
252 0.003787100000000043 0 0 0.5167785234899329 0.7575757575757576
253 0.003544400000000003 0 0 0.5167785234899329 0.7575757575757576
254 0.0036749000000000365 0 0 0.5167785234899329 0.7575757575757576
255 0.003612599999999855 1 1 0.5234899328859061 0.7609427609427609
256 0.004202899999999898 0 0 0.5234899328859061 0.7609427609427609
257 0.003756700000000057 1 1 0.5302013422818792 0.7643097643097643
258 0.0036026000000000113 0 0 0.5302013422818792 0.7643097643097643
259 0.0036555000000000337 1 1 0.5369127516778524 0.7676767676767676
260 0.003558499999999798 0 0 0.5369127516778524 0.7676767676767676
261 0.0036503999999999426 1 1 0.5436241610738255 0.7710437710437711
262 0.0036316999999999044 0 0 0.5436241610738255 0.7710437710437711
263 0.003658800000000184 1 0 0.5503355704697986 0.7710437710437711
264 0.0037437000000000165 0 0 0.5503355704697986 0.7710437710437711
265 0.0036471000000000142 0 0 0.5503355704697986 0.7710437710437711
266 0.003693500000000016 0 0 0.5503355704697986 0.7710437710437711
267 0.003899600000000003 0 0 0.5503355704697986 0.7710437710437711
268 0.00401180000000001 0 0 0.5503355704697986 0.7710437710437711
269 0.0037656000000001466 0 0 0.5503355704697986 0.7710437710437711
270 0.003644699999999945 1 1 0.5570469798657718 0.7744107744107744
271 0.0036783000000000232 0 0 0.5570469798657718 0.7744107744107744
272 0.003663799999999995 0 0 0.5570469798657718 0.7744107744107744
273 0.003648899999999955 1 1 0.5637583892617449 0.7777777777777778
274 0.003895899999999841 0 0 0.5637583892617449 0.7777777777777778
275 0.003628900000000046 0 0 0.5637583892617449 0.7777777777777778
276 0.003770999999999969 0 0 0.5637583892617449 0.7777777777777778
277 0.003596600000000061 0 0 0.5637583892617449 0.7777777777777778
278 0.0036333000000001725 0 0 0.5637583892617449 0.7777777777777778
279 0.003617399999999993 0 0 0.5637583892617449 0.7777777777777778
280 0.003668100000000063 1 1 0.5704697986577181 0.7811447811447811
281 0.0038109000000001725 0 0 0.5704697986577181 0.7811447811447811
282 0.004160399999999953 0 0 0.5704697986577181 0.7811447811447811
283 0.003705999999999987 0 1 0.5704697986577181 0.7845117845117845
284 0.003899600000000003 0 0 0.5704697986577181 0.7845117845117845
285 0.004147400000000134 0 0 0.5704697986577181 0.7845117845117845
286 0.0037383999999998085 1 1 0.5771812080536913 0.7878787878787878
287 0.0036141000000000645 1 0 0.5838926174496645 0.7878787878787878
288 0.003677700000000117 1 1 0.5906040268456376 0.7912457912457912
289 0.005415100000000006 0 0 0.5906040268456376 0.7912457912457912
290 0.005443399999999876 1 0 0.5973154362416108 0.7912457912457912
291 0.005427300000000024 1 0 0.6040268456375839 0.7912457912457912
292 0.00534889999999999 1 0 0.610738255033557 0.7912457912457912
293 0.005450900000000036 1 2 0.6174496644295302 0.797979797979798
294 0.003836400000000184 0 1 0.6174496644295302 0.8013468013468014
295 0.0036175999999998876 0 1 0.6174496644295302 0.8047138047138047
296 0.0037983999999999796 0 0 0.6174496644295302 0.8047138047138047
297 0.0037370000000001014 1 1 0.6241610738255033 0.8080808080808081
298 0.0036914999999999587 0 0 0.6241610738255033 0.8080808080808081
299 0.003774200000000061 0 0 0.6241610738255033 0.8080808080808081
300 0.0037578000000000333 0 0 0.6241610738255033 0.8080808080808081
301 0.0037770999999999777 1 0 0.6308724832214765 0.8080808080808081
302 0.003963099999999997 0 0 0.6308724832214765 0.8080808080808081
303 0.003644599999999887 0 0 0.6308724832214765 0.8080808080808081
304 0.0037976000000001786 0 0 0.6308724832214765 0.8080808080808081
305 0.004045700000000041 0 1 0.6308724832214765 0.8114478114478114
306 0.003813499999999914 0 0 0.6308724832214765 0.8114478114478114
307 0.0037530000000001174 0 0 0.6308724832214765 0.8114478114478114
308 0.0037735999999999326 1 1 0.6375838926174496 0.8148148148148148
309 0.0037579000000000917 0 0 0.6375838926174496 0.8148148148148148
310 0.0037819000000001157 1 0 0.6442953020134228 0.8148148148148148
311 0.0037499000000000837 1 0 0.6510067114093959 0.8148148148148148
312 0.004042099999999937 0 0 0.6510067114093959 0.8148148148148148
313 0.003769400000000145 0 1 0.6510067114093959 0.8181818181818182
314 0.0038085000000001035 0 0 0.6510067114093959 0.8181818181818182
315 0.003690000000000193 0 1 0.6510067114093959 0.8215488215488216
316 0.0037538999999999767 0 0 0.6510067114093959 0.8215488215488216
317 0.004059500000000105 0 0 0.6510067114093959 0.8215488215488216
318 0.0042895999999998935 1 2 0.6577181208053692 0.8282828282828283
319 0.003911900000000079 1 1 0.6644295302013423 0.8316498316498316
320 0.0040415999999998675 0 0 0.6644295302013423 0.8316498316498316
321 0.003768100000000052 0 0 0.6644295302013423 0.8316498316498316
322 0.003919800000000029 1 0 0.6711409395973155 0.8316498316498316
323 0.0037800000000001166 0 0 0.6711409395973155 0.8316498316498316
324 0.003876600000000119 1 1 0.6778523489932886 0.835016835016835
325 0.0038401999999999603 0 0 0.6778523489932886 0.835016835016835
326 0.004000499999999851 1 0 0.6845637583892618 0.835016835016835
327 0.003910200000000197 0 1 0.6845637583892618 0.8383838383838383
328 0.003794499999999923 0 0 0.6845637583892618 0.8383838383838383
329 0.003809200000000068 0 1 0.6845637583892618 0.8417508417508418
330 0.004061799999999893 0 0 0.6845637583892618 0.8417508417508418
331 0.003693399999999958 0 0 0.6845637583892618 0.8417508417508418
332 0.003966899999999995 1 1 0.6912751677852349 0.8451178451178452
333 0.0038906000000000773 0 0 0.6912751677852349 0.8451178451178452
334 0.0037313999999999403 0 0 0.6912751677852349 0.8451178451178452
335 0.0039032000000001066 1 0 0.697986577181208 0.8451178451178452
336 0.003989199999999915 1 0 0.7046979865771812 0.8451178451178452
337 0.003978599999999943 0 0 0.7046979865771812 0.8451178451178452
338 0.004186699999999988 0 0 0.7046979865771812 0.8451178451178452
339 0.003930199999999884 0 0 0.7046979865771812 0.8451178451178452
340 0.003914299999999926 0 1 0.7046979865771812 0.8484848484848485
341 0.003865999999999925 0 0 0.7046979865771812 0.8484848484848485
342 0.003881699999999988 0 0 0.7046979865771812 0.8484848484848485
343 0.003959299999999999 1 1 0.7114093959731543 0.8518518518518519
344 0.004401699999999842 0 0 0.7114093959731543 0.8518518518518519
345 0.003835299999999986 0 0 0.7114093959731543 0.8518518518518519
346 0.0042767999999999695 0 0 0.7114093959731543 0.8518518518518519
347 0.003862800000000055 0 0 0.7114093959731543 0.8518518518518519
348 0.003957899999999848 0 1 0.7114093959731543 0.8552188552188552
349 0.003807300000000069 0 0 0.7114093959731543 0.8552188552188552
350 0.003798299999999921 0 0 0.7114093959731543 0.8552188552188552
351 0.00397230000000004 0 0 0.7114093959731543 0.8552188552188552
352 0.004262800000000011 0 0 0.7114093959731543 0.8552188552188552
353 0.003894800000000087 0 0 0.7114093959731543 0.8552188552188552
354 0.004275299999999982 0 0 0.7114093959731543 0.8552188552188552
355 0.0039447999999999706 1 0 0.7181208053691275 0.8552188552188552
356 0.004043000000000019 0 0 0.7181208053691275 0.8552188552188552
357 0.0039047999999999305 0 0 0.7181208053691275 0.8552188552188552
358 0.0037475000000000147 0 0 0.7181208053691275 0.8552188552188552
359 0.0039063999999999766 0 0 0.7181208053691275 0.8552188552188552
360 0.0038991000000001552 0 0 0.7181208053691275 0.8552188552188552
361 0.004154299999999944 1 1 0.7248322147651006 0.8585858585858586
362 0.0039397000000001015 0 0 0.7248322147651006 0.8585858585858586
363 0.0038330999999998117 1 1 0.7315436241610739 0.8619528619528619
364 0.004037099999999905 0 0 0.7315436241610739 0.8619528619528619
365 0.004085099999999953 0 0 0.7315436241610739 0.8619528619528619
366 0.004312499999999941 1 1 0.738255033557047 0.8653198653198653
367 0.0039335999999998705 1 0 0.7449664429530202 0.8653198653198653
368 0.0038049 0 0 0.7449664429530202 0.8653198653198653
369 0.003955099999999989 0 0 0.7449664429530202 0.8653198653198653
370 0.003951400000000049 0 2 0.7449664429530202 0.8720538720538721
371 0.004004899999999978 0 0 0.7449664429530202 0.8720538720538721
372 0.004008699999999976 0 0 0.7449664429530202 0.8720538720538721
373 0.004261100000000129 0 0 0.7449664429530202 0.8720538720538721
374 0.003932099999999883 1 1 0.7516778523489933 0.8754208754208754
375 0.004046999999999912 0 0 0.7516778523489933 0.8754208754208754
376 0.004343900000000067 0 0 0.7516778523489933 0.8754208754208754
377 0.003929500000000141 0 0 0.7516778523489933 0.8754208754208754
378 0.00406620000000002 0 0 0.7516778523489933 0.8754208754208754
379 0.003850200000000026 0 0 0.7516778523489933 0.8754208754208754
380 0.004111799999999999 0 0 0.7516778523489933 0.8754208754208754
381 0.003973000000000004 0 0 0.7516778523489933 0.8754208754208754
382 0.004075200000000168 0 0 0.7516778523489933 0.8754208754208754
383 0.003936099999999998 1 1 0.7583892617449665 0.8787878787878788
384 0.00380859999999994 0 0 0.7583892617449665 0.8787878787878788
385 0.003828100000000001 0 0 0.7583892617449665 0.8787878787878788
386 0.003976900000000061 0 0 0.7583892617449665 0.8787878787878788
387 0.004558900000000143 0 0 0.7583892617449665 0.8787878787878788
388 0.00416060000000007 0 0 0.7583892617449665 0.8787878787878788
389 0.004196399999999878 0 0 0.7583892617449665 0.8787878787878788
390 0.004214900000000021 0 0 0.7583892617449665 0.8787878787878788
391 0.003874500000000003 0 0 0.7583892617449665 0.8787878787878788
392 0.004015699999999844 1 0 0.7651006711409396 0.8787878787878788
393 0.0040397000000000904 0 0 0.7651006711409396 0.8787878787878788
394 0.00396440000000009 0 0 0.7651006711409396 0.8787878787878788
395 0.0039069000000000464 0 1 0.7651006711409396 0.8821548821548821
396 0.0040648000000000906 0 0 0.7651006711409396 0.8821548821548821
397 0.003928299999999885 0 0 0.7651006711409396 0.8821548821548821
398 0.0040055999999999425 0 0 0.7651006711409396 0.8821548821548821
399 0.003945000000000087 0 0 0.7651006711409396 0.8821548821548821
400 0.004109700000000105 0 0 0.7651006711409396 0.8821548821548821
401 0.0039944000000000646 1 0 0.7718120805369127 0.8821548821548821
402 0.003923799999999922 1 1 0.7785234899328859 0.8855218855218855
403 0.003878800000000071 0 0 0.7785234899328859 0.8855218855218855
404 0.004049699999999934 1 0 0.785234899328859 0.8855218855218855
405 0.004120699999999866 0 0 0.785234899328859 0.8855218855218855
406 0.004408199999999862 0 0 0.785234899328859 0.8855218855218855
407 0.004050400000000121 0 1 0.785234899328859 0.8888888888888888
408 0.004401899999999959 1 1 0.7919463087248322 0.8922558922558923
409 0.004448999999999925 0 1 0.7919463087248322 0.8956228956228957
410 0.00393280000000007 0 0 0.7919463087248322 0.8956228956228957
411 0.004019699999999959 0 0 0.7919463087248322 0.8956228956228957
412 0.0038305999999999063 0 0 0.7919463087248322 0.8956228956228957
413 0.004365399999999964 1 0 0.7986577181208053 0.8956228956228957
414 0.004191000000000056 0 0 0.7986577181208053 0.8956228956228957
415 0.003946499999999853 0 0 0.7986577181208053 0.8956228956228957
416 0.004225499999999993 1 2 0.8053691275167785 0.9023569023569024
417 0.004404599999999981 0 0 0.8053691275167785 0.9023569023569024
418 0.004195400000000182 1 1 0.8120805369127517 0.9057239057239057
419 0.00789569999999995 0 0 0.8120805369127517 0.9057239057239057
420 0.004100500000000062 0 0 0.8120805369127517 0.9057239057239057
421 0.004226599999999969 0 0 0.8120805369127517 0.9057239057239057
422 0.003997999999999946 0 0 0.8120805369127517 0.9057239057239057
423 0.003964899999999938 0 0 0.8120805369127517 0.9057239057239057
424 0.004096399999999889 0 0 0.8120805369127517 0.9057239057239057
425 0.003966999999999832 0 0 0.8120805369127517 0.9057239057239057
426 0.004175800000000063 0 0 0.8120805369127517 0.9057239057239057
427 0.00408070000000027 1 1 0.8187919463087249 0.9090909090909091
428 0.0040808000000001066 0 0 0.8187919463087249 0.9090909090909091
429 0.004083899999999918 0 0 0.8187919463087249 0.9090909090909091
430 0.004132499999999872 0 0 0.8187919463087249 0.9090909090909091
431 0.004253799999999863 0 0 0.8187919463087249 0.9090909090909091
432 0.004251100000000285 0 0 0.8187919463087249 0.9090909090909091
433 0.004144900000000007 1 0 0.825503355704698 0.9090909090909091
434 0.004027400000000014 1 0 0.8322147651006712 0.9090909090909091
435 0.0041775999999997815 1 1 0.8389261744966443 0.9124579124579124
436 0.004060599999999859 0 0 0.8389261744966443 0.9124579124579124
437 0.004115300000000044 0 0 0.8389261744966443 0.9124579124579124
438 0.004170600000000135 0 0 0.8389261744966443 0.9124579124579124
439 0.0039733000000001795 0 0 0.8389261744966443 0.9124579124579124
440 0.004507600000000167 1 1 0.8456375838926175 0.9158249158249159
441 0.004095899999999819 0 1 0.8456375838926175 0.9191919191919192
442 0.003986599999999729 0 0 0.8456375838926175 0.9191919191919192
443 0.004343500000000056 0 0 0.8456375838926175 0.9191919191919192
444 0.004145799999999866 1 0 0.8523489932885906 0.9191919191919192
445 0.004430000000000156 0 0 0.8523489932885906 0.9191919191919192
446 0.004135699999999964 0 1 0.8523489932885906 0.9225589225589226
447 0.004076700000000155 0 0 0.8523489932885906 0.9225589225589226
448 0.004012200000000021 1 0 0.8590604026845637 0.9225589225589226
449 0.004128899999999991 0 0 0.8590604026845637 0.9225589225589226
450 0.003906299999999696 0 0 0.8590604026845637 0.9225589225589226
451 0.004242800000000102 1 0 0.8657718120805369 0.9225589225589226
452 0.004161399999999649 0 0 0.8657718120805369 0.9225589225589226
453 0.004008299999999743 0 0 0.8657718120805369 0.9225589225589226
454 0.005902900000000155 0 1 0.8657718120805369 0.9259259259259259
455 0.0059539000000001785 0 0 0.8657718120805369 0.9259259259259259
456 0.0060394999999999754 0 1 0.8657718120805369 0.9292929292929293
457 0.0057874999999998344 0 1 0.8657718120805369 0.9326599326599326
458 0.00586999999999982 0 0 0.8657718120805369 0.9326599326599326
459 0.006091999999999764 0 0 0.8657718120805369 0.9326599326599326
460 0.006314399999999942 0 0 0.8657718120805369 0.9326599326599326
461 0.005737599999999787 1 0 0.87248322147651 0.9326599326599326
462 0.006077200000000005 0 0 0.87248322147651 0.9326599326599326
463 0.005923999999999818 1 1 0.8791946308724832 0.936026936026936
464 0.0060579000000000605 0 1 0.8791946308724832 0.9393939393939394
465 0.0060493999999997605 0 0 0.8791946308724832 0.9393939393939394
466 0.004167599999999716 0 0 0.8791946308724832 0.9393939393939394
467 0.004323799999999878 0 0 0.8791946308724832 0.9393939393939394
468 0.006241900000000022 0 0 0.8791946308724832 0.9393939393939394
469 0.0047154999999996505 1 1 0.8859060402684564 0.9427609427609428
470 0.004670399999999741 1 1 0.8926174496644296 0.9461279461279462
471 0.004348600000000147 0 0 0.8926174496644296 0.9461279461279462
472 0.004715500000000095 0 0 0.8926174496644296 0.9461279461279462
473 0.0045215999999999035 0 0 0.8926174496644296 0.9461279461279462
474 0.00433249999999985 0 0 0.8926174496644296 0.9461279461279462
475 0.004452699999999865 1 0 0.8993288590604027 0.9461279461279462
476 0.004614699999999861 0 0 0.8993288590604027 0.9461279461279462
477 0.00438509999999992 0 0 0.8993288590604027 0.9461279461279462
478 0.004554200000000286 0 0 0.8993288590604027 0.9461279461279462
479 0.0042551999999997925 0 0 0.8993288590604027 0.9461279461279462
480 0.004284600000000083 1 0 0.9060402684563759 0.9461279461279462
481 0.0041647999999998575 1 0 0.912751677852349 0.9461279461279462
482 0.004055000000000142 0 0 0.912751677852349 0.9461279461279462
483 0.004215100000000138 0 0 0.912751677852349 0.9461279461279462
484 0.004179300000000108 0 0 0.912751677852349 0.9461279461279462
485 0.004625199999999996 0 0 0.912751677852349 0.9461279461279462
486 0.004254699999999723 0 0 0.912751677852349 0.9461279461279462
487 0.00437080000000023 1 2 0.9194630872483222 0.9528619528619529
488 0.004814500000000166 1 1 0.9261744966442953 0.9562289562289562
489 0.00460919999999998 0 0 0.9261744966442953 0.9562289562289562
490 0.004581300000000343 0 1 0.9261744966442953 0.9595959595959596
491 0.004738099999999967 0 0 0.9261744966442953 0.9595959595959596
492 0.004473799999999972 1 1 0.9328859060402684 0.9629629629629629
493 0.0046015999999999835 0 0 0.9328859060402684 0.9629629629629629
494 0.004530900000000226 0 0 0.9328859060402684 0.9629629629629629
495 0.004067100000000323 0 0 0.9328859060402684 0.9629629629629629
496 0.00439949999999989 1 1 0.9395973154362416 0.9663299663299664
497 0.004596900000000126 0 0 0.9395973154362416 0.9663299663299664
498 0.0046314999999999 0 1 0.9395973154362416 0.9696969696969697
499 0.00421819999999995 1 0 0.9463087248322147 0.9696969696969697
500 0.005229699999999671 0 0 0.9463087248322147 0.9696969696969697
501 0.004191599999999962 0 0 0.9463087248322147 0.9696969696969697
502 0.00413730000000001 0 0 0.9463087248322147 0.9696969696969697
503 0.004318699999999787 0 0 0.9463087248322147 0.9696969696969697
504 0.004373699999999925 0 0 0.9463087248322147 0.9696969696969697
505 0.004608399999999957 0 0 0.9463087248322147 0.9696969696969697
506 0.004200299999999935 0 1 0.9463087248322147 0.9730639730639731
507 0.004288700000000034 0 0 0.9463087248322147 0.9730639730639731
508 0.004065600000000114 0 0 0.9463087248322147 0.9730639730639731
509 0.004181800000000013 0 0 0.9463087248322147 0.9730639730639731
510 0.0042696000000002066 1 0 0.9530201342281879 0.9730639730639731
511 0.004336200000000012 0 1 0.9530201342281879 0.9764309764309764
512 0.0043400000000000105 1 1 0.959731543624161 0.9797979797979798
513 0.004268600000000067 0 0 0.959731543624161 0.9797979797979798
514 0.004399799999999843 0 0 0.959731543624161 0.9797979797979798
515 0.004264500000000115 0 0 0.959731543624161 0.9797979797979798
516 0.00439849999999975 0 0 0.959731543624161 0.9797979797979798
517 0.004153699999999816 0 0 0.959731543624161 0.9797979797979798
518 0.004257400000000189 0 0 0.959731543624161 0.9797979797979798
519 0.004185400000000339 0 0 0.959731543624161 0.9797979797979798
520 0.004110899999999695 0 0 0.959731543624161 0.9797979797979798
521 0.0042048000000001196 0 0 0.959731543624161 0.9797979797979798
522 0.004435100000000247 1 1 0.9664429530201343 0.9831649831649831
523 0.0042952000000000545 1 1 0.9731543624161074 0.9865319865319865
524 0.004429299999999969 0 0 0.9731543624161074 0.9865319865319865
525 0.0042103 1 0 0.9798657718120806 0.9865319865319865
526 0.0041327999999998255 0 0 0.9798657718120806 0.9865319865319865
527 0.006324600000000125 0 0 0.9798657718120806 0.9865319865319865
528 0.0060805999999997695 1 1 0.9865771812080537 0.98989898989899
529 0.006029199999999957 0 0 0.9865771812080537 0.98989898989899
530 0.006189 0 0 0.9865771812080537 0.98989898989899
531 0.004533900000000202 1 0 0.9932885906040269 0.98989898989899
532 0.004658700000000238 0 0 0.9932885906040269 0.98989898989899
533 0.004382500000000178 1 1 1.0 0.9932659932659933
534 0.004351699999999958 0 1 1.0 0.9966329966329966
535 0.004670799999999975 0 0 1.0 0.9966329966329966
536 0.004699299999999962 0 0 1.0 0.9966329966329966
537 0.004282200000000014 0 0 1.0 0.9966329966329966
538 0.004650199999999938 0 1 1.0 1.0
