10 0.6 0.7
1 0.0004854999999999998 1 0 0.1111111111111111 0.5294117647058824
2 0.0002923000000000231 1 1 0.2222222222222222 0.5882352941176471
3 0.0002757999999999927 1 1 0.3333333333333333 0.6470588235294118
4 0.0002929999999999877 1 0 0.4444444444444444 0.6470588235294118
5 0.00030449999999998534 0 1 0.4444444444444444 0.7058823529411765
6 0.0002838000000000007 0 0 0.4444444444444444 0.7058823529411765
7 0.0003757999999999817 1 0 0.5555555555555556 0.7058823529411765
8 0.00030730000000001034 0 1 0.5555555555555556 0.7647058823529411
9 0.00031780000000000697 0 0 0.5555555555555556 0.7647058823529411
10 0.0003080000000000027 0 0 0.5555555555555556 0.7647058823529411
11 0.00028929999999999234 0 0 0.5555555555555556 0.7647058823529411
12 0.0003862000000000032 1 1 0.6666666666666666 0.8235294117647058
13 0.0004427000000000181 1 1 0.7777777777777778 0.8823529411764706
14 0.00041030000000000233 0 0 0.7777777777777778 0.8823529411764706
15 0.00035330000000000084 0 0 0.7777777777777778 0.8823529411764706
16 0.0003510999999999931 1 1 0.8888888888888888 0.9411764705882353
17 0.0003505999999999787 0 0 0.8888888888888888 0.9411764705882353
18 0.00036880000000000246 1 1 1.0 1.0
