70 0.4 0.5
1 0.0014745999999999926 0 0 0.0 0.5036496350364964
2 0.00141659999999999 1 0 0.014492753623188406 0.5036496350364964
3 0.0013989000000000085 0 0 0.014492753623188406 0.5036496350364964
4 0.001301500000000011 0 0 0.014492753623188406 0.5036496350364964
5 0.001369100000000012 1 0 0.028985507246376812 0.5036496350364964
6 0.0023269999999999957 1 1 0.043478260869565216 0.5109489051094891
7 0.0015464000000000033 0 0 0.043478260869565216 0.5109489051094891
8 0.001336799999999999 0 0 0.043478260869565216 0.5109489051094891
9 0.001343800000000006 1 0 0.057971014492753624 0.5109489051094891
10 0.0015832000000000068 0 0 0.057971014492753624 0.5109489051094891
11 0.001390399999999986 0 0 0.057971014492753624 0.5109489051094891
12 0.0013830999999999982 0 1 0.057971014492753624 0.5182481751824818
13 0.001593199999999989 1 1 0.07246376811594203 0.5255474452554745
14 0.0017396000000000078 0 0 0.07246376811594203 0.5255474452554745
15 0.0014090999999999965 1 1 0.08695652173913043 0.5328467153284672
16 0.0014203999999999883 1 1 0.10144927536231885 0.5401459854014599
17 0.0014301000000000175 1 1 0.11594202898550725 0.5474452554744526
18 0.0019486999999999977 0 0 0.11594202898550725 0.5474452554744526
19 0.001669799999999999 1 0 0.13043478260869565 0.5474452554744526
20 0.0015552000000000066 1 1 0.14492753623188406 0.5547445255474452
21 0.0019979999999999998 1 0 0.15942028985507245 0.5547445255474452
22 0.0015406999999999782 1 2 0.17391304347826086 0.5693430656934306
23 0.001461099999999993 1 0 0.18840579710144928 0.5693430656934306
24 0.0020870999999999806 1 1 0.2028985507246377 0.5766423357664233
25 0.002296699999999985 1 2 0.21739130434782608 0.5912408759124088
26 0.0015121999999999913 0 0 0.21739130434782608 0.5912408759124088
27 0.0015600000000000058 0 1 0.21739130434782608 0.5985401459854015
28 0.0014695000000000125 1 0 0.2318840579710145 0.5985401459854015
29 0.0016231999999999913 0 0 0.2318840579710145 0.5985401459854015
30 0.0015359999999999818 1 0 0.2463768115942029 0.5985401459854015
31 0.0016036999999999857 1 2 0.2608695652173913 0.6131386861313869
32 0.004357400000000011 1 1 0.2753623188405797 0.6204379562043796
33 0.0016717000000000537 0 0 0.2753623188405797 0.6204379562043796
34 0.0022013999999999645 0 2 0.2753623188405797 0.635036496350365
35 0.0017954000000000025 0 0 0.2753623188405797 0.635036496350365
36 0.0016905999999999866 1 1 0.2898550724637681 0.6423357664233577
37 0.0015393000000000212 1 1 0.30434782608695654 0.6496350364963503
38 0.001756200000000041 1 1 0.3188405797101449 0.656934306569343
39 0.001624599999999976 1 1 0.3333333333333333 0.6642335766423357
40 0.001709100000000019 0 0 0.3333333333333333 0.6642335766423357
41 0.002408900000000047 1 0 0.34782608695652173 0.6642335766423357
42 0.0020560000000000023 0 0 0.34782608695652173 0.6642335766423357
43 0.0015746999999999844 0 0 0.34782608695652173 0.6642335766423357
44 0.0016783999999999688 0 0 0.34782608695652173 0.6642335766423357
45 0.0016570000000000196 1 0 0.36231884057971014 0.6642335766423357
46 0.0016141000000000072 1 1 0.37681159420289856 0.6715328467153284
47 0.0016019999999999923 0 0 0.37681159420289856 0.6715328467153284
48 0.0017851999999999868 0 1 0.37681159420289856 0.6788321167883211
49 0.0018469999999999875 0 0 0.37681159420289856 0.6788321167883211
50 0.0017620999999999887 1 0 0.391304347826087 0.6788321167883211
51 0.0022098000000000395 1 1 0.4057971014492754 0.6861313868613139
52 0.001702199999999987 0 0 0.4057971014492754 0.6861313868613139
53 0.0017188999999999677 0 0 0.4057971014492754 0.6861313868613139
54 0.001713399999999976 1 1 0.42028985507246375 0.6934306569343066
55 0.0016784000000000243 1 3 0.43478260869565216 0.7153284671532847
56 0.0017461999999999755 0 0 0.43478260869565216 0.7153284671532847
57 0.001701000000000008 1 1 0.4492753623188406 0.7226277372262774
58 0.0018825000000000092 0 0 0.4492753623188406 0.7226277372262774
59 0.002401799999999954 0 0 0.4492753623188406 0.7226277372262774
60 0.0016451999999999578 0 0 0.4492753623188406 0.7226277372262774
61 0.0016449000000000047 1 0 0.463768115942029 0.7226277372262774
62 0.0017319000000000084 0 0 0.463768115942029 0.7226277372262774
63 0.001757099999999956 0 0 0.463768115942029 0.7226277372262774
64 0.0017487999999999948 0 0 0.463768115942029 0.7226277372262774
65 0.001834599999999964 0 0 0.463768115942029 0.7226277372262774
66 0.0020709999999999895 1 0 0.4782608695652174 0.7226277372262774
67 0.0019200999999999802 0 1 0.4782608695652174 0.7299270072992701
68 0.0018262 0 0 0.4782608695652174 0.7299270072992701
69 0.0018591000000000024 0 0 0.4782608695652174 0.7299270072992701
70 0.001805800000000024 0 1 0.4782608695652174 0.7372262773722628
71 0.0017835999999999963 1 0 0.4927536231884058 0.7372262773722628
72 0.0017317000000000027 1 1 0.5072463768115942 0.7445255474452555
73 0.0017271999999999843 0 0 0.5072463768115942 0.7445255474452555
74 0.0019179999999999753 1 2 0.5217391304347826 0.7591240875912408
75 0.0017439000000000204 0 0 0.5217391304347826 0.7591240875912408
76 0.0021259999999999613 0 0 0.5217391304347826 0.7591240875912408
77 0.0018232999999999722 1 0 0.5362318840579711 0.7591240875912408
78 0.0017106000000000066 1 0 0.5507246376811594 0.7591240875912408
79 0.0017269999999999786 0 1 0.5507246376811594 0.7664233576642335
80 0.0017480999999999747 0 0 0.5507246376811594 0.7664233576642335
81 0.001913900000000024 1 0 0.5652173913043478 0.7664233576642335
82 0.0019688999999999957 0 0 0.5652173913043478 0.7664233576642335
83 0.002102999999999966 1 0 0.5797101449275363 0.7664233576642335
84 0.0020003999999999578 0 0 0.5797101449275363 0.7664233576642335
85 0.001793800000000012 0 1 0.5797101449275363 0.7737226277372263
86 0.0017794999999999894 1 1 0.5942028985507246 0.781021897810219
87 0.00176670000000001 0 0 0.5942028985507246 0.781021897810219
88 0.0017954000000000025 1 1 0.6086956521739131 0.7883211678832117
89 0.0018125999999999975 0 0 0.6086956521739131 0.7883211678832117
90 0.002053399999999983 1 2 0.6231884057971014 0.8029197080291971
91 0.0019041000000000197 0 0 0.6231884057971014 0.8029197080291971
92 0.0020444000000000018 1 1 0.6376811594202898 0.8102189781021898
93 0.001838699999999971 1 1 0.6521739130434783 0.8175182481751825
94 0.001990600000000009 1 1 0.6666666666666666 0.8248175182481752
95 0.002124700000000035 0 0 0.6666666666666666 0.8248175182481752
96 0.0018680000000000363 1 1 0.6811594202898551 0.8321167883211679
97 0.002597999999999989 1 0 0.6956521739130435 0.8321167883211679
98 0.0025525999999999605 0 0 0.6956521739130435 0.8321167883211679
99 0.00289109999999998 1 1 0.7101449275362319 0.8394160583941606
100 0.0023556000000000132 1 1 0.7246376811594203 0.8467153284671532
101 0.0027961000000000236 1 1 0.7391304347826086 0.8540145985401459
102 0.0021119 0 0 0.7391304347826086 0.8540145985401459
103 0.00196940000000001 0 0 0.7391304347826086 0.8540145985401459
104 0.003488900000000017 1 1 0.7536231884057971 0.8613138686131386
105 0.0019447000000000214 0 0 0.7536231884057971 0.8613138686131386
106 0.0024856000000000322 0 0 0.7536231884057971 0.8613138686131386
107 0.002407300000000001 0 0 0.7536231884057971 0.8613138686131386
108 0.0029840999999999895 1 1 0.7681159420289855 0.8686131386861314
109 0.0019879999999999898 0 0 0.7681159420289855 0.8686131386861314
110 0.0019688999999999957 0 1 0.7681159420289855 0.8759124087591241
111 0.0019324000000000008 0 0 0.7681159420289855 0.8759124087591241
112 0.0028452000000000477 0 0 0.7681159420289855 0.8759124087591241
113 0.002585800000000027 0 0 0.7681159420289855 0.8759124087591241
114 0.0026106000000000185 0 0 0.7681159420289855 0.8759124087591241
115 0.00267419999999996 0 1 0.7681159420289855 0.8832116788321168
116 0.0027017999999999764 1 0 0.782608695652174 0.8832116788321168
117 0.002455800000000008 0 0 0.782608695652174 0.8832116788321168
118 0.002092499999999997 1 0 0.7971014492753623 0.8832116788321168
119 0.0020084000000000213 1 1 0.8115942028985508 0.8905109489051095
120 0.0019112000000000018 0 1 0.8115942028985508 0.8978102189781022
121 0.0021353000000000066 0 0 0.8115942028985508 0.8978102189781022
122 0.002290499999999973 0 0 0.8115942028985508 0.8978102189781022
123 0.0021676999999999946 1 1 0.8260869565217391 0.9051094890510949
124 0.0019455999999999918 0 0 0.8260869565217391 0.9051094890510949
125 0.0019860999999999907 1 0 0.8405797101449275 0.9051094890510949
126 0.002030900000000002 1 1 0.855072463768116 0.9124087591240876
127 0.002093899999999982 1 0 0.8695652173913043 0.9124087591240876
128 0.002065299999999992 1 1 0.8840579710144928 0.9197080291970803
129 0.0020278999999999714 1 1 0.8985507246376812 0.927007299270073
130 0.0022476000000000163 0 1 0.8985507246376812 0.9343065693430657
131 0.002056300000000011 1 0 0.9130434782608695 0.9343065693430657
132 0.0022792000000000368 0 2 0.9130434782608695 0.948905109489051
133 0.0022705000000000086 1 1 0.927536231884058 0.9562043795620438
134 0.002148199999999989 0 0 0.927536231884058 0.9562043795620438
135 0.0022213999999999845 1 0 0.9420289855072463 0.9562043795620438
136 0.0023594000000000115 0 1 0.9420289855072463 0.9635036496350365
137 0.0030497999999999914 0 0 0.9420289855072463 0.9635036496350365
138 0.0022827999999999737 0 0 0.9420289855072463 0.9635036496350365
139 0.002075799999999961 0 0 0.9420289855072463 0.9635036496350365
140 0.0020154000000000005 1 0 0.9565217391304348 0.9635036496350365
141 0.0021148000000000278 0 0 0.9565217391304348 0.9635036496350365
142 0.002064300000000019 0 1 0.9565217391304348 0.9708029197080292
143 0.002071699999999954 0 1 0.9565217391304348 0.9781021897810219
144 0.001990700000000012 0 0 0.9565217391304348 0.9781021897810219
145 0.002102999999999966 0 0 0.9565217391304348 0.9781021897810219
146 0.002449400000000046 1 1 0.9710144927536232 0.9854014598540146
147 0.0020949000000000106 0 0 0.9710144927536232 0.9854014598540146
148 0.002117900000000006 0 0 0.9710144927536232 0.9854014598540146
149 0.0021174999999999944 1 1 0.9855072463768116 0.9927007299270073
150 0.002108600000000016 1 0 1.0 0.9927007299270073
151 0.002211799999999986 0 1 1.0 1.0
