10 1.0 0.7
1 0.00046619999999999995 1 0 0.1111111111111111 0.5294117647058824
2 0.00033310000000000284 1 0 0.2222222222222222 0.5294117647058824
3 0.0003732999999999931 1 2 0.3333333333333333 0.6470588235294118
4 0.0003217999999999832 1 1 0.4444444444444444 0.7058823529411765
5 0.0005497999999999892 1 1 0.5555555555555556 0.7647058823529411
6 0.0004895999999999789 1 1 0.6666666666666666 0.8235294117647058
7 0.00119169999999999 1 0 0.7777777777777778 0.8235294117647058
8 0.00038729999999997933 1 2 0.8888888888888888 0.9411764705882353
9 0.00039850000000002384 1 1 1.0 1.0
