50 0.6 0.2
1 0.001013900000000012 1 0 0.02040816326530612 0.5051546391752577
2 0.0010612000000000121 1 0 0.04081632653061224 0.5051546391752577
3 0.0009800999999999838 1 0 0.061224489795918366 0.5051546391752577
4 0.001094899999999982 0 0 0.061224489795918366 0.5051546391752577
5 0.0014107999999999898 0 0 0.061224489795918366 0.5051546391752577
6 0.001117900000000005 0 0 0.061224489795918366 0.5051546391752577
7 0.0011064000000000074 0 0 0.061224489795918366 0.5051546391752577
8 0.0010259999999999991 1 0 0.08163265306122448 0.5051546391752577
9 0.0011874000000000051 1 0 0.10204081632653061 0.5051546391752577
10 0.0013208000000000109 0 0 0.10204081632653061 0.5051546391752577
11 0.0011653999999999831 1 0 0.12244897959183673 0.5051546391752577
12 0.0009498000000000006 1 0 0.14285714285714285 0.5051546391752577
13 0.001028299999999982 1 1 0.16326530612244897 0.5154639175257731
14 0.0019064000000000025 1 0 0.1836734693877551 0.5154639175257731
15 0.0012767000000000195 1 0 0.20408163265306123 0.5154639175257731
16 0.0014733999999999858 0 0 0.20408163265306123 0.5154639175257731
17 0.0014094999999999802 1 2 0.22448979591836735 0.5360824742268041
18 0.0011708999999999747 0 0 0.22448979591836735 0.5360824742268041
19 0.0013418999999999792 1 2 0.24489795918367346 0.5567010309278351
20 0.0011487999999999776 0 1 0.24489795918367346 0.5670103092783505
21 0.0012000999999999817 0 0 0.24489795918367346 0.5670103092783505
22 0.0010208000000000161 1 0 0.2653061224489796 0.5670103092783505
23 0.0013997999999999788 0 1 0.2653061224489796 0.5773195876288659
24 0.0012261000000000077 0 1 0.2653061224489796 0.5876288659793815
25 0.001658799999999988 1 1 0.2857142857142857 0.5979381443298969
26 0.001160300000000003 0 1 0.2857142857142857 0.6082474226804123
27 0.0010905999999999971 0 1 0.2857142857142857 0.6185567010309279
28 0.0013312000000000046 1 1 0.30612244897959184 0.6288659793814433
29 0.0014608999999999872 0 0 0.30612244897959184 0.6288659793814433
30 0.0013694999999999957 1 1 0.32653061224489793 0.6391752577319587
31 0.0012275999999999954 1 0 0.3469387755102041 0.6391752577319587
32 0.0017261000000000082 1 0 0.3673469387755102 0.6391752577319587
33 0.0017995000000000094 1 1 0.3877551020408163 0.6494845360824743
34 0.001557900000000001 1 0 0.40816326530612246 0.6494845360824743
35 0.0017438000000000176 1 1 0.42857142857142855 0.6597938144329897
36 0.001849100000000048 0 1 0.42857142857142855 0.6701030927835051
37 0.0016328999999999927 0 1 0.42857142857142855 0.6804123711340206
38 0.001655500000000032 0 0 0.42857142857142855 0.6804123711340206
39 0.002042299999999997 1 0 0.4489795918367347 0.6804123711340206
40 0.0015151999999999943 1 0 0.46938775510204084 0.6804123711340206
41 0.0011976999999999682 0 0 0.46938775510204084 0.6804123711340206
42 0.0012082999999999955 0 0 0.46938775510204084 0.6804123711340206
43 0.001371100000000014 0 1 0.46938775510204084 0.6907216494845361
44 0.001595000000000013 1 0 0.4897959183673469 0.6907216494845361
45 0.001459099999999991 1 2 0.5102040816326531 0.711340206185567
46 0.0013548999999999922 0 0 0.5102040816326531 0.711340206185567
47 0.0013877999999999946 1 0 0.5306122448979592 0.711340206185567
48 0.0012931999999999944 1 1 0.5510204081632653 0.7216494845360825
49 0.0013569000000000497 0 0 0.5510204081632653 0.7216494845360825
50 0.0012549999999999506 1 0 0.5714285714285714 0.7216494845360825
51 0.0012414000000000036 1 0 0.5918367346938775 0.7216494845360825
52 0.0023855999999999877 0 2 0.5918367346938775 0.7422680412371134
53 0.0012237999999999971 0 0 0.5918367346938775 0.7422680412371134
54 0.0012479999999999714 1 2 0.6122448979591837 0.7628865979381443
55 0.001255499999999965 1 1 0.6326530612244898 0.7731958762886598
56 0.0015743999999999758 1 0 0.6530612244897959 0.7731958762886598
57 0.0014854000000000256 1 2 0.673469387755102 0.7938144329896907
58 0.0015058000000000016 1 0 0.6938775510204082 0.7938144329896907
59 0.0013641000000000347 0 0 0.6938775510204082 0.7938144329896907
60 0.0018954999999999944 1 2 0.7142857142857143 0.8144329896907216
61 0.0014305000000000012 1 0 0.7346938775510204 0.8144329896907216
62 0.0014030999999999905 1 0 0.7551020408163265 0.8144329896907216
63 0.0013563999999999798 0 1 0.7551020408163265 0.8247422680412371
64 0.0014667999999999903 1 2 0.7755102040816326 0.845360824742268
65 0.002875400000000028 1 1 0.7959183673469388 0.8556701030927835
66 0.0015042999999999584 1 0 0.8163265306122449 0.8556701030927835
67 0.0018467999999999818 1 1 0.8367346938775511 0.865979381443299
68 0.0014553999999999956 1 0 0.8571428571428571 0.865979381443299
69 0.001419500000000018 1 2 0.8775510204081632 0.8865979381443299
70 0.0014181999999999806 1 0 0.8979591836734694 0.8865979381443299
71 0.002590199999999987 1 2 0.9183673469387755 0.9072164948453608
72 0.0014141999999999766 0 0 0.9183673469387755 0.9072164948453608
73 0.0013849000000000222 1 0 0.9387755102040817 0.9072164948453608
74 0.0014229000000000047 1 1 0.9591836734693877 0.9175257731958762
75 0.0024350000000000205 0 1 0.9591836734693877 0.9278350515463918
76 0.001890700000000023 0 0 0.9591836734693877 0.9278350515463918
77 0.0024179999999999757 1 1 0.9795918367346939 0.9381443298969072
78 0.0018871000000000304 1 0 1.0 0.9381443298969072
79 0.001479100000000011 0 0 1.0 0.9381443298969072
80 0.0014651999999999998 0 0 1.0 0.9381443298969072
81 0.0015767999999999893 0 2 1.0 0.9587628865979382
82 0.0022818000000000005 0 0 1.0 0.9587628865979382
83 0.0017756999999999912 0 0 1.0 0.9587628865979382
84 0.002843899999999955 0 2 1.0 0.979381443298969
85 0.00201889999999999 0 0 1.0 0.979381443298969
86 0.0015188999999999897 0 0 1.0 0.979381443298969
87 0.0018411999999999873 0 0 1.0 0.979381443298969
88 0.0025128999999999846 0 0 1.0 0.979381443298969
89 0.0021430999999999534 0 0 1.0 0.979381443298969
90 0.0016472999999999627 0 0 1.0 0.979381443298969
91 0.0016332000000000013 0 1 1.0 0.9896907216494846
92 0.0015680999999999612 0 0 1.0 0.9896907216494846
93 0.0015301000000000342 0 0 1.0 0.9896907216494846
94 0.002203099999999958 0 0 1.0 0.9896907216494846
95 0.0023255999999999832 0 0 1.0 0.9896907216494846
96 0.0016450000000000076 0 0 1.0 0.9896907216494846
97 0.0016941000000000317 0 0 1.0 0.9896907216494846
98 0.0017818999999999474 0 0 1.0 0.9896907216494846
99 0.0016753999999999936 0 0 1.0 0.9896907216494846
100 0.0025005000000000166 0 1 1.0 1.0
