130 0.6 0.9
1 0.002627699999999955 1 0 0.007751937984496124 0.5019455252918288
2 0.0025479999999999947 1 1 0.015503875968992248 0.5058365758754864
3 0.0024572999999999956 0 0 0.015503875968992248 0.5058365758754864
4 0.0025521000000000016 1 1 0.023255813953488372 0.5097276264591439
5 0.0027955000000000063 1 1 0.031007751937984496 0.5136186770428015
6 0.002642200000000039 1 1 0.03875968992248062 0.5175097276264592
7 0.0026530000000000165 0 0 0.03875968992248062 0.5175097276264592
8 0.002637400000000012 1 1 0.046511627906976744 0.5214007782101168
9 0.002712300000000001 1 1 0.05426356589147287 0.5252918287937743
10 0.002689700000000017 0 0 0.05426356589147287 0.5252918287937743
11 0.0027308999999999806 1 1 0.06201550387596899 0.5291828793774319
12 0.0028806999999999583 0 0 0.06201550387596899 0.5291828793774319
13 0.0028602999999999823 1 1 0.06976744186046512 0.5330739299610895
14 0.0029092000000000007 0 0 0.06976744186046512 0.5330739299610895
15 0.0028549999999999964 0 0 0.06976744186046512 0.5330739299610895
16 0.0028814999999999813 0 0 0.06976744186046512 0.5330739299610895
17 0.002797800000000017 0 0 0.06976744186046512 0.5330739299610895
18 0.003014099999999964 1 1 0.07751937984496124 0.5369649805447471
19 0.0029105999999999854 1 1 0.08527131782945736 0.5408560311284046
20 0.0027829000000000326 1 1 0.09302325581395349 0.5447470817120622
21 0.002904899999999988 1 1 0.10077519379844961 0.5486381322957199
22 0.002787700000000004 1 1 0.10852713178294573 0.5525291828793775
23 0.0029078999999999633 0 0 0.10852713178294573 0.5525291828793775
24 0.0027107000000000103 1 1 0.11627906976744186 0.556420233463035
25 0.002710299999999999 0 0 0.11627906976744186 0.556420233463035
26 0.002788899999999983 1 1 0.12403100775193798 0.5603112840466926
27 0.002755300000000016 1 1 0.13178294573643412 0.5642023346303502
28 0.002696299999999985 0 0 0.13178294573643412 0.5642023346303502
29 0.002800899999999995 0 0 0.13178294573643412 0.5642023346303502
30 0.0026820000000000177 1 1 0.13953488372093023 0.5680933852140078
31 0.0026902000000000315 0 0 0.13953488372093023 0.5680933852140078
32 0.0026985999999999954 1 1 0.14728682170542637 0.5719844357976653
33 0.002945199999999981 0 0 0.14728682170542637 0.5719844357976653
34 0.002820199999999995 1 1 0.15503875968992248 0.5758754863813229
35 0.0030194000000000054 1 0 0.16279069767441862 0.5758754863813229
36 0.0031152999999999875 1 1 0.17054263565891473 0.5797665369649806
37 0.0028046999999999933 1 2 0.17829457364341086 0.5875486381322957
38 0.00293110000000002 0 0 0.17829457364341086 0.5875486381322957
39 0.002758700000000003 0 0 0.17829457364341086 0.5875486381322957
40 0.0028115000000000223 0 0 0.17829457364341086 0.5875486381322957
41 0.0031250999999999918 1 0 0.18604651162790697 0.5875486381322957
42 0.0028085999999999944 1 2 0.1937984496124031 0.5953307392996109
43 0.0029028000000000387 1 1 0.20155038759689922 0.5992217898832685
44 0.0028900000000000037 1 1 0.20930232558139536 0.603112840466926
45 0.0028427999999999787 0 0 0.20930232558139536 0.603112840466926
46 0.0030013999999999874 0 0 0.20930232558139536 0.603112840466926
47 0.003043399999999974 0 0 0.20930232558139536 0.603112840466926
48 0.00285740000000001 1 1 0.21705426356589147 0.6070038910505836
49 0.0028369999999999784 1 1 0.2248062015503876 0.6108949416342413
50 0.003027000000000002 0 0 0.2248062015503876 0.6108949416342413
51 0.003226899999999977 0 0 0.2248062015503876 0.6108949416342413
52 0.003141000000000005 1 1 0.23255813953488372 0.6147859922178989
53 0.002912999999999999 0 0 0.23255813953488372 0.6147859922178989
54 0.002844800000000036 0 0 0.23255813953488372 0.6147859922178989
55 0.00295200000000001 1 0 0.24031007751937986 0.6147859922178989
56 0.003234500000000029 0 0 0.24031007751937986 0.6147859922178989
57 0.0029779000000000333 1 2 0.24806201550387597 0.622568093385214
58 0.0032351999999999936 1 1 0.2558139534883721 0.6264591439688716
59 0.00295059999999997 0 0 0.2558139534883721 0.6264591439688716
60 0.0029456999999999955 1 1 0.26356589147286824 0.6303501945525292
61 0.0031058999999999948 1 1 0.2713178294573643 0.6342412451361867
62 0.002910099999999971 1 1 0.27906976744186046 0.6381322957198443
63 0.002986600000000006 1 1 0.2868217054263566 0.642023346303502
64 0.004349700000000012 1 0 0.29457364341085274 0.642023346303502
65 0.004297900000000021 1 1 0.3023255813953488 0.6459143968871596
66 0.004417000000000004 1 1 0.31007751937984496 0.6498054474708171
67 0.0042804000000000175 1 0 0.3178294573643411 0.6498054474708171
68 0.004303899999999972 0 0 0.3178294573643411 0.6498054474708171
69 0.003196100000000035 1 1 0.32558139534883723 0.6536964980544747
70 0.0030295000000000183 1 2 0.3333333333333333 0.6614785992217899
71 0.003065999999999902 1 2 0.34108527131782945 0.669260700389105
72 0.00328840000000008 1 1 0.3488372093023256 0.6731517509727627
73 0.003077200000000002 0 0 0.3488372093023256 0.6731517509727627
74 0.0030303999999999887 1 0 0.35658914728682173 0.6731517509727627
75 0.003320100000000048 1 2 0.3643410852713178 0.6809338521400778
76 0.0031342999999999233 0 0 0.3643410852713178 0.6809338521400778
77 0.003117200000000042 0 0 0.3643410852713178 0.6809338521400778
78 0.00313960000000002 0 0 0.3643410852713178 0.6809338521400778
79 0.003095300000000023 1 1 0.37209302325581395 0.6848249027237354
80 0.0031807000000000363 1 1 0.3798449612403101 0.688715953307393
81 0.0030970000000000164 0 0 0.3798449612403101 0.688715953307393
82 0.003276399999999957 0 0 0.3798449612403101 0.688715953307393
83 0.00313960000000002 1 1 0.3875968992248062 0.6926070038910506
84 0.003127299999999944 0 0 0.3875968992248062 0.6926070038910506
85 0.003104399999999896 0 0 0.3875968992248062 0.6926070038910506
86 0.0031263000000000263 1 1 0.3953488372093023 0.6964980544747081
87 0.0032157000000000435 1 1 0.40310077519379844 0.7003891050583657
88 0.003153199999999967 1 0 0.4108527131782946 0.7003891050583657
89 0.003270200000000001 1 2 0.4186046511627907 0.708171206225681
90 0.003566000000000069 1 1 0.4263565891472868 0.7120622568093385
91 0.0036216000000000026 1 1 0.43410852713178294 0.7159533073929961
92 0.0032215999999999356 1 1 0.4418604651162791 0.7198443579766537
93 0.003280900000000031 1 1 0.4496124031007752 0.7237354085603113
94 0.003696900000000003 0 0 0.4496124031007752 0.7237354085603113
95 0.0033702999999999372 1 1 0.4573643410852713 0.7276264591439688
96 0.0031874999999998987 1 1 0.46511627906976744 0.7315175097276264
97 0.003423000000000065 0 0 0.46511627906976744 0.7315175097276264
98 0.003264900000000015 0 0 0.46511627906976744 0.7315175097276264
99 0.0033272000000000856 0 0 0.46511627906976744 0.7315175097276264
100 0.003332899999999972 1 0 0.4728682170542636 0.7315175097276264
101 0.0033443000000000778 0 1 0.4728682170542636 0.7354085603112841
102 0.0036418999999999757 0 0 0.4728682170542636 0.7354085603112841
103 0.0032437000000000715 1 1 0.4806201550387597 0.7392996108949417
104 0.003488900000000017 1 1 0.4883720930232558 0.7431906614785992
105 0.003246200000000088 1 1 0.49612403100775193 0.7470817120622568
106 0.0033783000000000563 1 1 0.5038759689922481 0.7509727626459144
107 0.0033203000000000538 1 1 0.5116279069767442 0.754863813229572
108 0.003439599999999987 1 1 0.5193798449612403 0.7587548638132295
109 0.003220100000000059 0 0 0.5193798449612403 0.7587548638132295
110 0.0033347000000000238 1 1 0.5271317829457365 0.7626459143968871
111 0.003335300000000041 1 1 0.5348837209302325 0.7665369649805448
112 0.0035572999999999855 1 1 0.5426356589147286 0.7704280155642024
113 0.003442999999999974 1 1 0.5503875968992248 0.77431906614786
114 0.0034204999999999375 0 0 0.5503875968992248 0.77431906614786
115 0.0034330999999999667 1 1 0.5581395348837209 0.7782101167315175
116 0.00346040000000003 0 0 0.5581395348837209 0.7782101167315175
117 0.0034799999999999276 0 0 0.5581395348837209 0.7782101167315175
118 0.0033695000000000253 1 1 0.5658914728682171 0.7821011673151751
119 0.0037211000000000327 1 1 0.5736434108527132 0.7859922178988327
120 0.0038648000000000016 1 1 0.5813953488372093 0.7898832684824902
121 0.0035434000000000854 1 1 0.5891472868217055 0.7937743190661478
122 0.0038640000000000896 1 0 0.5968992248062015 0.7937743190661478
123 0.0034834999999999727 1 0 0.6046511627906976 0.7937743190661478
124 0.0038108999999999504 1 2 0.6124031007751938 0.8015564202334631
125 0.0035711000000000492 1 2 0.6201550387596899 0.8093385214007782
126 0.003644699999999945 1 1 0.627906976744186 0.8132295719844358
127 0.0035820999999999215 1 1 0.6356589147286822 0.8171206225680934
128 0.003502200000000011 0 0 0.6356589147286822 0.8171206225680934
129 0.0034227000000000007 0 0 0.6356589147286822 0.8171206225680934
130 0.003574799999999989 0 0 0.6356589147286822 0.8171206225680934
131 0.003936600000000068 1 1 0.6434108527131783 0.8210116731517509
132 0.00356920000000005 1 1 0.6511627906976745 0.8249027237354085
133 0.0035414999999999752 0 0 0.6511627906976745 0.8249027237354085
134 0.0035777999999999643 0 0 0.6511627906976745 0.8249027237354085
135 0.0036322000000000854 0 0 0.6511627906976745 0.8249027237354085
136 0.003588599999999942 0 0 0.6511627906976745 0.8249027237354085
137 0.003563800000000006 1 1 0.6589147286821705 0.8287937743190662
138 0.0035930000000000684 1 1 0.6666666666666666 0.8326848249027238
139 0.0036952000000000096 0 0 0.6666666666666666 0.8326848249027238
140 0.003834500000000074 0 0 0.6666666666666666 0.8326848249027238
141 0.003598199999999996 1 1 0.6744186046511628 0.8365758754863813
142 0.0036365000000000425 1 1 0.6821705426356589 0.8404669260700389
143 0.0037352000000000496 1 1 0.689922480620155 0.8443579766536965
144 0.0037948999999999344 1 1 0.6976744186046512 0.8482490272373541
145 0.0038201999999999403 1 1 0.7054263565891473 0.8521400778210116
146 0.003677999999999959 1 1 0.7131782945736435 0.8560311284046692
147 0.003862200000000038 0 0 0.7131782945736435 0.8560311284046692
148 0.003770000000000051 1 1 0.7209302325581395 0.8599221789883269
149 0.0038995000000000557 1 1 0.7286821705426356 0.8638132295719845
150 0.003879599999999983 1 1 0.7364341085271318 0.867704280155642
151 0.004221499999999989 1 1 0.7441860465116279 0.8715953307392996
152 0.0038271999999999196 1 0 0.751937984496124 0.8715953307392996
153 0.0037039999999999296 1 2 0.7596899224806202 0.8793774319066148
154 0.004407800000000073 0 0 0.7596899224806202 0.8793774319066148
155 0.0038578000000000223 0 0 0.7596899224806202 0.8793774319066148
156 0.003783800000000004 0 0 0.7596899224806202 0.8793774319066148
157 0.0039003000000000787 1 1 0.7674418604651163 0.8832684824902723
158 0.0038135999999999726 1 1 0.7751937984496124 0.8871595330739299
159 0.0039042000000000243 0 0 0.7751937984496124 0.8871595330739299
160 0.0038730000000000153 1 1 0.7829457364341085 0.8910505836575876
161 0.0038867000000000207 0 0 0.7829457364341085 0.8910505836575876
162 0.004221200000000036 1 1 0.7906976744186046 0.8949416342412452
163 0.004375100000000076 0 0 0.7906976744186046 0.8949416342412452
164 0.003957699999999953 0 0 0.7906976744186046 0.8949416342412452
165 0.004096699999999953 1 1 0.7984496124031008 0.8988326848249028
166 0.003944399999999959 1 0 0.8062015503875969 0.8988326848249028
167 0.00399320000000003 0 0 0.8062015503875969 0.8988326848249028
168 0.003941900000000054 1 1 0.813953488372093 0.9027237354085603
169 0.003759100000000015 0 0 0.813953488372093 0.9027237354085603
170 0.003851900000000019 1 1 0.8217054263565892 0.9066147859922179
171 0.0037821000000000105 1 1 0.8294573643410853 0.9105058365758755
172 0.003748699999999938 0 1 0.8294573643410853 0.914396887159533
173 0.003974299999999986 1 0 0.8372093023255814 0.914396887159533
174 0.003949700000000056 0 1 0.8372093023255814 0.9182879377431906
175 0.005733199999999994 1 1 0.8449612403100775 0.9221789883268483
176 0.005612600000000079 1 1 0.8527131782945736 0.9260700389105059
177 0.005894400000000077 1 1 0.8604651162790697 0.9299610894941635
178 0.00396339999999995 0 0 0.8604651162790697 0.9299610894941635
179 0.004165799999999997 1 1 0.8682170542635659 0.933852140077821
180 0.004160200000000058 1 0 0.875968992248062 0.933852140077821
181 0.0041288000000000435 1 1 0.8837209302325582 0.9377431906614786
182 0.00412570000000001 1 1 0.8914728682170543 0.9416342412451362
183 0.00411079999999997 0 1 0.8914728682170543 0.9455252918287937
184 0.003973800000000027 1 0 0.8992248062015504 0.9455252918287937
185 0.003989299999999973 1 2 0.9069767441860465 0.953307392996109
186 0.004196599999999995 0 0 0.9069767441860465 0.953307392996109
187 0.004441299999999981 1 1 0.9147286821705426 0.9571984435797666
188 0.004128699999999985 1 1 0.9224806201550387 0.9610894941634242
189 0.004513800000000012 1 0 0.9302325581395349 0.9610894941634242
190 0.004045400000000088 1 1 0.937984496124031 0.9649805447470817
191 0.004075499999999899 0 0 0.937984496124031 0.9649805447470817
192 0.004093299999999966 0 1 0.937984496124031 0.9688715953307393
193 0.004166500000000073 1 1 0.9457364341085271 0.9727626459143969
194 0.004105299999999978 0 0 0.9457364341085271 0.9727626459143969
195 0.004027000000000003 1 0 0.9534883720930233 0.9727626459143969
196 0.0062206000000000206 0 1 0.9534883720930233 0.9766536964980544
197 0.00457020000000008 1 1 0.9612403100775194 0.980544747081712
198 0.004041399999999973 0 0 0.9612403100775194 0.980544747081712
199 0.004626099999999855 1 1 0.9689922480620154 0.9844357976653697
200 0.00412009999999996 1 1 0.9767441860465116 0.9883268482490273
201 0.004122699999999924 1 1 0.9844961240310077 0.9922178988326849
202 0.004697799999999974 1 1 0.9922480620155039 0.9961089494163424
203 0.004225699999999888 1 1 1.0 1.0
