130 0.9 0.2
1 0.002620699999999976 0 0 0.0 0.5019455252918288
2 0.002713100000000024 1 0 0.007751937984496124 0.5019455252918288
3 0.0025139000000000133 1 0 0.015503875968992248 0.5019455252918288
4 0.002552899999999969 0 0 0.015503875968992248 0.5019455252918288
5 0.0026242999999999683 1 0 0.023255813953488372 0.5019455252918288
6 0.002514499999999975 1 0 0.031007751937984496 0.5019455252918288
7 0.0027652999999999706 0 2 0.031007751937984496 0.5097276264591439
8 0.0028004999999999836 1 1 0.03875968992248062 0.5136186770428015
9 0.002697700000000025 1 1 0.046511627906976744 0.5175097276264592
10 0.0026760000000000117 1 1 0.05426356589147287 0.5214007782101168
11 0.0027085000000000026 1 1 0.06201550387596899 0.5252918287937743
12 0.002673599999999998 1 0 0.06976744186046512 0.5252918287937743
13 0.002810099999999982 1 1 0.07751937984496124 0.5291828793774319
14 0.0028998999999999553 1 1 0.08527131782945736 0.5330739299610895
15 0.0027378000000000124 1 0 0.09302325581395349 0.5330739299610895
16 0.0029312000000000227 1 2 0.10077519379844961 0.5408560311284046
17 0.002624300000000024 1 0 0.10852713178294573 0.5408560311284046
18 0.002684799999999987 1 2 0.11627906976744186 0.5486381322957199
19 0.002610000000000001 1 2 0.12403100775193798 0.556420233463035
20 0.002626599999999979 1 0 0.13178294573643412 0.556420233463035
21 0.002621499999999999 1 2 0.13953488372093023 0.5642023346303502
22 0.002695700000000023 1 1 0.14728682170542637 0.5680933852140078
23 0.002723399999999987 1 0 0.15503875968992248 0.5680933852140078
24 0.0027126000000000094 1 0 0.16279069767441862 0.5680933852140078
25 0.002720800000000023 1 2 0.17054263565891473 0.5758754863813229
26 0.0029160000000000297 1 1 0.17829457364341086 0.5797665369649806
27 0.0028082000000000384 1 1 0.18604651162790697 0.5836575875486382
28 0.0027965999999999824 0 0 0.18604651162790697 0.5836575875486382
29 0.002828200000000003 1 3 0.1937984496124031 0.5953307392996109
30 0.0028393000000000446 1 0 0.20155038759689922 0.5953307392996109
31 0.0027823999999999627 1 0 0.20930232558139536 0.5953307392996109
32 0.002827999999999997 1 3 0.21705426356589147 0.6070038910505836
33 0.0040906 1 1 0.2248062015503876 0.6108949416342413
34 0.003003200000000039 1 0 0.23255813953488372 0.6108949416342413
35 0.002800199999999975 1 0 0.24031007751937986 0.6108949416342413
36 0.0031056000000000417 1 1 0.24806201550387597 0.6147859922178989
37 0.0032127000000000128 1 2 0.2558139534883721 0.622568093385214
38 0.003063100000000041 1 0 0.26356589147286824 0.622568093385214
39 0.002877899999999989 0 1 0.26356589147286824 0.6264591439688716
40 0.003062800000000032 1 0 0.2713178294573643 0.6264591439688716
41 0.003208500000000003 1 1 0.27906976744186046 0.6303501945525292
42 0.003595299999999968 1 0 0.2868217054263566 0.6303501945525292
43 0.0033359000000000028 1 0 0.29457364341085274 0.6303501945525292
44 0.003013700000000008 1 1 0.3023255813953488 0.6342412451361867
45 0.0029386000000000134 1 1 0.31007751937984496 0.6381322957198443
46 0.003168800000000027 1 2 0.3178294573643411 0.6459143968871596
47 0.0032874999999999988 1 0 0.32558139534883723 0.6459143968871596
48 0.0031397999999999704 1 1 0.3333333333333333 0.6498054474708171
49 0.003025 1 1 0.34108527131782945 0.6536964980544747
50 0.0031695000000000473 1 2 0.3488372093023256 0.6614785992217899
51 0.0030534999999999868 1 2 0.35658914728682173 0.669260700389105
52 0.003155299999999972 1 1 0.3643410852713178 0.6731517509727627
53 0.002983400000000025 1 1 0.37209302325581395 0.6770428015564203
54 0.003136099999999975 1 0 0.3798449612403101 0.6770428015564203
55 0.003041199999999966 1 1 0.3875968992248062 0.6809338521400778
56 0.003077400000000008 1 1 0.3953488372093023 0.6848249027237354
57 0.0032052999999999665 1 0 0.40310077519379844 0.6848249027237354
58 0.003099699999999983 1 0 0.4108527131782946 0.6848249027237354
59 0.003454500000000027 1 2 0.4186046511627907 0.6926070038910506
60 0.003157000000000021 1 2 0.4263565891472868 0.7003891050583657
61 0.003112600000000021 1 0 0.43410852713178294 0.7003891050583657
62 0.003184100000000023 1 0 0.4418604651162791 0.7003891050583657
63 0.0034070999999999962 1 2 0.4496124031007752 0.708171206225681
64 0.003583000000000003 1 1 0.4573643410852713 0.7120622568093385
65 0.0031886000000000414 1 1 0.46511627906976744 0.7159533073929961
66 0.0032211000000000323 1 0 0.4728682170542636 0.7159533073929961
67 0.0033219999999999916 1 2 0.4806201550387597 0.7237354085603113
68 0.003417400000000015 1 0 0.4883720930232558 0.7237354085603113
69 0.0032587000000000033 1 1 0.49612403100775193 0.7276264591439688
70 0.0033302999999999527 0 1 0.49612403100775193 0.7315175097276264
71 0.0035924999999999985 1 1 0.5038759689922481 0.7354085603112841
72 0.0032700999999999425 1 2 0.5116279069767442 0.7431906614785992
73 0.003511000000000042 1 0 0.5193798449612403 0.7431906614785992
74 0.0033412999999999915 1 1 0.5271317829457365 0.7470817120622568
75 0.0035880000000000356 1 3 0.5348837209302325 0.7587548638132295
76 0.003377699999999928 1 2 0.5426356589147286 0.7665369649805448
77 0.0033950999999999842 1 0 0.5503875968992248 0.7665369649805448
78 0.0033806999999999032 1 1 0.5581395348837209 0.7704280155642024
79 0.003451300000000046 1 1 0.5658914728682171 0.77431906614786
80 0.0036305999999999283 1 1 0.5736434108527132 0.7782101167315175
81 0.0039384000000000086 1 2 0.5813953488372093 0.7859922178988327
82 0.003654799999999958 1 0 0.5891472868217055 0.7859922178988327
83 0.0034239000000000352 1 1 0.5968992248062015 0.7898832684824902
84 0.0037650999999999657 1 1 0.6046511627906976 0.7937743190661478
85 0.0034551999999999916 0 0 0.6046511627906976 0.7937743190661478
86 0.00351900000000005 1 1 0.6124031007751938 0.7976653696498055
87 0.003668899999999975 1 1 0.6201550387596899 0.8015564202334631
88 0.0034842999999999957 0 0 0.6201550387596899 0.8015564202334631
89 0.0035339000000000897 1 1 0.627906976744186 0.8054474708171206
90 0.00346600000000008 1 0 0.6356589147286822 0.8054474708171206
91 0.0034808000000000616 1 1 0.6434108527131783 0.8093385214007782
92 0.003557699999999997 1 1 0.6511627906976745 0.8132295719844358
93 0.003588600000000053 0 1 0.6511627906976745 0.8171206225680934
94 0.0034245000000000525 1 0 0.6589147286821705 0.8171206225680934
95 0.003792100000000076 1 0 0.6666666666666666 0.8171206225680934
96 0.0035570000000000324 1 0 0.6744186046511628 0.8171206225680934
97 0.0035167000000000392 1 0 0.6821705426356589 0.8171206225680934
98 0.003655599999999981 1 3 0.689922480620155 0.8287937743190662
99 0.0038951999999999876 1 0 0.6976744186046512 0.8287937743190662
100 0.003778999999999977 1 1 0.7054263565891473 0.8326848249027238
101 0.003675800000000007 1 4 0.7131782945736435 0.8482490272373541
102 0.003658500000000009 1 2 0.7209302325581395 0.8560311284046692
103 0.003639299999999901 1 1 0.7286821705426356 0.8599221789883269
104 0.003638499999999989 0 0 0.7286821705426356 0.8599221789883269
105 0.0035970000000000724 1 0 0.7364341085271318 0.8599221789883269
106 0.003573399999999949 1 1 0.7441860465116279 0.8638132295719845
107 0.003879899999999936 1 2 0.751937984496124 0.8715953307392996
108 0.0038711999999999636 1 0 0.7596899224806202 0.8715953307392996
109 0.00376170000000009 1 0 0.7674418604651163 0.8715953307392996
110 0.0037889999999999313 1 0 0.7751937984496124 0.8715953307392996
111 0.004309200000000013 1 1 0.7829457364341085 0.8754863813229572
112 0.004029900000000031 1 3 0.7906976744186046 0.8871595330739299
113 0.004173699999999947 1 2 0.7984496124031008 0.8949416342412452
114 0.004094099999999989 1 1 0.8062015503875969 0.8988326848249028
115 0.0038867000000000207 1 1 0.813953488372093 0.9027237354085603
116 0.00414429999999999 1 0 0.8217054263565892 0.9027237354085603
117 0.003896400000000022 1 1 0.8294573643410853 0.9066147859922179
118 0.00566499999999992 1 1 0.8372093023255814 0.9105058365758755
119 0.00410939999999993 0 0 0.8372093023255814 0.9105058365758755
120 0.004314700000000005 1 1 0.8449612403100775 0.914396887159533
121 0.004067700000000007 1 0 0.8527131782945736 0.914396887159533
122 0.004020499999999982 0 0 0.8527131782945736 0.914396887159533
123 0.003940800000000078 1 1 0.8604651162790697 0.9182879377431906
124 0.004095300000000024 1 0 0.8682170542635659 0.9182879377431906
125 0.0038211000000000217 1 2 0.875968992248062 0.9260700389105059
126 0.0038283000000000067 1 0 0.8837209302325582 0.9260700389105059
127 0.004123099999999935 1 0 0.8914728682170543 0.9260700389105059
128 0.00387420000000005 1 2 0.8992248062015504 0.933852140077821
129 0.0041023999999999505 1 2 0.9069767441860465 0.9416342412451362
130 0.004078099999999973 1 0 0.9147286821705426 0.9416342412451362
131 0.004015800000000014 0 0 0.9147286821705426 0.9416342412451362
132 0.005783800000000006 1 1 0.9224806201550387 0.9455252918287937
133 0.005865800000000032 0 1 0.9224806201550387 0.9494163424124513
134 0.005867899999999926 1 1 0.9302325581395349 0.953307392996109
135 0.005684200000000028 0 0 0.9302325581395349 0.953307392996109
136 0.005840400000000079 1 0 0.937984496124031 0.953307392996109
137 0.004283599999999943 1 0 0.9457364341085271 0.953307392996109
138 0.003992099999999943 1 1 0.9534883720930233 0.9571984435797666
139 0.004280400000000073 1 2 0.9612403100775194 0.9649805447470817
140 0.004085899999999976 1 2 0.9689922480620154 0.9727626459143969
141 0.004158099999999942 0 1 0.9689922480620154 0.9766536964980544
142 0.004154899999999961 1 1 0.9767441860465116 0.980544747081712
143 0.004026799999999997 1 0 0.9844961240310077 0.980544747081712
144 0.004227300000000045 1 1 0.9922480620155039 0.9844357976653697
145 0.003976700000000055 1 0 1.0 0.9844357976653697
146 0.004223599999999994 0 0 1.0 0.9844357976653697
147 0.004002900000000031 0 0 1.0 0.9844357976653697
148 0.004266199999999998 0 1 1.0 0.9883268482490273
149 0.004166699999999968 0 0 1.0 0.9883268482490273
150 0.00441159999999996 0 0 1.0 0.9883268482490273
151 0.004117099999999985 0 1 1.0 0.9922178988326849
152 0.004267299999999974 0 0 1.0 0.9922178988326849
153 0.0044344000000000605 0 0 1.0 0.9922178988326849
154 0.004052200000000061 0 1 1.0 0.9961089494163424
155 0.004207100000000019 0 0 1.0 0.9961089494163424
156 0.004019800000000018 0 0 1.0 0.9961089494163424
157 0.004188300000000034 0 0 1.0 0.9961089494163424
158 0.004154500000000061 0 0 1.0 0.9961089494163424
159 0.004606499999999958 0 0 1.0 0.9961089494163424
160 0.0046559999999999935 0 1 1.0 1.0
