150 0.4 0.2
1 0.003787499999999999 0 0 0.0 0.5016835016835017
2 0.0029757000000000255 0 0 0.0 0.5016835016835017
3 0.0038980000000000126 0 0 0.0 0.5016835016835017
4 0.003510599999999975 1 0 0.006711409395973154 0.5016835016835017
5 0.002991899999999992 0 0 0.006711409395973154 0.5016835016835017
6 0.002934099999999995 0 0 0.006711409395973154 0.5016835016835017
7 0.003356899999999996 1 0 0.013422818791946308 0.5016835016835017
8 0.003209799999999985 0 0 0.013422818791946308 0.5016835016835017
9 0.0038953999999999933 1 1 0.020134228187919462 0.5050505050505051
10 0.003976100000000038 1 1 0.026845637583892617 0.5084175084175084
11 0.0030810000000000004 1 1 0.03355704697986577 0.5117845117845118
12 0.004908500000000038 1 0 0.040268456375838924 0.5117845117845118
13 0.0046439999999999815 0 0 0.040268456375838924 0.5117845117845118
14 0.004263199999999967 0 0 0.040268456375838924 0.5117845117845118
15 0.00477660000000002 0 0 0.040268456375838924 0.5117845117845118
16 0.00483049999999996 0 0 0.040268456375838924 0.5117845117845118
17 0.004968499999999987 0 0 0.040268456375838924 0.5117845117845118
18 0.003073400000000004 0 0 0.040268456375838924 0.5117845117845118
19 0.0039605000000000334 0 0 0.040268456375838924 0.5117845117845118
20 0.004734499999999975 0 1 0.040268456375838924 0.5151515151515151
21 0.0031634000000000384 0 1 0.040268456375838924 0.5185185185185185
22 0.004300300000000035 1 0 0.04697986577181208 0.5185185185185185
23 0.0037820000000000076 0 0 0.04697986577181208 0.5185185185185185
24 0.0033585999999999894 1 0 0.053691275167785234 0.5185185185185185
25 0.003819399999999973 0 0 0.053691275167785234 0.5185185185185185
26 0.0033038999999999707 1 0 0.06040268456375839 0.5185185185185185
27 0.004708600000000007 0 0 0.06040268456375839 0.5185185185185185
28 0.003342999999999985 0 0 0.06040268456375839 0.5185185185185185
29 0.005194499999999991 0 1 0.06040268456375839 0.5218855218855218
30 0.005439400000000094 0 0 0.06040268456375839 0.5218855218855218
31 0.0046631999999999785 0 0 0.06040268456375839 0.5218855218855218
32 0.005433199999999916 0 0 0.06040268456375839 0.5218855218855218
33 0.003264099999999992 0 0 0.06040268456375839 0.5218855218855218
34 0.003620699999999921 0 0 0.06040268456375839 0.5218855218855218
35 0.003498800000000024 0 0 0.06040268456375839 0.5218855218855218
36 0.003944399999999959 1 0 0.06711409395973154 0.5218855218855218
37 0.0034709000000000545 0 0 0.06711409395973154 0.5218855218855218
38 0.0040440000000000476 1 1 0.0738255033557047 0.5252525252525253
39 0.004036199999999934 0 0 0.0738255033557047 0.5252525252525253
40 0.0034385999999999584 0 0 0.0738255033557047 0.5252525252525253
41 0.004268099999999997 1 2 0.08053691275167785 0.531986531986532
42 0.0034271999999999636 0 0 0.08053691275167785 0.531986531986532
43 0.0032723000000000058 0 0 0.08053691275167785 0.531986531986532
44 0.00388809999999995 1 0 0.087248322147651 0.531986531986532
45 0.003282499999999966 0 0 0.087248322147651 0.531986531986532
46 0.004638000000000031 1 0 0.09395973154362416 0.531986531986532
47 0.004179900000000014 1 0 0.10067114093959731 0.531986531986532
48 0.004550199999999949 0 0 0.10067114093959731 0.531986531986532
49 0.00552790000000003 1 0 0.10738255033557047 0.531986531986532
50 0.0032753999999999284 1 1 0.11409395973154363 0.5353535353535354
51 0.003318800000000066 1 1 0.12080536912751678 0.5387205387205387
52 0.00457479999999999 1 0 0.12751677852348994 0.5387205387205387
53 0.0035224000000000366 1 0 0.1342281879194631 0.5387205387205387
54 0.0046840000000000215 0 2 0.1342281879194631 0.5454545454545454
55 0.0036720000000000086 0 1 0.1342281879194631 0.5488215488215489
56 0.004038199999999992 0 0 0.1342281879194631 0.5488215488215489
57 0.00683710000000004 1 1 0.14093959731543623 0.5521885521885522
58 0.005041300000000026 1 0 0.1476510067114094 0.5521885521885522
59 0.0041400000000000325 0 1 0.1476510067114094 0.5555555555555556
60 0.003515000000000046 0 0 0.1476510067114094 0.5555555555555556
61 0.0033931000000000378 1 0 0.15436241610738255 0.5555555555555556
62 0.003906300000000029 0 1 0.15436241610738255 0.5589225589225589
63 0.004206000000000043 1 0 0.1610738255033557 0.5589225589225589
64 0.0039664000000000366 1 0 0.16778523489932887 0.5589225589225589
65 0.004589999999999983 0 0 0.16778523489932887 0.5589225589225589
66 0.004297200000000001 0 1 0.16778523489932887 0.5622895622895623
67 0.003890800000000083 0 0 0.16778523489932887 0.5622895622895623
68 0.0036474999999999147 0 1 0.16778523489932887 0.5656565656565656
69 0.005366399999999993 0 1 0.16778523489932887 0.569023569023569
70 0.0034459000000000017 1 3 0.174496644295302 0.5791245791245792
71 0.005362299999999931 0 0 0.174496644295302 0.5791245791245792
72 0.0044152000000000635 0 0 0.174496644295302 0.5791245791245792
73 0.0034250000000000114 0 1 0.174496644295302 0.5824915824915825
74 0.004677700000000007 0 0 0.174496644295302 0.5824915824915825
75 0.004414499999999988 1 1 0.18120805369127516 0.5858585858585859
76 0.003462799999999988 0 0 0.18120805369127516 0.5858585858585859
77 0.004714499999999955 1 0 0.18791946308724833 0.5858585858585859
78 0.003647000000000067 1 1 0.19463087248322147 0.5892255892255892
79 0.003916099999999978 1 1 0.20134228187919462 0.5925925925925926
80 0.004704700000000006 1 0 0.2080536912751678 0.5925925925925926
81 0.0049410999999999206 0 0 0.2080536912751678 0.5925925925925926
82 0.004564200000000018 1 1 0.21476510067114093 0.5959595959595959
83 0.0037584000000000506 0 0 0.21476510067114093 0.5959595959595959
84 0.004822300000000057 1 1 0.2214765100671141 0.5993265993265994
85 0.0036230999999999902 0 0 0.2214765100671141 0.5993265993265994
86 0.0035969999999999613 1 0 0.22818791946308725 0.5993265993265994
87 0.004287799999999953 0 1 0.22818791946308725 0.6026936026936027
88 0.0035034000000000454 1 1 0.2348993288590604 0.6060606060606061
89 0.004199299999999906 1 0 0.24161073825503357 0.6060606060606061
90 0.004725500000000049 1 0 0.2483221476510067 0.6060606060606061
91 0.005064199999999963 0 0 0.2483221476510067 0.6060606060606061
92 0.004251499999999964 0 0 0.2483221476510067 0.6060606060606061
93 0.004193899999999973 1 1 0.2550335570469799 0.6094276094276094
94 0.0037249999999999783 0 1 0.2550335570469799 0.6127946127946128
95 0.004445200000000038 0 0 0.2550335570469799 0.6127946127946128
96 0.0035863000000000422 1 0 0.26174496644295303 0.6127946127946128
97 0.00488630000000001 0 1 0.26174496644295303 0.6161616161616161
98 0.0036939000000000277 0 0 0.26174496644295303 0.6161616161616161
99 0.004427300000000023 0 0 0.26174496644295303 0.6161616161616161
100 0.004948500000000022 0 0 0.26174496644295303 0.6161616161616161
101 0.0035431000000000212 0 0 0.26174496644295303 0.6161616161616161
102 0.004230700000000032 0 0 0.26174496644295303 0.6161616161616161
103 0.0037471999999999506 1 0 0.2684563758389262 0.6161616161616161
104 0.0033978999999999537 0 0 0.2684563758389262 0.6161616161616161
105 0.004607600000000045 0 0 0.2684563758389262 0.6161616161616161
106 0.0034111000000000002 1 0 0.2751677852348993 0.6161616161616161
107 0.004388999999999976 0 2 0.2751677852348993 0.622895622895623
108 0.004535500000000026 1 2 0.28187919463087246 0.6296296296296297
109 0.0034898999999999347 0 0 0.28187919463087246 0.6296296296296297
110 0.004467299999999952 0 1 0.28187919463087246 0.632996632996633
111 0.0041695999999999955 0 0 0.28187919463087246 0.632996632996633
112 0.003954899999999983 0 0 0.28187919463087246 0.632996632996633
113 0.00478119999999993 0 0 0.28187919463087246 0.632996632996633
114 0.003924299999999992 0 0 0.28187919463087246 0.632996632996633
115 0.003782500000000022 0 0 0.28187919463087246 0.632996632996633
116 0.00432929999999998 0 0 0.28187919463087246 0.632996632996633
117 0.004445699999999997 0 0 0.28187919463087246 0.632996632996633
118 0.004296100000000025 0 0 0.28187919463087246 0.632996632996633
119 0.004318999999999962 1 1 0.28859060402684567 0.6363636363636364
120 0.004339099999999929 1 1 0.2953020134228188 0.6397306397306397
121 0.004058499999999965 1 2 0.30201342281879195 0.6464646464646465
122 0.004596299999999998 0 0 0.30201342281879195 0.6464646464646465
123 0.004610899999999973 1 1 0.3087248322147651 0.6498316498316499
124 0.003543300000000027 1 0 0.31543624161073824 0.6498316498316499
125 0.00455020000000006 0 1 0.31543624161073824 0.6531986531986532
126 0.0041023999999999505 0 0 0.31543624161073824 0.6531986531986532
127 0.0038989000000000384 0 0 0.31543624161073824 0.6531986531986532
128 0.00475890000000001 1 0 0.3221476510067114 0.6531986531986532
129 0.0054921 0 1 0.3221476510067114 0.6565656565656566
130 0.004889400000000044 1 1 0.3288590604026846 0.6599326599326599
131 0.0037029000000000645 0 0 0.3288590604026846 0.6599326599326599
132 0.005270099999999944 1 1 0.33557046979865773 0.6632996632996633
133 0.004057500000000047 1 0 0.3422818791946309 0.6632996632996633
134 0.00408059999999999 0 0 0.3422818791946309 0.6632996632996633
135 0.004715599999999931 0 0 0.3422818791946309 0.6632996632996633
136 0.0038763000000001657 0 0 0.3422818791946309 0.6632996632996633
137 0.00430839999999999 1 0 0.348993288590604 0.6632996632996633
138 0.004222600000000076 1 1 0.35570469798657717 0.6666666666666666
139 0.0045983999999998915 1 0 0.3624161073825503 0.6666666666666666
140 0.004549100000000195 0 0 0.3624161073825503 0.6666666666666666
141 0.00406850000000003 0 1 0.3624161073825503 0.67003367003367
142 0.004887899999999945 1 2 0.3691275167785235 0.6767676767676768
143 0.004078499999999874 0 0 0.3691275167785235 0.6767676767676768
144 0.0041359999999999175 1 0 0.37583892617449666 0.6767676767676768
145 0.0049192000000000125 1 0 0.3825503355704698 0.6767676767676768
146 0.00558140000000007 0 0 0.3825503355704698 0.6767676767676768
147 0.004560600000000026 0 0 0.3825503355704698 0.6767676767676768
148 0.003920099999999982 1 0 0.38926174496644295 0.6767676767676768
149 0.004502499999999854 1 0 0.3959731543624161 0.6767676767676768
150 0.0042071999999999665 1 1 0.40268456375838924 0.6801346801346801
151 0.0038515000000001187 1 0 0.40939597315436244 0.6801346801346801
152 0.00542100000000012 1 0 0.4161073825503356 0.6801346801346801
153 0.0055995000000002015 0 0 0.4161073825503356 0.6801346801346801
154 0.005150800000000011 0 0 0.4161073825503356 0.6801346801346801
155 0.003749700000000189 0 1 0.4161073825503356 0.6835016835016835
156 0.004864100000000038 0 1 0.4161073825503356 0.6868686868686869
157 0.004087699999999916 0 0 0.4161073825503356 0.6868686868686869
158 0.00399740000000004 1 1 0.4228187919463087 0.6902356902356902
159 0.004973200000000011 0 0 0.4228187919463087 0.6902356902356902
160 0.003730999999999929 1 0 0.42953020134228187 0.6902356902356902
161 0.0036011000000000237 0 0 0.42953020134228187 0.6902356902356902
162 0.0044543999999999695 0 2 0.42953020134228187 0.696969696969697
163 0.004074600000000039 1 0 0.436241610738255 0.696969696969697
164 0.004455499999999946 0 0 0.436241610738255 0.696969696969697
165 0.00453619999999999 1 0 0.4429530201342282 0.696969696969697
166 0.005066099999999851 1 1 0.44966442953020136 0.7003367003367004
167 0.004442599999999963 0 0 0.44966442953020136 0.7003367003367004
168 0.004326300000000005 1 1 0.4563758389261745 0.7037037037037037
169 0.005790299999999915 1 3 0.46308724832214765 0.7138047138047138
170 0.004844100000000129 0 1 0.46308724832214765 0.7171717171717171
171 0.004749000000000114 1 2 0.4697986577181208 0.7239057239057239
172 0.0037290000000000934 0 0 0.4697986577181208 0.7239057239057239
173 0.0050034999999999386 0 0 0.4697986577181208 0.7239057239057239
174 0.004421500000000078 0 0 0.4697986577181208 0.7239057239057239
175 0.0038129999999998443 1 0 0.47651006711409394 0.7239057239057239
176 0.005251099999999953 1 0 0.48322147651006714 0.7239057239057239
177 0.003946299999999958 0 1 0.48322147651006714 0.7272727272727273
178 0.004063699999999892 0 0 0.48322147651006714 0.7272727272727273
179 0.004187099999999999 0 1 0.48322147651006714 0.7306397306397306
180 0.0046888000000000485 1 0 0.4899328859060403 0.7306397306397306
181 0.0046847999999999335 1 0 0.4966442953020134 0.7306397306397306
182 0.003993099999999972 0 0 0.4966442953020134 0.7306397306397306
183 0.004925499999999916 0 1 0.4966442953020134 0.734006734006734
184 0.0041455999999999715 0 0 0.4966442953020134 0.734006734006734
185 0.003955099999999989 0 0 0.4966442953020134 0.734006734006734
186 0.005007900000000065 1 0 0.5033557046979866 0.734006734006734
187 0.004097500000000087 0 1 0.5033557046979866 0.7373737373737373
188 0.00506849999999992 1 0 0.5100671140939598 0.7373737373737373
189 0.0040645000000001374 0 0 0.5100671140939598 0.7373737373737373
190 0.004674499999999915 1 1 0.5167785234899329 0.7407407407407407
191 0.004870700000000117 1 1 0.5234899328859061 0.7441077441077442
192 0.0038735999999999216 0 0 0.5234899328859061 0.7441077441077442
193 0.00480500000000017 0 0 0.5234899328859061 0.7441077441077442
194 0.004234300000000024 1 2 0.5302013422818792 0.7508417508417509
195 0.003732600000000197 0 0 0.5302013422818792 0.7508417508417509
196 0.004536600000000002 1 0 0.5369127516778524 0.7508417508417509
197 0.004299700000000017 0 0 0.5369127516778524 0.7508417508417509
198 0.005161799999999994 0 0 0.5369127516778524 0.7508417508417509
199 0.004089400000000021 1 1 0.5436241610738255 0.7542087542087542
200 0.004923500000000081 1 2 0.5503355704697986 0.7609427609427609
201 0.004335900000000059 0 1 0.5503355704697986 0.7643097643097643
202 0.0039837000000000344 1 0 0.5570469798657718 0.7643097643097643
203 0.0049791999999999614 0 0 0.5570469798657718 0.7643097643097643
204 0.004922800000000116 1 0 0.5637583892617449 0.7643097643097643
205 0.0050794999999999035 0 0 0.5637583892617449 0.7643097643097643
206 0.004065200000000102 0 0 0.5637583892617449 0.7643097643097643
207 0.00656330000000005 0 0 0.5637583892617449 0.7643097643097643
208 0.005755100000000013 0 0 0.5637583892617449 0.7643097643097643
209 0.006532100000000041 0 1 0.5637583892617449 0.7676767676767676
210 0.0043879999999998365 1 0 0.5704697986577181 0.7676767676767676
211 0.004432899999999851 0 0 0.5704697986577181 0.7676767676767676
212 0.0040197000000001815 0 0 0.5704697986577181 0.7676767676767676
213 0.005469300000000121 1 1 0.5771812080536913 0.7710437710437711
214 0.004951499999999998 0 0 0.5771812080536913 0.7710437710437711
215 0.004427699999999923 0 0 0.5771812080536913 0.7710437710437711
216 0.004805299999999901 1 1 0.5838926174496645 0.7744107744107744
217 0.004095399999999971 0 0 0.5838926174496645 0.7744107744107744
218 0.004535900000000037 0 0 0.5838926174496645 0.7744107744107744
219 0.0039287999999999546 0 0 0.5838926174496645 0.7744107744107744
220 0.0050570999999999255 0 0 0.5838926174496645 0.7744107744107744
221 0.004903400000000113 1 2 0.5906040268456376 0.7811447811447811
222 0.004546299999999892 0 0 0.5906040268456376 0.7811447811447811
223 0.004836400000000074 0 1 0.5906040268456376 0.7845117845117845
224 0.0046576000000000395 1 0 0.5973154362416108 0.7845117845117845
225 0.005103300000000033 0 0 0.5973154362416108 0.7845117845117845
226 0.004455799999999899 0 2 0.5973154362416108 0.7912457912457912
227 0.003987299999999916 1 0 0.6040268456375839 0.7912457912457912
228 0.005637400000000126 1 0 0.610738255033557 0.7912457912457912
229 0.006733100000000158 1 0 0.6174496644295302 0.7912457912457912
230 0.005873000000000017 1 0 0.6241610738255033 0.7912457912457912
231 0.004798599999999986 1 0 0.6308724832214765 0.7912457912457912
232 0.0049296000000000895 1 0 0.6375838926174496 0.7912457912457912
233 0.0040237000000000744 0 0 0.6375838926174496 0.7912457912457912
234 0.0066646000000001315 0 0 0.6375838926174496 0.7912457912457912
235 0.0062123000000000594 0 0 0.6375838926174496 0.7912457912457912
236 0.005449999999999955 1 0 0.6442953020134228 0.7912457912457912
237 0.004619499999999999 0 0 0.6442953020134228 0.7912457912457912
238 0.004940999999999862 1 3 0.6510067114093959 0.8013468013468014
239 0.004445500000000102 0 1 0.6510067114093959 0.8047138047138047
240 0.0050732 0 0 0.6510067114093959 0.8047138047138047
241 0.004261099999999907 0 0 0.6510067114093959 0.8047138047138047
242 0.004064099999999904 0 0 0.6510067114093959 0.8047138047138047
243 0.006472999999999951 1 0 0.6577181208053692 0.8047138047138047
244 0.005329600000000045 0 1 0.6577181208053692 0.8080808080808081
245 0.004986099999999993 0 1 0.6577181208053692 0.8114478114478114
246 0.004991399999999979 0 0 0.6577181208053692 0.8114478114478114
247 0.0047287999999998664 1 1 0.6644295302013423 0.8148148148148148
248 0.00406989999999996 1 1 0.6711409395973155 0.8181818181818182
249 0.005981500000000084 0 0 0.6711409395973155 0.8181818181818182
250 0.006559200000000098 1 0 0.6778523489932886 0.8181818181818182
251 0.00528290000000009 0 1 0.6778523489932886 0.8215488215488216
252 0.0052298999999997875 0 0 0.6778523489932886 0.8215488215488216
253 0.0051906999999999925 1 1 0.6845637583892618 0.8249158249158249
254 0.004517700000000069 0 0 0.6845637583892618 0.8249158249158249
255 0.005765599999999926 1 1 0.6912751677852349 0.8282828282828283
256 0.005702799999999897 1 1 0.697986577181208 0.8316498316498316
257 0.005545399999999923 1 2 0.7046979865771812 0.8383838383838383
258 0.005615799999999949 0 1 0.7046979865771812 0.8417508417508418
259 0.006008999999999931 1 0 0.7114093959731543 0.8417508417508418
260 0.004865499999999967 1 1 0.7181208053691275 0.8451178451178452
261 0.005569299999999888 1 0 0.7248322147651006 0.8451178451178452
262 0.004542599999999952 0 1 0.7248322147651006 0.8484848484848485
263 0.005544900000000075 1 1 0.7315436241610739 0.8518518518518519
264 0.004541200000000023 1 1 0.738255033557047 0.8552188552188552
265 0.00520290000000001 1 1 0.7449664429530202 0.8585858585858586
266 0.004424100000000042 0 0 0.7449664429530202 0.8585858585858586
267 0.00536559999999997 1 0 0.7516778523489933 0.8585858585858586
268 0.005162099999999947 1 2 0.7583892617449665 0.8653198653198653
269 0.004382100000000166 0 0 0.7583892617449665 0.8653198653198653
270 0.006809800000000088 0 0 0.7583892617449665 0.8653198653198653
271 0.00610429999999984 0 0 0.7583892617449665 0.8653198653198653
272 0.006596400000000058 0 1 0.7583892617449665 0.8686868686868687
273 0.0073174000000000294 1 0 0.7651006711409396 0.8686868686868687
274 0.004359900000000083 0 0 0.7651006711409396 0.8686868686868687
275 0.005387699999999995 0 1 0.7651006711409396 0.8720538720538721
276 0.004373399999999972 0 0 0.7651006711409396 0.8720538720538721
277 0.004399700000000006 0 0 0.7651006711409396 0.8720538720538721
278 0.005228600000000139 0 0 0.7651006711409396 0.8720538720538721
279 0.005115099999999817 0 0 0.7651006711409396 0.8720538720538721
280 0.005062500000000192 0 2 0.7651006711409396 0.8787878787878788
281 0.004662799999999967 0 0 0.7651006711409396 0.8787878787878788
282 0.005067900000000014 0 1 0.7651006711409396 0.8821548821548821
283 0.004688499999999873 1 0 0.7718120805369127 0.8821548821548821
284 0.005454100000000128 1 0 0.7785234899328859 0.8821548821548821
285 0.0046399999999999775 0 0 0.7785234899328859 0.8821548821548821
286 0.0049258999999999276 0 0 0.7785234899328859 0.8821548821548821
287 0.005015699999999956 0 0 0.7785234899328859 0.8821548821548821
288 0.005425500000000083 1 1 0.785234899328859 0.8855218855218855
289 0.004836700000000027 0 1 0.785234899328859 0.8888888888888888
290 0.005282999999999927 1 0 0.7919463087248322 0.8888888888888888
291 0.0050010999999998695 1 0 0.7986577181208053 0.8888888888888888
292 0.004510900000000095 1 1 0.8053691275167785 0.8922558922558923
293 0.005914500000000045 0 0 0.8053691275167785 0.8922558922558923
294 0.0067501999999999285 0 1 0.8053691275167785 0.8956228956228957
295 0.004958299999999971 0 0 0.8053691275167785 0.8956228956228957
296 0.005212999999999912 0 0 0.8053691275167785 0.8956228956228957
297 0.004877999999999938 0 0 0.8053691275167785 0.8956228956228957
298 0.005082800000000054 1 0 0.8120805369127517 0.8956228956228957
299 0.005241400000000063 1 0 0.8187919463087249 0.8956228956228957
300 0.004821799999999987 0 0 0.8187919463087249 0.8956228956228957
301 0.005479999999999929 1 0 0.825503355704698 0.8956228956228957
302 0.006376000000000159 1 2 0.8322147651006712 0.9023569023569024
303 0.005047899999999883 0 0 0.8322147651006712 0.9023569023569024
304 0.004759799999999981 1 0 0.8389261744966443 0.9023569023569024
305 0.005488200000000054 1 0 0.8456375838926175 0.9023569023569024
306 0.008914100000000147 1 1 0.8523489932885906 0.9057239057239057
307 0.005809500000000023 0 0 0.8523489932885906 0.9057239057239057
308 0.005307400000000184 1 1 0.8590604026845637 0.9090909090909091
309 0.005398200000000131 0 0 0.8590604026845637 0.9090909090909091
310 0.005462799999999879 1 0 0.8657718120805369 0.9090909090909091
311 0.005837700000000057 0 2 0.8657718120805369 0.9158249158249159
312 0.0049951999999999774 0 2 0.8657718120805369 0.9225589225589226
313 0.005959200000000164 0 0 0.8657718120805369 0.9225589225589226
314 0.004450500000000135 1 0 0.87248322147651 0.9225589225589226
315 0.0051296000000000674 0 0 0.87248322147651 0.9225589225589226
316 0.00576080000000001 0 1 0.87248322147651 0.9259259259259259
317 0.0061885999999999886 1 1 0.8791946308724832 0.9292929292929293
318 0.005064300000000133 0 0 0.8791946308724832 0.9292929292929293
319 0.005446200000000179 1 0 0.8859060402684564 0.9292929292929293
320 0.004590799999999895 0 0 0.8859060402684564 0.9292929292929293
321 0.006116700000000197 0 0 0.8859060402684564 0.9292929292929293
322 0.005242900000000272 0 0 0.8859060402684564 0.9292929292929293
323 0.005359600000000242 0 1 0.8859060402684564 0.9326599326599326
324 0.0056323000000002565 1 2 0.8926174496644296 0.9393939393939394
325 0.005716699999999797 1 0 0.8993288590604027 0.9393939393939394
326 0.005030499999999716 1 1 0.9060402684563759 0.9427609427609428
327 0.005672200000000238 1 1 0.912751677852349 0.9461279461279462
328 0.004763099999999909 0 0 0.912751677852349 0.9461279461279462
329 0.0056445999999996666 1 1 0.9194630872483222 0.9494949494949495
330 0.005345600000000061 0 0 0.9194630872483222 0.9494949494949495
331 0.006180899999999934 0 0 0.9194630872483222 0.9494949494949495
332 0.004652699999999843 0 0 0.9194630872483222 0.9494949494949495
333 0.0055523000000001765 1 0 0.9261744966442953 0.9494949494949495
334 0.0050080000000001235 1 0 0.9328859060402684 0.9494949494949495
335 0.006125799999999959 0 2 0.9328859060402684 0.9562289562289562
336 0.004744099999999918 0 0 0.9328859060402684 0.9562289562289562
337 0.005562899999999704 1 0 0.9395973154362416 0.9562289562289562
338 0.006988200000000333 0 1 0.9395973154362416 0.9595959595959596
339 0.005462200000000195 1 0 0.9463087248322147 0.9595959595959596
340 0.004748599999999659 1 0 0.9530201342281879 0.9595959595959596
341 0.005798299999999923 0 1 0.9530201342281879 0.9629629629629629
342 0.005031199999999902 1 0 0.959731543624161 0.9629629629629629
343 0.004837399999999992 0 1 0.959731543624161 0.9663299663299664
344 0.004573499999999786 1 0 0.9664429530201343 0.9663299663299664
345 0.005584599999999718 1 0 0.9731543624161074 0.9663299663299664
346 0.005127800000000349 0 1 0.9731543624161074 0.9696969696969697
347 0.005654100000000106 1 1 0.9798657718120806 0.9730639730639731
348 0.0051520000000002675 1 0 0.9865771812080537 0.9730639730639731
349 0.006867199999999851 0 1 0.9865771812080537 0.9764309764309764
350 0.005080699999999716 1 0 0.9932885906040269 0.9764309764309764
351 0.006104999999999805 0 1 0.9932885906040269 0.9797979797979798
352 0.004896899999999871 0 0 0.9932885906040269 0.9797979797979798
353 0.005777199999999816 1 1 1.0 0.9831649831649831
354 0.005560000000000009 0 0 1.0 0.9831649831649831
355 0.006198600000000276 0 2 1.0 0.98989898989899
356 0.0048816000000000415 0 0 1.0 0.98989898989899
357 0.005577599999999627 0 0 1.0 0.98989898989899
358 0.005405299999999613 0 0 1.0 0.98989898989899
359 0.006317899999999987 0 0 1.0 0.98989898989899
360 0.0049560000000004045 0 1 1.0 0.9932659932659933
361 0.005687400000000231 0 1 1.0 0.9966329966329966
362 0.004723900000000114 0 1 1.0 1.0
