150 1.0 0.4
1 0.003015600000000007 1 0 0.006711409395973154 0.5016835016835017
2 0.003158800000000017 1 1 0.013422818791946308 0.5050505050505051
3 0.0030981999999999954 1 0 0.020134228187919462 0.5050505050505051
4 0.0030505000000000115 1 0 0.026845637583892617 0.5050505050505051
5 0.0029197999999999724 1 1 0.03355704697986577 0.5084175084175084
6 0.002914899999999998 1 0 0.040268456375838924 0.5084175084175084
7 0.0030446999999999558 1 2 0.04697986577181208 0.5151515151515151
8 0.003033000000000008 1 1 0.053691275167785234 0.5185185185185185
9 0.0033250000000000224 1 1 0.06040268456375839 0.5218855218855218
10 0.003157999999999994 1 0 0.06711409395973154 0.5218855218855218
11 0.0030221000000000275 1 1 0.0738255033557047 0.5252525252525253
12 0.0031729999999999814 1 2 0.08053691275167785 0.531986531986532
13 0.0031214999999999993 1 1 0.087248322147651 0.5353535353535354
14 0.0032144999999999535 1 1 0.09395973154362416 0.5387205387205387
15 0.0030919000000000363 1 0 0.10067114093959731 0.5387205387205387
16 0.0032029000000000085 1 1 0.10738255033557047 0.5420875420875421
17 0.003519799999999962 1 0 0.11409395973154363 0.5420875420875421
18 0.003132099999999971 1 2 0.12080536912751678 0.5488215488215489
19 0.003224199999999955 1 3 0.12751677852348994 0.5589225589225589
20 0.0031930000000000014 1 1 0.1342281879194631 0.5622895622895623
21 0.0032734999999999848 1 2 0.14093959731543623 0.569023569023569
22 0.0032109000000000165 1 1 0.1476510067114094 0.5723905723905723
23 0.0032286999999999733 1 0 0.15436241610738255 0.5723905723905723
24 0.0031947999999999976 1 1 0.1610738255033557 0.5757575757575758
25 0.0048052000000000095 1 0 0.16778523489932887 0.5757575757575758
26 0.004697000000000007 1 0 0.174496644295302 0.5757575757575758
27 0.0046376000000000195 1 3 0.18120805369127516 0.5858585858585859
28 0.003266099999999994 1 1 0.18791946308724833 0.5892255892255892
29 0.0032821999999999574 1 1 0.19463087248322147 0.5925925925925926
30 0.0033709999999999574 1 1 0.20134228187919462 0.5959595959595959
31 0.0033718999999999832 1 0 0.2080536912751678 0.5959595959595959
32 0.0032709999999999684 1 0 0.21476510067114093 0.5959595959595959
33 0.003319300000000025 1 1 0.2214765100671141 0.5993265993265994
34 0.0033141999999999894 1 2 0.22818791946308725 0.6060606060606061
35 0.0033687000000000022 1 1 0.2348993288590604 0.6094276094276094
36 0.0034214999999999662 1 1 0.24161073825503357 0.6127946127946128
37 0.0036032000000000286 1 3 0.2483221476510067 0.622895622895623
38 0.0033968999999999805 1 0 0.2550335570469799 0.622895622895623
39 0.0035169999999999924 1 2 0.26174496644295303 0.6296296296296297
40 0.003685299999999947 1 0 0.2684563758389262 0.6296296296296297
41 0.003818199999999994 1 2 0.2751677852348993 0.6363636363636364
42 0.0034525999999999724 1 0 0.28187919463087246 0.6363636363636364
43 0.0035207000000000432 1 0 0.28859060402684567 0.6363636363636364
44 0.0034876999999999825 1 1 0.2953020134228188 0.6397306397306397
45 0.003511299999999995 1 0 0.30201342281879195 0.6397306397306397
46 0.0035419000000000422 1 1 0.3087248322147651 0.6430976430976431
47 0.0034853000000000245 1 1 0.31543624161073824 0.6464646464646465
48 0.0036275000000000057 1 0 0.3221476510067114 0.6464646464646465
49 0.003938499999999956 1 3 0.3288590604026846 0.6565656565656566
50 0.0037076999999999805 1 3 0.33557046979865773 0.6666666666666666
51 0.003680400000000028 1 0 0.3422818791946309 0.6666666666666666
52 0.004033700000000029 1 1 0.348993288590604 0.67003367003367
53 0.003758499999999998 1 1 0.35570469798657717 0.6734006734006734
54 0.004064300000000021 1 1 0.3624161073825503 0.6767676767676768
55 0.0037570000000000103 1 1 0.3691275167785235 0.6801346801346801
56 0.0037213000000000385 1 1 0.37583892617449666 0.6835016835016835
57 0.0037131000000000247 1 0 0.3825503355704698 0.6835016835016835
58 0.003788699999999978 1 2 0.38926174496644295 0.6902356902356902
59 0.0038042000000000353 1 2 0.3959731543624161 0.696969696969697
60 0.004119600000000001 1 1 0.40268456375838924 0.7003367003367004
61 0.0042791999999999275 1 0 0.40939597315436244 0.7003367003367004
62 0.004242599999999985 1 1 0.4161073825503356 0.7037037037037037
63 0.0038629000000000024 1 2 0.4228187919463087 0.7104377104377104
64 0.004214999999999969 1 0 0.42953020134228187 0.7104377104377104
65 0.003803900000000082 1 0 0.436241610738255 0.7104377104377104
66 0.0038919999999998955 1 1 0.4429530201342282 0.7138047138047138
67 0.004206800000000066 1 1 0.44966442953020136 0.7171717171717171
68 0.007917899999999922 1 1 0.4563758389261745 0.7205387205387206
69 0.004116299999999962 1 1 0.46308724832214765 0.7239057239057239
70 0.004076700000000044 1 0 0.4697986577181208 0.7239057239057239
71 0.004203300000000021 1 0 0.47651006711409394 0.7239057239057239
72 0.004360699999999995 1 1 0.48322147651006714 0.7272727272727273
73 0.0040416000000000896 1 4 0.4899328859060403 0.7407407407407407
74 0.004542900000000016 1 0 0.4966442953020134 0.7407407407407407
75 0.004797999999999969 1 2 0.5033557046979866 0.7474747474747475
76 0.00427769999999994 1 2 0.5100671140939598 0.7542087542087542
77 0.00430750000000002 1 0 0.5167785234899329 0.7542087542087542
78 0.004561499999999996 1 2 0.5234899328859061 0.7609427609427609
79 0.004183399999999948 1 1 0.5302013422818792 0.7643097643097643
80 0.004290899999999986 1 1 0.5369127516778524 0.7676767676767676
81 0.004572899999999991 1 0 0.5436241610738255 0.7676767676767676
82 0.0041567999999999605 1 1 0.5503355704697986 0.7710437710437711
83 0.004308899999999949 1 0 0.5570469798657718 0.7710437710437711
84 0.004640099999999925 1 1 0.5637583892617449 0.7744107744107744
85 0.004274499999999959 1 0 0.5704697986577181 0.7744107744107744
86 0.004587699999999972 1 2 0.5771812080536913 0.7811447811447811
87 0.00440229999999997 1 1 0.5838926174496645 0.7845117845117845
88 0.0042600000000000415 1 1 0.5906040268456376 0.7878787878787878
89 0.00445810000000002 1 1 0.5973154362416108 0.7912457912457912
90 0.004589900000000036 1 0 0.6040268456375839 0.7912457912457912
91 0.004782799999999976 1 2 0.610738255033557 0.797979797979798
92 0.004462799999999989 1 1 0.6174496644295302 0.8013468013468014
93 0.004575299999999949 1 1 0.6241610738255033 0.8047138047138047
94 0.004786999999999986 1 1 0.6308724832214765 0.8080808080808081
95 0.004804099999999978 1 3 0.6375838926174496 0.8181818181818182
96 0.004579900000000081 1 0 0.6442953020134228 0.8181818181818182
97 0.0044311999999999685 1 2 0.6510067114093959 0.8249158249158249
98 0.004821399999999976 1 0 0.6577181208053692 0.8249158249158249
99 0.004335800000000001 1 1 0.6644295302013423 0.8282828282828283
100 0.004370500000000055 1 2 0.6711409395973155 0.835016835016835
101 0.004447700000000054 1 0 0.6778523489932886 0.835016835016835
102 0.00456499999999993 1 0 0.6845637583892618 0.835016835016835
103 0.004451800000000006 1 1 0.6912751677852349 0.8383838383838383
104 0.004427099999999906 1 3 0.697986577181208 0.8484848484848485
105 0.004696699999999998 1 0 0.7046979865771812 0.8484848484848485
106 0.004626300000000083 1 1 0.7114093959731543 0.8518518518518519
107 0.004504199999999958 1 0 0.7181208053691275 0.8518518518518519
108 0.005103300000000033 1 1 0.7248322147651006 0.8552188552188552
109 0.00479750000000001 1 1 0.7315436241610739 0.8585858585858586
110 0.004627000000000048 1 2 0.738255033557047 0.8653198653198653
111 0.004948300000000017 1 0 0.7449664429530202 0.8653198653198653
112 0.00446740000000001 1 1 0.7516778523489933 0.8686868686868687
113 0.0045991999999999145 1 1 0.7583892617449665 0.8720538720538721
114 0.004602200000000001 1 1 0.7651006711409396 0.8754208754208754
115 0.004516399999999976 1 1 0.7718120805369127 0.8787878787878788
116 0.004701100000000014 1 3 0.7785234899328859 0.8888888888888888
117 0.004715400000000036 1 1 0.785234899328859 0.8922558922558923
118 0.004683699999999957 1 0 0.7919463087248322 0.8922558922558923
119 0.004793099999999995 1 2 0.7986577181208053 0.898989898989899
120 0.004663499999999932 1 0 0.8053691275167785 0.898989898989899
121 0.004697300000000015 1 0 0.8120805369127517 0.898989898989899
122 0.004624899999999932 1 1 0.8187919463087249 0.9023569023569024
123 0.0052307000000000325 1 1 0.825503355704698 0.9057239057239057
124 0.0047664000000000595 1 1 0.8322147651006712 0.9090909090909091
125 0.004939000000000027 1 2 0.8389261744966443 0.9158249158249159
126 0.004881000000000024 1 1 0.8456375838926175 0.9191919191919192
127 0.004879100000000025 1 2 0.8523489932885906 0.9259259259259259
128 0.0048375999999999975 1 0 0.8590604026845637 0.9259259259259259
129 0.005161300000000035 1 0 0.8657718120805369 0.9259259259259259
130 0.005354100000000028 1 1 0.87248322147651 0.9292929292929293
131 0.0048068 1 1 0.8791946308724832 0.9326599326599326
132 0.005015800000000015 1 1 0.8859060402684564 0.936026936026936
133 0.005286900000000094 1 1 0.8926174496644296 0.9393939393939394
134 0.005279900000000004 1 1 0.8993288590604027 0.9427609427609428
135 0.005471200000000009 1 1 0.9060402684563759 0.9461279461279462
136 0.005483899999999986 1 1 0.912751677852349 0.9494949494949495
137 0.004983900000000041 1 1 0.9194630872483222 0.9528619528619529
138 0.005236899999999989 1 0 0.9261744966442953 0.9528619528619529
139 0.005130799999999991 1 1 0.9328859060402684 0.9562289562289562
140 0.00570180000000009 1 2 0.9395973154362416 0.9629629629629629
141 0.005239400000000005 1 1 0.9463087248322147 0.9663299663299664
142 0.00574779999999997 1 1 0.9530201342281879 0.9696969696969697
143 0.00517410000000007 1 1 0.959731543624161 0.9730639730639731
144 0.005134000000000083 1 1 0.9664429530201343 0.9764309764309764
145 0.005500100000000008 1 1 0.9731543624161074 0.9797979797979798
146 0.005617500000000053 1 1 0.9798657718120806 0.9831649831649831
147 0.005440200000000006 1 2 0.9865771812080537 0.98989898989899
148 0.005263800000000041 1 1 0.9932885906040269 0.9932659932659933
149 0.00525169999999997 1 2 1.0 1.0
