180 0.3 0.7
1 0.003957099999999991 1 0 0.00558659217877095 0.5014005602240896
2 0.003576799999999991 0 0 0.00558659217877095 0.5014005602240896
3 0.003998500000000016 1 1 0.0111731843575419 0.5042016806722689
4 0.003983800000000037 0 0 0.0111731843575419 0.5042016806722689
5 0.003985699999999981 0 0 0.0111731843575419 0.5042016806722689
6 0.003769399999999923 0 0 0.0111731843575419 0.5042016806722689
7 0.00375979999999998 1 1 0.01675977653631285 0.5070028011204482
8 0.003751300000000013 0 0 0.01675977653631285 0.5070028011204482
9 0.01779660000000005 0 0 0.01675977653631285 0.5070028011204482
10 0.008778699999999917 1 1 0.0223463687150838 0.5098039215686274
11 0.0074832999999999705 0 0 0.0223463687150838 0.5098039215686274
12 0.007546400000000064 0 0 0.0223463687150838 0.5098039215686274
13 0.0058746999999998994 0 0 0.0223463687150838 0.5098039215686274
14 0.004893799999999948 0 0 0.0223463687150838 0.5098039215686274
15 0.004345500000000002 0 0 0.0223463687150838 0.5098039215686274
16 0.004133100000000001 0 0 0.0223463687150838 0.5098039215686274
17 0.0036864000000000896 1 1 0.027932960893854747 0.5126050420168067
18 0.003690199999999977 0 0 0.027932960893854747 0.5126050420168067
19 0.003638299999999983 1 1 0.0335195530726257 0.5154061624649859
20 0.003967400000000065 1 0 0.03910614525139665 0.5154061624649859
21 0.0036026000000000113 0 0 0.03910614525139665 0.5154061624649859
22 0.0036433999999999633 1 1 0.0446927374301676 0.5182072829131653
23 0.003751899999999919 0 0 0.0446927374301676 0.5182072829131653
24 0.0037803000000000697 0 0 0.0446927374301676 0.5182072829131653
25 0.0035946999999999507 0 0 0.0446927374301676 0.5182072829131653
26 0.003615300000000099 0 0 0.0446927374301676 0.5182072829131653
27 0.00366119999999992 0 0 0.0446927374301676 0.5182072829131653
28 0.003691 0 0 0.0446927374301676 0.5182072829131653
29 0.0036690999999999807 0 1 0.0446927374301676 0.5210084033613446
30 0.004035099999999958 0 0 0.0446927374301676 0.5210084033613446
31 0.003623299999999996 0 0 0.0446927374301676 0.5210084033613446
32 0.003695800000000027 0 0 0.0446927374301676 0.5210084033613446
33 0.003667599999999993 1 0 0.05027932960893855 0.5210084033613446
34 0.0037114999999999787 0 0 0.05027932960893855 0.5210084033613446
35 0.0047007999999999495 0 0 0.05027932960893855 0.5210084033613446
36 0.005550100000000002 0 1 0.05027932960893855 0.5238095238095238
37 0.005274599999999907 1 1 0.055865921787709494 0.5266106442577031
38 0.005417799999999917 0 0 0.055865921787709494 0.5266106442577031
39 0.005332400000000015 0 0 0.055865921787709494 0.5266106442577031
40 0.0053145 0 0 0.055865921787709494 0.5266106442577031
41 0.005332600000000021 0 0 0.055865921787709494 0.5266106442577031
42 0.005234900000000042 1 1 0.061452513966480445 0.5294117647058824
43 0.003915499999999961 0 0 0.061452513966480445 0.5294117647058824
44 0.0037555000000000227 1 1 0.0670391061452514 0.5322128851540616
45 0.003914199999999979 1 0 0.07262569832402235 0.5322128851540616
46 0.003707799999999928 0 0 0.07262569832402235 0.5322128851540616
47 0.00371189999999999 1 2 0.0782122905027933 0.5378151260504201
48 0.0037802000000000113 0 0 0.0782122905027933 0.5378151260504201
49 0.0037072000000000216 0 0 0.0782122905027933 0.5378151260504201
50 0.003739800000000071 0 0 0.0782122905027933 0.5378151260504201
51 0.003860900000000056 0 0 0.0782122905027933 0.5378151260504201
52 0.003764600000000007 0 0 0.0782122905027933 0.5378151260504201
53 0.003781499999999993 0 0 0.0782122905027933 0.5378151260504201
54 0.003726000000000007 0 0 0.0782122905027933 0.5378151260504201
55 0.004002700000000026 0 0 0.0782122905027933 0.5378151260504201
56 0.003939399999999926 1 1 0.08379888268156424 0.5406162464985994
57 0.0039079999999999115 1 1 0.0893854748603352 0.5434173669467787
58 0.0038979000000000097 0 0 0.0893854748603352 0.5434173669467787
59 0.004030199999999984 0 0 0.0893854748603352 0.5434173669467787
60 0.004058800000000029 1 1 0.09497206703910614 0.5462184873949579
61 0.00421870000000002 1 1 0.1005586592178771 0.5490196078431373
62 0.004110099999999894 1 1 0.10614525139664804 0.5518207282913166
63 0.003901399999999944 0 0 0.10614525139664804 0.5518207282913166
64 0.003778499999999907 0 0 0.10614525139664804 0.5518207282913166
65 0.0037682999999999467 0 0 0.10614525139664804 0.5518207282913166
66 0.004182299999999861 0 0 0.10614525139664804 0.5518207282913166
67 0.0037568000000001156 0 0 0.10614525139664804 0.5518207282913166
68 0.0037503000000000952 0 0 0.10614525139664804 0.5518207282913166
69 0.0037906999999999247 0 0 0.10614525139664804 0.5518207282913166
70 0.003777699999999884 0 0 0.10614525139664804 0.5518207282913166
71 0.004019800000000018 1 0 0.11173184357541899 0.5518207282913166
72 0.003807899999999975 1 1 0.11731843575418995 0.5546218487394958
73 0.00386249999999988 0 1 0.11731843575418995 0.5574229691876751
74 0.0038629000000001135 0 0 0.11731843575418995 0.5574229691876751
75 0.003786999999999985 1 1 0.12290502793296089 0.5602240896358543
76 0.0037618999999999847 0 0 0.12290502793296089 0.5602240896358543
77 0.003907800000000128 0 0 0.12290502793296089 0.5602240896358543
78 0.003768400000000005 0 0 0.12290502793296089 0.5602240896358543
79 0.0039605000000000334 0 0 0.12290502793296089 0.5602240896358543
80 0.003812399999999938 0 0 0.12290502793296089 0.5602240896358543
81 0.0038092999999999044 1 1 0.12849162011173185 0.5630252100840336
82 0.003839600000000054 0 0 0.12849162011173185 0.5630252100840336
83 0.003778999999999977 0 0 0.12849162011173185 0.5630252100840336
84 0.003907300000000058 0 0 0.12849162011173185 0.5630252100840336
85 0.003843099999999877 1 1 0.1340782122905028 0.5658263305322129
86 0.0038004999999998734 1 1 0.13966480446927373 0.5686274509803921
87 0.004010300000000022 0 0 0.13966480446927373 0.5686274509803921
88 0.003885499999999986 0 0 0.13966480446927373 0.5686274509803921
89 0.0037865999999999733 0 0 0.13966480446927373 0.5686274509803921
90 0.003803800000000024 0 0 0.13966480446927373 0.5686274509803921
91 0.0038276999999999894 0 0 0.13966480446927373 0.5686274509803921
92 0.003923099999999957 0 0 0.13966480446927373 0.5686274509803921
93 0.003809199999999846 0 0 0.13966480446927373 0.5686274509803921
94 0.004314099999999987 1 0 0.1452513966480447 0.5686274509803921
95 0.0038282000000000593 1 1 0.15083798882681565 0.5714285714285714
96 0.0040295999999999665 0 1 0.15083798882681565 0.5742296918767507
97 0.004041500000000031 1 1 0.1564245810055866 0.5770308123249299
98 0.0038268999999999664 0 0 0.1564245810055866 0.5770308123249299
99 0.003800899999999885 0 0 0.1564245810055866 0.5770308123249299
100 0.003844600000000087 0 0 0.1564245810055866 0.5770308123249299
101 0.0038632000000000666 1 1 0.16201117318435754 0.5798319327731093
102 0.003804699999999883 0 0 0.16201117318435754 0.5798319327731093
103 0.004103400000000201 0 0 0.16201117318435754 0.5798319327731093
104 0.003824599999999956 0 0 0.16201117318435754 0.5798319327731093
105 0.003859899999999916 0 0 0.16201117318435754 0.5798319327731093
106 0.0038327999999998585 0 0 0.16201117318435754 0.5798319327731093
107 0.003880400000000117 0 0 0.16201117318435754 0.5798319327731093
108 0.0038688000000000056 0 0 0.16201117318435754 0.5798319327731093
109 0.004089500000000079 1 0 0.16759776536312848 0.5798319327731093
110 0.003925399999999968 0 0 0.16759776536312848 0.5798319327731093
111 0.003923100000000179 0 0 0.16759776536312848 0.5798319327731093
112 0.003880899999999965 0 1 0.16759776536312848 0.5826330532212886
113 0.005520100000000028 0 0 0.16759776536312848 0.5826330532212886
114 0.004059699999999999 0 0 0.16759776536312848 0.5826330532212886
115 0.003838200000000125 0 0 0.16759776536312848 0.5826330532212886
116 0.003905199999999942 1 0 0.17318435754189945 0.5826330532212886
117 0.005708200000000163 0 0 0.17318435754189945 0.5826330532212886
118 0.004446200000000067 0 0 0.17318435754189945 0.5826330532212886
119 0.004763800000000096 1 0 0.1787709497206704 0.5826330532212886
120 0.003934499999999952 1 1 0.18435754189944134 0.5854341736694678
121 0.004013800000000067 0 0 0.18435754189944134 0.5854341736694678
122 0.003947499999999993 1 1 0.18994413407821228 0.5882352941176471
123 0.003992999999999913 1 1 0.19553072625698323 0.5910364145658263
124 0.004169499999999937 0 0 0.19553072625698323 0.5910364145658263
125 0.007836000000000176 0 1 0.19553072625698323 0.5938375350140056
126 0.004225499999999993 0 0 0.19553072625698323 0.5938375350140056
127 0.004031099999999954 0 0 0.19553072625698323 0.5938375350140056
128 0.003948599999999969 1 1 0.2011173184357542 0.5966386554621849
129 0.005746000000000029 0 0 0.2011173184357542 0.5966386554621849
130 0.00542419999999999 0 0 0.2011173184357542 0.5966386554621849
131 0.004003099999999815 1 1 0.20670391061452514 0.5994397759103641
132 0.004061899999999952 0 0 0.20670391061452514 0.5994397759103641
133 0.003952600000000084 0 0 0.20670391061452514 0.5994397759103641
134 0.004167400000000043 0 1 0.20670391061452514 0.6022408963585434
135 0.004031600000000024 1 0 0.2122905027932961 0.6022408963585434
136 0.003940100000000113 0 0 0.2122905027932961 0.6022408963585434
137 0.003968299999999925 0 0 0.2122905027932961 0.6022408963585434
138 0.003876699999999955 0 0 0.2122905027932961 0.6022408963585434
139 0.0039919999999999956 0 0 0.2122905027932961 0.6022408963585434
140 0.004193499999999961 0 1 0.2122905027932961 0.6050420168067226
141 0.004433400000000143 0 0 0.2122905027932961 0.6050420168067226
142 0.0039951999999998655 0 0 0.2122905027932961 0.6050420168067226
143 0.004123500000000169 0 0 0.2122905027932961 0.6050420168067226
144 0.003969099999999948 0 0 0.2122905027932961 0.6050420168067226
145 0.003958200000000023 1 0 0.21787709497206703 0.6050420168067226
146 0.003981500000000082 0 1 0.21787709497206703 0.6078431372549019
147 0.004089200000000126 0 0 0.21787709497206703 0.6078431372549019
148 0.0040119999999999045 1 1 0.22346368715083798 0.6106442577030813
149 0.003985400000000139 0 0 0.22346368715083798 0.6106442577030813
150 0.004165999999999892 0 0 0.22346368715083798 0.6106442577030813
151 0.004129199999999944 0 0 0.22346368715083798 0.6106442577030813
152 0.004259500000000083 0 0 0.22346368715083798 0.6106442577030813
153 0.003945199999999982 0 0 0.22346368715083798 0.6106442577030813
154 0.0041400000000000325 0 0 0.22346368715083798 0.6106442577030813
155 0.004072200000000192 0 0 0.22346368715083798 0.6106442577030813
156 0.004095100000000018 0 0 0.22346368715083798 0.6106442577030813
157 0.004311699999999918 0 0 0.22346368715083798 0.6106442577030813
158 0.003895599999999888 0 0 0.22346368715083798 0.6106442577030813
159 0.005888000000000115 1 1 0.22905027932960895 0.6134453781512605
160 0.0058060000000002 0 0 0.22905027932960895 0.6134453781512605
161 0.005743999999999971 0 0 0.22905027932960895 0.6134453781512605
162 0.005624000000000073 0 0 0.22905027932960895 0.6134453781512605
163 0.004225000000000145 0 0 0.22905027932960895 0.6134453781512605
164 0.004060100000000011 0 0 0.22905027932960895 0.6134453781512605
165 0.004208599999999896 1 1 0.2346368715083799 0.6162464985994398
166 0.0040168000000000426 1 1 0.24022346368715083 0.6190476190476191
167 0.003992299999999949 1 0 0.24581005586592178 0.6190476190476191
168 0.004107399999999872 0 1 0.24581005586592178 0.6218487394957983
169 0.005769499999999983 1 0 0.25139664804469275 0.6218487394957983
170 0.0058843000000001755 0 0 0.25139664804469275 0.6218487394957983
171 0.005913499999999905 1 2 0.2569832402234637 0.6274509803921569
172 0.004078699999999991 0 0 0.2569832402234637 0.6274509803921569
173 0.00413079999999999 1 1 0.26256983240223464 0.6302521008403361
174 0.0040637000000001144 1 1 0.2681564245810056 0.6330532212885154
175 0.004138600000000103 0 0 0.2681564245810056 0.6330532212885154
176 0.004074300000000086 0 0 0.2681564245810056 0.6330532212885154
177 0.004067400000000054 1 1 0.2737430167597765 0.6358543417366946
178 0.004112999999999811 0 0 0.2737430167597765 0.6358543417366946
179 0.004068100000000019 0 0 0.2737430167597765 0.6358543417366946
180 0.0041687999999999725 1 1 0.27932960893854747 0.6386554621848739
181 0.004266300000000056 0 0 0.27932960893854747 0.6386554621848739
182 0.004124300000000192 0 0 0.27932960893854747 0.6386554621848739
183 0.0040640000000000676 0 0 0.27932960893854747 0.6386554621848739
184 0.00409079999999995 0 0 0.27932960893854747 0.6386554621848739
185 0.004198900000000005 0 0 0.27932960893854747 0.6386554621848739
186 0.004593199999999964 0 0 0.27932960893854747 0.6386554621848739
187 0.004240699999999986 1 1 0.2849162011173184 0.6414565826330533
188 0.0043126 0 0 0.2849162011173184 0.6414565826330533
189 0.004049299999999922 1 1 0.2905027932960894 0.6442577030812325
190 0.004107500000000153 0 0 0.2905027932960894 0.6442577030812325
191 0.004210700000000012 0 0 0.2905027932960894 0.6442577030812325
192 0.004033299999999906 0 0 0.2905027932960894 0.6442577030812325
193 0.00441619999999987 1 1 0.29608938547486036 0.6470588235294118
194 0.004295500000000008 0 0 0.29608938547486036 0.6470588235294118
195 0.004140199999999927 0 0 0.29608938547486036 0.6470588235294118
196 0.004170900000000088 0 0 0.29608938547486036 0.6470588235294118
197 0.004231600000000002 1 1 0.3016759776536313 0.6498599439775911
198 0.004289199999999882 0 0 0.3016759776536313 0.6498599439775911
199 0.004206799999999955 1 1 0.30726256983240224 0.6526610644257703
200 0.004175499999999888 1 0 0.3128491620111732 0.6526610644257703
201 0.004727400000000159 0 1 0.3128491620111732 0.6554621848739496
202 0.005924999999999958 1 0 0.31843575418994413 0.6554621848739496
203 0.006089400000000023 0 0 0.31843575418994413 0.6554621848739496
204 0.006102800000000075 1 1 0.3240223463687151 0.6582633053221288
205 0.005705399999999861 0 0 0.3240223463687151 0.6582633053221288
206 0.0059821999999998265 0 1 0.3240223463687151 0.6610644257703081
207 0.004226199999999958 0 0 0.3240223463687151 0.6610644257703081
208 0.0041736000000001106 0 0 0.3240223463687151 0.6610644257703081
209 0.004215899999999939 0 0 0.3240223463687151 0.6610644257703081
210 0.0043872000000000355 0 0 0.3240223463687151 0.6610644257703081
211 0.004227100000000039 0 0 0.3240223463687151 0.6610644257703081
212 0.004208600000000118 0 0 0.3240223463687151 0.6610644257703081
213 0.004108499999999848 0 0 0.3240223463687151 0.6610644257703081
214 0.004593099999999906 0 0 0.3240223463687151 0.6610644257703081
215 0.004296099999999914 0 0 0.3240223463687151 0.6610644257703081
216 0.0041976000000001346 0 0 0.3240223463687151 0.6610644257703081
217 0.004137799999999858 0 0 0.3240223463687151 0.6610644257703081
218 0.004459600000000119 0 0 0.3240223463687151 0.6610644257703081
219 0.004212499999999952 0 0 0.3240223463687151 0.6610644257703081
220 0.004106000000000165 0 0 0.3240223463687151 0.6610644257703081
221 0.0041271999999998865 0 0 0.3240223463687151 0.6610644257703081
222 0.0041704000000000185 1 1 0.329608938547486 0.6638655462184874
223 0.004314200000000046 0 0 0.329608938547486 0.6638655462184874
224 0.004201799999999922 1 0 0.33519553072625696 0.6638655462184874
225 0.00429400000000002 0 0 0.33519553072625696 0.6638655462184874
226 0.00460600000000011 1 1 0.3407821229050279 0.6666666666666666
227 0.0044543999999999695 1 1 0.3463687150837989 0.6694677871148459
228 0.0041735999999998885 0 0 0.3463687150837989 0.6694677871148459
229 0.006071300000000113 0 0 0.3463687150837989 0.6694677871148459
230 0.004669899999999894 0 0 0.3463687150837989 0.6694677871148459
231 0.004350899999999935 0 0 0.3463687150837989 0.6694677871148459
232 0.004202600000000167 1 1 0.35195530726256985 0.6722689075630253
233 0.004587699999999861 0 0 0.35195530726256985 0.6722689075630253
234 0.004174000000000122 0 1 0.35195530726256985 0.6750700280112045
235 0.0046903999999998724 0 0 0.35195530726256985 0.6750700280112045
236 0.00468449999999998 0 0 0.35195530726256985 0.6750700280112045
237 0.0044079999999999675 1 0 0.3575418994413408 0.6750700280112045
238 0.004186699999999988 1 2 0.36312849162011174 0.680672268907563
239 0.004239800000000127 1 1 0.3687150837988827 0.6834733893557423
240 0.004231800000000119 0 0 0.3687150837988827 0.6834733893557423
241 0.004291399999999834 0 0 0.3687150837988827 0.6834733893557423
242 0.004168399999999961 1 0 0.3743016759776536 0.6834733893557423
243 0.004224899999999865 0 0 0.3743016759776536 0.6834733893557423
244 0.0042096000000000355 0 1 0.3743016759776536 0.6862745098039216
245 0.004195600000000077 0 0 0.3743016759776536 0.6862745098039216
246 0.004237199999999941 1 1 0.37988826815642457 0.6890756302521008
247 0.004548699999999961 1 1 0.3854748603351955 0.6918767507002801
248 0.00444330000000015 0 0 0.3854748603351955 0.6918767507002801
249 0.004234999999999989 0 0 0.3854748603351955 0.6918767507002801
250 0.008306499999999994 1 0 0.39106145251396646 0.6918767507002801
251 0.004693000000000058 0 1 0.39106145251396646 0.6946778711484594
252 0.006505499999999831 0 0 0.39106145251396646 0.6946778711484594
253 0.006355700000000075 1 1 0.39664804469273746 0.6974789915966386
254 0.004505899999999841 0 0 0.39664804469273746 0.6974789915966386
255 0.0042578000000002 0 0 0.39664804469273746 0.6974789915966386
256 0.004348599999999925 1 1 0.4022346368715084 0.7002801120448179
257 0.004182799999999931 0 0 0.4022346368715084 0.7002801120448179
258 0.008019200000000115 0 0 0.4022346368715084 0.7002801120448179
259 0.004273900000000053 0 0 0.4022346368715084 0.7002801120448179
260 0.004327399999999981 0 0 0.4022346368715084 0.7002801120448179
261 0.004443699999999939 1 1 0.40782122905027934 0.7030812324929971
262 0.0042936000000000085 0 0 0.40782122905027934 0.7030812324929971
263 0.004740500000000036 0 0 0.40782122905027934 0.7030812324929971
264 0.004476499999999994 1 0 0.4134078212290503 0.7030812324929971
265 0.0046488000000000085 0 0 0.4134078212290503 0.7030812324929971
266 0.0044538999999999 0 0 0.4134078212290503 0.7030812324929971
267 0.004547000000000079 0 0 0.4134078212290503 0.7030812324929971
268 0.00451810000000008 1 1 0.41899441340782123 0.7058823529411765
269 0.004544699999999846 0 0 0.41899441340782123 0.7058823529411765
270 0.004415700000000022 0 0 0.41899441340782123 0.7058823529411765
271 0.004349099999999995 0 0 0.41899441340782123 0.7058823529411765
272 0.00457659999999982 1 1 0.4245810055865922 0.7086834733893558
273 0.004473300000000124 1 0 0.4301675977653631 0.7086834733893558
274 0.004719799999999719 0 1 0.4301675977653631 0.711484593837535
275 0.004533200000000015 0 0 0.4301675977653631 0.711484593837535
276 0.004671500000000162 1 1 0.43575418994413406 0.7142857142857143
277 0.004641200000000012 0 0 0.43575418994413406 0.7142857142857143
278 0.004814600000000002 0 0 0.43575418994413406 0.7142857142857143
279 0.004878900000000019 0 0 0.43575418994413406 0.7142857142857143
280 0.004670899999999811 0 0 0.43575418994413406 0.7142857142857143
281 0.004925700000000255 0 0 0.43575418994413406 0.7142857142857143
282 0.00461670000000014 0 0 0.43575418994413406 0.7142857142857143
283 0.004718 0 1 0.43575418994413406 0.7170868347338936
284 0.004736100000000132 0 0 0.43575418994413406 0.7170868347338936
285 0.004300399999999982 0 0 0.43575418994413406 0.7170868347338936
286 0.004500600000000077 0 0 0.43575418994413406 0.7170868347338936
287 0.00426839999999995 0 0 0.43575418994413406 0.7170868347338936
288 0.004401999999999795 0 0 0.43575418994413406 0.7170868347338936
289 0.004373300000000135 1 0 0.441340782122905 0.7170868347338936
290 0.00437019999999988 0 0 0.441340782122905 0.7170868347338936
291 0.004403500000000005 1 0 0.44692737430167595 0.7170868347338936
292 0.004372599999999949 1 2 0.45251396648044695 0.7226890756302521
293 0.00443579999999999 0 1 0.45251396648044695 0.7254901960784313
294 0.00639870000000009 0 0 0.45251396648044695 0.7254901960784313
295 0.006447599999999998 0 0 0.45251396648044695 0.7254901960784313
296 0.006188799999999883 0 0 0.45251396648044695 0.7254901960784313
297 0.006406699999999876 0 0 0.45251396648044695 0.7254901960784313
298 0.0063877999999997215 0 0 0.45251396648044695 0.7254901960784313
299 0.006381699999999935 0 0 0.45251396648044695 0.7254901960784313
300 0.006225000000000147 0 0 0.45251396648044695 0.7254901960784313
301 0.0063639000000002 0 0 0.45251396648044695 0.7254901960784313
302 0.006388700000000025 1 1 0.4581005586592179 0.7282913165266106
303 0.00644290000000014 0 0 0.4581005586592179 0.7282913165266106
304 0.006414700000000106 0 0 0.4581005586592179 0.7282913165266106
305 0.006110599999999966 0 0 0.4581005586592179 0.7282913165266106
306 0.006425000000000125 0 0 0.4581005586592179 0.7282913165266106
307 0.006374399999999891 0 0 0.4581005586592179 0.7282913165266106
308 0.006382100000000168 0 0 0.4581005586592179 0.7282913165266106
309 0.0061555000000002025 0 0 0.4581005586592179 0.7282913165266106
310 0.006408500000000039 0 0 0.4581005586592179 0.7282913165266106
311 0.006473000000000173 1 1 0.46368715083798884 0.7310924369747899
312 0.006486699999999956 1 1 0.4692737430167598 0.7338935574229691
313 0.006104899999999969 1 0 0.4748603351955307 0.7338935574229691
314 0.006324900000000078 1 2 0.48044692737430167 0.7394957983193278
315 0.006252799999999947 0 0 0.48044692737430167 0.7394957983193278
316 0.004617899999999953 0 0 0.48044692737430167 0.7394957983193278
317 0.004719399999999929 0 0 0.48044692737430167 0.7394957983193278
318 0.004988700000000179 0 0 0.48044692737430167 0.7394957983193278
319 0.004726200000000347 0 0 0.48044692737430167 0.7394957983193278
320 0.004492299999999894 0 0 0.48044692737430167 0.7394957983193278
321 0.0047584000000000515 0 0 0.48044692737430167 0.7394957983193278
322 0.004382600000000014 0 0 0.48044692737430167 0.7394957983193278
323 0.00466479999999958 0 0 0.48044692737430167 0.7394957983193278
324 0.004736199999999968 1 0 0.4860335195530726 0.7394957983193278
325 0.0048634999999999096 1 1 0.49162011173184356 0.742296918767507
326 0.004938000000000109 0 0 0.49162011173184356 0.742296918767507
327 0.004657700000000098 0 0 0.49162011173184356 0.742296918767507
328 0.0048840000000001105 1 1 0.4972067039106145 0.7450980392156863
329 0.004928500000000113 1 1 0.5027932960893855 0.7478991596638656
330 0.004813699999999699 1 1 0.5083798882681564 0.7507002801120448
331 0.004473399999999739 0 0 0.5083798882681564 0.7507002801120448
332 0.006649499999999975 1 1 0.5139664804469274 0.7535014005602241
333 0.004417499999999741 0 1 0.5139664804469274 0.7563025210084033
334 0.00463649999999971 1 1 0.5195530726256983 0.7591036414565826
335 0.0045879000000002 0 0 0.5195530726256983 0.7591036414565826
336 0.004578299999999924 0 0 0.5195530726256983 0.7591036414565826
337 0.004602500000000287 0 0 0.5195530726256983 0.7591036414565826
338 0.004753000000000007 1 1 0.5251396648044693 0.7619047619047619
339 0.004542800000000291 0 0 0.5251396648044693 0.7619047619047619
340 0.004741500000000176 1 1 0.5307262569832403 0.7647058823529411
341 0.004590799999999895 0 0 0.5307262569832403 0.7647058823529411
342 0.004732699999999923 0 0 0.5307262569832403 0.7647058823529411
343 0.00452719999999962 1 1 0.5363128491620112 0.7675070028011205
344 0.005038700000000063 0 0 0.5363128491620112 0.7675070028011205
345 0.0049280000000000435 0 0 0.5363128491620112 0.7675070028011205
346 0.004640500000000269 0 0 0.5363128491620112 0.7675070028011205
347 0.004656099999999608 1 0 0.5418994413407822 0.7675070028011205
348 0.004633500000000179 0 0 0.5418994413407822 0.7675070028011205
349 0.0066934000000000715 1 2 0.547486033519553 0.773109243697479
350 0.004607099999999864 0 0 0.547486033519553 0.773109243697479
351 0.0045528000000003566 0 0 0.547486033519553 0.773109243697479
352 0.004483500000000085 0 0 0.547486033519553 0.773109243697479
353 0.0046250999999997155 0 0 0.547486033519553 0.773109243697479
354 0.00452930000000018 0 0 0.547486033519553 0.773109243697479
355 0.004505800000000004 1 1 0.553072625698324 0.7759103641456583
356 0.004531399999999852 1 1 0.5586592178770949 0.7787114845938375
357 0.00449889999999975 0 0 0.5586592178770949 0.7787114845938375
358 0.004471000000000114 0 0 0.5586592178770949 0.7787114845938375
359 0.004562899999999814 0 0 0.5586592178770949 0.7787114845938375
360 0.0047424000000000355 1 1 0.5642458100558659 0.7815126050420168
361 0.0046248000000002065 0 0 0.5642458100558659 0.7815126050420168
362 0.004592900000000011 0 0 0.5642458100558659 0.7815126050420168
363 0.004458600000000423 0 0 0.5642458100558659 0.7815126050420168
364 0.004625799999999902 1 1 0.5698324022346368 0.7843137254901961
365 0.004540299999999942 0 0 0.5698324022346368 0.7843137254901961
366 0.004576600000000042 0 0 0.5698324022346368 0.7843137254901961
367 0.004632299999999923 0 0 0.5698324022346368 0.7843137254901961
368 0.004625300000000276 1 0 0.5754189944134078 0.7843137254901961
369 0.004656900000000075 0 0 0.5754189944134078 0.7843137254901961
370 0.004767399999999977 0 0 0.5754189944134078 0.7843137254901961
371 0.004671899999999951 0 0 0.5754189944134078 0.7843137254901961
372 0.004614899999999977 0 1 0.5754189944134078 0.7871148459383753
373 0.004604599999999959 0 0 0.5754189944134078 0.7871148459383753
374 0.005196499999999826 0 0 0.5754189944134078 0.7871148459383753
375 0.004850300000000196 0 0 0.5754189944134078 0.7871148459383753
376 0.004566800000000093 1 0 0.5810055865921788 0.7871148459383753
377 0.0052083000000000546 1 0 0.5865921787709497 0.7871148459383753
378 0.005140600000000273 0 0 0.5865921787709497 0.7871148459383753
379 0.004739100000000107 0 0 0.5865921787709497 0.7871148459383753
380 0.004830899999999971 0 0 0.5865921787709497 0.7871148459383753
381 0.005082999999999949 0 1 0.5865921787709497 0.7899159663865546
382 0.005320199999999886 0 1 0.5865921787709497 0.7927170868347339
383 0.004742799999999825 1 1 0.5921787709497207 0.7955182072829131
384 0.004975700000000138 1 1 0.5977653631284916 0.7983193277310925
385 0.004925000000000068 0 0 0.5977653631284916 0.7983193277310925
386 0.004990900000000131 0 0 0.5977653631284916 0.7983193277310925
387 0.004702800000000007 0 0 0.5977653631284916 0.7983193277310925
388 0.004919899999999977 0 0 0.5977653631284916 0.7983193277310925
389 0.005034799999999784 0 0 0.5977653631284916 0.7983193277310925
390 0.004754600000000053 0 0 0.5977653631284916 0.7983193277310925
391 0.008385000000000087 1 1 0.6033519553072626 0.8011204481792717
392 0.004981700000000089 1 1 0.6089385474860335 0.803921568627451
393 0.004789399999999944 0 0 0.6089385474860335 0.803921568627451
394 0.00497879999999995 0 0 0.6089385474860335 0.803921568627451
395 0.0051632000000001455 1 0 0.6145251396648045 0.803921568627451
396 0.005047899999999661 0 0 0.6145251396648045 0.803921568627451
397 0.004847300000000221 0 1 0.6145251396648045 0.8067226890756303
398 0.0049450999999995915 1 0 0.6201117318435754 0.8067226890756303
399 0.0049784000000001605 0 0 0.6201117318435754 0.8067226890756303
400 0.004870900000000233 0 1 0.6201117318435754 0.8095238095238095
401 0.005284899999999926 1 1 0.6256983240223464 0.8123249299719888
402 0.004700099999999985 0 0 0.6256983240223464 0.8123249299719888
403 0.005228199999999905 0 0 0.6256983240223464 0.8123249299719888
404 0.004620899999999928 0 0 0.6256983240223464 0.8123249299719888
405 0.005088199999999876 0 0 0.6256983240223464 0.8123249299719888
406 0.005273299999999814 0 0 0.6256983240223464 0.8123249299719888
407 0.0048306999999998546 0 0 0.6256983240223464 0.8123249299719888
408 0.005234599999999645 0 0 0.6256983240223464 0.8123249299719888
409 0.005273500000000375 0 0 0.6256983240223464 0.8123249299719888
410 0.0048368000000000855 0 0 0.6256983240223464 0.8123249299719888
411 0.004924599999999835 0 0 0.6256983240223464 0.8123249299719888
412 0.005136200000000368 0 0 0.6256983240223464 0.8123249299719888
413 0.005064400000000191 0 0 0.6256983240223464 0.8123249299719888
414 0.00474790000000036 0 0 0.6256983240223464 0.8123249299719888
415 0.004887099999999922 0 0 0.6256983240223464 0.8123249299719888
416 0.004694900000000057 0 0 0.6256983240223464 0.8123249299719888
417 0.005297000000000107 0 0 0.6256983240223464 0.8123249299719888
418 0.004782500000000134 0 0 0.6256983240223464 0.8123249299719888
419 0.004967600000000072 0 0 0.6256983240223464 0.8123249299719888
420 0.00519539999999985 0 0 0.6256983240223464 0.8123249299719888
421 0.00529780000000013 1 1 0.6312849162011173 0.8151260504201681
422 0.0052867000000000886 0 0 0.6312849162011173 0.8151260504201681
423 0.004781700000000111 0 0 0.6312849162011173 0.8151260504201681
424 0.005298900000000106 0 0 0.6312849162011173 0.8151260504201681
425 0.005242799999999992 0 0 0.6312849162011173 0.8151260504201681
426 0.00532660000000007 0 0 0.6312849162011173 0.8151260504201681
427 0.0053051000000001736 1 0 0.6368715083798883 0.8151260504201681
428 0.005198200000000153 1 1 0.6424581005586593 0.8179271708683473
429 0.0053336000000001604 0 0 0.6424581005586593 0.8179271708683473
430 0.005138899999999946 0 0 0.6424581005586593 0.8179271708683473
431 0.004886899999999805 0 0 0.6424581005586593 0.8179271708683473
432 0.00500820000000024 0 0 0.6424581005586593 0.8179271708683473
433 0.005016099999999746 0 1 0.6424581005586593 0.8207282913165266
434 0.005044599999999733 0 0 0.6424581005586593 0.8207282913165266
435 0.0049656000000002365 0 0 0.6424581005586593 0.8207282913165266
436 0.005205700000000313 0 0 0.6424581005586593 0.8207282913165266
437 0.004969200000000118 0 0 0.6424581005586593 0.8207282913165266
438 0.006409499999999735 0 0 0.6424581005586593 0.8207282913165266
439 0.005412400000000428 0 0 0.6424581005586593 0.8207282913165266
440 0.0051947000000001076 0 0 0.6424581005586593 0.8207282913165266
441 0.005007400000000217 0 0 0.6424581005586593 0.8207282913165266
442 0.005445299999999875 0 0 0.6424581005586593 0.8207282913165266
443 0.005103099999999916 0 0 0.6424581005586593 0.8207282913165266
444 0.005042700000000178 0 0 0.6424581005586593 0.8207282913165266
445 0.005208500000000171 0 0 0.6424581005586593 0.8207282913165266
446 0.005189800000000133 0 0 0.6424581005586593 0.8207282913165266
447 0.005290399999999806 0 0 0.6424581005586593 0.8207282913165266
448 0.005269299999999699 1 0 0.6480446927374302 0.8207282913165266
449 0.007376999999999967 0 0 0.6480446927374302 0.8207282913165266
450 0.00501499999999977 1 0 0.6536312849162011 0.8207282913165266
451 0.005189200000000227 0 0 0.6536312849162011 0.8207282913165266
452 0.0046719999999997874 0 0 0.6536312849162011 0.8207282913165266
453 0.004873399999999695 1 3 0.659217877094972 0.8291316526610645
454 0.004784900000000203 1 1 0.664804469273743 0.8319327731092437
455 0.005127899999999741 0 0 0.664804469273743 0.8319327731092437
456 0.0046736000000002775 0 0 0.664804469273743 0.8319327731092437
457 0.004751700000000358 0 0 0.664804469273743 0.8319327731092437
458 0.004807599999999912 0 0 0.664804469273743 0.8319327731092437
459 0.0047962999999997535 0 0 0.664804469273743 0.8319327731092437
460 0.005253799999999753 0 0 0.664804469273743 0.8319327731092437
461 0.004777300000000206 1 0 0.6703910614525139 0.8319327731092437
462 0.004725800000000113 0 0 0.6703910614525139 0.8319327731092437
463 0.0049176000000001885 0 0 0.6703910614525139 0.8319327731092437
464 0.004623399999999833 0 1 0.6703910614525139 0.834733893557423
465 0.004677899999999902 1 1 0.6759776536312849 0.8375350140056023
466 0.004679700000000064 0 0 0.6759776536312849 0.8375350140056023
467 0.005019799999999908 0 0 0.6759776536312849 0.8375350140056023
468 0.004742300000000199 0 0 0.6759776536312849 0.8375350140056023
469 0.004761299999999746 0 0 0.6759776536312849 0.8375350140056023
470 0.004868699999999837 0 0 0.6759776536312849 0.8375350140056023
471 0.004880299999999949 0 0 0.6759776536312849 0.8375350140056023
472 0.004747700000000243 1 1 0.6815642458100558 0.8403361344537815
473 0.004808499999999771 1 1 0.6871508379888268 0.8431372549019608
474 0.005223800000000001 1 1 0.6927374301675978 0.84593837535014
475 0.004887199999999758 1 1 0.6983240223463687 0.8487394957983193
476 0.005337400000000159 0 0 0.6983240223463687 0.8487394957983193
477 0.004778200000000066 0 0 0.6983240223463687 0.8487394957983193
478 0.005026700000000162 0 0 0.6983240223463687 0.8487394957983193
479 0.005004900000000312 1 0 0.7039106145251397 0.8487394957983193
480 0.005514100000000077 0 0 0.7039106145251397 0.8487394957983193
481 0.0048487999999999865 1 1 0.7094972067039106 0.8515406162464986
482 0.0070277999999999174 0 1 0.7094972067039106 0.8543417366946778
483 0.006943400000000377 1 1 0.7150837988826816 0.8571428571428571
484 0.006985499999999867 0 0 0.7150837988826816 0.8571428571428571
485 0.007042700000000401 0 0 0.7150837988826816 0.8571428571428571
486 0.007034800000000008 0 0 0.7150837988826816 0.8571428571428571
487 0.006827399999999706 0 0 0.7150837988826816 0.8571428571428571
488 0.007031299999999963 0 0 0.7150837988826816 0.8571428571428571
489 0.005088199999999876 0 0 0.7150837988826816 0.8571428571428571
490 0.004933499999999924 0 0 0.7150837988826816 0.8571428571428571
491 0.00486260000000005 1 0 0.7206703910614525 0.8571428571428571
492 0.005026899999999834 0 0 0.7206703910614525 0.8571428571428571
493 0.005201000000000011 0 1 0.7206703910614525 0.8599439775910365
494 0.004995500000000153 0 0 0.7206703910614525 0.8599439775910365
495 0.004997999999999614 1 1 0.7262569832402235 0.8627450980392157
496 0.005169200000000096 0 0 0.7262569832402235 0.8627450980392157
497 0.005043600000000037 0 0 0.7262569832402235 0.8627450980392157
498 0.004871099999999906 0 0 0.7262569832402235 0.8627450980392157
499 0.004872100000000046 0 0 0.7262569832402235 0.8627450980392157
500 0.004872100000000046 0 0 0.7262569832402235 0.8627450980392157
501 0.004969400000000235 1 1 0.7318435754189944 0.865546218487395
502 0.004919999999999813 1 0 0.7374301675977654 0.865546218487395
503 0.005309399999999798 0 0 0.7374301675977654 0.865546218487395
504 0.005046999999999802 1 0 0.7430167597765364 0.865546218487395
505 0.004923400000000022 0 1 0.7430167597765364 0.8683473389355743
506 0.004861200000000121 1 1 0.7486033519553073 0.8711484593837535
507 0.004936300000000227 0 0 0.7486033519553073 0.8711484593837535
508 0.004931599999999925 0 0 0.7486033519553073 0.8711484593837535
509 0.004924100000000209 1 1 0.7541899441340782 0.8739495798319328
510 0.004934899999999853 1 1 0.7597765363128491 0.876750700280112
511 0.004901599999999728 0 0 0.7597765363128491 0.876750700280112
512 0.004999999999999893 0 0 0.7597765363128491 0.876750700280112
513 0.005264100000000216 1 1 0.7653631284916201 0.8795518207282913
514 0.0048927999999999194 0 0 0.7653631284916201 0.8795518207282913
515 0.004835700000000109 1 1 0.770949720670391 0.8823529411764706
516 0.005009199999999936 0 1 0.770949720670391 0.8851540616246498
517 0.005059199999999819 0 0 0.770949720670391 0.8851540616246498
518 0.005163400000000262 0 0 0.770949720670391 0.8851540616246498
519 0.005447100000000038 0 0 0.770949720670391 0.8851540616246498
520 0.005184999999999995 0 0 0.770949720670391 0.8851540616246498
521 0.005507000000000151 1 0 0.776536312849162 0.8851540616246498
522 0.005510099999999962 0 0 0.776536312849162 0.8851540616246498
523 0.005452000000000012 0 0 0.776536312849162 0.8851540616246498
524 0.009272800000000192 0 0 0.776536312849162 0.8851540616246498
525 0.005434000000000161 0 0 0.776536312849162 0.8851540616246498
526 0.005387100000000089 0 1 0.776536312849162 0.8879551820728291
527 0.005219599999999769 0 0 0.776536312849162 0.8879551820728291
528 0.00492770000000009 1 0 0.7821229050279329 0.8879551820728291
529 0.005035299999999854 0 0 0.7821229050279329 0.8879551820728291
530 0.0051354999999997375 1 1 0.7877094972067039 0.8907563025210085
531 0.005003300000000266 1 1 0.7932960893854749 0.8935574229691877
532 0.005003100000000149 1 2 0.7988826815642458 0.8991596638655462
533 0.0074792999999999665 1 1 0.8044692737430168 0.9019607843137255
534 0.007003500000000162 1 1 0.8100558659217877 0.9047619047619048
535 0.007321300000000086 0 0 0.8100558659217877 0.9047619047619048
536 0.007374800000000015 0 0 0.8100558659217877 0.9047619047619048
537 0.007086800000000171 1 0 0.8156424581005587 0.9047619047619048
538 0.007099600000000095 0 0 0.8156424581005587 0.9047619047619048
539 0.007344699999999982 0 0 0.8156424581005587 0.9047619047619048
540 0.007350600000000096 0 0 0.8156424581005587 0.9047619047619048
541 0.007259599999999811 1 1 0.8212290502793296 0.907563025210084
542 0.0070534000000002095 0 0 0.8212290502793296 0.907563025210084
543 0.0073881000000000085 1 2 0.8268156424581006 0.9131652661064426
544 0.007217600000000157 1 0 0.8324022346368715 0.9131652661064426
545 0.007446399999999631 1 0 0.8379888268156425 0.9131652661064426
546 0.0072734000000003185 1 1 0.8435754189944135 0.9159663865546218
547 0.007524000000000086 1 2 0.8491620111731844 0.9215686274509803
548 0.005231900000000067 0 1 0.8491620111731844 0.9243697478991597
549 0.005024899999999999 1 1 0.8547486033519553 0.927170868347339
550 0.005228799999999811 0 0 0.8547486033519553 0.927170868347339
551 0.005673700000000004 1 1 0.8603351955307262 0.9299719887955182
552 0.005356499999999986 0 0 0.8603351955307262 0.9299719887955182
553 0.005634200000000256 1 1 0.8659217877094972 0.9327731092436975
554 0.005306800000000056 0 0 0.8659217877094972 0.9327731092436975
555 0.005437699999999879 1 0 0.8715083798882681 0.9327731092436975
556 0.00563160000000007 0 0 0.8715083798882681 0.9327731092436975
557 0.005736699999999928 0 1 0.8715083798882681 0.9355742296918768
558 0.005133100000000113 0 0 0.8715083798882681 0.9355742296918768
559 0.004986099999999993 1 0 0.8770949720670391 0.9355742296918768
560 0.005185299999999948 0 0 0.8770949720670391 0.9355742296918768
561 0.005163000000000029 0 0 0.8770949720670391 0.9355742296918768
562 0.005098300000000222 0 0 0.8770949720670391 0.9355742296918768
563 0.005013100000000215 0 0 0.8770949720670391 0.9355742296918768
564 0.004950099999999846 0 0 0.8770949720670391 0.9355742296918768
565 0.0051850999999998315 0 0 0.8770949720670391 0.9355742296918768
566 0.0052034999999999165 1 1 0.88268156424581 0.938375350140056
567 0.0052370999999999945 0 1 0.88268156424581 0.9411764705882353
568 0.005563699999999727 1 1 0.888268156424581 0.9439775910364145
569 0.00587900000000019 0 0 0.888268156424581 0.9439775910364145
570 0.00565300000000013 0 0 0.888268156424581 0.9439775910364145
571 0.005246299999999593 0 0 0.888268156424581 0.9439775910364145
572 0.005482499999999835 0 0 0.888268156424581 0.9439775910364145
573 0.005471800000000027 0 0 0.888268156424581 0.9439775910364145
574 0.0052650999999999115 1 1 0.8938547486033519 0.9467787114845938
575 0.005628799999999767 0 0 0.8938547486033519 0.9467787114845938
576 0.005190899999999665 0 0 0.8938547486033519 0.9467787114845938
577 0.005802500000000155 1 0 0.8994413407821229 0.9467787114845938
578 0.005457400000000057 0 0 0.8994413407821229 0.9467787114845938
579 0.0055250999999998385 1 1 0.9050279329608939 0.9495798319327731
580 0.005554200000000176 0 0 0.9050279329608939 0.9495798319327731
581 0.005806599999999662 0 0 0.9050279329608939 0.9495798319327731
582 0.005743600000000182 0 0 0.9050279329608939 0.9495798319327731
583 0.005741699999999739 0 0 0.9050279329608939 0.9495798319327731
584 0.005344400000000249 1 1 0.9106145251396648 0.9523809523809523
585 0.005344200000000132 0 0 0.9106145251396648 0.9523809523809523
586 0.00538369999999988 0 0 0.9106145251396648 0.9523809523809523
587 0.005402600000000035 0 0 0.9106145251396648 0.9523809523809523
588 0.005577600000000071 1 1 0.9162011173184358 0.9551820728291317
589 0.00526689999999963 0 0 0.9162011173184358 0.9551820728291317
590 0.005212500000000286 0 0 0.9162011173184358 0.9551820728291317
591 0.005865699999999752 0 0 0.9162011173184358 0.9551820728291317
592 0.005820500000000006 0 0 0.9162011173184358 0.9551820728291317
593 0.005706400000000222 1 1 0.9217877094972067 0.957983193277311
594 0.005466300000000146 1 0 0.9273743016759777 0.957983193277311
595 0.005715099999999751 0 0 0.9273743016759777 0.957983193277311
596 0.0053307000000000215 0 1 0.9273743016759777 0.9607843137254902
597 0.005320799999999792 1 0 0.9329608938547486 0.9607843137254902
598 0.00537830000000028 0 1 0.9329608938547486 0.9635854341736695
599 0.0056275000000001185 0 0 0.9329608938547486 0.9635854341736695
600 0.005273400000000095 0 1 0.9329608938547486 0.9663865546218487
601 0.005181799999999903 0 0 0.9329608938547486 0.9663865546218487
602 0.005408099999999916 0 0 0.9329608938547486 0.9663865546218487
603 0.005572200000000027 1 0 0.9385474860335196 0.9663865546218487
604 0.0052490999999998955 0 0 0.9385474860335196 0.9663865546218487
605 0.005265200000000192 0 0 0.9385474860335196 0.9663865546218487
606 0.005082499999999879 0 0 0.9385474860335196 0.9663865546218487
607 0.005246300000000037 0 0 0.9385474860335196 0.9663865546218487
608 0.005258600000000335 1 1 0.9441340782122905 0.969187675070028
609 0.007249100000000119 0 1 0.9441340782122905 0.9719887955182073
610 0.005411699999999797 1 0 0.9497206703910615 0.9719887955182073
611 0.0052715000000000956 0 0 0.9497206703910615 0.9719887955182073
612 0.005275500000000211 0 0 0.9497206703910615 0.9719887955182073
613 0.005455599999999894 0 0 0.9497206703910615 0.9719887955182073
614 0.005211000000000077 0 0 0.9497206703910615 0.9719887955182073
615 0.005233399999999833 0 0 0.9497206703910615 0.9719887955182073
616 0.005221399999999932 0 0 0.9497206703910615 0.9719887955182073
617 0.005302099999999754 0 0 0.9497206703910615 0.9719887955182073
618 0.005171999999999954 0 1 0.9497206703910615 0.9747899159663865
619 0.005224099999999954 0 0 0.9497206703910615 0.9747899159663865
620 0.005715900000000218 0 0 0.9497206703910615 0.9747899159663865
621 0.005975900000000145 0 0 0.9497206703910615 0.9747899159663865
622 0.005570399999999864 0 0 0.9497206703910615 0.9747899159663865
623 0.005851900000000132 0 0 0.9497206703910615 0.9747899159663865
624 0.005850099999999969 1 0 0.9553072625698324 0.9747899159663865
625 0.005474299999999932 0 0 0.9553072625698324 0.9747899159663865
626 0.0058226999999999585 0 0 0.9553072625698324 0.9747899159663865
627 0.005652699999999733 1 0 0.9608938547486033 0.9747899159663865
628 0.005649400000000249 1 1 0.9664804469273743 0.9775910364145658
629 0.005851899999999688 0 1 0.9664804469273743 0.9803921568627451
630 0.0076827999999995455 0 0 0.9664804469273743 0.9803921568627451
631 0.0077371999999993335 1 1 0.9720670391061452 0.9831932773109243
632 0.007303199999999954 1 1 0.9776536312849162 0.9859943977591037
633 0.007756899999999511 1 1 0.9832402234636871 0.988795518207283
634 0.007749600000000356 0 0 0.9832402234636871 0.988795518207283
635 0.0054616000000002884 0 0 0.9832402234636871 0.988795518207283
636 0.0053146999999995614 0 0 0.9832402234636871 0.988795518207283
637 0.0054419000000001105 0 0 0.9832402234636871 0.988795518207283
638 0.0053827000000001846 1 1 0.9888268156424581 0.9915966386554622
639 0.005542900000000017 0 0 0.9888268156424581 0.9915966386554622
640 0.005462099999999914 0 0 0.9888268156424581 0.9915966386554622
641 0.005170399999999908 0 0 0.9888268156424581 0.9915966386554622
642 0.005323000000000633 1 0 0.994413407821229 0.9915966386554622
643 0.0077544999999998865 0 2 0.994413407821229 0.9971988795518207
644 0.007830300000000179 0 0 0.994413407821229 0.9971988795518207
645 0.007866700000000115 0 0 0.994413407821229 0.9971988795518207
646 0.0053426999999999225 1 1 1.0 1.0
