110 0.8 0.6
1 0.002209600000000006 1 0 0.009174311926605505 0.5023041474654378
2 0.0022940999999999934 1 1 0.01834862385321101 0.5069124423963134
3 0.0023501999999999967 1 0 0.027522935779816515 0.5069124423963134
4 0.0022053999999999963 0 0 0.027522935779816515 0.5069124423963134
5 0.0022558000000000022 1 1 0.03669724770642202 0.511520737327189
6 0.0024003999999999692 1 1 0.045871559633027525 0.5161290322580645
7 0.0022558999999999774 1 2 0.05504587155963303 0.5253456221198156
8 0.0024298000000000375 1 0 0.06422018348623854 0.5253456221198156
9 0.002435400000000032 0 0 0.06422018348623854 0.5253456221198156
10 0.0023515000000000064 1 2 0.07339449541284404 0.5345622119815668
11 0.0025090999999999863 1 1 0.08256880733944955 0.5391705069124424
12 0.0023615999999999637 1 1 0.09174311926605505 0.543778801843318
13 0.0024561000000000166 0 0 0.09174311926605505 0.543778801843318
14 0.0025085000000000246 1 0 0.10091743119266056 0.543778801843318
15 0.0024600000000000177 1 1 0.11009174311926606 0.5483870967741935
16 0.0025191999999999992 1 0 0.11926605504587157 0.5483870967741935
17 0.0024209000000000036 1 2 0.12844036697247707 0.5576036866359447
18 0.002394200000000013 0 1 0.12844036697247707 0.5622119815668203
19 0.002765200000000023 1 1 0.13761467889908258 0.5668202764976958
20 0.0025521000000000016 0 0 0.13761467889908258 0.5668202764976958
21 0.002599499999999977 1 0 0.14678899082568808 0.5668202764976958
22 0.0023811999999999722 1 2 0.1559633027522936 0.576036866359447
23 0.00273859999999998 1 1 0.1651376146788991 0.5806451612903226
24 0.0027564000000000477 0 0 0.1651376146788991 0.5806451612903226
25 0.0026900000000000257 1 1 0.1743119266055046 0.5852534562211982
26 0.0024520000000000097 1 0 0.1834862385321101 0.5852534562211982
27 0.002570600000000034 1 1 0.1926605504587156 0.5898617511520737
28 0.002634100000000028 1 1 0.2018348623853211 0.5944700460829493
29 0.0026652999999999816 1 1 0.21100917431192662 0.5990783410138248
30 0.002860599999999991 1 1 0.22018348623853212 0.6036866359447005
31 0.002741199999999999 1 0 0.22935779816513763 0.6036866359447005
32 0.0026453999999999644 0 0 0.22935779816513763 0.6036866359447005
33 0.0026342999999999783 1 2 0.23853211009174313 0.6129032258064516
34 0.0028671000000000113 1 1 0.24770642201834864 0.6175115207373272
35 0.0025702000000000225 1 1 0.25688073394495414 0.6221198156682027
36 0.002776400000000012 0 1 0.25688073394495414 0.6267281105990783
37 0.002720100000000003 1 1 0.26605504587155965 0.631336405529954
38 0.002733399999999997 0 0 0.26605504587155965 0.631336405529954
39 0.0028014000000000094 1 1 0.27522935779816515 0.6359447004608295
40 0.0028518000000000154 1 1 0.28440366972477066 0.6405529953917051
41 0.0027771999999999797 1 1 0.29357798165137616 0.6451612903225806
42 0.0026269999999999905 1 0 0.30275229357798167 0.6451612903225806
43 0.002624399999999971 1 0 0.3119266055045872 0.6451612903225806
44 0.0026792999999999956 1 2 0.3211009174311927 0.6543778801843319
45 0.002709000000000017 1 1 0.3302752293577982 0.6589861751152074
46 0.002896400000000021 1 2 0.3394495412844037 0.6682027649769585
47 0.0029111 1 0 0.3486238532110092 0.6682027649769585
48 0.002658600000000011 0 1 0.3486238532110092 0.6728110599078341
49 0.002835100000000035 1 1 0.3577981651376147 0.6774193548387096
50 0.0028718000000000354 1 1 0.3669724770642202 0.6820276497695853
51 0.0028420999999999585 1 1 0.3761467889908257 0.6866359447004609
52 0.002818900000000013 0 0 0.3761467889908257 0.6866359447004609
53 0.0028336999999999946 1 0 0.3853211009174312 0.6866359447004609
54 0.0029238999999999793 1 1 0.3944954128440367 0.6912442396313364
55 0.0028516000000000097 1 2 0.4036697247706422 0.7004608294930875
56 0.0029740999999999795 1 0 0.41284403669724773 0.7004608294930875
57 0.003614200000000012 1 1 0.42201834862385323 0.7050691244239631
58 0.002818199999999993 1 0 0.43119266055045874 0.7050691244239631
59 0.003256099999999984 1 1 0.44036697247706424 0.7096774193548387
60 0.0063801 0 1 0.44036697247706424 0.7142857142857143
61 0.0036204000000000236 1 1 0.44954128440366975 0.7188940092165899
62 0.003614000000000006 0 1 0.44954128440366975 0.7235023041474654
63 0.0031647000000000203 1 1 0.45871559633027525 0.728110599078341
64 0.0036208999999999825 1 0 0.46788990825688076 0.728110599078341
65 0.003443699999999994 1 1 0.47706422018348627 0.7327188940092166
66 0.0033657999999999744 0 0 0.47706422018348627 0.7327188940092166
67 0.0031978000000000284 1 1 0.48623853211009177 0.7373271889400922
68 0.003093400000000024 0 1 0.48623853211009177 0.7419354838709677
69 0.003186200000000028 1 1 0.4954128440366973 0.7465437788018433
70 0.0031807000000000363 1 1 0.5045871559633027 0.7511520737327189
71 0.003420599999999996 1 1 0.5137614678899083 0.7557603686635944
72 0.0031900999999999735 1 1 0.5229357798165137 0.7603686635944701
73 0.0033443999999999696 1 0 0.5321100917431193 0.7603686635944701
74 0.0032259000000000038 1 2 0.5412844036697247 0.7695852534562212
75 0.0030842999999999843 1 0 0.5504587155963303 0.7695852534562212
76 0.003141800000000028 1 2 0.5596330275229358 0.7788018433179723
77 0.0033874999999999877 1 1 0.5688073394495413 0.783410138248848
78 0.003157299999999974 1 0 0.5779816513761468 0.783410138248848
79 0.0031670999999999783 1 2 0.5871559633027523 0.7926267281105991
80 0.0031789999999999874 1 1 0.5963302752293578 0.7972350230414746
81 0.003174100000000013 1 1 0.6055045871559633 0.8018433179723502
82 0.003318600000000005 1 1 0.6146788990825688 0.8064516129032258
83 0.003386599999999962 1 0 0.6238532110091743 0.8064516129032258
84 0.0033575999999999606 0 0 0.6238532110091743 0.8064516129032258
85 0.003201999999999927 1 1 0.6330275229357798 0.8110599078341014
86 0.0033530999999999977 1 1 0.6422018348623854 0.815668202764977
87 0.003465200000000057 1 1 0.6513761467889908 0.8202764976958525
88 0.0033271999999999746 0 1 0.6513761467889908 0.8248847926267281
89 0.003187800000000074 1 1 0.6605504587155964 0.8294930875576036
90 0.00327770000000005 1 1 0.6697247706422018 0.8341013824884793
91 0.00323209999999996 1 0 0.6788990825688074 0.8341013824884793
92 0.0036403000000000407 0 0 0.6788990825688074 0.8341013824884793
93 0.0033158999999999272 0 1 0.6788990825688074 0.8387096774193549
94 0.003221200000000035 1 0 0.6880733944954128 0.8387096774193549
95 0.0032890999999999337 1 1 0.6972477064220184 0.8433179723502304
96 0.003573200000000054 1 0 0.7064220183486238 0.8433179723502304
97 0.003441999999999945 1 0 0.7155963302752294 0.8433179723502304
98 0.0034809999999999564 1 1 0.7247706422018348 0.847926267281106
99 0.003591099999999958 1 2 0.7339449541284404 0.8571428571428571
100 0.003718800000000022 1 1 0.7431192660550459 0.8617511520737328
101 0.0034655000000000102 1 0 0.7522935779816514 0.8617511520737328
102 0.003664100000000059 1 1 0.7614678899082569 0.8663594470046083
103 0.0037354000000000553 1 2 0.7706422018348624 0.8755760368663594
104 0.0035226999999999897 1 2 0.7798165137614679 0.8847926267281107
105 0.0036625999999999603 1 2 0.7889908256880734 0.8940092165898618
106 0.0037441999999999753 0 0 0.7889908256880734 0.8940092165898618
107 0.0034556999999999505 1 1 0.7981651376146789 0.8986175115207373
108 0.003594499999999945 1 1 0.8073394495412844 0.9032258064516129
109 0.0035091000000000427 1 0 0.8165137614678899 0.9032258064516129
110 0.0035945999999998923 1 1 0.8256880733944955 0.9078341013824884
111 0.0035389000000000115 1 0 0.8348623853211009 0.9078341013824884
112 0.003557699999999997 0 1 0.8348623853211009 0.9124423963133641
113 0.004140299999999986 1 2 0.8440366972477065 0.9216589861751152
114 0.003861400000000015 1 0 0.8532110091743119 0.9216589861751152
115 0.004157799999999989 0 1 0.8532110091743119 0.9262672811059908
116 0.003917800000000082 1 1 0.8623853211009175 0.9308755760368663
117 0.003684900000000102 1 0 0.8715596330275229 0.9308755760368663
118 0.0035199000000000202 0 1 0.8715596330275229 0.9354838709677419
119 0.003734200000000021 1 0 0.8807339449541285 0.9354838709677419
120 0.0038337999999999983 1 1 0.8899082568807339 0.9400921658986175
121 0.003824400000000061 1 2 0.8990825688073395 0.9493087557603687
122 0.003852900000000048 1 1 0.908256880733945 0.9539170506912442
123 0.003961499999999951 0 0 0.908256880733945 0.9539170506912442
124 0.0035479999999999956 1 0 0.9174311926605505 0.9539170506912442
125 0.003657999999999939 1 2 0.926605504587156 0.9631336405529954
126 0.003959500000000005 0 0 0.926605504587156 0.9631336405529954
127 0.0037039999999999296 1 0 0.9357798165137615 0.9631336405529954
128 0.003706199999999993 0 0 0.9357798165137615 0.9631336405529954
129 0.004148700000000005 1 1 0.944954128440367 0.967741935483871
130 0.004265300000000027 1 1 0.9541284403669725 0.9723502304147466
131 0.0040831999999999535 0 1 0.9541284403669725 0.9769585253456221
132 0.003958499999999976 1 1 0.963302752293578 0.9815668202764977
133 0.0038088000000000566 1 1 0.9724770642201835 0.9861751152073732
134 0.0038273999999999253 1 0 0.981651376146789 0.9861751152073732
135 0.0037532999999999594 1 0 0.9908256880733946 0.9861751152073732
136 0.003910799999999992 1 2 1.0 0.9953917050691244
137 0.003824899999999909 0 0 1.0 0.9953917050691244
138 0.0037557000000000285 0 0 1.0 0.9953917050691244
139 0.0039326999999999 0 0 1.0 0.9953917050691244
140 0.0038713999999999693 0 1 1.0 1.0
