160 0.2 1.0
1 0.0032312999999999925 0 0 0.0 0.501577287066246
2 0.0034353999999999774 0 0 0.0 0.501577287066246
3 0.0030907000000000018 0 0 0.0 0.501577287066246
4 0.0030627999999999767 0 0 0.0 0.501577287066246
5 0.003097500000000031 1 0 0.006289308176100629 0.501577287066246
6 0.0030392000000000197 0 0 0.006289308176100629 0.501577287066246
7 0.003211300000000028 0 0 0.006289308176100629 0.501577287066246
8 0.0034490000000000354 1 1 0.012578616352201259 0.5047318611987381
9 0.003486900000000015 0 0 0.012578616352201259 0.5047318611987381
10 0.0032494000000000134 0 0 0.012578616352201259 0.5047318611987381
11 0.00317820000000002 1 1 0.018867924528301886 0.5078864353312302
12 0.004375400000000029 0 0 0.018867924528301886 0.5078864353312302
13 0.004479700000000031 0 0 0.018867924528301886 0.5078864353312302
14 0.0044984000000000135 0 0 0.018867924528301886 0.5078864353312302
15 0.004448700000000028 0 0 0.018867924528301886 0.5078864353312302
16 0.004413500000000015 0 0 0.018867924528301886 0.5078864353312302
17 0.004369799999999979 0 0 0.018867924528301886 0.5078864353312302
18 0.004302499999999987 0 0 0.018867924528301886 0.5078864353312302
19 0.0034343000000000012 0 0 0.018867924528301886 0.5078864353312302
20 0.004508999999999985 0 0 0.018867924528301886 0.5078864353312302
21 0.004496 0 0 0.018867924528301886 0.5078864353312302
22 0.004493400000000036 0 0 0.018867924528301886 0.5078864353312302
23 0.004567800000000011 0 0 0.018867924528301886 0.5078864353312302
24 0.00453600000000004 1 1 0.025157232704402517 0.5110410094637224
25 0.004309700000000027 0 0 0.025157232704402517 0.5110410094637224
26 0.003472799999999998 0 0 0.025157232704402517 0.5110410094637224
27 0.0035075999999999996 1 1 0.031446540880503145 0.5141955835962145
28 0.004568799999999984 0 0 0.031446540880503145 0.5141955835962145
29 0.004547899999999994 0 0 0.031446540880503145 0.5141955835962145
30 0.003320400000000001 0 0 0.031446540880503145 0.5141955835962145
31 0.0034581000000000195 0 0 0.031446540880503145 0.5141955835962145
32 0.003100600000000009 0 0 0.031446540880503145 0.5141955835962145
33 0.003522499999999984 0 0 0.031446540880503145 0.5141955835962145
34 0.003510499999999972 0 0 0.031446540880503145 0.5141955835962145
35 0.0034652000000000016 0 0 0.031446540880503145 0.5141955835962145
36 0.0035178000000000154 0 0 0.031446540880503145 0.5141955835962145
37 0.0034851000000000187 0 0 0.031446540880503145 0.5141955835962145
38 0.003453200000000045 0 0 0.031446540880503145 0.5141955835962145
39 0.0034783999999999926 0 0 0.031446540880503145 0.5141955835962145
40 0.003511800000000065 0 0 0.031446540880503145 0.5141955835962145
41 0.0034597000000000655 0 0 0.031446540880503145 0.5141955835962145
42 0.004508100000000015 0 0 0.031446540880503145 0.5141955835962145
43 0.004489100000000024 0 0 0.031446540880503145 0.5141955835962145
44 0.0045576000000000505 0 0 0.031446540880503145 0.5141955835962145
45 0.004337400000000047 0 0 0.031446540880503145 0.5141955835962145
46 0.004273300000000035 0 0 0.031446540880503145 0.5141955835962145
47 0.004564399999999913 1 1 0.03773584905660377 0.5173501577287066
48 0.0046175999999999995 0 0 0.03773584905660377 0.5173501577287066
49 0.00457620000000003 0 0 0.03773584905660377 0.5173501577287066
50 0.004540099999999936 0 0 0.03773584905660377 0.5173501577287066
51 0.0045539 0 0 0.03773584905660377 0.5173501577287066
52 0.004592599999999947 0 0 0.03773584905660377 0.5173501577287066
53 0.004598300000000055 0 0 0.03773584905660377 0.5173501577287066
54 0.004603400000000035 1 1 0.0440251572327044 0.5205047318611987
55 0.004574100000000025 0 0 0.0440251572327044 0.5205047318611987
56 0.004562900000000036 0 0 0.0440251572327044 0.5205047318611987
57 0.004364499999999993 0 0 0.0440251572327044 0.5205047318611987
58 0.0047855999999999455 0 0 0.0440251572327044 0.5205047318611987
59 0.0046543 0 0 0.0440251572327044 0.5205047318611987
60 0.004588600000000054 1 1 0.050314465408805034 0.5236593059936908
61 0.0045432000000000805 0 0 0.050314465408805034 0.5236593059936908
62 0.0046423999999999355 1 1 0.05660377358490566 0.526813880126183
63 0.004574500000000037 0 0 0.05660377358490566 0.526813880126183
64 0.004587000000000008 0 0 0.05660377358490566 0.526813880126183
65 0.004329000000000027 1 1 0.06289308176100629 0.5299684542586751
66 0.004789400000000055 0 0 0.06289308176100629 0.5299684542586751
67 0.004246299999999925 0 0 0.06289308176100629 0.5299684542586751
68 0.0037068999999999575 1 1 0.06918238993710692 0.5331230283911672
69 0.0036471000000000142 0 0 0.06918238993710692 0.5331230283911672
70 0.0034545999999999744 1 1 0.07547169811320754 0.5362776025236593
71 0.0036068999999999685 0 0 0.07547169811320754 0.5362776025236593
72 0.00477469999999991 1 1 0.08176100628930817 0.5394321766561514
73 0.004681799999999958 0 0 0.08176100628930817 0.5394321766561514
74 0.00463009999999997 0 0 0.08176100628930817 0.5394321766561514
75 0.003411300000000006 0 0 0.08176100628930817 0.5394321766561514
76 0.00350359999999994 0 0 0.08176100628930817 0.5394321766561514
77 0.004467899999999969 0 0 0.08176100628930817 0.5394321766561514
78 0.004438500000000012 0 0 0.08176100628930817 0.5394321766561514
79 0.004693900000000029 1 1 0.0880503144654088 0.5425867507886435
80 0.004630999999999941 0 0 0.0880503144654088 0.5425867507886435
81 0.0034094999999999542 1 1 0.09433962264150944 0.5457413249211357
82 0.004649799999999926 0 0 0.09433962264150944 0.5457413249211357
83 0.004553499999999988 0 0 0.09433962264150944 0.5457413249211357
84 0.003381999999999996 0 0 0.09433962264150944 0.5457413249211357
85 0.0035793999999998993 0 0 0.09433962264150944 0.5457413249211357
86 0.003642999999999952 1 1 0.10062893081761007 0.5488958990536278
87 0.004690700000000048 1 1 0.1069182389937107 0.5520504731861199
88 0.004936600000000069 0 0 0.1069182389937107 0.5520504731861199
89 0.0046791999999999945 0 0 0.1069182389937107 0.5520504731861199
90 0.004753499999999966 0 0 0.1069182389937107 0.5520504731861199
91 0.004510300000000078 0 0 0.1069182389937107 0.5520504731861199
92 0.0037146999999999597 1 1 0.11320754716981132 0.555205047318612
93 0.003591599999999917 0 0 0.11320754716981132 0.555205047318612
94 0.003635799999999967 0 0 0.11320754716981132 0.555205047318612
95 0.003591800000000034 0 0 0.11320754716981132 0.555205047318612
96 0.0035285000000000455 0 0 0.11320754716981132 0.555205047318612
97 0.0035948999999999565 0 0 0.11320754716981132 0.555205047318612
98 0.0034974999999999312 0 0 0.11320754716981132 0.555205047318612
99 0.003660099999999944 0 0 0.11320754716981132 0.555205047318612
100 0.0034779000000000337 0 0 0.11320754716981132 0.555205047318612
101 0.0036690999999999807 0 0 0.11320754716981132 0.555205047318612
102 0.0035418000000000394 1 1 0.11949685534591195 0.5583596214511041
103 0.0033554999999999557 1 1 0.12578616352201258 0.5615141955835962
104 0.003545699999999985 0 0 0.12578616352201258 0.5615141955835962
105 0.003340600000000027 0 0 0.12578616352201258 0.5615141955835962
106 0.003289700000000062 0 0 0.12578616352201258 0.5615141955835962
107 0.0032551000000000663 0 0 0.12578616352201258 0.5615141955835962
108 0.0034338999999999897 1 1 0.1320754716981132 0.5646687697160884
109 0.003340099999999957 0 0 0.1320754716981132 0.5646687697160884
110 0.004827099999999973 0 0 0.1320754716981132 0.5646687697160884
111 0.004736700000000038 0 0 0.1320754716981132 0.5646687697160884
112 0.00489419999999996 1 1 0.13836477987421383 0.5678233438485805
113 0.0033594000000000124 1 1 0.14465408805031446 0.5709779179810726
114 0.004785799999999951 1 1 0.1509433962264151 0.5741324921135647
115 0.004766699999999902 0 0 0.1509433962264151 0.5741324921135647
116 0.004644599999999999 0 0 0.1509433962264151 0.5741324921135647
117 0.00452549999999996 1 1 0.15723270440251572 0.5772870662460567
118 0.0047848000000000335 0 0 0.15723270440251572 0.5772870662460567
119 0.004855400000000065 0 0 0.15723270440251572 0.5772870662460567
120 0.0048167999999999545 1 1 0.16352201257861634 0.580441640378549
121 0.004730300000000076 0 0 0.16352201257861634 0.580441640378549
122 0.00454510000000008 0 0 0.16352201257861634 0.580441640378549
123 0.004895100000000041 1 1 0.16981132075471697 0.583596214511041
124 0.0048496000000000095 0 0 0.16981132075471697 0.583596214511041
125 0.0038437000000000054 0 0 0.16981132075471697 0.583596214511041
126 0.0036078999999999972 0 0 0.16981132075471697 0.583596214511041
127 0.003755000000000064 0 0 0.16981132075471697 0.583596214511041
128 0.0035105999999999193 0 0 0.16981132075471697 0.583596214511041
129 0.00491929999999996 0 0 0.16981132075471697 0.583596214511041
130 0.004785000000000039 1 1 0.1761006289308176 0.5867507886435331
131 0.00473710000000005 0 0 0.1761006289308176 0.5867507886435331
132 0.004724899999999921 0 0 0.1761006289308176 0.5867507886435331
133 0.004810800000000004 0 0 0.1761006289308176 0.5867507886435331
134 0.004978099999999985 1 1 0.18238993710691823 0.5899053627760252
135 0.004944600000000077 0 0 0.18238993710691823 0.5899053627760252
136 0.004876600000000009 1 1 0.18867924528301888 0.5930599369085173
137 0.0047840000000000105 0 0 0.18867924528301888 0.5930599369085173
138 0.00475940000000008 0 0 0.18867924528301888 0.5930599369085173
139 0.00482769999999999 0 0 0.18867924528301888 0.5930599369085173
140 0.004930499999999949 0 0 0.18867924528301888 0.5930599369085173
141 0.004831299999999983 0 0 0.18867924528301888 0.5930599369085173
142 0.004897099999999988 0 0 0.18867924528301888 0.5930599369085173
143 0.004640300000000042 0 0 0.18867924528301888 0.5930599369085173
144 0.00488120000000003 1 1 0.1949685534591195 0.5962145110410094
145 0.004984600000000006 1 1 0.20125786163522014 0.5993690851735016
146 0.004987800000000098 0 0 0.20125786163522014 0.5993690851735016
147 0.004836900000000144 0 0 0.20125786163522014 0.5993690851735016
148 0.004949800000000115 0 0 0.20125786163522014 0.5993690851735016
149 0.0047041000000001 0 0 0.20125786163522014 0.5993690851735016
150 0.004893299999999989 0 0 0.20125786163522014 0.5993690851735016
151 0.004763800000000096 0 0 0.20125786163522014 0.5993690851735016
152 0.004680299999999971 0 0 0.20125786163522014 0.5993690851735016
153 0.004908499999999982 0 0 0.20125786163522014 0.5993690851735016
154 0.004826199999999892 0 0 0.20125786163522014 0.5993690851735016
155 0.00468550000000012 0 0 0.20125786163522014 0.5993690851735016
156 0.0048816000000000415 0 0 0.20125786163522014 0.5993690851735016
157 0.004837199999999875 0 0 0.20125786163522014 0.5993690851735016
158 0.004859100000000005 0 0 0.20125786163522014 0.5993690851735016
159 0.004874499999999893 0 0 0.20125786163522014 0.5993690851735016
160 0.004906700000000042 0 0 0.20125786163522014 0.5993690851735016
161 0.004650000000000043 0 0 0.20125786163522014 0.5993690851735016
162 0.004898899999999928 1 1 0.20754716981132076 0.6025236593059937
163 0.004747499999999905 0 0 0.20754716981132076 0.6025236593059937
164 0.004882399999999842 1 1 0.2138364779874214 0.6056782334384858
165 0.0049288000000000665 1 1 0.22012578616352202 0.6088328075709779
166 0.004824099999999998 1 1 0.22641509433962265 0.61198738170347
167 0.004969200000000118 0 0 0.22641509433962265 0.61198738170347
168 0.004978399999999938 1 1 0.23270440251572327 0.6151419558359621
169 0.004940999999999862 0 0 0.23270440251572327 0.6151419558359621
170 0.003686999999999996 1 1 0.2389937106918239 0.6182965299684543
171 0.0037450999999999457 0 0 0.2389937106918239 0.6182965299684543
172 0.003932400000000058 0 0 0.2389937106918239 0.6182965299684543
173 0.0038552000000000586 0 0 0.2389937106918239 0.6182965299684543
174 0.003941399999999984 1 1 0.24528301886792453 0.6214511041009464
175 0.003825999999999885 0 0 0.24528301886792453 0.6214511041009464
176 0.003848399999999863 0 0 0.24528301886792453 0.6214511041009464
177 0.0050031999999999854 0 0 0.24528301886792453 0.6214511041009464
178 0.005066500000000085 0 0 0.24528301886792453 0.6214511041009464
179 0.0048103999999999925 0 0 0.24528301886792453 0.6214511041009464
180 0.0049871999999999694 0 0 0.24528301886792453 0.6214511041009464
181 0.004996900000000082 0 0 0.24528301886792453 0.6214511041009464
182 0.005224700000000082 0 0 0.24528301886792453 0.6214511041009464
183 0.005149999999999988 1 1 0.25157232704402516 0.6246056782334385
184 0.004990199999999945 0 0 0.25157232704402516 0.6246056782334385
185 0.004818199999999884 0 0 0.25157232704402516 0.6246056782334385
186 0.004927499999999974 1 1 0.2578616352201258 0.6277602523659306
187 0.005104500000000067 0 0 0.2578616352201258 0.6277602523659306
188 0.005098100000000105 0 0 0.2578616352201258 0.6277602523659306
189 0.005054200000000009 0 0 0.2578616352201258 0.6277602523659306
190 0.004937999999999887 0 0 0.2578616352201258 0.6277602523659306
191 0.00498260000000017 0 0 0.2578616352201258 0.6277602523659306
192 0.005091900000000038 0 0 0.2578616352201258 0.6277602523659306
193 0.005006000000000066 0 0 0.2578616352201258 0.6277602523659306
194 0.004985900000000099 0 0 0.2578616352201258 0.6277602523659306
195 0.0049978999999999996 0 0 0.2578616352201258 0.6277602523659306
196 0.0038002999999999787 0 0 0.2578616352201258 0.6277602523659306
197 0.003908900000000104 1 1 0.2641509433962264 0.6309148264984227
198 0.003494799999999909 0 0 0.2641509433962264 0.6309148264984227
199 0.003943800000000053 0 0 0.2641509433962264 0.6309148264984227
200 0.003941899999999832 0 0 0.2641509433962264 0.6309148264984227
201 0.003925900000000038 0 0 0.2641509433962264 0.6309148264984227
202 0.003876600000000119 0 0 0.2641509433962264 0.6309148264984227
203 0.003905400000000059 0 0 0.2641509433962264 0.6309148264984227
204 0.00388759999999988 0 0 0.2641509433962264 0.6309148264984227
205 0.00391269999999988 1 1 0.27044025157232704 0.6340694006309149
206 0.0039207999999999466 1 1 0.27672955974842767 0.637223974763407
207 0.00397280000000011 0 0 0.27672955974842767 0.637223974763407
208 0.0039003000000001897 0 0 0.27672955974842767 0.637223974763407
209 0.003824700000000014 0 0 0.27672955974842767 0.637223974763407
210 0.003728600000000082 0 0 0.27672955974842767 0.637223974763407
211 0.0038693000000000755 0 0 0.27672955974842767 0.637223974763407
212 0.0039317000000000935 1 1 0.2830188679245283 0.6403785488958991
213 0.003654499999999894 0 0 0.2830188679245283 0.6403785488958991
214 0.0034695999999998506 0 0 0.2830188679245283 0.6403785488958991
215 0.0035263999999999296 0 0 0.2830188679245283 0.6403785488958991
216 0.0034771000000000107 0 0 0.2830188679245283 0.6403785488958991
217 0.003479599999999916 0 0 0.2830188679245283 0.6403785488958991
218 0.003480900000000009 1 1 0.2893081761006289 0.6435331230283912
219 0.0036091000000000317 1 1 0.29559748427672955 0.6466876971608833
220 0.0035681999999999103 0 0 0.29559748427672955 0.6466876971608833
221 0.0034682999999999797 0 0 0.29559748427672955 0.6466876971608833
222 0.0036402000000002044 0 0 0.29559748427672955 0.6466876971608833
223 0.003624400000000083 0 0 0.29559748427672955 0.6466876971608833
224 0.005153999999999881 0 0 0.29559748427672955 0.6466876971608833
225 0.0036437000000000275 1 1 0.3018867924528302 0.6498422712933754
226 0.0050970999999999655 0 0 0.3018867924528302 0.6498422712933754
227 0.005092100000000155 0 0 0.3018867924528302 0.6498422712933754
228 0.005087700000000028 0 0 0.3018867924528302 0.6498422712933754
229 0.005128999999999939 0 0 0.3018867924528302 0.6498422712933754
230 0.005147699999999977 0 0 0.3018867924528302 0.6498422712933754
231 0.004929300000000136 0 0 0.3018867924528302 0.6498422712933754
232 0.005195800000000084 0 0 0.3018867924528302 0.6498422712933754
233 0.0051962999999999315 0 0 0.3018867924528302 0.6498422712933754
234 0.005112100000000064 1 1 0.3081761006289308 0.6529968454258676
235 0.005062300000000075 0 0 0.3081761006289308 0.6529968454258676
236 0.005021799999999965 0 0 0.3081761006289308 0.6529968454258676
237 0.005130099999999915 0 0 0.3081761006289308 0.6529968454258676
238 0.005259400000000136 1 1 0.31446540880503143 0.6561514195583596
239 0.0037371000000001597 0 0 0.31446540880503143 0.6561514195583596
240 0.005246100000000142 0 0 0.31446540880503143 0.6561514195583596
241 0.005164799999999969 1 1 0.32075471698113206 0.6593059936908517
242 0.004900899999999986 0 0 0.32075471698113206 0.6593059936908517
243 0.005144100000000096 0 0 0.32075471698113206 0.6593059936908517
244 0.005242200000000086 0 0 0.32075471698113206 0.6593059936908517
245 0.005214599999999958 0 0 0.32075471698113206 0.6593059936908517
246 0.005086300000000099 0 0 0.32075471698113206 0.6593059936908517
247 0.005086299999999877 0 0 0.32075471698113206 0.6593059936908517
248 0.0036431999999999576 0 0 0.32075471698113206 0.6593059936908517
249 0.0038460999999998524 0 0 0.32075471698113206 0.6593059936908517
250 0.005116600000000027 1 1 0.3270440251572327 0.6624605678233438
251 0.005102299999999893 0 0 0.3270440251572327 0.6624605678233438
252 0.005119699999999838 0 0 0.3270440251572327 0.6624605678233438
253 0.004092999999999902 0 0 0.3270440251572327 0.6624605678233438
254 0.0038337999999999983 1 1 0.3333333333333333 0.6656151419558359
255 0.0040325000000001054 0 0 0.3333333333333333 0.6656151419558359
256 0.003755900000000034 0 0 0.3333333333333333 0.6656151419558359
257 0.007286600000000032 0 0 0.3333333333333333 0.6656151419558359
258 0.00416710000000009 0 0 0.3333333333333333 0.6656151419558359
259 0.003674500000000025 0 0 0.3333333333333333 0.6656151419558359
260 0.004070000000000018 1 1 0.33962264150943394 0.668769716088328
261 0.003921000000000063 1 1 0.34591194968553457 0.6719242902208202
262 0.0038063999999999876 1 1 0.3522012578616352 0.6750788643533123
263 0.0036601999999998913 1 1 0.3584905660377358 0.6782334384858044
264 0.0038306999999999647 0 0 0.3584905660377358 0.6782334384858044
265 0.0054033 1 1 0.36477987421383645 0.6813880126182965
266 0.005327599999999988 0 0 0.36477987421383645 0.6813880126182965
267 0.004889900000000003 1 1 0.3710691823899371 0.6845425867507886
268 0.004298799999999936 1 1 0.37735849056603776 0.6876971608832808
269 0.003700599999999943 0 0 0.37735849056603776 0.6876971608832808
270 0.0037074999999999747 0 0 0.37735849056603776 0.6876971608832808
271 0.003643599999999969 0 0 0.37735849056603776 0.6876971608832808
272 0.0054091000000000555 0 0 0.37735849056603776 0.6876971608832808
273 0.00505880000000003 0 0 0.37735849056603776 0.6876971608832808
274 0.005117299999999991 1 1 0.3836477987421384 0.6908517350157729
275 0.00563899999999995 0 0 0.3836477987421384 0.6908517350157729
276 0.005304799999999998 0 0 0.3836477987421384 0.6908517350157729
277 0.005782500000000024 0 0 0.3836477987421384 0.6908517350157729
278 0.0040071999999999885 1 1 0.389937106918239 0.694006309148265
279 0.005519799999999853 0 0 0.389937106918239 0.694006309148265
280 0.005346800000000096 0 0 0.389937106918239 0.694006309148265
281 0.005685200000000057 1 1 0.39622641509433965 0.6971608832807571
282 0.004527799999999971 1 1 0.4025157232704403 0.7003154574132492
283 0.005459399999999892 0 0 0.4025157232704403 0.7003154574132492
284 0.005677400000000166 0 0 0.4025157232704403 0.7003154574132492
285 0.0041704000000000185 0 0 0.4025157232704403 0.7003154574132492
286 0.0039392000000000316 0 0 0.4025157232704403 0.7003154574132492
287 0.005500799999999861 1 1 0.4088050314465409 0.7034700315457413
288 0.005381699999999823 0 0 0.4088050314465409 0.7034700315457413
289 0.005372100000000213 0 0 0.4088050314465409 0.7034700315457413
290 0.005860699999999941 0 0 0.4088050314465409 0.7034700315457413
291 0.0051547000000000676 1 1 0.41509433962264153 0.7066246056782335
292 0.005530099999999871 0 0 0.41509433962264153 0.7066246056782335
293 0.00539640000000019 0 0 0.41509433962264153 0.7066246056782335
294 0.005346000000000073 1 1 0.42138364779874216 0.7097791798107256
295 0.0053995000000000015 0 0 0.42138364779874216 0.7097791798107256
296 0.005426999999999849 0 0 0.42138364779874216 0.7097791798107256
297 0.005452100000000071 0 0 0.42138364779874216 0.7097791798107256
298 0.005438400000000065 0 0 0.42138364779874216 0.7097791798107256
299 0.005392900000000145 1 1 0.4276729559748428 0.7129337539432177
300 0.005251099999999953 1 1 0.4339622641509434 0.7160883280757098
301 0.005449400000000049 0 0 0.4339622641509434 0.7160883280757098
302 0.005298399999999814 0 0 0.4339622641509434 0.7160883280757098
303 0.005652100000000049 0 0 0.4339622641509434 0.7160883280757098
304 0.005626499999999979 1 1 0.44025157232704404 0.7192429022082019
305 0.005306299999999986 1 1 0.44654088050314467 0.722397476340694
306 0.005331299999999928 1 1 0.4528301886792453 0.7255520504731862
307 0.00552560000000013 0 0 0.4528301886792453 0.7255520504731862
308 0.00543120000000008 0 0 0.4528301886792453 0.7255520504731862
309 0.005453300000000105 1 1 0.4591194968553459 0.7287066246056783
310 0.005404699999999929 0 0 0.4591194968553459 0.7287066246056783
311 0.005478800000000117 0 0 0.4591194968553459 0.7287066246056783
312 0.005537799999999926 1 1 0.46540880503144655 0.7318611987381703
313 0.0039464000000000166 0 0 0.46540880503144655 0.7318611987381703
314 0.005430999999999964 0 0 0.46540880503144655 0.7318611987381703
315 0.004131799999999908 0 0 0.46540880503144655 0.7318611987381703
316 0.003976199999999874 0 0 0.46540880503144655 0.7318611987381703
317 0.00403320000000007 0 0 0.46540880503144655 0.7318611987381703
318 0.0040071999999999885 0 0 0.46540880503144655 0.7318611987381703
319 0.0042383999999999755 0 0 0.46540880503144655 0.7318611987381703
320 0.00538050000000001 0 0 0.46540880503144655 0.7318611987381703
321 0.0055203000000001445 0 0 0.46540880503144655 0.7318611987381703
322 0.004260099999999989 0 0 0.46540880503144655 0.7318611987381703
323 0.004268299999999892 0 0 0.46540880503144655 0.7318611987381703
324 0.004283499999999885 1 1 0.4716981132075472 0.7350157728706624
325 0.004322900000000018 1 1 0.4779874213836478 0.7381703470031545
326 0.00432330000000003 0 0 0.4779874213836478 0.7381703470031545
327 0.0042423999999998685 0 0 0.4779874213836478 0.7381703470031545
328 0.004274299999999842 0 0 0.4779874213836478 0.7381703470031545
329 0.004316700000000173 0 0 0.4779874213836478 0.7381703470031545
330 0.004263599999999812 1 1 0.48427672955974843 0.7413249211356467
331 0.004350700000000041 0 0 0.48427672955974843 0.7413249211356467
332 0.005484999999999962 0 0 0.48427672955974843 0.7413249211356467
333 0.005614499999999856 0 0 0.48427672955974843 0.7413249211356467
334 0.005401699999999954 1 1 0.49056603773584906 0.7444794952681388
335 0.005606599999999906 1 1 0.4968553459119497 0.7476340694006309
336 0.005635400000000068 0 0 0.4968553459119497 0.7476340694006309
337 0.004025000000000167 1 1 0.5031446540880503 0.750788643533123
338 0.0039035000000000597 1 1 0.5094339622641509 0.7539432176656151
339 0.0038175999999998655 0 0 0.5094339622641509 0.7539432176656151
340 0.003815299999999855 0 0 0.5094339622641509 0.7539432176656151
341 0.005542400000000169 0 0 0.5094339622641509 0.7539432176656151
342 0.005678799999999873 0 0 0.5094339622641509 0.7539432176656151
343 0.005552899999999861 1 1 0.5157232704402516 0.7570977917981072
344 0.004138100000000033 0 0 0.5157232704402516 0.7570977917981072
345 0.005519599999999958 0 0 0.5157232704402516 0.7570977917981072
346 0.0055288 0 0 0.5157232704402516 0.7570977917981072
347 0.005538399999999832 0 0 0.5157232704402516 0.7570977917981072
348 0.005578199999999978 1 1 0.5220125786163522 0.7602523659305994
349 0.00560179999999999 0 0 0.5220125786163522 0.7602523659305994
350 0.0056368000000004415 0 0 0.5220125786163522 0.7602523659305994
351 0.0054198999999997 0 0 0.5220125786163522 0.7602523659305994
352 0.005475800000000142 0 0 0.5220125786163522 0.7602523659305994
353 0.005570300000000028 0 0 0.5220125786163522 0.7602523659305994
354 0.005541800000000041 0 0 0.5220125786163522 0.7602523659305994
355 0.005601500000000037 0 0 0.5220125786163522 0.7602523659305994
356 0.005419400000000074 0 0 0.5220125786163522 0.7602523659305994
357 0.005742800000000159 0 0 0.5220125786163522 0.7602523659305994
358 0.005813499999999916 1 1 0.5283018867924528 0.7634069400630915
359 0.004269100000000137 0 0 0.5283018867924528 0.7634069400630915
360 0.003981800000000035 0 0 0.5283018867924528 0.7634069400630915
361 0.004380100000000109 0 0 0.5283018867924528 0.7634069400630915
362 0.004136700000000104 1 1 0.5345911949685535 0.7665615141955836
363 0.004188699999999823 0 0 0.5345911949685535 0.7665615141955836
364 0.0043766999999999 0 0 0.5345911949685535 0.7665615141955836
365 0.004107900000000164 0 0 0.5345911949685535 0.7665615141955836
366 0.004332100000000061 0 0 0.5345911949685535 0.7665615141955836
367 0.004330699999999688 0 0 0.5345911949685535 0.7665615141955836
368 0.004484300000000108 1 1 0.5408805031446541 0.7697160883280757
369 0.004075599999999735 0 0 0.5408805031446541 0.7697160883280757
370 0.004369899999999927 1 1 0.5471698113207547 0.7728706624605678
371 0.0042832000000001536 1 1 0.5534591194968553 0.7760252365930599
372 0.0040759999999999685 1 1 0.559748427672956 0.7791798107255521
373 0.003956800000000094 0 0 0.559748427672956 0.7791798107255521
374 0.004031400000000129 0 0 0.559748427672956 0.7791798107255521
375 0.003890800000000194 0 0 0.559748427672956 0.7791798107255521
376 0.0040632000000000446 1 1 0.5660377358490566 0.7823343848580442
377 0.0044285000000003905 0 0 0.5660377358490566 0.7823343848580442
378 0.00384709999999977 0 0 0.5660377358490566 0.7823343848580442
379 0.004200700000000168 1 1 0.5723270440251572 0.7854889589905363
380 0.003933400000000198 1 1 0.5786163522012578 0.7886435331230284
381 0.004212199999999999 0 0 0.5786163522012578 0.7886435331230284
382 0.004190699999999659 0 0 0.5786163522012578 0.7886435331230284
383 0.004041500000000031 0 0 0.5786163522012578 0.7886435331230284
384 0.004366199999999765 0 0 0.5786163522012578 0.7886435331230284
385 0.0038991999999997695 0 0 0.5786163522012578 0.7886435331230284
386 0.004170900000000088 0 0 0.5786163522012578 0.7886435331230284
387 0.0039032000000003286 0 0 0.5786163522012578 0.7886435331230284
388 0.004141699999999915 0 0 0.5786163522012578 0.7886435331230284
389 0.004561799999999838 0 0 0.5786163522012578 0.7886435331230284
390 0.004486700000000177 0 0 0.5786163522012578 0.7886435331230284
391 0.003934500000000174 0 0 0.5786163522012578 0.7886435331230284
392 0.0038994000000003304 0 0 0.5786163522012578 0.7886435331230284
393 0.004206500000000002 0 0 0.5786163522012578 0.7886435331230284
394 0.0042463999999999835 0 0 0.5786163522012578 0.7886435331230284
395 0.004025099999999782 0 0 0.5786163522012578 0.7886435331230284
396 0.004001499999999769 0 0 0.5786163522012578 0.7886435331230284
397 0.004119500000000276 0 0 0.5786163522012578 0.7886435331230284
398 0.003944699999999912 0 0 0.5786163522012578 0.7886435331230284
399 0.0042159999999999975 1 1 0.5849056603773585 0.7917981072555205
400 0.0038746000000000613 0 0 0.5849056603773585 0.7917981072555205
401 0.00444769999999961 0 0 0.5849056603773585 0.7917981072555205
402 0.0041704000000000185 1 1 0.5911949685534591 0.7949526813880127
403 0.003998199999999841 0 0 0.5911949685534591 0.7949526813880127
404 0.003985899999999987 0 0 0.5911949685534591 0.7949526813880127
405 0.00395639999999986 1 1 0.5974842767295597 0.7981072555205048
406 0.004168599999999856 0 0 0.5974842767295597 0.7981072555205048
407 0.004054700000000189 1 1 0.6037735849056604 0.8012618296529969
408 0.0043743999999996674 0 0 0.6037735849056604 0.8012618296529969
409 0.004024499999999875 0 0 0.6037735849056604 0.8012618296529969
410 0.004031600000000246 0 0 0.6037735849056604 0.8012618296529969
411 0.0040317000000000824 0 0 0.6037735849056604 0.8012618296529969
412 0.004098299999999888 1 1 0.610062893081761 0.804416403785489
413 0.004702899999999843 1 1 0.6163522012578616 0.807570977917981
414 0.004598499999999728 0 0 0.6163522012578616 0.807570977917981
415 0.003984200000000104 0 0 0.6163522012578616 0.807570977917981
416 0.003988099999999939 0 0 0.6163522012578616 0.807570977917981
417 0.004573099999999997 0 0 0.6163522012578616 0.807570977917981
418 0.004488100000000106 1 1 0.6226415094339622 0.8107255520504731
419 0.004027499999999851 0 0 0.6226415094339622 0.8107255520504731
420 0.003954599999999697 0 0 0.6226415094339622 0.8107255520504731
421 0.003888100000000172 0 0 0.6226415094339622 0.8107255520504731
422 0.004026300000000038 0 0 0.6226415094339622 0.8107255520504731
423 0.0040328000000000586 0 0 0.6226415094339622 0.8107255520504731
424 0.004076200000000085 0 0 0.6226415094339622 0.8107255520504731
425 0.0039373000000000324 0 0 0.6226415094339622 0.8107255520504731
426 0.004097199999999912 1 1 0.6289308176100629 0.8138801261829653
427 0.004276199999999619 0 0 0.6289308176100629 0.8138801261829653
428 0.003962299999999974 0 0 0.6289308176100629 0.8138801261829653
429 0.004339400000000104 0 0 0.6289308176100629 0.8138801261829653
430 0.00392809999999999 0 0 0.6289308176100629 0.8138801261829653
431 0.0040325000000001054 0 0 0.6289308176100629 0.8138801261829653
432 0.0040573000000003745 0 0 0.6289308176100629 0.8138801261829653
433 0.004115300000000044 0 0 0.6289308176100629 0.8138801261829653
434 0.004222600000000298 0 0 0.6289308176100629 0.8138801261829653
435 0.004193799999999914 0 0 0.6289308176100629 0.8138801261829653
436 0.004125000000000156 0 0 0.6289308176100629 0.8138801261829653
437 0.00411579999999967 0 0 0.6289308176100629 0.8138801261829653
438 0.004116499999999856 0 0 0.6289308176100629 0.8138801261829653
439 0.004331000000000085 1 1 0.6352201257861635 0.8170347003154574
440 0.004008999999999929 0 0 0.6352201257861635 0.8170347003154574
441 0.004251499999999631 0 0 0.6352201257861635 0.8170347003154574
442 0.004357500000000236 1 1 0.6415094339622641 0.8201892744479495
443 0.003984600000000338 0 0 0.6415094339622641 0.8201892744479495
444 0.004036700000000337 0 0 0.6415094339622641 0.8201892744479495
445 0.004084600000000105 0 0 0.6415094339622641 0.8201892744479495
446 0.00399169999999982 0 0 0.6415094339622641 0.8201892744479495
447 0.004430199999999829 0 0 0.6415094339622641 0.8201892744479495
448 0.003911599999999904 0 0 0.6415094339622641 0.8201892744479495
449 0.004127299999999945 1 1 0.6477987421383647 0.8233438485804416
450 0.004003299999999932 0 0 0.6477987421383647 0.8233438485804416
451 0.004002299999999792 0 0 0.6477987421383647 0.8233438485804416
452 0.004166000000000114 0 0 0.6477987421383647 0.8233438485804416
453 0.0045351999999998505 1 1 0.6540880503144654 0.8264984227129337
454 0.004688499999999873 0 0 0.6540880503144654 0.8264984227129337
455 0.004612199999999955 0 0 0.6540880503144654 0.8264984227129337
456 0.004483899999999874 0 0 0.6540880503144654 0.8264984227129337
457 0.0039485000000003545 0 0 0.6540880503144654 0.8264984227129337
458 0.004151600000000144 1 1 0.660377358490566 0.8296529968454258
459 0.004511899999999791 0 0 0.660377358490566 0.8296529968454258
460 0.004446600000000078 0 0 0.660377358490566 0.8296529968454258
461 0.004143299999999961 0 0 0.660377358490566 0.8296529968454258
462 0.004158699999999627 0 0 0.660377358490566 0.8296529968454258
463 0.00457989999999997 0 0 0.660377358490566 0.8296529968454258
464 0.004025200000000062 0 0 0.660377358490566 0.8296529968454258
465 0.004041700000000148 0 0 0.660377358490566 0.8296529968454258
466 0.003970300000000204 0 0 0.660377358490566 0.8296529968454258
467 0.004278999999999922 0 0 0.660377358490566 0.8296529968454258
468 0.0040312000000000126 0 0 0.660377358490566 0.8296529968454258
469 0.004368299999999881 0 0 0.660377358490566 0.8296529968454258
470 0.004136700000000104 0 0 0.660377358490566 0.8296529968454258
471 0.004081400000000013 0 0 0.660377358490566 0.8296529968454258
472 0.0043560000000000265 0 0 0.660377358490566 0.8296529968454258
473 0.004145499999999913 0 0 0.660377358490566 0.8296529968454258
474 0.004027299999999734 0 0 0.660377358490566 0.8296529968454258
475 0.004305500000000073 0 0 0.660377358490566 0.8296529968454258
476 0.00413830000000015 0 0 0.660377358490566 0.8296529968454258
477 0.0045594999999996055 0 0 0.660377358490566 0.8296529968454258
478 0.004115699999999833 0 0 0.660377358490566 0.8296529968454258
479 0.004057100000000258 0 0 0.660377358490566 0.8296529968454258
480 0.0042551999999997925 1 1 0.6666666666666666 0.832807570977918
481 0.004591500000000082 0 0 0.6666666666666666 0.832807570977918
482 0.0058476999999999 0 0 0.6666666666666666 0.832807570977918
483 0.004540899999999848 1 1 0.6729559748427673 0.8359621451104101
484 0.004142499999999938 0 0 0.6729559748427673 0.8359621451104101
485 0.004523700000000019 0 0 0.6729559748427673 0.8359621451104101
486 0.0042901999999998 1 1 0.6792452830188679 0.8391167192429022
487 0.004504400000000075 1 1 0.6855345911949685 0.8422712933753943
488 0.0048082999999996545 1 1 0.6918238993710691 0.8454258675078864
489 0.004320299999999833 0 0 0.6918238993710691 0.8454258675078864
490 0.004678899999999597 0 0 0.6918238993710691 0.8454258675078864
491 0.004600500000000007 0 0 0.6918238993710691 0.8454258675078864
492 0.004309800000000141 0 0 0.6918238993710691 0.8454258675078864
493 0.004453400000000052 0 0 0.6918238993710691 0.8454258675078864
494 0.004099400000000308 0 0 0.6918238993710691 0.8454258675078864
495 0.0047839999999998994 0 0 0.6918238993710691 0.8454258675078864
496 0.004758099999999654 0 0 0.6918238993710691 0.8454258675078864
497 0.0047863999999999685 1 1 0.6981132075471698 0.8485804416403786
498 0.004779199999999761 0 0 0.6981132075471698 0.8485804416403786
499 0.004509899999999956 0 0 0.6981132075471698 0.8485804416403786
500 0.004610599999999909 0 0 0.6981132075471698 0.8485804416403786
501 0.004609499999999933 1 1 0.7044025157232704 0.8517350157728707
502 0.0046968000000000565 0 0 0.7044025157232704 0.8517350157728707
503 0.00466679999999986 0 0 0.7044025157232704 0.8517350157728707
504 0.004792099999999966 1 1 0.710691823899371 0.8548895899053628
505 0.004618600000000139 0 0 0.710691823899371 0.8548895899053628
506 0.0046088000000001905 0 0 0.710691823899371 0.8548895899053628
507 0.004224900000000087 0 0 0.710691823899371 0.8548895899053628
508 0.004814200000000213 0 0 0.710691823899371 0.8548895899053628
509 0.004330799999999968 0 0 0.710691823899371 0.8548895899053628
510 0.004773799999999717 0 0 0.710691823899371 0.8548895899053628
511 0.00462209999999974 0 0 0.710691823899371 0.8548895899053628
512 0.0043079999999999785 1 1 0.7169811320754716 0.8580441640378549
513 0.004780099999999621 0 0 0.7169811320754716 0.8580441640378549
514 0.004670399999999741 0 0 0.7169811320754716 0.8580441640378549
515 0.004692499999999988 0 0 0.7169811320754716 0.8580441640378549
516 0.004482299999999828 0 0 0.7169811320754716 0.8580441640378549
517 0.004743599999999848 0 0 0.7169811320754716 0.8580441640378549
518 0.004674700000000254 0 0 0.7169811320754716 0.8580441640378549
519 0.004365699999999695 0 0 0.7169811320754716 0.8580441640378549
520 0.0046263999999998084 0 0 0.7169811320754716 0.8580441640378549
521 0.004630000000000134 0 0 0.7169811320754716 0.8580441640378549
522 0.004633800000000132 0 0 0.7169811320754716 0.8580441640378549
523 0.004299399999999842 0 0 0.7169811320754716 0.8580441640378549
524 0.0044405000000002914 0 0 0.7169811320754716 0.8580441640378549
525 0.004508099999999793 0 0 0.7169811320754716 0.8580441640378549
526 0.004373999999999878 0 0 0.7169811320754716 0.8580441640378549
527 0.00467969999999962 0 0 0.7169811320754716 0.8580441640378549
528 0.004488199999999942 0 0 0.7169811320754716 0.8580441640378549
529 0.004477500000000134 0 0 0.7169811320754716 0.8580441640378549
530 0.0046712000000002085 0 0 0.7169811320754716 0.8580441640378549
531 0.004645800000000033 0 0 0.7169811320754716 0.8580441640378549
532 0.004266300000000278 0 0 0.7169811320754716 0.8580441640378549
533 0.004540500000000058 0 0 0.7169811320754716 0.8580441640378549
534 0.004277300000000039 1 1 0.7232704402515723 0.861198738170347
535 0.004271499999999762 0 0 0.7232704402515723 0.861198738170347
536 0.004337600000000386 0 0 0.7232704402515723 0.861198738170347
537 0.004227299999999712 0 0 0.7232704402515723 0.861198738170347
538 0.0043215999999999255 0 0 0.7232704402515723 0.861198738170347
539 0.004389399999999988 1 1 0.7295597484276729 0.8643533123028391
540 0.004243900000000078 0 0 0.7295597484276729 0.8643533123028391
541 0.004357700000000353 0 0 0.7295597484276729 0.8643533123028391
542 0.004583900000000085 0 0 0.7295597484276729 0.8643533123028391
543 0.004241299999999892 0 0 0.7295597484276729 0.8643533123028391
544 0.004343500000000056 0 0 0.7295597484276729 0.8643533123028391
545 0.004284199999999849 1 1 0.7358490566037735 0.8675078864353313
546 0.004542700000000011 0 0 0.7358490566037735 0.8675078864353313
547 0.004393800000000336 0 0 0.7358490566037735 0.8675078864353313
548 0.004597100000000243 0 0 0.7358490566037735 0.8675078864353313
549 0.004743699999999684 0 0 0.7358490566037735 0.8675078864353313
550 0.00491380000000019 0 0 0.7358490566037735 0.8675078864353313
551 0.004347500000000171 0 0 0.7358490566037735 0.8675078864353313
552 0.004539400000000082 0 0 0.7358490566037735 0.8675078864353313
553 0.004527599999999854 0 0 0.7358490566037735 0.8675078864353313
554 0.004280100000000342 1 1 0.7421383647798742 0.8706624605678234
555 0.007893499999999776 0 0 0.7421383647798742 0.8706624605678234
556 0.004585300000000014 0 0 0.7421383647798742 0.8706624605678234
557 0.004886099999999782 0 0 0.7421383647798742 0.8706624605678234
558 0.004410700000000212 0 0 0.7421383647798742 0.8706624605678234
559 0.0046159999999999535 0 0 0.7421383647798742 0.8706624605678234
560 0.004406800000000377 0 0 0.7421383647798742 0.8706624605678234
561 0.00476870000000007 0 0 0.7421383647798742 0.8706624605678234
562 0.004742900000000105 0 0 0.7421383647798742 0.8706624605678234
563 0.004758100000000098 0 0 0.7421383647798742 0.8706624605678234
564 0.00440660000000026 0 0 0.7421383647798742 0.8706624605678234
565 0.004619499999999999 1 1 0.7484276729559748 0.8738170347003155
566 0.0047602999999996065 0 0 0.7484276729559748 0.8738170347003155
567 0.004779899999999948 0 0 0.7484276729559748 0.8738170347003155
568 0.004657200000000028 0 0 0.7484276729559748 0.8738170347003155
569 0.0042815999999996635 0 0 0.7484276729559748 0.8738170347003155
570 0.00481340000000019 1 1 0.7547169811320755 0.8769716088328076
571 0.004843600000000059 0 0 0.7547169811320755 0.8769716088328076
572 0.004382300000000061 0 0 0.7547169811320755 0.8769716088328076
573 0.004361199999999954 0 0 0.7547169811320755 0.8769716088328076
574 0.004587599999999803 0 0 0.7547169811320755 0.8769716088328076
575 0.004359099999999838 0 0 0.7547169811320755 0.8769716088328076
576 0.004835499999999993 1 1 0.7610062893081762 0.8801261829652997
577 0.004295599999999844 0 0 0.7610062893081762 0.8801261829652997
578 0.004214300000000115 0 0 0.7610062893081762 0.8801261829652997
579 0.004636300000000038 0 0 0.7610062893081762 0.8801261829652997
580 0.004391000000000034 0 0 0.7610062893081762 0.8801261829652997
581 0.004586899999999616 0 0 0.7610062893081762 0.8801261829652997
582 0.004851299999999892 1 1 0.7672955974842768 0.8832807570977917
583 0.004785200000000156 0 0 0.7672955974842768 0.8832807570977917
584 0.004544199999999776 0 0 0.7672955974842768 0.8832807570977917
585 0.004363099999999953 0 0 0.7672955974842768 0.8832807570977917
586 0.004367499999999858 1 1 0.7735849056603774 0.886435331230284
587 0.004295599999999844 1 1 0.779874213836478 0.889589905362776
588 0.004812300000000214 0 0 0.779874213836478 0.889589905362776
589 0.004394899999999868 0 0 0.779874213836478 0.889589905362776
590 0.004321000000000019 1 1 0.7861635220125787 0.8927444794952681
591 0.0044232000000001825 0 0 0.7861635220125787 0.8927444794952681
592 0.004340699999999753 0 0 0.7861635220125787 0.8927444794952681
593 0.004274800000000134 0 0 0.7861635220125787 0.8927444794952681
594 0.004254800000000003 1 1 0.7924528301886793 0.8958990536277602
595 0.004491699999999987 1 1 0.7987421383647799 0.8990536277602523
596 0.0045290999999996195 0 0 0.7987421383647799 0.8990536277602523
597 0.004418299999999764 0 0 0.7987421383647799 0.8990536277602523
598 0.00485409999999975 0 0 0.7987421383647799 0.8990536277602523
599 0.004704199999999936 0 0 0.7987421383647799 0.8990536277602523
600 0.0045448000000001265 0 0 0.7987421383647799 0.8990536277602523
601 0.004277899999999946 0 0 0.7987421383647799 0.8990536277602523
602 0.004949300000000267 0 0 0.7987421383647799 0.8990536277602523
603 0.005028099999999647 0 0 0.7987421383647799 0.8990536277602523
604 0.004912599999999934 0 0 0.7987421383647799 0.8990536277602523
605 0.004975599999999858 1 1 0.8050314465408805 0.9022082018927445
606 0.004241800000000406 1 1 0.8113207547169812 0.9053627760252366
607 0.004370700000000394 1 1 0.8176100628930818 0.9085173501577287
608 0.004344499999999751 0 0 0.8176100628930818 0.9085173501577287
609 0.004379299999999642 0 0 0.8176100628930818 0.9085173501577287
610 0.004573199999999833 0 0 0.8176100628930818 0.9085173501577287
611 0.004356600000000377 1 1 0.8238993710691824 0.9116719242902208
612 0.004411000000000165 0 0 0.8238993710691824 0.9116719242902208
613 0.004350700000000263 0 0 0.8238993710691824 0.9116719242902208
614 0.004330899999999804 0 0 0.8238993710691824 0.9116719242902208
615 0.004307599999999745 0 0 0.8238993710691824 0.9116719242902208
616 0.004363399999999906 0 0 0.8238993710691824 0.9116719242902208
617 0.0043167999999997875 1 1 0.8301886792452831 0.9148264984227129
618 0.004322099999999995 0 0 0.8301886792452831 0.9148264984227129
619 0.004282200000000014 0 0 0.8301886792452831 0.9148264984227129
620 0.0043464000000001946 0 0 0.8301886792452831 0.9148264984227129
621 0.004490999999999801 0 0 0.8301886792452831 0.9148264984227129
622 0.004555800000000332 0 0 0.8301886792452831 0.9148264984227129
623 0.004698499999999939 0 0 0.8301886792452831 0.9148264984227129
624 0.004916900000000002 0 0 0.8301886792452831 0.9148264984227129
625 0.004460300000000306 1 1 0.8364779874213837 0.917981072555205
626 0.004567499999999836 1 1 0.8427672955974843 0.9211356466876972
627 0.00455910000000026 1 1 0.8490566037735849 0.9242902208201893
628 0.004467299999999952 1 1 0.8553459119496856 0.9274447949526814
629 0.0044279999999998765 0 0 0.8553459119496856 0.9274447949526814
630 0.004864500000000049 0 0 0.8553459119496856 0.9274447949526814
631 0.004441200000000034 0 0 0.8553459119496856 0.9274447949526814
632 0.0049082999999998655 1 1 0.8616352201257862 0.9305993690851735
633 0.004813100000000237 0 0 0.8616352201257862 0.9305993690851735
634 0.004366800000000115 0 0 0.8616352201257862 0.9305993690851735
635 0.0045319999999997584 0 0 0.8616352201257862 0.9305993690851735
636 0.004517400000000116 1 1 0.8679245283018868 0.9337539432176656
637 0.0044199999999996464 0 0 0.8679245283018868 0.9337539432176656
638 0.00452869999999983 0 0 0.8679245283018868 0.9337539432176656
639 0.004515399999999836 0 0 0.8679245283018868 0.9337539432176656
640 0.004462000000000188 0 0 0.8679245283018868 0.9337539432176656
641 0.004427800000000204 0 0 0.8679245283018868 0.9337539432176656
642 0.004618699999999976 0 0 0.8679245283018868 0.9337539432176656
643 0.004549900000000218 1 1 0.8742138364779874 0.9369085173501577
644 0.0043542999999997 0 0 0.8742138364779874 0.9369085173501577
645 0.004461800000000071 0 0 0.8742138364779874 0.9369085173501577
646 0.004644299999999824 0 0 0.8742138364779874 0.9369085173501577
647 0.004577700000000018 1 1 0.8805031446540881 0.9400630914826499
648 0.0044245000000002754 0 0 0.8805031446540881 0.9400630914826499
649 0.004403500000000005 0 0 0.8805031446540881 0.9400630914826499
650 0.004297299999999726 0 0 0.8805031446540881 0.9400630914826499
651 0.004919399999999907 1 1 0.8867924528301887 0.943217665615142
652 0.004549700000000101 0 0 0.8867924528301887 0.943217665615142
653 0.0048712000000001865 0 0 0.8867924528301887 0.943217665615142
654 0.0044824000000001085 0 0 0.8867924528301887 0.943217665615142
655 0.004552700000000076 0 0 0.8867924528301887 0.943217665615142
656 0.004628900000000158 0 0 0.8867924528301887 0.943217665615142
657 0.00445709999999977 0 0 0.8867924528301887 0.943217665615142
658 0.004545199999999916 1 1 0.8930817610062893 0.9463722397476341
659 0.004666600000000187 1 1 0.89937106918239 0.9495268138801262
660 0.004445999999999728 0 0 0.89937106918239 0.9495268138801262
661 0.004269100000000137 0 0 0.89937106918239 0.9495268138801262
662 0.004719099999999976 1 1 0.9056603773584906 0.9526813880126183
663 0.00451479999999993 0 0 0.9056603773584906 0.9526813880126183
664 0.004803900000000194 0 0 0.9056603773584906 0.9526813880126183
665 0.004459499999999839 1 1 0.9119496855345912 0.9558359621451105
666 0.006279399999999935 0 0 0.9119496855345912 0.9558359621451105
667 0.006615799999999616 0 0 0.9119496855345912 0.9558359621451105
668 0.006651300000000138 1 1 0.9182389937106918 0.9589905362776026
669 0.006562500000000249 0 0 0.9182389937106918 0.9589905362776026
670 0.006582700000000052 0 0 0.9182389937106918 0.9589905362776026
671 0.005081300000000066 0 0 0.9182389937106918 0.9589905362776026
672 0.004726300000000183 1 1 0.9245283018867925 0.9621451104100947
673 0.005058000000000007 0 0 0.9245283018867925 0.9621451104100947
674 0.005219599999999769 0 0 0.9245283018867925 0.9621451104100947
675 0.004754599999999609 0 0 0.9245283018867925 0.9621451104100947
676 0.005102700000000127 0 0 0.9245283018867925 0.9621451104100947
677 0.00510900000000003 0 0 0.9245283018867925 0.9621451104100947
678 0.004730000000000345 1 1 0.9308176100628931 0.9652996845425867
679 0.004754900000000006 0 0 0.9308176100628931 0.9652996845425867
680 0.004817899999999931 1 1 0.9371069182389937 0.9684542586750788
681 0.004613199999999651 0 0 0.9371069182389937 0.9684542586750788
682 0.004700600000000055 0 0 0.9371069182389937 0.9684542586750788
683 0.006529400000000241 0 0 0.9371069182389937 0.9684542586750788
684 0.004658099999999887 1 1 0.9433962264150944 0.9716088328075709
685 0.006518599999999708 0 0 0.9433962264150944 0.9716088328075709
686 0.006592400000000165 0 0 0.9433962264150944 0.9716088328075709
687 0.004798099999999916 1 1 0.949685534591195 0.9747634069400631
688 0.0051472000000001294 0 0 0.949685534591195 0.9747634069400631
689 0.004813299999999909 0 0 0.949685534591195 0.9747634069400631
690 0.0047039999999998194 0 0 0.949685534591195 0.9747634069400631
691 0.005040699999999898 0 0 0.949685534591195 0.9747634069400631
692 0.004437999999999942 0 0 0.949685534591195 0.9747634069400631
693 0.004670500000000022 0 0 0.949685534591195 0.9747634069400631
694 0.00457289999999988 0 0 0.949685534591195 0.9747634069400631
695 0.004580999999999946 0 0 0.949685534591195 0.9747634069400631
696 0.004623999999999739 1 1 0.9559748427672956 0.9779179810725552
697 0.004773499999999764 0 0 0.9559748427672956 0.9779179810725552
698 0.007831900000000225 0 0 0.9559748427672956 0.9779179810725552
699 0.004414700000000327 0 0 0.9559748427672956 0.9779179810725552
700 0.004418900000000114 0 0 0.9559748427672956 0.9779179810725552
701 0.005178100000000185 0 0 0.9559748427672956 0.9779179810725552
702 0.00472600000000023 1 1 0.9622641509433962 0.9810725552050473
703 0.004726599999999692 0 0 0.9622641509433962 0.9810725552050473
704 0.005210200000000054 0 0 0.9622641509433962 0.9810725552050473
705 0.005208200000000218 0 0 0.9622641509433962 0.9810725552050473
706 0.005167900000000003 0 0 0.9622641509433962 0.9810725552050473
707 0.005168900000000143 0 0 0.9622641509433962 0.9810725552050473
708 0.005181400000000114 0 0 0.9622641509433962 0.9810725552050473
709 0.005193000000000225 0 0 0.9622641509433962 0.9810725552050473
710 0.005132600000000043 0 0 0.9622641509433962 0.9810725552050473
711 0.005273299999999814 0 0 0.9622641509433962 0.9810725552050473
712 0.0051738999999999535 0 0 0.9622641509433962 0.9810725552050473
713 0.00495110000000043 0 0 0.9622641509433962 0.9810725552050473
714 0.004528400000000321 0 0 0.9622641509433962 0.9810725552050473
715 0.004603600000000263 0 0 0.9622641509433962 0.9810725552050473
716 0.005002499999999799 1 1 0.9685534591194969 0.9842271293375394
717 0.0052219000000000015 0 0 0.9685534591194969 0.9842271293375394
718 0.004542700000000011 0 0 0.9685534591194969 0.9842271293375394
719 0.004777400000000043 0 0 0.9685534591194969 0.9842271293375394
720 0.004509500000000166 0 0 0.9685534591194969 0.9842271293375394
721 0.0051464000000001064 0 0 0.9685534591194969 0.9842271293375394
722 0.004884499999999736 0 0 0.9685534591194969 0.9842271293375394
723 0.004576699999999878 0 0 0.9685534591194969 0.9842271293375394
724 0.004672400000000021 0 0 0.9685534591194969 0.9842271293375394
725 0.004634100000000085 0 0 0.9685534591194969 0.9842271293375394
726 0.004540399999999778 0 0 0.9685534591194969 0.9842271293375394
727 0.004582799999999665 0 0 0.9685534591194969 0.9842271293375394
728 0.004615400000000047 0 0 0.9685534591194969 0.9842271293375394
729 0.0045535999999999355 0 0 0.9685534591194969 0.9842271293375394
730 0.00458829999999999 0 0 0.9685534591194969 0.9842271293375394
731 0.004447700000000054 0 0 0.9685534591194969 0.9842271293375394
732 0.004732499999999806 0 0 0.9685534591194969 0.9842271293375394
733 0.004690999999999779 0 0 0.9685534591194969 0.9842271293375394
734 0.0047304000000001345 0 0 0.9685534591194969 0.9842271293375394
735 0.004831099999999644 0 0 0.9685534591194969 0.9842271293375394
736 0.005256099999999986 1 1 0.9748427672955975 0.9873817034700315
737 0.004667199999999649 0 0 0.9748427672955975 0.9873817034700315
738 0.00504339999999992 1 1 0.9811320754716981 0.9905362776025236
739 0.005026899999999834 0 0 0.9811320754716981 0.9905362776025236
740 0.004860899999999724 0 0 0.9811320754716981 0.9905362776025236
741 0.005203399999999636 0 0 0.9811320754716981 0.9905362776025236
742 0.004636600000000435 0 0 0.9811320754716981 0.9905362776025236
743 0.005012400000000028 0 0 0.9811320754716981 0.9905362776025236
744 0.0047055999999998654 0 0 0.9811320754716981 0.9905362776025236
745 0.004608300000000121 1 1 0.9874213836477987 0.9936908517350158
746 0.004612200000000399 0 0 0.9874213836477987 0.9936908517350158
747 0.004484699999999897 0 0 0.9874213836477987 0.9936908517350158
748 0.0052392000000001104 0 0 0.9874213836477987 0.9936908517350158
749 0.004572600000000371 0 0 0.9874213836477987 0.9936908517350158
750 0.00470899999999963 0 0 0.9874213836477987 0.9936908517350158
751 0.004474300000000042 0 0 0.9874213836477987 0.9936908517350158
752 0.006677599999999728 1 1 0.9937106918238994 0.9968454258675079
753 0.006668799999999919 0 0 0.9937106918238994 0.9968454258675079
754 0.006588000000000704 0 0 0.9937106918238994 0.9968454258675079
755 0.006651399999999974 0 0 0.9937106918238994 0.9968454258675079
756 0.006656600000000346 0 0 0.9937106918238994 0.9968454258675079
757 0.00663009999999975 0 0 0.9937106918238994 0.9968454258675079
758 0.0065931999999993 0 0 0.9937106918238994 0.9968454258675079
759 0.006415899999999475 0 0 0.9937106918238994 0.9968454258675079
760 0.0066405999999998855 0 0 0.9937106918238994 0.9968454258675079
761 0.006776700000000524 0 0 0.9937106918238994 0.9968454258675079
762 0.006690799999999442 0 0 0.9937106918238994 0.9968454258675079
763 0.006714000000000553 0 0 0.9937106918238994 0.9968454258675079
764 0.0053269999999994155 1 1 1.0 1.0
