25 0.6 0.2
1 0.0007192000000000032 0 0 0.0 0.5106382978723404
2 0.0007396000000000069 1 0 0.041666666666666664 0.5106382978723404
3 0.0007315999999999989 0 0 0.041666666666666664 0.5106382978723404
4 0.0008238000000000134 0 0 0.041666666666666664 0.5106382978723404
5 0.0006585000000000063 1 1 0.08333333333333333 0.5319148936170213
6 0.0005222000000000004 1 0 0.125 0.5319148936170213
7 0.0005322000000000104 1 2 0.16666666666666666 0.574468085106383
8 0.0005606999999999973 1 0 0.20833333333333334 0.574468085106383
9 0.0005236999999999881 0 0 0.20833333333333334 0.574468085106383
10 0.0005124999999999991 1 0 0.25 0.574468085106383
11 0.0005310999999999788 0 0 0.25 0.574468085106383
12 0.0005933999999999939 1 0 0.2916666666666667 0.574468085106383
13 0.0007044000000000217 0 2 0.2916666666666667 0.6170212765957447
14 0.0006798000000000082 1 0 0.3333333333333333 0.6170212765957447
15 0.00065670000000001 0 0 0.3333333333333333 0.6170212765957447
16 0.000731499999999996 1 1 0.375 0.6382978723404256
17 0.0006502999999999926 1 0 0.4166666666666667 0.6382978723404256
18 0.0006229000000000096 0 0 0.4166666666666667 0.6382978723404256
19 0.0005824000000000107 1 0 0.4583333333333333 0.6382978723404256
20 0.0006798000000000082 1 0 0.5 0.6382978723404256
21 0.0006861999999999979 0 0 0.5 0.6382978723404256
22 0.0007787999999999962 1 1 0.5416666666666666 0.6595744680851063
23 0.000723499999999988 0 1 0.5416666666666666 0.6808510638297872
24 0.0006352000000000024 1 0 0.5833333333333334 0.6808510638297872
25 0.0006888999999999923 1 2 0.625 0.723404255319149
26 0.0006975999999999927 1 1 0.6666666666666666 0.7446808510638298
27 0.000816100000000014 1 0 0.7083333333333334 0.7446808510638298
28 0.0007088000000000094 0 1 0.7083333333333334 0.7659574468085106
29 0.0006503999999999954 0 0 0.7083333333333334 0.7659574468085106
30 0.0011798000000000086 1 0 0.75 0.7659574468085106
31 0.0007762000000000047 0 1 0.75 0.7872340425531915
32 0.0006923000000000068 1 0 0.7916666666666666 0.7872340425531915
33 0.000765700000000008 1 1 0.8333333333333334 0.8085106382978723
34 0.0006743999999999917 1 2 0.875 0.851063829787234
35 0.0007599999999999829 1 0 0.9166666666666666 0.851063829787234
36 0.0008197000000000065 0 0 0.9166666666666666 0.851063829787234
37 0.0011646000000000156 1 1 0.9583333333333334 0.8723404255319149
38 0.0008318999999999965 1 1 1.0 0.8936170212765957
39 0.001016099999999992 0 1 1.0 0.9148936170212766
40 0.0009038000000000102 0 0 1.0 0.9148936170212766
41 0.0007730999999999988 0 0 1.0 0.9148936170212766
42 0.0007884000000000224 0 1 1.0 0.9361702127659575
43 0.0015138000000000096 0 0 1.0 0.9361702127659575
44 0.0013000999999999985 0 1 1.0 0.9574468085106383
45 0.0009462000000000081 0 0 1.0 0.9574468085106383
46 0.0009963000000000055 0 0 1.0 0.9574468085106383
47 0.0010101999999999889 0 0 1.0 0.9574468085106383
48 0.0008617999999999959 0 0 1.0 0.9574468085106383
49 0.0011943000000000092 0 0 1.0 0.9574468085106383
50 0.0008276000000000117 0 0 1.0 0.9574468085106383
51 0.0008712999999999915 0 1 1.0 0.9787234042553191
52 0.0007737999999999912 0 0 1.0 0.9787234042553191
53 0.0007813000000000125 0 1 1.0 1.0
