200 0.9 1.0
1 0.0048472000000000515 1 0 0.005025125628140704 0.5012594458438288
2 0.00452829999999993 1 1 0.010050251256281407 0.5037783375314862
3 0.004494200000000004 1 1 0.01507537688442211 0.5062972292191436
4 0.004604900000000023 1 1 0.020100502512562814 0.5088161209068011
5 0.005600600000000067 0 0 0.020100502512562814 0.5088161209068011
6 0.00454690000000002 0 0 0.020100502512562814 0.5088161209068011
7 0.006228400000000023 1 1 0.02512562814070352 0.5113350125944585
8 0.005341200000000046 1 1 0.03015075376884422 0.5138539042821159
9 0.004643000000000064 1 1 0.035175879396984924 0.5163727959697733
10 0.004574599999999984 1 1 0.04020100502512563 0.5188916876574308
11 0.004678599999999977 1 1 0.04522613065326633 0.5214105793450882
12 0.004541200000000023 1 1 0.05025125628140704 0.5239294710327456
13 0.004548700000000072 0 0 0.05025125628140704 0.5239294710327456
14 0.004708299999999999 1 1 0.05527638190954774 0.5264483627204031
15 0.004785499999999998 0 0 0.05527638190954774 0.5264483627204031
16 0.004769000000000023 1 1 0.06030150753768844 0.5289672544080605
17 0.004642599999999941 1 1 0.06532663316582915 0.5314861460957179
18 0.005054200000000009 1 1 0.07035175879396985 0.5340050377833753
19 0.005261799999999983 1 1 0.07537688442211055 0.5365239294710328
20 0.004833399999999988 1 1 0.08040201005025126 0.5390428211586902
21 0.00541859999999994 1 1 0.08542713567839195 0.5415617128463476
22 0.004921100000000012 1 1 0.09045226130653267 0.5440806045340051
23 0.005352000000000023 1 1 0.09547738693467336 0.5465994962216625
24 0.00525169999999997 1 1 0.10050251256281408 0.5491183879093199
25 0.005227899999999952 1 1 0.10552763819095477 0.5516372795969773
26 0.004906999999999995 1 1 0.11055276381909548 0.5541561712846348
27 0.005084199999999983 0 0 0.11055276381909548 0.5541561712846348
28 0.004952199999999962 1 1 0.11557788944723618 0.5566750629722922
29 0.004899700000000062 1 1 0.12060301507537688 0.5591939546599496
30 0.005381199999999975 1 1 0.12562814070351758 0.5617128463476071
31 0.005169199999999985 1 1 0.1306532663316583 0.5642317380352645
32 0.00508900000000001 0 0 0.1306532663316583 0.5642317380352645
33 0.005703400000000025 1 1 0.135678391959799 0.5667506297229219
34 0.005054800000000026 1 1 0.1407035175879397 0.5692695214105793
35 0.0058154999999999735 1 1 0.1457286432160804 0.5717884130982368
36 0.005215399999999981 1 1 0.1507537688442211 0.5743073047858942
37 0.004896299999999965 1 1 0.15577889447236182 0.5768261964735516
38 0.005046600000000012 1 1 0.16080402010050251 0.5793450881612091
39 0.005138799999999999 1 1 0.1658291457286432 0.5818639798488665
40 0.0053145 1 1 0.1708542713567839 0.5843828715365239
41 0.00541910000000001 1 1 0.17587939698492464 0.5869017632241813
42 0.005544899999999964 1 1 0.18090452261306533 0.5894206549118388
43 0.006760500000000058 1 1 0.18592964824120603 0.5919395465994962
44 0.006821499999999925 1 1 0.19095477386934673 0.5944584382871536
45 0.006942000000000004 1 1 0.19597989949748743 0.5969773299748111
46 0.006492100000000001 1 1 0.20100502512562815 0.5994962216624685
47 0.0053859000000000545 1 1 0.20603015075376885 0.6020151133501259
48 0.0051003000000000576 1 1 0.21105527638190955 0.6045340050377834
49 0.005289800000000011 1 1 0.21608040201005024 0.6070528967254408
50 0.005430400000000057 1 1 0.22110552763819097 0.6095717884130982
51 0.005479600000000029 1 1 0.22613065326633167 0.6120906801007556
52 0.005645400000000023 0 0 0.22613065326633167 0.6120906801007556
53 0.0052082999999999435 1 1 0.23115577889447236 0.6146095717884131
54 0.00541259999999999 1 1 0.23618090452261306 0.6171284634760705
55 0.005392700000000028 0 0 0.23618090452261306 0.6171284634760705
56 0.005291899999999905 0 0 0.23618090452261306 0.6171284634760705
57 0.0059323000000000015 1 1 0.24120603015075376 0.6196473551637279
58 0.005286999999999931 1 1 0.24623115577889448 0.6221662468513854
59 0.005507799999999952 1 1 0.25125628140703515 0.6246851385390428
60 0.007401500000000061 1 1 0.2562814070351759 0.6272040302267002
61 0.005531200000000069 1 1 0.2613065326633166 0.6297229219143576
62 0.006004600000000027 1 1 0.2663316582914573 0.6322418136020151
63 0.005404799999999987 1 1 0.271356783919598 0.6347607052896725
64 0.005823200000000028 1 1 0.27638190954773867 0.6372795969773299
65 0.005967000000000056 1 1 0.2814070351758794 0.6397984886649875
66 0.005980399999999997 1 1 0.2864321608040201 0.6423173803526449
67 0.005478100000000041 1 1 0.2914572864321608 0.6448362720403022
68 0.006125700000000012 1 1 0.2964824120603015 0.6473551637279596
69 0.005902399999999974 1 1 0.3015075376884422 0.6498740554156172
70 0.005498299999999956 0 0 0.3015075376884422 0.6498740554156172
71 0.005580699999999994 1 1 0.3065326633165829 0.6523929471032746
72 0.005583600000000022 1 1 0.31155778894472363 0.654911838790932
73 0.0060611000000000415 1 1 0.3165829145728643 0.6574307304785895
74 0.005764800000000014 0 0 0.3165829145728643 0.6574307304785895
75 0.005638900000000002 1 1 0.32160804020100503 0.6599496221662469
76 0.005895400000000106 1 1 0.32663316582914576 0.6624685138539043
77 0.005761699999999981 1 1 0.3316582914572864 0.6649874055415617
78 0.0057219000000000575 1 1 0.33668341708542715 0.6675062972292192
79 0.0075536999999999965 1 1 0.3417085427135678 0.6700251889168766
80 0.007601199999999975 1 1 0.34673366834170855 0.672544080604534
81 0.007553400000000043 1 1 0.35175879396984927 0.6750629722921915
82 0.0076808999999999905 0 0 0.35175879396984927 0.6750629722921915
83 0.007928999999999853 0 0 0.35175879396984927 0.6750629722921915
84 0.007966999999999835 1 1 0.35678391959798994 0.6775818639798489
85 0.007487599999999928 1 1 0.36180904522613067 0.6801007556675063
86 0.006454900000000041 1 1 0.36683417085427134 0.6826196473551638
87 0.007578300000000038 0 0 0.36683417085427134 0.6826196473551638
88 0.005932999999999966 0 0 0.36683417085427134 0.6826196473551638
89 0.00601039999999986 1 1 0.37185929648241206 0.6851385390428212
90 0.005801399999999957 1 1 0.3768844221105528 0.6876574307304786
91 0.005968699999999938 1 1 0.38190954773869346 0.690176322418136
92 0.005680700000000094 1 1 0.3869346733668342 0.6926952141057935
93 0.006152099999999994 1 1 0.39195979899497485 0.6952141057934509
94 0.00622160000000016 1 1 0.3969849246231156 0.6977329974811083
95 0.005755999999999872 1 1 0.4020100502512563 0.7002518891687658
96 0.005930400000000002 1 1 0.40703517587939697 0.7027707808564232
97 0.00819800000000015 1 1 0.4120603015075377 0.7052896725440806
98 0.008277199999999985 1 1 0.41708542713567837 0.707808564231738
99 0.007867000000000068 1 1 0.4221105527638191 0.7103274559193955
100 0.012401099999999943 1 1 0.4271356783919598 0.7128463476070529
101 0.008187700000000131 1 1 0.4321608040201005 0.7153652392947103
102 0.00794830000000002 1 1 0.4371859296482412 0.7178841309823678
103 0.0060837999999998615 0 0 0.4371859296482412 0.7178841309823678
104 0.00609140000000008 1 1 0.44221105527638194 0.7204030226700252
105 0.006136699999999884 1 1 0.4472361809045226 0.7229219143576826
106 0.006158300000000061 1 1 0.45226130653266333 0.72544080604534
107 0.006240400000000035 1 1 0.457286432160804 0.7279596977329975
108 0.006542300000000001 1 1 0.4623115577889447 0.7304785894206549
109 0.0063614000000000726 1 1 0.46733668341708545 0.7329974811083123
110 0.006295500000000009 1 1 0.4723618090452261 0.7355163727959698
111 0.006091999999999986 1 1 0.47738693467336685 0.7380352644836272
112 0.0062454000000000676 1 1 0.4824120603015075 0.7405541561712846
113 0.006162599999999907 1 1 0.48743718592964824 0.743073047858942
114 0.006496500000000127 1 1 0.49246231155778897 0.7455919395465995
115 0.00808730000000013 1 1 0.49748743718592964 0.7481108312342569
116 0.006460100000000191 1 1 0.5025125628140703 0.7506297229219143
117 0.006435500000000038 0 0 0.5025125628140703 0.7506297229219143
118 0.00644559999999994 0 0 0.5025125628140703 0.7506297229219143
119 0.006394099999999847 1 1 0.507537688442211 0.7531486146095718
120 0.0064280000000001 1 1 0.5125628140703518 0.7556675062972292
121 0.006256299999999992 1 1 0.5175879396984925 0.7581863979848866
122 0.006584699999999888 1 1 0.5226130653266332 0.760705289672544
123 0.0065442 1 1 0.5276381909547738 0.7632241813602015
124 0.006738499999999981 1 1 0.5326633165829145 0.7657430730478589
125 0.007189300000000065 1 1 0.5376884422110553 0.7682619647355163
126 0.006719200000000036 1 1 0.542713567839196 0.7707808564231738
127 0.007266599999999901 1 1 0.5477386934673367 0.7732997481108312
128 0.006612300000000015 1 1 0.5527638190954773 0.7758186397984886
129 0.007089499999999971 1 1 0.5577889447236181 0.7783375314861462
130 0.006587200000000015 1 1 0.5628140703517588 0.7808564231738035
131 0.006658700000000017 1 1 0.5678391959798995 0.783375314861461
132 0.0066509999999999625 1 1 0.5728643216080402 0.7858942065491183
133 0.007499200000000039 0 0 0.5728643216080402 0.7858942065491183
134 0.007043600000000039 1 1 0.5778894472361809 0.7884130982367759
135 0.006399299999999997 1 1 0.5829145728643216 0.7909319899244333
136 0.006830700000000078 1 1 0.5879396984924623 0.7934508816120907
137 0.0067814000000001595 1 1 0.592964824120603 0.7959697732997482
138 0.007009299999999996 1 1 0.5979899497487438 0.7984886649874056
139 0.00773299999999999 1 1 0.6030150753768844 0.801007556675063
140 0.006720500000000129 1 1 0.6080402010050251 0.8035264483627204
141 0.006691100000000061 1 1 0.6130653266331658 0.8060453400503779
142 0.006907899999999856 1 1 0.6180904522613065 0.8085642317380353
143 0.0067550000000000665 1 1 0.6231155778894473 0.8110831234256927
144 0.006565700000000119 0 0 0.6231155778894473 0.8110831234256927
145 0.00709610000000005 1 1 0.628140703517588 0.8136020151133502
146 0.0070109999999998784 1 1 0.6331658291457286 0.8161209068010076
147 0.0070926000000000045 1 1 0.6381909547738693 0.818639798488665
148 0.010077899999999973 1 1 0.6432160804020101 0.8211586901763224
149 0.00683390000000017 1 1 0.6482412060301508 0.8236775818639799
150 0.00702629999999993 1 1 0.6532663316582915 0.8261964735516373
151 0.007007899999999845 1 1 0.6582914572864321 0.8287153652392947
152 0.007387599999999939 1 1 0.6633165829145728 0.8312342569269522
153 0.0070014000000000465 1 1 0.6683417085427136 0.8337531486146096
154 0.00721140000000009 1 1 0.6733668341708543 0.836272040302267
155 0.007085800000000031 0 0 0.6733668341708543 0.836272040302267
156 0.007206899999999905 1 1 0.678391959798995 0.8387909319899244
157 0.007274299999999956 1 1 0.6834170854271356 0.8413098236775819
158 0.00693290000000002 1 1 0.6884422110552764 0.8438287153652393
159 0.0070149999999999935 1 1 0.6934673366834171 0.8463476070528967
160 0.007440700000000078 1 1 0.6984924623115578 0.8488664987405542
161 0.007828799999999969 1 1 0.7035175879396985 0.8513853904282116
162 0.010146600000000117 1 1 0.7085427135678392 0.853904282115869
163 0.008946200000000015 1 1 0.7135678391959799 0.8564231738035264
164 0.009901600000000066 1 1 0.7185929648241206 0.8589420654911839
165 0.009699899999999984 0 0 0.7185929648241206 0.8589420654911839
166 0.009435300000000035 1 1 0.7236180904522613 0.8614609571788413
167 0.010472600000000165 1 1 0.7286432160804021 0.8639798488664987
168 0.011121699999999901 0 0 0.7286432160804021 0.8639798488664987
169 0.009682300000000144 1 1 0.7336683417085427 0.8664987405541562
170 0.009999200000000208 1 1 0.7386934673366834 0.8690176322418136
171 0.01002320000000001 1 1 0.7437185929648241 0.871536523929471
172 0.00878459999999981 1 1 0.7487437185929648 0.8740554156171285
173 0.007461600000000068 1 1 0.7537688442211056 0.8765743073047859
174 0.0076656999999999975 1 1 0.7587939698492462 0.8790931989924433
175 0.007472499999999993 1 1 0.7638190954773869 0.8816120906801007
176 0.007709200000000083 1 1 0.7688442211055276 0.8841309823677582
177 0.007475200000000015 1 1 0.7738693467336684 0.8866498740554156
178 0.007581999999999978 1 1 0.7788944723618091 0.889168765743073
179 0.007632300000000036 1 1 0.7839195979899497 0.8916876574307305
180 0.0077424999999999855 0 0 0.7839195979899497 0.8916876574307305
181 0.0075673000000000545 1 1 0.7889447236180904 0.8942065491183879
182 0.00754699999999997 1 1 0.7939698492462312 0.8967254408060453
183 0.007815100000000186 1 1 0.7989949748743719 0.8992443324937027
184 0.0083453 1 1 0.8040201005025126 0.9017632241813602
185 0.007543599999999984 1 1 0.8090452261306532 0.9042821158690176
186 0.007454700000000036 1 1 0.8140703517587939 0.906801007556675
187 0.0072022000000000475 1 1 0.8190954773869347 0.9093198992443325
188 0.007498400000000016 1 1 0.8241206030150754 0.9118387909319899
189 0.00767019999999996 1 1 0.8291457286432161 0.9143576826196473
190 0.007617999999999903 1 1 0.8341708542713567 0.9168765743073047
191 0.007447899999999841 1 1 0.8391959798994975 0.9193954659949622
192 0.007453500000000002 1 1 0.8442211055276382 0.9219143576826196
193 0.007666700000000137 1 1 0.8492462311557789 0.924433249370277
194 0.007776400000000017 1 1 0.8542713567839196 0.9269521410579346
195 0.007976500000000053 1 1 0.8592964824120602 0.929471032745592
196 0.007564600000000032 0 0 0.8592964824120602 0.929471032745592
197 0.007904399999999923 1 1 0.864321608040201 0.9319899244332494
198 0.007809100000000013 1 1 0.8693467336683417 0.9345088161209067
199 0.007816000000000045 1 1 0.8743718592964824 0.9370277078085643
200 0.011053299999999933 1 1 0.8793969849246231 0.9395465994962217
201 0.007975099999999902 0 0 0.8793969849246231 0.9395465994962217
202 0.007796399999999926 1 1 0.8844221105527639 0.9420654911838791
203 0.00789799999999996 1 1 0.8894472361809045 0.9445843828715366
204 0.008278199999999902 1 1 0.8944723618090452 0.947103274559194
205 0.010402599999999929 1 1 0.8994974874371859 0.9496221662468514
206 0.008020799999999939 0 0 0.8994974874371859 0.9496221662468514
207 0.008305000000000007 1 1 0.9045226130653267 0.9521410579345088
208 0.007864799999999894 1 1 0.9095477386934674 0.9546599496221663
209 0.007822099999999832 1 1 0.914572864321608 0.9571788413098237
210 0.007997500000000102 1 1 0.9195979899497487 0.9596977329974811
211 0.008669499999999886 0 0 0.9195979899497487 0.9596977329974811
212 0.009123900000000074 0 0 0.9195979899497487 0.9596977329974811
213 0.007814699999999952 0 0 0.9195979899497487 0.9596977329974811
214 0.007823499999999761 1 1 0.9246231155778895 0.9622166246851386
215 0.008097499999999869 1 1 0.9296482412060302 0.964735516372796
216 0.008316400000000002 1 1 0.9346733668341709 0.9672544080604534
217 0.00812299999999988 1 1 0.9396984924623115 0.9697732997481109
218 0.008242800000000106 1 1 0.9447236180904522 0.9722921914357683
219 0.007878000000000274 1 1 0.949748743718593 0.9748110831234257
220 0.008186300000000202 1 1 0.9547738693467337 0.9773299748110831
221 0.00841460000000005 1 1 0.9597989949748744 0.9798488664987406
222 0.008047999999999611 1 1 0.964824120603015 0.982367758186398
223 0.00870280000000001 1 1 0.9698492462311558 0.9848866498740554
224 0.008080100000000368 0 0 0.9698492462311558 0.9848866498740554
225 0.00829039999999992 1 1 0.9748743718592965 0.9874055415617129
226 0.010975100000000015 0 0 0.9748743718592965 0.9874055415617129
227 0.01078430000000008 1 1 0.9798994974874372 0.9899244332493703
228 0.010905000000000165 1 1 0.9849246231155779 0.9924433249370277
229 0.008107899999999724 0 0 0.9849246231155779 0.9924433249370277
230 0.00822619999999974 0 0 0.9849246231155779 0.9924433249370277
231 0.008302700000000218 1 1 0.9899497487437185 0.9949622166246851
232 0.00809369999999987 1 1 0.9949748743718593 0.9974811083123426
233 0.009015499999999843 1 1 1.0 1.0
