125 0.4 0.1
1 0.0025208999999999926 0 0 0.0 0.5020242914979757
2 0.002826900000000021 0 0 0.0 0.5020242914979757
3 0.0026227000000000333 0 0 0.0 0.5020242914979757
4 0.0040375999999999745 0 0 0.0 0.5020242914979757
5 0.0024050999999999934 1 0 0.008064516129032258 0.5020242914979757
6 0.002726000000000006 0 0 0.008064516129032258 0.5020242914979757
7 0.002795800000000015 0 0 0.008064516129032258 0.5020242914979757
8 0.002829399999999982 1 0 0.016129032258064516 0.5020242914979757
9 0.002508499999999969 0 0 0.016129032258064516 0.5020242914979757
10 0.0025905999999999985 0 0 0.016129032258064516 0.5020242914979757
11 0.0024581000000000186 1 0 0.024193548387096774 0.5020242914979757
12 0.0023313999999999835 0 0 0.024193548387096774 0.5020242914979757
13 0.00252150000000001 1 0 0.03225806451612903 0.5020242914979757
14 0.0028205000000000036 0 0 0.03225806451612903 0.5020242914979757
15 0.00328649999999997 1 0 0.04032258064516129 0.5020242914979757
16 0.0024472999999999856 0 0 0.04032258064516129 0.5020242914979757
17 0.002462299999999973 0 1 0.04032258064516129 0.5060728744939271
18 0.0031394000000000144 0 0 0.04032258064516129 0.5060728744939271
19 0.002755599999999969 0 0 0.04032258064516129 0.5060728744939271
20 0.002619499999999997 0 0 0.04032258064516129 0.5060728744939271
21 0.0024058000000000135 0 0 0.04032258064516129 0.5060728744939271
22 0.003132199999999974 1 1 0.04838709677419355 0.5101214574898786
23 0.002525099999999947 0 0 0.04838709677419355 0.5101214574898786
24 0.0032423999999999786 0 0 0.04838709677419355 0.5101214574898786
25 0.002854399999999979 0 0 0.04838709677419355 0.5101214574898786
26 0.00439069999999997 1 0 0.056451612903225805 0.5101214574898786
27 0.0025247999999999937 1 2 0.06451612903225806 0.5182186234817814
28 0.002839199999999986 0 0 0.06451612903225806 0.5182186234817814
29 0.002888999999999975 1 1 0.07258064516129033 0.5222672064777328
30 0.0033221999999999974 1 0 0.08064516129032258 0.5222672064777328
31 0.0025171999999999972 1 0 0.08870967741935484 0.5222672064777328
32 0.00270560000000003 1 0 0.0967741935483871 0.5222672064777328
33 0.003126199999999968 0 0 0.0967741935483871 0.5222672064777328
34 0.0033564999999999845 1 0 0.10483870967741936 0.5222672064777328
35 0.002695100000000006 0 0 0.10483870967741936 0.5222672064777328
36 0.0025625999999999705 0 1 0.10483870967741936 0.5263157894736842
37 0.002830399999999955 0 0 0.10483870967741936 0.5263157894736842
38 0.0024443999999999577 0 1 0.10483870967741936 0.5303643724696356
39 0.002836200000000011 1 0 0.11290322580645161 0.5303643724696356
40 0.002745300000000006 1 0 0.12096774193548387 0.5303643724696356
41 0.0036406999999999967 1 0 0.12903225806451613 0.5303643724696356
42 0.002745500000000012 0 0 0.12903225806451613 0.5303643724696356
43 0.0031327000000000438 1 0 0.13709677419354838 0.5303643724696356
44 0.002702299999999991 0 2 0.13709677419354838 0.5384615384615384
45 0.0028144999999999976 0 1 0.13709677419354838 0.5425101214574899
46 0.002610599999999963 1 0 0.14516129032258066 0.5425101214574899
47 0.0034711000000000047 1 0 0.1532258064516129 0.5425101214574899
48 0.002491800000000044 1 0 0.16129032258064516 0.5425101214574899
49 0.0025109999999999855 0 0 0.16129032258064516 0.5425101214574899
50 0.003185400000000005 0 0 0.16129032258064516 0.5425101214574899
51 0.0035694000000000004 0 0 0.16129032258064516 0.5425101214574899
52 0.0026245000000000296 1 0 0.1693548387096774 0.5425101214574899
53 0.002652300000000052 0 0 0.1693548387096774 0.5425101214574899
54 0.0031161000000000105 1 0 0.1774193548387097 0.5425101214574899
55 0.0026724999999999666 0 0 0.1774193548387097 0.5425101214574899
56 0.004326400000000008 0 0 0.1774193548387097 0.5425101214574899
57 0.002632900000000049 1 0 0.18548387096774194 0.5425101214574899
58 0.0033411999999999886 0 0 0.18548387096774194 0.5425101214574899
59 0.0030679999999999596 1 1 0.1935483870967742 0.5465587044534413
60 0.0025968999999999576 0 1 0.1935483870967742 0.5506072874493927
61 0.0026519999999999877 0 0 0.1935483870967742 0.5506072874493927
62 0.0034423000000000092 0 1 0.1935483870967742 0.5546558704453441
63 0.002835599999999938 0 1 0.1935483870967742 0.5587044534412956
64 0.0033362999999999587 0 1 0.1935483870967742 0.562753036437247
65 0.0033863000000000643 1 0 0.20161290322580644 0.562753036437247
66 0.002824900000000019 1 0 0.20967741935483872 0.562753036437247
67 0.002731800000000062 1 0 0.21774193548387097 0.562753036437247
68 0.003240400000000032 0 2 0.21774193548387097 0.5708502024291497
69 0.0030482000000000564 0 0 0.21774193548387097 0.5708502024291497
70 0.002845700000000062 0 2 0.21774193548387097 0.5789473684210527
71 0.002715800000000046 0 0 0.21774193548387097 0.5789473684210527
72 0.002960100000000021 0 1 0.21774193548387097 0.582995951417004
73 0.002610000000000001 0 0 0.21774193548387097 0.582995951417004
74 0.0030005000000000726 0 0 0.21774193548387097 0.582995951417004
75 0.00311450000000002 0 0 0.21774193548387097 0.582995951417004
76 0.0034287000000000623 1 0 0.22580645161290322 0.582995951417004
77 0.0026690000000000325 0 0 0.22580645161290322 0.582995951417004
78 0.0028105999999999964 1 0 0.23387096774193547 0.582995951417004
79 0.0030702999999999703 1 0 0.24193548387096775 0.582995951417004
80 0.003847900000000015 1 0 0.25 0.582995951417004
81 0.0029278999999999833 1 0 0.25806451612903225 0.582995951417004
82 0.0029512000000000427 0 2 0.25806451612903225 0.5910931174089069
83 0.003210199999999941 1 1 0.2661290322580645 0.5951417004048583
84 0.0030029000000000305 0 0 0.2661290322580645 0.5951417004048583
85 0.0027527999999999997 0 0 0.2661290322580645 0.5951417004048583
86 0.003257200000000071 0 1 0.2661290322580645 0.5991902834008097
87 0.002814000000000094 0 0 0.2661290322580645 0.5991902834008097
88 0.0028644000000001 0 0 0.2661290322580645 0.5991902834008097
89 0.0033636999999999695 0 1 0.2661290322580645 0.6032388663967612
90 0.0038101000000000385 0 1 0.2661290322580645 0.6072874493927125
91 0.003055799999999942 0 1 0.2661290322580645 0.611336032388664
92 0.002998999999999974 0 0 0.2661290322580645 0.611336032388664
93 0.0033769999999999634 0 0 0.2661290322580645 0.611336032388664
94 0.0031414999999999083 0 0 0.2661290322580645 0.611336032388664
95 0.0029429000000000816 0 0 0.2661290322580645 0.611336032388664
96 0.0035405000000000575 0 0 0.2661290322580645 0.611336032388664
97 0.002716300000000005 1 0 0.27419354838709675 0.611336032388664
98 0.0029398999999999953 1 1 0.28225806451612906 0.6153846153846154
99 0.0031127999999999156 1 0 0.2903225806451613 0.6153846153846154
100 0.004324699999999959 0 1 0.2903225806451613 0.6194331983805668
101 0.0027118999999999893 0 0 0.2903225806451613 0.6194331983805668
102 0.0030392000000000197 0 0 0.2903225806451613 0.6194331983805668
103 0.0040255999999999625 1 0 0.29838709677419356 0.6194331983805668
104 0.0030847999999999987 0 0 0.29838709677419356 0.6194331983805668
105 0.002727600000000052 0 0 0.29838709677419356 0.6194331983805668
106 0.003981799999999924 0 0 0.29838709677419356 0.6194331983805668
107 0.003012600000000032 1 0 0.3064516129032258 0.6194331983805668
108 0.002794000000000074 1 0 0.31451612903225806 0.6194331983805668
109 0.002683800000000014 1 2 0.3225806451612903 0.6275303643724697
110 0.003268599999999955 1 0 0.33064516129032256 0.6275303643724697
111 0.002740599999999982 0 0 0.33064516129032256 0.6275303643724697
112 0.003318199999999938 1 2 0.3387096774193548 0.6356275303643725
113 0.0038553999999999533 0 1 0.3387096774193548 0.6396761133603239
114 0.0029789000000000065 1 2 0.3467741935483871 0.6477732793522267
115 0.002983599999999975 0 0 0.3467741935483871 0.6477732793522267
116 0.003570799999999985 0 1 0.3467741935483871 0.6518218623481782
117 0.0033167000000000613 0 1 0.3467741935483871 0.6558704453441295
118 0.0031282999999999728 0 0 0.3467741935483871 0.6558704453441295
119 0.0032459000000000238 0 1 0.3467741935483871 0.659919028340081
120 0.0031255000000000033 1 0 0.3548387096774194 0.659919028340081
121 0.002997699999999992 1 0 0.3629032258064516 0.659919028340081
122 0.0033575000000000133 1 0 0.3709677419354839 0.659919028340081
123 0.003809399999999963 0 0 0.3709677419354839 0.659919028340081
124 0.003062499999999968 1 0 0.3790322580645161 0.659919028340081
125 0.003296100000000024 0 1 0.3790322580645161 0.6639676113360324
126 0.0031919999999999726 1 1 0.3870967741935484 0.6680161943319838
127 0.005043400000000031 1 0 0.3951612903225806 0.6680161943319838
128 0.004735299999999998 1 1 0.4032258064516129 0.6720647773279352
129 0.0032535999999999676 1 1 0.4112903225806452 0.6761133603238867
130 0.003161399999999981 0 0 0.4112903225806452 0.6761133603238867
131 0.003061100000000039 0 0 0.4112903225806452 0.6761133603238867
132 0.004924499999999998 0 0 0.4112903225806452 0.6761133603238867
133 0.003219599999999989 1 0 0.41935483870967744 0.6761133603238867
134 0.0032799999999999496 0 0 0.41935483870967744 0.6761133603238867
135 0.004383499999999985 1 2 0.4274193548387097 0.6842105263157895
136 0.0030810000000000004 0 0 0.4274193548387097 0.6842105263157895
137 0.003506799999999921 1 1 0.43548387096774194 0.6882591093117408
138 0.00306430000000002 1 1 0.4435483870967742 0.6923076923076923
139 0.0031079999999999997 1 0 0.45161290322580644 0.6923076923076923
140 0.0029447999999999697 0 0 0.45161290322580644 0.6923076923076923
141 0.0030788999999999955 0 0 0.45161290322580644 0.6923076923076923
142 0.0027861000000000136 1 0 0.4596774193548387 0.6923076923076923
143 0.003238799999999986 0 1 0.4596774193548387 0.6963562753036437
144 0.0034913999999999223 0 0 0.4596774193548387 0.6963562753036437
145 0.004267299999999974 0 0 0.4596774193548387 0.6963562753036437
146 0.0031706000000000234 1 0 0.46774193548387094 0.6963562753036437
147 0.0035469000000000195 1 1 0.47580645161290325 0.7004048582995951
148 0.004398499999999972 1 1 0.4838709677419355 0.7044534412955465
149 0.004478800000000005 0 1 0.4838709677419355 0.708502024291498
150 0.003831799999999941 1 1 0.49193548387096775 0.7125506072874493
151 0.00367609999999996 1 1 0.5 0.7165991902834008
152 0.0033813000000000315 0 1 0.5 0.7206477732793523
153 0.0035298000000000274 0 0 0.5 0.7206477732793523
154 0.002988100000000049 0 1 0.5 0.7246963562753036
155 0.003130999999999995 1 0 0.5080645161290323 0.7246963562753036
156 0.003568100000000074 1 0 0.5161290322580645 0.7246963562753036
157 0.0039928000000000186 1 1 0.5241935483870968 0.728744939271255
158 0.0030006999999999673 0 0 0.5241935483870968 0.728744939271255
159 0.00350919999999999 0 0 0.5241935483870968 0.728744939271255
160 0.0038076999999999694 0 1 0.5241935483870968 0.7327935222672065
161 0.003182200000000024 0 0 0.5241935483870968 0.7327935222672065
162 0.0030359999999999276 0 0 0.5241935483870968 0.7327935222672065
163 0.0031240000000000157 0 0 0.5241935483870968 0.7327935222672065
164 0.0029704000000000397 0 1 0.5241935483870968 0.7368421052631579
165 0.0042240000000000055 1 0 0.532258064516129 0.7368421052631579
166 0.004955700000000007 1 1 0.5403225806451613 0.7408906882591093
167 0.0030812999999999535 1 0 0.5483870967741935 0.7408906882591093
168 0.0038892999999999844 0 0 0.5483870967741935 0.7408906882591093
169 0.004432099999999939 0 0 0.5483870967741935 0.7408906882591093
170 0.0031109000000000275 0 0 0.5483870967741935 0.7408906882591093
171 0.0032530000000000614 1 0 0.5564516129032258 0.7408906882591093
172 0.0036018999999999357 0 0 0.5564516129032258 0.7408906882591093
173 0.00330700000000006 1 1 0.5645161290322581 0.7449392712550608
174 0.0029455000000000453 0 0 0.5645161290322581 0.7449392712550608
175 0.003393700000000055 0 0 0.5645161290322581 0.7449392712550608
176 0.002987799999999985 0 0 0.5645161290322581 0.7449392712550608
177 0.0036897999999999653 0 0 0.5645161290322581 0.7449392712550608
178 0.004221099999999978 1 1 0.5725806451612904 0.7489878542510121
179 0.0034059000000000728 1 0 0.5806451612903226 0.7489878542510121
180 0.0032330000000000414 1 1 0.5887096774193549 0.7530364372469636
181 0.003546199999999944 0 0 0.5887096774193549 0.7530364372469636
182 0.0032756999999999925 0 0 0.5887096774193549 0.7530364372469636
183 0.003127500000000061 0 0 0.5887096774193549 0.7530364372469636
184 0.003516399999999975 0 0 0.5887096774193549 0.7530364372469636
185 0.0031227000000000338 0 0 0.5887096774193549 0.7530364372469636
186 0.004857 1 1 0.5967741935483871 0.757085020242915
187 0.004769100000000082 0 1 0.5967741935483871 0.7611336032388664
188 0.0030320000000000347 0 0 0.5967741935483871 0.7611336032388664
189 0.0036225999999999203 0 2 0.5967741935483871 0.7692307692307693
190 0.004454799999999981 0 2 0.5967741935483871 0.7773279352226721
191 0.0032343999999999706 0 1 0.5967741935483871 0.7813765182186235
192 0.003324100000000052 1 0 0.6048387096774194 0.7813765182186235
193 0.004167400000000043 0 0 0.6048387096774194 0.7813765182186235
194 0.0035511000000000292 1 1 0.6129032258064516 0.7854251012145749
195 0.0031305999999999834 1 1 0.6209677419354839 0.7894736842105263
196 0.003308100000000147 1 0 0.6290322580645161 0.7894736842105263
197 0.0032311000000000423 0 0 0.6290322580645161 0.7894736842105263
198 0.003624400000000083 0 0 0.6290322580645161 0.7894736842105263
199 0.004066599999999809 0 0 0.6290322580645161 0.7894736842105263
200 0.003193999999999919 0 0 0.6290322580645161 0.7894736842105263
201 0.0032762000000001734 1 0 0.6370967741935484 0.7894736842105263
202 0.0036762999999999657 0 0 0.6370967741935484 0.7894736842105263
203 0.0033665999999998864 0 0 0.6370967741935484 0.7894736842105263
204 0.0032178000000000484 1 1 0.6451612903225806 0.7935222672064778
205 0.004687800000000131 1 0 0.6532258064516129 0.7935222672064778
206 0.003318799999999955 0 0 0.6532258064516129 0.7935222672064778
207 0.003826799999999908 0 0 0.6532258064516129 0.7935222672064778
208 0.0041263999999998635 0 0 0.6532258064516129 0.7935222672064778
209 0.0035247000000000472 0 0 0.6532258064516129 0.7935222672064778
210 0.003504699999999916 1 0 0.6612903225806451 0.7935222672064778
211 0.004529299999999958 0 0 0.6612903225806451 0.7935222672064778
212 0.0033335000000001003 0 0 0.6612903225806451 0.7935222672064778
213 0.003370500000000165 1 0 0.6693548387096774 0.7935222672064778
214 0.003932999999999964 0 0 0.6693548387096774 0.7935222672064778
215 0.0034635000000000637 0 0 0.6693548387096774 0.7935222672064778
216 0.003435600000000205 0 0 0.6693548387096774 0.7935222672064778
217 0.0037882000000000193 1 2 0.6774193548387096 0.8016194331983806
218 0.0032288000000000316 0 1 0.6774193548387096 0.805668016194332
219 0.003975800000000085 0 0 0.6774193548387096 0.805668016194332
220 0.004353300000000004 0 1 0.6774193548387096 0.8097165991902834
221 0.0031930000000000014 0 0 0.6774193548387096 0.8097165991902834
222 0.0039000000000000146 0 0 0.6774193548387096 0.8097165991902834
223 0.0037465999999999333 0 0 0.6774193548387096 0.8097165991902834
224 0.0032532999999999035 0 1 0.6774193548387096 0.8137651821862348
225 0.004028300000000096 1 0 0.6854838709677419 0.8137651821862348
226 0.00335160000000001 0 0 0.6854838709677419 0.8137651821862348
227 0.0034704000000000956 0 1 0.6854838709677419 0.8178137651821862
228 0.004352200000000028 1 0 0.6935483870967742 0.8178137651821862
229 0.0034322000000002184 1 0 0.7016129032258065 0.8178137651821862
230 0.0034842999999999957 0 0 0.7016129032258065 0.8178137651821862
231 0.003932700000000011 1 1 0.7096774193548387 0.8218623481781376
232 0.00547529999999985 0 0 0.7096774193548387 0.8218623481781376
233 0.004617199999999988 0 0 0.7096774193548387 0.8218623481781376
234 0.003906799999999988 0 1 0.7096774193548387 0.8259109311740891
235 0.003398000000000012 1 0 0.717741935483871 0.8259109311740891
236 0.0035808000000001616 1 1 0.7258064516129032 0.8299595141700404
237 0.0039381000000000554 1 1 0.7338709677419355 0.8340080971659919
238 0.003648600000000002 0 0 0.7338709677419355 0.8340080971659919
239 0.0038016000000000716 1 0 0.7419354838709677 0.8340080971659919
240 0.004231400000000107 0 1 0.7419354838709677 0.8380566801619433
241 0.0033495000000001163 0 0 0.7419354838709677 0.8380566801619433
242 0.004019100000000053 1 0 0.75 0.8380566801619433
243 0.0037602999999999387 0 1 0.75 0.8421052631578947
244 0.003292099999999909 1 0 0.7580645161290323 0.8421052631578947
245 0.0038799999999998835 0 0 0.7580645161290323 0.8421052631578947
246 0.003496600000000072 0 1 0.7580645161290323 0.8461538461538461
247 0.0039053000000000004 0 0 0.7580645161290323 0.8461538461538461
248 0.004104700000000072 0 0 0.7580645161290323 0.8461538461538461
249 0.003338199999999958 0 0 0.7580645161290323 0.8461538461538461
250 0.003913500000000125 0 0 0.7580645161290323 0.8461538461538461
251 0.005022099999999918 0 2 0.7580645161290323 0.854251012145749
252 0.0037154999999999827 0 0 0.7580645161290323 0.854251012145749
253 0.003988099999999939 0 0 0.7580645161290323 0.854251012145749
254 0.0036867000000000427 0 1 0.7580645161290323 0.8582995951417004
255 0.003374800000000011 0 0 0.7580645161290323 0.8582995951417004
256 0.004574699999999821 1 1 0.7661290322580645 0.8623481781376519
257 0.004689000000000165 0 0 0.7661290322580645 0.8623481781376519
258 0.003881499999999871 0 0 0.7661290322580645 0.8623481781376519
259 0.004212599999999789 0 0 0.7661290322580645 0.8623481781376519
260 0.0033988999999998715 1 0 0.7741935483870968 0.8623481781376519
261 0.003995599999999877 0 0 0.7741935483870968 0.8623481781376519
262 0.0035370000000001234 0 0 0.7741935483870968 0.8623481781376519
263 0.003200099999999928 0 0 0.7741935483870968 0.8623481781376519
264 0.003550200000000059 0 0 0.7741935483870968 0.8623481781376519
265 0.0032848000000000876 0 0 0.7741935483870968 0.8623481781376519
266 0.003874300000000108 1 0 0.782258064516129 0.8623481781376519
267 0.00481660000000006 1 1 0.7903225806451613 0.8663967611336032
268 0.0034311000000000202 0 0 0.7903225806451613 0.8663967611336032
269 0.003767899999999935 1 1 0.7983870967741935 0.8704453441295547
270 0.0037240000000000606 0 0 0.7983870967741935 0.8704453441295547
271 0.004286899999999871 1 0 0.8064516129032258 0.8704453441295547
272 0.0035491000000000827 0 0 0.8064516129032258 0.8704453441295547
273 0.004105399999999815 0 0 0.8064516129032258 0.8704453441295547
274 0.00380859999999994 0 0 0.8064516129032258 0.8704453441295547
275 0.0034047999999999856 1 0 0.8145161290322581 0.8704453441295547
276 0.003965400000000008 1 0 0.8225806451612904 0.8704453441295547
277 0.003635799999999856 0 0 0.8225806451612904 0.8704453441295547
278 0.003895900000000063 1 0 0.8306451612903226 0.8704453441295547
279 0.003997999999999946 1 0 0.8387096774193549 0.8704453441295547
280 0.003440900000000191 0 0 0.8387096774193549 0.8704453441295547
281 0.003942400000000124 0 0 0.8387096774193549 0.8704453441295547
282 0.0038757000000000374 1 0 0.8467741935483871 0.8704453441295547
283 0.003701700000000141 1 2 0.8548387096774194 0.8785425101214575
284 0.004150799999999899 0 0 0.8548387096774194 0.8785425101214575
285 0.0038898000000000543 1 1 0.8629032258064516 0.8825910931174089
286 0.004209699999999872 0 1 0.8629032258064516 0.8866396761133604
287 0.00397280000000011 0 0 0.8629032258064516 0.8866396761133604
288 0.0035648000000001456 1 0 0.8709677419354839 0.8866396761133604
289 0.00389829999999991 0 0 0.8709677419354839 0.8866396761133604
290 0.004252200000000039 0 0 0.8709677419354839 0.8866396761133604
291 0.003645400000000132 0 0 0.8709677419354839 0.8866396761133604
292 0.005127299999999835 1 0 0.8790322580645161 0.8866396761133604
293 0.005201599999999917 0 1 0.8790322580645161 0.8906882591093117
294 0.00501879999999999 0 0 0.8790322580645161 0.8906882591093117
295 0.0035491000000000827 0 0 0.8790322580645161 0.8906882591093117
296 0.0036921999999999233 0 0 0.8790322580645161 0.8906882591093117
297 0.003880400000000117 0 2 0.8790322580645161 0.8987854251012146
298 0.005063599999999946 1 0 0.8870967741935484 0.8987854251012146
299 0.004023400000000121 1 0 0.8951612903225806 0.8987854251012146
300 0.0053272000000001984 0 0 0.8951612903225806 0.8987854251012146
301 0.005051099999999975 0 0 0.8951612903225806 0.8987854251012146
302 0.00412659999999998 1 0 0.9032258064516129 0.8987854251012146
303 0.003422199999999931 1 0 0.9112903225806451 0.8987854251012146
304 0.004099000000000075 0 0 0.9112903225806451 0.8987854251012146
305 0.004606600000000016 0 2 0.9112903225806451 0.9068825910931174
306 0.003780900000000198 0 1 0.9112903225806451 0.9109311740890689
307 0.004081999999999919 0 0 0.9112903225806451 0.9109311740890689
308 0.004906000000000077 0 0 0.9112903225806451 0.9109311740890689
309 0.0034921999999999453 0 0 0.9112903225806451 0.9109311740890689
310 0.005441400000000041 0 0 0.9112903225806451 0.9109311740890689
311 0.0037975000000001202 0 1 0.9112903225806451 0.9149797570850202
312 0.004109700000000105 1 0 0.9193548387096774 0.9149797570850202
313 0.004981399999999914 0 0 0.9193548387096774 0.9149797570850202
314 0.004280300000000015 0 0 0.9193548387096774 0.9149797570850202
315 0.0039735999999999105 1 1 0.9274193548387096 0.9190283400809717
316 0.0035000000000000586 1 0 0.9354838709677419 0.9190283400809717
317 0.003803800000000024 1 0 0.9435483870967742 0.9190283400809717
318 0.004178599999999921 0 0 0.9435483870967742 0.9190283400809717
319 0.0035188999999999915 0 0 0.9435483870967742 0.9190283400809717
320 0.003892599999999913 0 1 0.9435483870967742 0.9230769230769231
321 0.003592699999999782 0 1 0.9435483870967742 0.9271255060728745
322 0.005602899999999966 0 1 0.9435483870967742 0.9311740890688259
323 0.005020899999999884 0 0 0.9435483870967742 0.9311740890688259
324 0.003605499999999928 1 0 0.9516129032258065 0.9311740890688259
325 0.004329099999999864 0 0 0.9516129032258065 0.9311740890688259
326 0.004681500000000005 1 0 0.9596774193548387 0.9311740890688259
327 0.003562999999999983 1 0 0.967741935483871 0.9311740890688259
328 0.005755200000000071 0 1 0.967741935483871 0.9352226720647774
329 0.00398849999999995 0 0 0.967741935483871 0.9352226720647774
330 0.003538499999999889 1 2 0.9758064516129032 0.9433198380566802
331 0.00376120000000002 0 0 0.9758064516129032 0.9433198380566802
332 0.003635099999999891 0 1 0.9758064516129032 0.9473684210526315
333 0.004081299999999954 0 1 0.9758064516129032 0.951417004048583
334 0.0038876999999999384 0 0 0.9758064516129032 0.951417004048583
335 0.003747100000000003 1 0 0.9838709677419355 0.951417004048583
336 0.004392300000000127 0 2 0.9838709677419355 0.9595141700404858
337 0.0038378999999999497 1 0 0.9919354838709677 0.9595141700404858
338 0.004010000000000069 1 2 1.0 0.9676113360323887
339 0.0037186999999998527 0 0 1.0 0.9676113360323887
340 0.003970599999999935 0 1 1.0 0.97165991902834
341 0.004898500000000139 0 1 1.0 0.9757085020242915
342 0.004302000000000028 0 0 1.0 0.9757085020242915
343 0.0051372999999999 0 1 1.0 0.979757085020243
344 0.005268400000000062 0 0 1.0 0.979757085020243
345 0.004418300000000208 0 1 1.0 0.9838056680161943
346 0.004352499999999981 0 0 1.0 0.9838056680161943
347 0.003908099999999859 0 0 1.0 0.9838056680161943
348 0.003667899999999946 0 0 1.0 0.9838056680161943
349 0.003845700000000063 0 0 1.0 0.9838056680161943
350 0.004254600000000108 0 0 1.0 0.9838056680161943
351 0.005379400000000034 0 0 1.0 0.9838056680161943
352 0.0037831000000001502 0 1 1.0 0.9878542510121457
353 0.0045404 0 0 1.0 0.9878542510121457
354 0.004047100000000192 0 0 1.0 0.9878542510121457
355 0.004075700000000015 0 0 1.0 0.9878542510121457
356 0.004127900000000073 0 0 1.0 0.9878542510121457
357 0.003911900000000079 0 1 1.0 0.9919028340080972
358 0.004509300000000049 0 0 1.0 0.9919028340080972
359 0.004170199999999902 0 0 1.0 0.9919028340080972
360 0.005414999999999948 0 0 1.0 0.9919028340080972
361 0.006446399999999963 0 1 1.0 0.9959514170040485
362 0.0038793999999999773 0 0 1.0 0.9959514170040485
363 0.0040743999999999225 0 0 1.0 0.9959514170040485
364 0.00424010000000008 0 0 1.0 0.9959514170040485
365 0.0037199999999999456 0 0 1.0 0.9959514170040485
366 0.008978600000000059 0 0 1.0 0.9959514170040485
367 0.00427209999999989 0 0 1.0 0.9959514170040485
368 0.005009700000000006 0 0 1.0 0.9959514170040485
369 0.003704599999999836 0 0 1.0 0.9959514170040485
370 0.004478300000000157 0 0 1.0 0.9959514170040485
371 0.005354900000000162 0 0 1.0 0.9959514170040485
372 0.005332499999999962 0 0 1.0 0.9959514170040485
373 0.0038340999999999514 0 0 1.0 0.9959514170040485
374 0.004406099999999968 0 0 1.0 0.9959514170040485
375 0.0052299000000000095 0 0 1.0 0.9959514170040485
376 0.0037618999999999847 0 0 1.0 0.9959514170040485
377 0.00453569999999992 0 0 1.0 0.9959514170040485
378 0.004389100000000035 0 0 1.0 0.9959514170040485
379 0.003813700000000031 0 0 1.0 0.9959514170040485
380 0.004347700000000065 0 0 1.0 0.9959514170040485
381 0.003962499999999869 0 0 1.0 0.9959514170040485
382 0.0038061000000000345 0 0 1.0 0.9959514170040485
383 0.004363499999999965 0 0 1.0 0.9959514170040485
384 0.004164199999999951 0 0 1.0 0.9959514170040485
385 0.004045999999999994 0 0 1.0 0.9959514170040485
386 0.004309300000000071 0 0 1.0 0.9959514170040485
387 0.004519099999999998 0 0 1.0 0.9959514170040485
388 0.004836300000000016 0 0 1.0 0.9959514170040485
389 0.004023600000000016 0 0 1.0 0.9959514170040485
390 0.00441720000000001 0 0 1.0 0.9959514170040485
391 0.0037825999999998583 0 0 1.0 0.9959514170040485
392 0.004321899999999879 0 0 1.0 0.9959514170040485
393 0.004832400000000181 0 0 1.0 0.9959514170040485
394 0.004178800000000038 0 0 1.0 0.9959514170040485
395 0.004458800000000096 0 0 1.0 0.9959514170040485
396 0.005862199999999929 0 0 1.0 0.9959514170040485
397 0.005963299999999894 0 0 1.0 0.9959514170040485
398 0.00570040000000005 0 0 1.0 0.9959514170040485
399 0.004365100000000011 0 0 1.0 0.9959514170040485
400 0.003771000000000191 0 0 1.0 0.9959514170040485
401 0.00394149999999982 0 0 1.0 0.9959514170040485
402 0.004953900000000067 0 0 1.0 0.9959514170040485
403 0.0037346000000000323 0 0 1.0 0.9959514170040485
404 0.004213899999999882 0 0 1.0 0.9959514170040485
405 0.004031600000000024 0 0 1.0 0.9959514170040485
406 0.0038367999999999736 0 0 1.0 0.9959514170040485
407 0.004150000000000098 0 0 1.0 0.9959514170040485
408 0.003512100000000018 0 0 1.0 0.9959514170040485
409 0.004139600000000021 0 0 1.0 0.9959514170040485
410 0.0046752000000001015 0 0 1.0 0.9959514170040485
411 0.0038013000000001185 0 0 1.0 0.9959514170040485
412 0.004367299999999963 0 0 1.0 0.9959514170040485
413 0.004682999999999993 0 0 1.0 0.9959514170040485
414 0.003627000000000047 0 0 1.0 0.9959514170040485
415 0.0041071999999999775 0 0 1.0 0.9959514170040485
416 0.0040199999999999125 0 0 1.0 0.9959514170040485
417 0.003583000000000114 0 0 1.0 0.9959514170040485
418 0.003999400000000097 0 0 1.0 0.9959514170040485
419 0.003940599999999961 0 0 1.0 0.9959514170040485
420 0.004287900000000011 0 0 1.0 0.9959514170040485
421 0.004410200000000142 0 0 1.0 0.9959514170040485
422 0.003748600000000213 0 0 1.0 0.9959514170040485
423 0.0044480000000000075 0 0 1.0 0.9959514170040485
424 0.0040135999999999505 0 0 1.0 0.9959514170040485
425 0.0036930000000001684 0 0 1.0 0.9959514170040485
426 0.004878800000000183 0 0 1.0 0.9959514170040485
427 0.00410350000000026 0 0 1.0 0.9959514170040485
428 0.004998399999999847 0 0 1.0 0.9959514170040485
429 0.0038029000000001645 0 0 1.0 0.9959514170040485
430 0.003950199999999793 0 0 1.0 0.9959514170040485
431 0.004861900000000308 0 0 1.0 0.9959514170040485
432 0.0038553999999999533 0 0 1.0 0.9959514170040485
433 0.0038212999999998054 0 0 1.0 0.9959514170040485
434 0.00424010000000008 0 0 1.0 0.9959514170040485
435 0.0037419000000000757 0 0 1.0 0.9959514170040485
436 0.00395700000000021 0 0 1.0 0.9959514170040485
437 0.0036802999999996366 0 0 1.0 0.9959514170040485
438 0.00403629999999966 0 0 1.0 0.9959514170040485
439 0.005288699999999924 0 0 1.0 0.9959514170040485
440 0.005376599999999954 0 0 1.0 0.9959514170040485
441 0.004355899999999746 0 0 1.0 0.9959514170040485
442 0.004011100000000045 0 0 1.0 0.9959514170040485
443 0.0036240000000002937 0 0 1.0 0.9959514170040485
444 0.003956800000000094 0 0 1.0 0.9959514170040485
445 0.0041063999999999545 0 0 1.0 0.9959514170040485
446 0.005000399999999683 0 0 1.0 0.9959514170040485
447 0.003899000000000097 0 0 1.0 0.9959514170040485
448 0.003841400000000217 0 1 1.0 1.0
