110 0.7 0.6
1 0.002185500000000007 0 0 0.0 0.5023041474654378
2 0.0022184000000000093 1 0 0.009174311926605505 0.5023041474654378
3 0.002252900000000002 1 1 0.01834862385321101 0.5069124423963134
4 0.0025382999999999933 1 1 0.027522935779816515 0.511520737327189
5 0.002321799999999985 1 1 0.03669724770642202 0.5161290322580645
6 0.0023811999999999722 1 0 0.045871559633027525 0.5161290322580645
7 0.002629500000000007 1 2 0.05504587155963303 0.5253456221198156
8 0.00242289999999995 1 1 0.06422018348623854 0.5299539170506913
9 0.0023635000000000184 0 0 0.06422018348623854 0.5299539170506913
10 0.0022848999999999786 1 1 0.07339449541284404 0.5345622119815668
11 0.0022300000000000098 1 1 0.08256880733944955 0.5391705069124424
12 0.002533899999999978 0 0 0.08256880733944955 0.5391705069124424
13 0.0024321999999999955 1 0 0.09174311926605505 0.5391705069124424
14 0.0024170000000000025 0 0 0.09174311926605505 0.5391705069124424
15 0.0023951999999999862 1 2 0.10091743119266056 0.5483870967741935
16 0.0024469000000000296 0 0 0.10091743119266056 0.5483870967741935
17 0.0024008999999999836 1 1 0.11009174311926606 0.5529953917050692
18 0.0024816999999999756 0 0 0.11009174311926606 0.5529953917050692
19 0.002331099999999975 1 1 0.11926605504587157 0.5576036866359447
20 0.0024329000000000156 1 1 0.12844036697247707 0.5622119815668203
21 0.0024057000000000106 0 0 0.12844036697247707 0.5622119815668203
22 0.0023361000000000076 1 1 0.13761467889908258 0.5668202764976958
23 0.0023747000000000074 1 1 0.14678899082568808 0.5714285714285714
24 0.0025419999999999887 0 0 0.14678899082568808 0.5714285714285714
25 0.0027370999999999923 1 1 0.1559633027522936 0.576036866359447
26 0.0025380999999999876 1 0 0.1651376146788991 0.576036866359447
27 0.0025803999999999827 0 1 0.1651376146788991 0.5806451612903226
28 0.0025909999999999545 1 0 0.1743119266055046 0.5806451612903226
29 0.002604300000000004 1 2 0.1834862385321101 0.5898617511520737
30 0.002736300000000025 1 1 0.1926605504587156 0.5944700460829493
31 0.0025814000000000115 1 0 0.2018348623853211 0.5944700460829493
32 0.002597299999999969 1 1 0.21100917431192662 0.5990783410138248
33 0.002696099999999979 1 1 0.22018348623853212 0.6036866359447005
34 0.002472299999999983 0 1 0.22018348623853212 0.6082949308755761
35 0.0025180999999999676 1 0 0.22935779816513763 0.6082949308755761
36 0.0025666999999999773 0 1 0.22935779816513763 0.6129032258064516
37 0.0025070999999999843 1 1 0.23853211009174313 0.6175115207373272
38 0.0027037999999999784 0 0 0.23853211009174313 0.6175115207373272
39 0.0026125000000000176 1 0 0.24770642201834864 0.6175115207373272
40 0.002558700000000025 0 1 0.24770642201834864 0.6221198156682027
41 0.0025228999999999946 0 0 0.24770642201834864 0.6221198156682027
42 0.002626399999999973 1 1 0.25688073394495414 0.6267281105990783
43 0.0025950999999999613 1 1 0.26605504587155965 0.631336405529954
44 0.002606200000000003 1 0 0.27522935779816515 0.631336405529954
45 0.002571600000000007 1 1 0.28440366972477066 0.6359447004608295
46 0.0025360999999999856 0 1 0.28440366972477066 0.6405529953917051
47 0.002718300000000007 0 0 0.28440366972477066 0.6405529953917051
48 0.002704099999999987 0 0 0.28440366972477066 0.6405529953917051
49 0.002597399999999972 1 1 0.29357798165137616 0.6451612903225806
50 0.0026107000000000213 1 1 0.30275229357798167 0.6497695852534562
51 0.00270999999999999 1 1 0.3119266055045872 0.6543778801843319
52 0.002759799999999979 1 1 0.3211009174311927 0.6589861751152074
53 0.002613399999999988 1 1 0.3302752293577982 0.663594470046083
54 0.002762500000000001 1 1 0.3394495412844037 0.6682027649769585
55 0.0027356000000000047 0 0 0.3394495412844037 0.6682027649769585
56 0.0026500999999999886 0 0 0.3394495412844037 0.6682027649769585
57 0.00277369999999999 0 0 0.3394495412844037 0.6682027649769585
58 0.0028367000000000253 0 0 0.3394495412844037 0.6682027649769585
59 0.0028461999999999654 0 0 0.3394495412844037 0.6682027649769585
60 0.002690999999999999 1 0 0.3486238532110092 0.6682027649769585
61 0.0029452000000000367 1 1 0.3577981651376147 0.6728110599078341
62 0.002764700000000009 1 1 0.3669724770642202 0.6774193548387096
63 0.002989699999999984 1 0 0.3761467889908257 0.6774193548387096
64 0.0032736999999999905 1 1 0.3853211009174312 0.6820276497695853
65 0.00297639999999999 1 2 0.3944954128440367 0.6912442396313364
66 0.002731299999999992 0 0 0.3944954128440367 0.6912442396313364
67 0.0028968000000000327 1 1 0.4036697247706422 0.695852534562212
68 0.0027560999999999836 1 2 0.41284403669724773 0.7050691244239631
69 0.00277860000000002 0 0 0.41284403669724773 0.7050691244239631
70 0.0028246000000000104 1 0 0.42201834862385323 0.7050691244239631
71 0.002746699999999991 0 1 0.42201834862385323 0.7096774193548387
72 0.002960499999999977 1 1 0.43119266055045874 0.7142857142857143
73 0.0028889000000000276 0 0 0.43119266055045874 0.7142857142857143
74 0.0029577000000000075 1 1 0.44036697247706424 0.7188940092165899
75 0.0028932999999999875 0 0 0.44036697247706424 0.7188940092165899
76 0.0030599000000000043 1 0 0.44954128440366975 0.7188940092165899
77 0.0031031000000000253 1 1 0.45871559633027525 0.7235023041474654
78 0.0028729000000000116 1 0 0.46788990825688076 0.7235023041474654
79 0.003000400000000014 1 1 0.47706422018348627 0.728110599078341
80 0.003427599999999975 1 2 0.48623853211009177 0.7373271889400922
81 0.0030437999999999854 1 2 0.4954128440366973 0.7465437788018433
82 0.003015999999999963 0 0 0.4954128440366973 0.7465437788018433
83 0.0031478999999999813 1 0 0.5045871559633027 0.7465437788018433
84 0.003103200000000028 1 2 0.5137614678899083 0.7557603686635944
85 0.0031040999999999985 1 1 0.5229357798165137 0.7603686635944701
86 0.0031839999999999646 0 0 0.5229357798165137 0.7603686635944701
87 0.0033082999999999863 0 0 0.5229357798165137 0.7603686635944701
88 0.0028973999999999944 1 1 0.5321100917431193 0.7649769585253456
89 0.0036247999999999836 0 0 0.5321100917431193 0.7649769585253456
90 0.0032339000000000118 1 0 0.5412844036697247 0.7649769585253456
91 0.0036570999999999687 1 1 0.5504587155963303 0.7695852534562212
92 0.003368399999999938 1 1 0.5596330275229358 0.7741935483870968
93 0.0030900999999999845 0 1 0.5596330275229358 0.7788018433179723
94 0.003010700000000033 1 1 0.5688073394495413 0.783410138248848
95 0.0031754000000000504 0 0 0.5688073394495413 0.783410138248848
96 0.0034037000000000095 1 1 0.5779816513761468 0.7880184331797235
97 0.003112300000000068 0 0 0.5779816513761468 0.7880184331797235
98 0.003456400000000026 1 0 0.5871559633027523 0.7880184331797235
99 0.0031698000000000004 0 0 0.5871559633027523 0.7880184331797235
100 0.003210799999999958 0 0 0.5871559633027523 0.7880184331797235
101 0.0033518999999999632 1 0 0.5963302752293578 0.7880184331797235
102 0.003175800000000062 1 1 0.6055045871559633 0.7926267281105991
103 0.0032586000000000004 1 1 0.6146788990825688 0.7972350230414746
104 0.0032545999999999964 1 1 0.6238532110091743 0.8018433179723502
105 0.0033100999999999825 1 1 0.6330275229357798 0.8064516129032258
106 0.003589399999999965 1 2 0.6422018348623854 0.815668202764977
107 0.0033351999999999826 1 0 0.6513761467889908 0.815668202764977
108 0.003494499999999956 1 3 0.6605504587155964 0.8294930875576036
109 0.0034414999999999862 0 0 0.6605504587155964 0.8294930875576036
110 0.003907800000000017 1 0 0.6697247706422018 0.8294930875576036
111 0.0031552000000000247 0 0 0.6697247706422018 0.8294930875576036
112 0.0033485000000000875 0 0 0.6697247706422018 0.8294930875576036
113 0.0033087000000000533 1 1 0.6788990825688074 0.8341013824884793
114 0.003770999999999969 1 1 0.6880733944954128 0.8387096774193549
115 0.0032372999999999985 1 0 0.6972477064220184 0.8387096774193549
116 0.003321999999999936 1 2 0.7064220183486238 0.847926267281106
117 0.004016299999999973 0 0 0.7064220183486238 0.847926267281106
118 0.003343299999999938 1 2 0.7155963302752294 0.8571428571428571
119 0.003975799999999974 1 1 0.7247706422018348 0.8617511520737328
120 0.00350970000000006 0 0 0.7247706422018348 0.8617511520737328
121 0.003762500000000002 1 0 0.7339449541284404 0.8617511520737328
122 0.003339599999999998 0 0 0.7339449541284404 0.8617511520737328
123 0.0034403000000000628 1 2 0.7431192660550459 0.8709677419354839
124 0.0033186000000000604 1 1 0.7522935779816514 0.8755760368663594
125 0.0033794000000000324 1 0 0.7614678899082569 0.8755760368663594
126 0.003304399999999985 1 1 0.7706422018348624 0.880184331797235
127 0.00387000000000004 0 0 0.7706422018348624 0.880184331797235
128 0.0034663999999999806 1 0 0.7798165137614679 0.880184331797235
129 0.003504599999999969 1 1 0.7889908256880734 0.8847926267281107
130 0.004122200000000076 1 0 0.7981651376146789 0.8847926267281107
131 0.003677200000000047 0 1 0.7981651376146789 0.8894009216589862
132 0.00406340000000005 0 1 0.7981651376146789 0.8940092165898618
133 0.003449200000000041 0 0 0.7981651376146789 0.8940092165898618
134 0.00357850000000004 1 0 0.8073394495412844 0.8940092165898618
135 0.003468100000000085 0 0 0.8073394495412844 0.8940092165898618
136 0.0034842000000000484 1 2 0.8165137614678899 0.9032258064516129
137 0.0034482999999999597 0 1 0.8165137614678899 0.9078341013824884
138 0.003545200000000026 1 0 0.8256880733944955 0.9078341013824884
139 0.0036289999999999933 1 1 0.8348623853211009 0.9124423963133641
140 0.0036293000000000575 1 2 0.8440366972477065 0.9216589861751152
141 0.0038896000000000486 0 0 0.8440366972477065 0.9216589861751152
142 0.003964900000000049 0 0 0.8440366972477065 0.9216589861751152
143 0.0037031000000000702 1 1 0.8532110091743119 0.9262672811059908
144 0.0036477000000000315 0 0 0.8532110091743119 0.9262672811059908
145 0.0035420999999999925 0 0 0.8532110091743119 0.9262672811059908
146 0.0036667000000000227 1 1 0.8623853211009175 0.9308755760368663
147 0.0033930999999999267 0 0 0.8623853211009175 0.9308755760368663
148 0.0038298000000001053 1 1 0.8715596330275229 0.9354838709677419
149 0.0037988999999999384 0 0 0.8715596330275229 0.9354838709677419
150 0.003976199999999985 0 0 0.8715596330275229 0.9354838709677419
151 0.0036819000000000157 0 0 0.8715596330275229 0.9354838709677419
152 0.0034315000000000317 1 0 0.8807339449541285 0.9354838709677419
153 0.0038162000000000473 1 0 0.8899082568807339 0.9354838709677419
154 0.003531799999999974 0 1 0.8899082568807339 0.9400921658986175
155 0.0038162999999999947 1 1 0.8990825688073395 0.9447004608294931
156 0.004164100000000004 1 1 0.908256880733945 0.9493087557603687
157 0.0036181000000000685 1 2 0.9174311926605505 0.9585253456221198
158 0.003620699999999921 1 1 0.926605504587156 0.9631336405529954
159 0.00380540000000007 0 0 0.926605504587156 0.9631336405529954
160 0.003948300000000016 0 0 0.926605504587156 0.9631336405529954
161 0.003938300000000061 1 1 0.9357798165137615 0.967741935483871
162 0.003686800000000101 1 0 0.944954128440367 0.967741935483871
163 0.0038084999999999924 0 0 0.944954128440367 0.967741935483871
164 0.0038831999999999756 1 2 0.9541284403669725 0.9769585253456221
165 0.003999500000000045 0 0 0.9541284403669725 0.9769585253456221
166 0.0036863999999999786 1 1 0.963302752293578 0.9815668202764977
167 0.004008699999999976 1 1 0.9724770642201835 0.9861751152073732
168 0.0038471999999999396 1 1 0.981651376146789 0.9907834101382489
169 0.004097099999999965 0 0 0.981651376146789 0.9907834101382489
170 0.0036941000000000335 1 0 0.9908256880733946 0.9907834101382489
171 0.003827600000000042 0 1 0.9908256880733946 0.9953917050691244
172 0.004317700000000091 1 0 1.0 0.9953917050691244
173 0.003788099999999961 0 0 1.0 0.9953917050691244
174 0.004051699999999991 0 0 1.0 0.9953917050691244
175 0.0040807999999999955 0 0 1.0 0.9953917050691244
176 0.004199799999999976 0 1 1.0 1.0
