100 0.8 0.7
1 0.0028537000000000146 1 0 0.010101010101010102 0.5025380710659898
2 0.002049800000000046 1 0 0.020202020202020204 0.5025380710659898
3 0.002017099999999994 1 2 0.030303030303030304 0.5126903553299492
4 0.002608499999999958 1 1 0.04040404040404041 0.5177664974619289
5 0.0024274999999999713 1 1 0.050505050505050504 0.5228426395939086
6 0.003073199999999998 0 0 0.050505050505050504 0.5228426395939086
7 0.002015800000000012 1 1 0.06060606060606061 0.5279187817258884
8 0.002083799999999969 1 1 0.0707070707070707 0.5329949238578681
9 0.00252659999999999 1 1 0.08080808080808081 0.5380710659898477
10 0.0022251999999999827 1 0 0.09090909090909091 0.5380710659898477
11 0.00293199999999999 1 0 0.10101010101010101 0.5380710659898477
12 0.0029178999999999733 1 2 0.1111111111111111 0.5482233502538071
13 0.003043100000000021 0 0 0.1111111111111111 0.5482233502538071
14 0.0034171000000000062 1 0 0.12121212121212122 0.5482233502538071
15 0.002413300000000007 1 1 0.13131313131313133 0.5532994923857868
16 0.002234999999999987 1 2 0.1414141414141414 0.5634517766497462
17 0.0022325999999999735 1 2 0.15151515151515152 0.5736040609137056
18 0.003028799999999998 1 1 0.16161616161616163 0.5786802030456852
19 0.0023527999999999882 1 1 0.1717171717171717 0.583756345177665
20 0.00288689999999997 1 1 0.18181818181818182 0.5888324873096447
21 0.003463999999999967 1 1 0.1919191919191919 0.5939086294416244
22 0.003115800000000002 1 0 0.20202020202020202 0.5939086294416244
23 0.003004700000000027 1 2 0.21212121212121213 0.6040609137055838
24 0.0035723000000000282 1 1 0.2222222222222222 0.6091370558375635
25 0.0035822000000000354 1 0 0.23232323232323232 0.6091370558375635
26 0.0023386999999999714 1 0 0.24242424242424243 0.6091370558375635
27 0.002261499999999972 1 2 0.25252525252525254 0.6192893401015228
28 0.0024918999999999913 1 2 0.26262626262626265 0.6294416243654822
29 0.00270929999999997 1 1 0.2727272727272727 0.6345177664974619
30 0.0023076000000000207 1 1 0.2828282828282828 0.6395939086294417
31 0.002978000000000036 1 1 0.29292929292929293 0.6446700507614214
32 0.0029215000000000213 1 0 0.30303030303030304 0.6446700507614214
33 0.0029112000000000027 1 2 0.31313131313131315 0.6548223350253807
34 0.0025118000000000085 1 1 0.32323232323232326 0.6598984771573604
35 0.0028938999999999493 1 1 0.3333333333333333 0.6649746192893401
36 0.002953299999999992 1 1 0.3434343434343434 0.6700507614213198
37 0.0027728000000000197 0 0 0.3434343434343434 0.6700507614213198
38 0.0025905999999999985 0 0 0.3434343434343434 0.6700507614213198
39 0.003134799999999993 1 1 0.35353535353535354 0.6751269035532995
40 0.0031797000000000075 1 1 0.36363636363636365 0.6802030456852792
41 0.0026338000000000195 1 0 0.37373737373737376 0.6802030456852792
42 0.0024813000000000196 1 2 0.3838383838383838 0.6903553299492385
43 0.002973799999999971 1 1 0.3939393939393939 0.6954314720812182
44 0.0026097999999999955 0 0 0.3939393939393939 0.6954314720812182
45 0.002491299999999974 1 1 0.40404040404040403 0.700507614213198
46 0.0031495000000000273 1 1 0.41414141414141414 0.7055837563451777
47 0.003032900000000005 0 0 0.41414141414141414 0.7055837563451777
48 0.004166300000000012 0 0 0.41414141414141414 0.7055837563451777
49 0.003874500000000003 1 1 0.42424242424242425 0.7106598984771574
50 0.003906799999999988 1 1 0.43434343434343436 0.7157360406091371
51 0.003045600000000037 1 1 0.4444444444444444 0.7208121827411168
52 0.002640699999999996 1 1 0.45454545454545453 0.7258883248730964
53 0.002900899999999984 0 0 0.45454545454545453 0.7258883248730964
54 0.003360400000000041 1 1 0.46464646464646464 0.7309644670050761
55 0.0029437999999999964 0 0 0.46464646464646464 0.7309644670050761
56 0.003219599999999989 1 1 0.47474747474747475 0.7360406091370558
57 0.003100999999999965 0 0 0.47474747474747475 0.7360406091370558
58 0.003028400000000042 1 1 0.48484848484848486 0.7411167512690355
59 0.0032879000000000103 1 1 0.494949494949495 0.7461928934010152
60 0.0035992000000000246 1 1 0.5050505050505051 0.751269035532995
61 0.0032857000000000025 1 1 0.5151515151515151 0.7563451776649747
62 0.002851500000000007 1 0 0.5252525252525253 0.7563451776649747
63 0.003101400000000032 1 2 0.5353535353535354 0.766497461928934
64 0.0033552000000000026 1 1 0.5454545454545454 0.7715736040609137
65 0.0029277999999999804 1 1 0.5555555555555556 0.7766497461928934
66 0.002761799999999981 1 0 0.5656565656565656 0.7766497461928934
67 0.0038858999999999977 1 2 0.5757575757575758 0.7868020304568528
68 0.003107699999999991 1 1 0.5858585858585859 0.7918781725888325
69 0.004696699999999998 1 1 0.5959595959595959 0.7969543147208121
70 0.0030838999999999728 1 1 0.6060606060606061 0.8020304568527918
71 0.003579600000000016 0 0 0.6060606060606061 0.8020304568527918
72 0.0030141000000000195 1 0 0.6161616161616161 0.8020304568527918
73 0.0036967999999999446 1 1 0.6262626262626263 0.8071065989847716
74 0.003450500000000023 1 2 0.6363636363636364 0.817258883248731
75 0.00298760000000009 1 1 0.6464646464646465 0.8223350253807107
76 0.002960399999999974 1 0 0.6565656565656566 0.8223350253807107
77 0.0033849999999999714 0 1 0.6565656565656566 0.8274111675126904
78 0.0031563000000000008 1 1 0.6666666666666666 0.8324873096446701
79 0.003478800000000004 1 1 0.6767676767676768 0.8375634517766497
80 0.003782999999999981 1 1 0.6868686868686869 0.8426395939086294
81 0.0029983000000000093 0 0 0.6868686868686869 0.8426395939086294
82 0.0039031999999999956 1 1 0.696969696969697 0.8477157360406091
83 0.003693199999999952 0 0 0.696969696969697 0.8477157360406091
84 0.003827299999999978 0 0 0.696969696969697 0.8477157360406091
85 0.0032259000000000038 1 1 0.7070707070707071 0.8527918781725888
86 0.0037570000000000103 1 1 0.7171717171717171 0.8578680203045685
87 0.0032580999999999305 1 1 0.7272727272727273 0.8629441624365483
88 0.004424699999999948 0 0 0.7272727272727273 0.8629441624365483
89 0.0038105999999999973 1 0 0.7373737373737373 0.8629441624365483
90 0.0030755000000000088 0 0 0.7373737373737373 0.8629441624365483
91 0.003958899999999987 1 1 0.7474747474747475 0.868020304568528
92 0.0045144000000000295 1 1 0.7575757575757576 0.8730964467005076
93 0.003202999999999956 1 1 0.7676767676767676 0.8781725888324873
94 0.004143299999999961 1 1 0.7777777777777778 0.883248730964467
95 0.0038002000000000313 1 0 0.7878787878787878 0.883248730964467
96 0.0031569999999999654 0 1 0.7878787878787878 0.8883248730964467
97 0.003167799999999943 1 1 0.797979797979798 0.8934010152284264
98 0.0038317000000001045 1 2 0.8080808080808081 0.9035532994923858
99 0.003160900000000022 0 0 0.8080808080808081 0.9035532994923858
100 0.00402760000000002 1 1 0.8181818181818182 0.9086294416243654
101 0.003781499999999993 1 1 0.8282828282828283 0.9137055837563451
102 0.004845199999999994 1 1 0.8383838383838383 0.9187817258883249
103 0.004094599999999948 0 0 0.8383838383838383 0.9187817258883249
104 0.004078199999999921 1 0 0.8484848484848485 0.9187817258883249
105 0.00366119999999992 1 0 0.8585858585858586 0.9187817258883249
106 0.003970099999999976 0 1 0.8585858585858586 0.9238578680203046
107 0.0035250000000000004 1 2 0.8686868686868687 0.934010152284264
108 0.0032351999999999936 1 1 0.8787878787878788 0.9390862944162437
109 0.004007899999999953 1 1 0.8888888888888888 0.9441624365482234
110 0.003098799999999957 1 0 0.898989898989899 0.9441624365482234
111 0.004374699999999954 0 0 0.898989898989899 0.9441624365482234
112 0.0041119999999998935 0 1 0.898989898989899 0.949238578680203
113 0.003499599999999936 1 1 0.9090909090909091 0.9543147208121827
114 0.004858500000000099 1 1 0.9191919191919192 0.9593908629441624
115 0.003944700000000023 1 1 0.9292929292929293 0.9644670050761421
116 0.0032351000000000463 0 0 0.9292929292929293 0.9644670050761421
117 0.004369900000000038 1 1 0.9393939393939394 0.9695431472081218
118 0.004850200000000027 0 0 0.9393939393939394 0.9695431472081218
119 0.00415589999999999 1 1 0.9494949494949495 0.9746192893401016
120 0.0038715000000000277 1 1 0.9595959595959596 0.9796954314720813
121 0.0035965000000000025 1 0 0.9696969696969697 0.9796954314720813
122 0.00443019999999994 0 1 0.9696969696969697 0.9847715736040609
123 0.004543500000000034 1 1 0.9797979797979798 0.9898477157360406
124 0.005490800000000018 1 0 0.98989898989899 0.9898477157360406
125 0.005130099999999915 1 1 1.0 0.9949238578680203
126 0.004789299999999996 0 1 1.0 1.0
