120 1.0 0.1
1 0.0024506999999999723 1 0 0.008403361344537815 0.5021097046413502
2 0.0025623999999999647 1 1 0.01680672268907563 0.5063291139240507
3 0.0025058000000000025 1 0 0.025210084033613446 0.5063291139240507
4 0.002417400000000014 1 1 0.03361344537815126 0.510548523206751
5 0.002544799999999958 1 0 0.04201680672268908 0.510548523206751
6 0.0025256000000000167 1 0 0.05042016806722689 0.510548523206751
7 0.0025090999999999863 1 1 0.058823529411764705 0.5147679324894515
8 0.0027662999999999993 1 2 0.06722689075630252 0.5232067510548524
9 0.0025396000000000307 1 0 0.07563025210084033 0.5232067510548524
10 0.002594900000000011 1 3 0.08403361344537816 0.5358649789029536
11 0.0035664999999999725 1 0 0.09243697478991597 0.5358649789029536
12 0.003635400000000011 1 1 0.10084033613445378 0.540084388185654
13 0.0036114999999999897 1 1 0.1092436974789916 0.5443037974683544
14 0.0026680000000000037 1 0 0.11764705882352941 0.5443037974683544
15 0.002773599999999987 1 0 0.12605042016806722 0.5443037974683544
16 0.0025933000000000206 1 0 0.13445378151260504 0.5443037974683544
17 0.0025580000000000047 1 1 0.14285714285714285 0.5485232067510548
18 0.002771899999999994 1 2 0.15126050420168066 0.5569620253164557
19 0.0027507999999999977 1 1 0.15966386554621848 0.5611814345991561
20 0.002720200000000006 1 0 0.16806722689075632 0.5611814345991561
21 0.0026773999999999964 1 0 0.17647058823529413 0.5611814345991561
22 0.0028771999999999687 1 1 0.18487394957983194 0.5654008438818565
23 0.002886799999999967 1 0 0.19327731092436976 0.5654008438818565
24 0.002673700000000001 1 0 0.20168067226890757 0.5654008438818565
25 0.0029158999999999713 1 0 0.21008403361344538 0.5654008438818565
26 0.0027891999999999917 1 1 0.2184873949579832 0.569620253164557
27 0.0036198000000000063 1 0 0.226890756302521 0.569620253164557
28 0.002882700000000016 1 2 0.23529411764705882 0.5780590717299579
29 0.0026771999999999907 1 0 0.24369747899159663 0.5780590717299579
30 0.003052300000000008 1 1 0.25210084033613445 0.5822784810126582
31 0.002755099999999955 1 0 0.2605042016806723 0.5822784810126582
32 0.0028459999999999597 1 0 0.2689075630252101 0.5822784810126582
33 0.002812800000000004 1 4 0.2773109243697479 0.5991561181434599
34 0.0031978999999999758 1 0 0.2857142857142857 0.5991561181434599
35 0.002791600000000005 1 0 0.29411764705882354 0.5991561181434599
36 0.0029708999999999985 1 0 0.3025210084033613 0.5991561181434599
37 0.0028376999999999986 1 1 0.31092436974789917 0.6033755274261603
38 0.002948699999999971 1 0 0.31932773109243695 0.6033755274261603
39 0.0029084999999999805 1 1 0.3277310924369748 0.6075949367088608
40 0.0030484000000000067 1 3 0.33613445378151263 0.620253164556962
41 0.0029519000000000073 1 0 0.3445378151260504 0.620253164556962
42 0.002874500000000002 1 1 0.35294117647058826 0.6244725738396625
43 0.003121600000000002 1 3 0.36134453781512604 0.6371308016877637
44 0.003150199999999992 1 1 0.3697478991596639 0.6413502109704642
45 0.0030277999999999694 1 2 0.37815126050420167 0.6497890295358649
46 0.0031170000000000364 1 1 0.3865546218487395 0.6540084388185654
47 0.003080000000000027 1 1 0.3949579831932773 0.6582278481012658
48 0.003148800000000007 1 1 0.40336134453781514 0.6624472573839663
49 0.0031764000000000236 1 2 0.4117647058823529 0.6708860759493671
50 0.0030647999999999787 1 2 0.42016806722689076 0.679324894514768
51 0.003159700000000043 1 1 0.42857142857142855 0.6835443037974683
52 0.003102500000000008 1 2 0.4369747899159664 0.6919831223628692
53 0.004378199999999999 1 1 0.44537815126050423 0.6962025316455697
54 0.004401000000000044 1 0 0.453781512605042 0.6962025316455697
55 0.0031452000000000147 1 1 0.46218487394957986 0.70042194092827
56 0.0032074999999999743 1 1 0.47058823529411764 0.7046413502109705
57 0.0032261000000000095 1 1 0.4789915966386555 0.7088607594936709
58 0.0036531999999999676 1 0 0.48739495798319327 0.7088607594936709
59 0.0046760000000000135 1 5 0.4957983193277311 0.729957805907173
60 0.0035199999999999676 1 1 0.5042016806722689 0.7341772151898734
61 0.003754499999999994 1 1 0.5126050420168067 0.7383966244725738
62 0.0031902999999999793 1 0 0.5210084033613446 0.7383966244725738
63 0.0032564999999999955 1 0 0.5294117647058824 0.7383966244725738
64 0.0033867000000000202 1 0 0.5378151260504201 0.7383966244725738
65 0.0034136000000000166 1 1 0.5462184873949579 0.7426160337552743
66 0.0043242 1 1 0.5546218487394958 0.7468354430379747
67 0.004904599999999981 1 3 0.5630252100840336 0.759493670886076
68 0.004232599999999975 1 3 0.5714285714285714 0.7721518987341772
69 0.0033964000000000216 1 0 0.5798319327731093 0.7721518987341772
70 0.0035832000000000086 1 1 0.5882352941176471 0.7763713080168776
71 0.003640400000000099 1 0 0.5966386554621849 0.7763713080168776
72 0.0035336000000000256 1 1 0.6050420168067226 0.7805907172995781
73 0.0034695000000000142 1 0 0.6134453781512605 0.7805907172995781
74 0.003639799999999971 1 3 0.6218487394957983 0.7932489451476793
75 0.003706200000000104 1 0 0.6302521008403361 0.7932489451476793
76 0.0034227000000000007 1 1 0.6386554621848739 0.7974683544303798
77 0.003767000000000076 1 0 0.6470588235294118 0.7974683544303798
78 0.0036611000000000837 1 2 0.6554621848739496 0.8059071729957806
79 0.003741999999999912 1 0 0.6638655462184874 0.8059071729957806
80 0.003706500000000057 1 0 0.6722689075630253 0.8059071729957806
81 0.0036068999999999685 1 1 0.680672268907563 0.810126582278481
82 0.0034672000000000036 1 1 0.6890756302521008 0.8143459915611815
83 0.0038002999999999787 1 0 0.6974789915966386 0.8143459915611815
84 0.0037509000000000015 1 1 0.7058823529411765 0.8185654008438819
85 0.003969 1 0 0.7142857142857143 0.8185654008438819
86 0.004820900000000017 1 0 0.7226890756302521 0.8185654008438819
87 0.005254399999999992 1 2 0.7310924369747899 0.8270042194092827
88 0.005214500000000011 1 4 0.7394957983193278 0.8438818565400844
89 0.004993200000000031 1 0 0.7478991596638656 0.8438818565400844
90 0.00528519999999999 1 1 0.7563025210084033 0.8481012658227848
91 0.003829200000000088 1 0 0.7647058823529411 0.8481012658227848
92 0.003898999999999986 1 2 0.773109243697479 0.8565400843881856
93 0.005298899999999995 1 0 0.7815126050420168 0.8565400843881856
94 0.00518289999999999 1 0 0.7899159663865546 0.8565400843881856
95 0.005454800000000093 1 0 0.7983193277310925 0.8565400843881856
96 0.005807600000000024 1 0 0.8067226890756303 0.8565400843881856
97 0.005300900000000053 1 1 0.8151260504201681 0.8607594936708861
98 0.003671000000000091 1 2 0.8235294117647058 0.869198312236287
99 0.003938899999999967 1 1 0.8319327731092437 0.8734177215189873
100 0.003792600000000035 1 1 0.8403361344537815 0.8776371308016878
101 0.004028099999999979 1 0 0.8487394957983193 0.8776371308016878
102 0.0040432000000000246 1 1 0.8571428571428571 0.8818565400843882
103 0.00372680000000003 1 0 0.865546218487395 0.8818565400843882
104 0.0036931000000000047 1 0 0.8739495798319328 0.8818565400843882
105 0.0038473999999999453 1 2 0.8823529411764706 0.890295358649789
106 0.004113999999999951 1 1 0.8907563025210085 0.8945147679324894
107 0.003908199999999917 1 0 0.8991596638655462 0.8945147679324894
108 0.004063299999999992 1 0 0.907563025210084 0.8945147679324894
109 0.0059882999999999464 1 2 0.9159663865546218 0.9029535864978903
110 0.005525499999999961 1 1 0.9243697478991597 0.9071729957805907
111 0.005714900000000078 1 2 0.9327731092436975 0.9156118143459916
112 0.0038129999999999553 1 3 0.9411764705882353 0.9282700421940928
113 0.003963799999999962 1 0 0.9495798319327731 0.9282700421940928
114 0.004056100000000007 1 1 0.957983193277311 0.9324894514767933
115 0.004234100000000018 1 0 0.9663865546218487 0.9324894514767933
116 0.004065899999999956 1 2 0.9747899159663865 0.9409282700421941
117 0.004473300000000013 1 3 0.9831932773109243 0.9535864978902954
118 0.00430890000000006 1 1 0.9915966386554622 0.9578059071729957
119 0.004038600000000003 1 0 1.0 0.9578059071729957
120 0.004659899999999939 0 1 1.0 0.9620253164556962
121 0.004159600000000041 0 0 1.0 0.9620253164556962
122 0.004275299999999982 0 0 1.0 0.9620253164556962
123 0.004447800000000002 0 1 1.0 0.9662447257383966
124 0.004255000000000009 0 1 1.0 0.9704641350210971
125 0.004104600000000014 0 0 1.0 0.9704641350210971
126 0.0058122999999999925 0 0 1.0 0.9704641350210971
127 0.006014500000000034 0 0 1.0 0.9704641350210971
128 0.005848400000000087 0 0 1.0 0.9704641350210971
129 0.00555720000000004 0 0 1.0 0.9704641350210971
130 0.0059514999999999985 0 1 1.0 0.9746835443037974
131 0.00585839999999993 0 1 1.0 0.9789029535864979
132 0.005850000000000022 0 1 1.0 0.9831223628691983
133 0.004222300000000012 0 0 1.0 0.9831223628691983
134 0.004176700000000033 0 0 1.0 0.9831223628691983
135 0.004187500000000011 0 1 1.0 0.9873417721518988
136 0.003936999999999968 0 1 1.0 0.9915611814345991
137 0.003939599999999932 0 0 1.0 0.9915611814345991
138 0.004005799999999948 0 0 1.0 0.9915611814345991
139 0.004224600000000023 0 0 1.0 0.9915611814345991
140 0.004387699999999994 0 0 1.0 0.9915611814345991
141 0.004016599999999926 0 0 1.0 0.9915611814345991
142 0.00441249999999993 0 0 1.0 0.9915611814345991
143 0.00401410000000002 0 0 1.0 0.9915611814345991
144 0.00428470000000003 0 0 1.0 0.9915611814345991
145 0.004086699999999999 0 1 1.0 0.9957805907172996
146 0.00404059999999995 0 0 1.0 0.9957805907172996
147 0.004078200000000032 0 0 1.0 0.9957805907172996
148 0.004112099999999952 0 0 1.0 0.9957805907172996
149 0.004200399999999993 0 0 1.0 0.9957805907172996
150 0.004277399999999987 0 0 1.0 0.9957805907172996
151 0.004278800000000027 0 0 1.0 0.9957805907172996
152 0.0044967999999999675 0 1 1.0 1.0
