25 0.8 0.4
1 0.000694299999999981 0 0 0.0 0.5106382978723404
2 0.0006475999999999982 1 0 0.041666666666666664 0.5106382978723404
3 0.0006864000000000037 1 0 0.08333333333333333 0.5106382978723404
4 0.0006369000000000236 1 1 0.125 0.5319148936170213
5 0.000729499999999994 1 2 0.16666666666666666 0.574468085106383
6 0.0011655000000000137 1 0 0.20833333333333334 0.574468085106383
7 0.0011653999999999831 1 1 0.25 0.5957446808510638
8 0.0010060000000000069 1 0 0.2916666666666667 0.5957446808510638
9 0.0007000000000000062 1 1 0.3333333333333333 0.6170212765957447
10 0.0006923000000000068 0 1 0.3333333333333333 0.6382978723404256
11 0.0010763999999999774 1 0 0.375 0.6382978723404256
12 0.0011035000000000073 1 1 0.4166666666666667 0.6595744680851063
13 0.0010016999999999943 1 1 0.4583333333333333 0.6808510638297872
14 0.000950499999999993 0 2 0.4583333333333333 0.723404255319149
15 0.0009422000000000041 0 0 0.4583333333333333 0.723404255319149
16 0.0007978999999999903 1 0 0.5 0.723404255319149
17 0.0008751999999999927 1 1 0.5416666666666666 0.7446808510638298
18 0.0014823999999999948 1 0 0.5833333333333334 0.7446808510638298
19 0.0010291999999999801 1 1 0.625 0.7659574468085106
20 0.0008639000000000008 0 1 0.625 0.7872340425531915
21 0.0010335999999999956 1 1 0.6666666666666666 0.8085106382978723
22 0.000992700000000013 1 0 0.7083333333333334 0.8085106382978723
23 0.001604499999999981 1 1 0.75 0.8297872340425532
24 0.0013465000000000005 0 0 0.75 0.8297872340425532
25 0.001509499999999997 1 1 0.7916666666666666 0.851063829787234
26 0.0009608999999999868 1 1 0.8333333333333334 0.8723404255319149
27 0.0013434999999999975 0 2 0.8333333333333334 0.9148936170212766
28 0.001354099999999997 1 0 0.875 0.9148936170212766
29 0.0010521000000000003 0 0 0.875 0.9148936170212766
30 0.0009847999999999801 1 0 0.9166666666666666 0.9148936170212766
31 0.0010138000000000091 1 0 0.9583333333333334 0.9148936170212766
32 0.001079500000000011 1 1 1.0 0.9361702127659575
33 0.0009319999999999884 0 1 1.0 0.9574468085106383
34 0.00128339999999999 0 1 1.0 0.9787234042553191
35 0.0013748000000000093 0 1 1.0 1.0
