150 0.9 0.4
1 0.0032871000000000428 1 0 0.006711409395973154 0.5016835016835017
2 0.0037480999999999765 1 0 0.013422818791946308 0.5016835016835017
3 0.003389000000000031 0 0 0.013422818791946308 0.5016835016835017
4 0.0032595000000000263 1 1 0.020134228187919462 0.5050505050505051
5 0.0037113000000000285 1 0 0.026845637583892617 0.5050505050505051
6 0.003154099999999993 1 2 0.03355704697986577 0.5117845117845118
7 0.0036682000000000103 1 2 0.040268456375838924 0.5185185185185185
8 0.003306000000000031 1 1 0.04697986577181208 0.5218855218855218
9 0.003717899999999996 1 1 0.053691275167785234 0.5252525252525253
10 0.003416599999999992 1 0 0.06040268456375839 0.5252525252525253
11 0.004003300000000043 1 1 0.06711409395973154 0.5286195286195287
12 0.0035467000000000137 0 0 0.06711409395973154 0.5286195286195287
13 0.0034858999999999862 1 0 0.0738255033557047 0.5286195286195287
14 0.0037983999999999796 1 1 0.08053691275167785 0.531986531986532
15 0.003390499999999963 1 2 0.087248322147651 0.5387205387205387
16 0.004050800000000021 1 2 0.09395973154362416 0.5454545454545454
17 0.004183900000000018 1 1 0.10067114093959731 0.5488215488215489
18 0.0033794999999999797 1 0 0.10738255033557047 0.5488215488215489
19 0.0036703000000000152 1 0 0.11409395973154363 0.5488215488215489
20 0.004822700000000013 1 0 0.12080536912751678 0.5488215488215489
21 0.003418200000000038 1 2 0.12751677852348994 0.5555555555555556
22 0.003538000000000041 0 0 0.12751677852348994 0.5555555555555556
23 0.004150700000000007 1 2 0.1342281879194631 0.5622895622895623
24 0.0035947000000000062 1 0 0.14093959731543623 0.5622895622895623
25 0.003857400000000011 1 0 0.1476510067114094 0.5622895622895623
26 0.0035058999999999507 1 1 0.15436241610738255 0.5656565656565656
27 0.0035589000000000315 1 1 0.1610738255033557 0.569023569023569
28 0.003811700000000029 1 1 0.16778523489932887 0.5723905723905723
29 0.005139699999999969 1 1 0.174496644295302 0.5757575757575758
30 0.0036817999999999573 1 2 0.18120805369127516 0.5824915824915825
31 0.003921399999999964 1 2 0.18791946308724833 0.5892255892255892
32 0.0035578000000000554 0 0 0.18791946308724833 0.5892255892255892
33 0.0034378000000000464 1 0 0.19463087248322147 0.5892255892255892
34 0.003589999999999982 1 2 0.20134228187919462 0.5959595959595959
35 0.003798999999999997 1 0 0.2080536912751678 0.5959595959595959
36 0.003973899999999975 0 0 0.2080536912751678 0.5959595959595959
37 0.004061399999999993 1 1 0.21476510067114093 0.5993265993265994
38 0.0037267000000000827 1 1 0.2214765100671141 0.6026936026936027
39 0.004172299999999907 1 0 0.22818791946308725 0.6026936026936027
40 0.0046720000000000095 1 1 0.2348993288590604 0.6060606060606061
41 0.0038848000000000216 1 1 0.24161073825503357 0.6094276094276094
42 0.0044328000000000145 1 1 0.2483221476510067 0.6127946127946128
43 0.004398800000000036 1 3 0.2550335570469799 0.622895622895623
44 0.004035300000000075 1 2 0.26174496644295303 0.6296296296296297
45 0.0037420999999999704 1 0 0.2684563758389262 0.6296296296296297
46 0.00424380000000002 1 1 0.2751677852348993 0.632996632996633
47 0.005026299999999928 1 0 0.28187919463087246 0.632996632996633
48 0.0037388999999999895 1 1 0.28859060402684567 0.6363636363636364
49 0.0046800000000000175 0 1 0.28859060402684567 0.6397306397306397
50 0.0039655999999999025 1 2 0.2953020134228188 0.6464646464646465
51 0.0038937 1 1 0.30201342281879195 0.6498316498316499
52 0.003896900000000092 1 0 0.3087248322147651 0.6498316498316499
53 0.003605999999999998 1 1 0.31543624161073824 0.6531986531986532
54 0.004378100000000051 1 1 0.3221476510067114 0.6565656565656566
55 0.004776200000000008 0 0 0.3221476510067114 0.6565656565656566
56 0.0037555000000000227 1 1 0.3288590604026846 0.6599326599326599
57 0.004590499999999942 1 1 0.33557046979865773 0.6632996632996633
58 0.0049808000000000074 1 1 0.3422818791946309 0.6666666666666666
59 0.00396109999999994 1 2 0.348993288590604 0.6734006734006734
60 0.004576399999999925 1 0 0.35570469798657717 0.6734006734006734
61 0.004094700000000007 1 1 0.3624161073825503 0.6767676767676768
62 0.004113800000000056 1 2 0.3691275167785235 0.6835016835016835
63 0.003838499999999967 1 0 0.37583892617449666 0.6835016835016835
64 0.004481900000000039 1 1 0.3825503355704698 0.6868686868686869
65 0.005383100000000085 1 2 0.38926174496644295 0.6936026936026936
66 0.003967100000000001 1 0 0.3959731543624161 0.6936026936026936
67 0.004877800000000043 1 0 0.40268456375838924 0.6936026936026936
68 0.004401299999999941 1 0 0.40939597315436244 0.6936026936026936
69 0.004066899999999984 1 1 0.4161073825503356 0.696969696969697
70 0.0041927999999999965 1 1 0.4228187919463087 0.7003367003367004
71 0.0051184000000000784 1 3 0.42953020134228187 0.7104377104377104
72 0.005112400000000017 0 0 0.42953020134228187 0.7104377104377104
73 0.004293800000000014 1 1 0.436241610738255 0.7138047138047138
74 0.005279200000000039 1 0 0.4429530201342282 0.7138047138047138
75 0.004655599999999982 1 1 0.44966442953020136 0.7171717171717171
76 0.004828700000000019 1 0 0.4563758389261745 0.7171717171717171
77 0.00484629999999997 1 2 0.46308724832214765 0.7239057239057239
78 0.00457989999999997 1 1 0.4697986577181208 0.7272727272727273
79 0.005574999999999997 1 1 0.47651006711409394 0.7306397306397306
80 0.0045384000000000535 1 0 0.48322147651006714 0.7306397306397306
81 0.009186099999999975 1 2 0.4899328859060403 0.7373737373737373
82 0.005568600000000035 1 1 0.4966442953020134 0.7407407407407407
83 0.0045664000000000815 1 1 0.5033557046979866 0.7441077441077442
84 0.00428839999999997 1 1 0.5100671140939598 0.7474747474747475
85 0.004722800000000027 1 1 0.5167785234899329 0.7508417508417509
86 0.0050675000000000026 1 2 0.5234899328859061 0.7575757575757576
87 0.004902999999999991 1 1 0.5302013422818792 0.7609427609427609
88 0.004484299999999997 1 1 0.5369127516778524 0.7643097643097643
89 0.004930299999999943 1 0 0.5436241610738255 0.7643097643097643
90 0.005203399999999969 1 0 0.5503355704697986 0.7643097643097643
91 0.005044899999999908 1 3 0.5570469798657718 0.7744107744107744
92 0.0048399999999999554 1 2 0.5637583892617449 0.7811447811447811
93 0.004380600000000068 1 0 0.5704697986577181 0.7811447811447811
94 0.0049186999999999426 1 1 0.5771812080536913 0.7845117845117845
95 0.004991300000000032 1 1 0.5838926174496645 0.7878787878787878
96 0.0051738999999999535 1 0 0.5906040268456376 0.7878787878787878
97 0.004347600000000007 0 1 0.5906040268456376 0.7912457912457912
98 0.005268399999999951 1 1 0.5973154362416108 0.7946127946127947
99 0.004856900000000053 0 1 0.5973154362416108 0.797979797979798
100 0.004723800000000056 1 0 0.6040268456375839 0.797979797979798
101 0.004427500000000029 1 0 0.610738255033557 0.797979797979798
102 0.005116700000000085 1 0 0.6174496644295302 0.797979797979798
103 0.005487099999999967 1 2 0.6241610738255033 0.8047138047138047
104 0.004843400000000053 1 2 0.6308724832214765 0.8114478114478114
105 0.006251999999999924 1 0 0.6375838926174496 0.8114478114478114
106 0.004647000000000068 1 2 0.6442953020134228 0.8181818181818182
107 0.0054122999999999255 1 1 0.6510067114093959 0.8215488215488216
108 0.004853200000000002 1 1 0.6577181208053692 0.8249158249158249
109 0.005309699999999973 1 2 0.6644295302013423 0.8316498316498316
110 0.004906700000000042 1 1 0.6711409395973155 0.835016835016835
111 0.0062243000000000714 1 0 0.6778523489932886 0.835016835016835
112 0.004599299999999973 1 1 0.6845637583892618 0.8383838383838383
113 0.005460399999999921 1 1 0.6912751677852349 0.8417508417508418
114 0.005031500000000078 1 0 0.697986577181208 0.8417508417508418
115 0.004802000000000084 1 1 0.7046979865771812 0.8451178451178452
116 0.006009599999999948 0 1 0.7046979865771812 0.8484848484848485
117 0.007612999999999981 1 1 0.7114093959731543 0.8518518518518519
118 0.005411700000000019 1 1 0.7181208053691275 0.8552188552188552
119 0.006772 0 0 0.7181208053691275 0.8552188552188552
120 0.0049919999999999964 1 1 0.7248322147651006 0.8585858585858586
121 0.0055610999999999855 1 0 0.7315436241610739 0.8585858585858586
122 0.00479380000000007 1 1 0.738255033557047 0.8619528619528619
123 0.007182999999999939 1 1 0.7449664429530202 0.8653198653198653
124 0.005392700000000028 1 0 0.7516778523489933 0.8653198653198653
125 0.005428699999999953 1 3 0.7583892617449665 0.8754208754208754
126 0.005128200000000027 1 1 0.7651006711409396 0.8787878787878788
127 0.005388999999999866 1 1 0.7718120805369127 0.8821548821548821
128 0.005050999999999917 1 2 0.7785234899328859 0.8888888888888888
129 0.006267699999999987 1 0 0.785234899328859 0.8888888888888888
130 0.0055802999999998715 0 0 0.785234899328859 0.8888888888888888
131 0.005951400000000051 1 1 0.7919463087248322 0.8922558922558923
132 0.0059605999999998716 1 1 0.7986577181208053 0.8956228956228957
133 0.00566460000000002 1 0 0.8053691275167785 0.8956228956228957
134 0.005955600000000061 1 1 0.8120805369127517 0.898989898989899
135 0.00551809999999997 1 0 0.8187919463087249 0.898989898989899
136 0.004944499999999907 1 2 0.825503355704698 0.9057239057239057
137 0.005469699999999911 1 2 0.8322147651006712 0.9124579124579124
138 0.005740499999999926 1 0 0.8389261744966443 0.9124579124579124
139 0.005846599999999924 1 1 0.8456375838926175 0.9158249158249159
140 0.006004700000000085 1 0 0.8523489932885906 0.9158249158249159
141 0.006824699999999906 1 1 0.8590604026845637 0.9191919191919192
142 0.005371199999999909 1 1 0.8657718120805369 0.9225589225589226
143 0.005613300000000043 1 2 0.87248322147651 0.9292929292929293
144 0.006562599999999863 1 0 0.8791946308724832 0.9292929292929293
145 0.00516289999999997 1 1 0.8859060402684564 0.9326599326599326
146 0.006844000000000072 1 0 0.8926174496644296 0.9326599326599326
147 0.0051378999999998065 0 2 0.8926174496644296 0.9393939393939394
148 0.006015399999999893 1 1 0.8993288590604027 0.9427609427609428
149 0.005323900000000048 1 1 0.9060402684563759 0.9461279461279462
150 0.00540879999999988 1 0 0.912751677852349 0.9461279461279462
151 0.005708099999999883 1 0 0.9194630872483222 0.9461279461279462
152 0.006263400000000141 1 3 0.9261744966442953 0.9562289562289562
153 0.005823699999999876 1 3 0.9328859060402684 0.9663299663299664
154 0.00621830000000001 0 0 0.9328859060402684 0.9663299663299664
155 0.006473799999999974 1 1 0.9395973154362416 0.9696969696969697
156 0.005452900000000094 1 0 0.9463087248322147 0.9696969696969697
157 0.0061971000000000664 1 0 0.9530201342281879 0.9696969696969697
158 0.005433399999999811 1 0 0.959731543624161 0.9696969696969697
159 0.006201000000000123 0 0 0.959731543624161 0.9696969696969697
160 0.005592900000000123 0 2 0.959731543624161 0.9764309764309764
161 0.006121599999999949 1 1 0.9664429530201343 0.9797979797979798
162 0.005520600000000098 1 2 0.9731543624161074 0.9865319865319865
163 0.006093799999999927 1 1 0.9798657718120806 0.98989898989899
164 0.0056187000000000875 1 1 0.9865771812080537 0.9932659932659933
165 0.007701200000000075 1 0 0.9932885906040269 0.9932659932659933
166 0.006152500000000005 1 1 1.0 0.9966329966329966
167 0.00567530000000005 0 1 1.0 1.0
