180 0.7 0.3
1 0.004191100000000003 1 0 0.00558659217877095 0.5014005602240896
2 0.004009099999999988 0 0 0.00558659217877095 0.5014005602240896
3 0.0040375999999999745 0 0 0.00558659217877095 0.5014005602240896
4 0.0037166000000000143 1 1 0.0111731843575419 0.5042016806722689
5 0.004092200000000046 0 0 0.0111731843575419 0.5042016806722689
6 0.004063499999999998 1 0 0.01675977653631285 0.5042016806722689
7 0.003644000000000036 1 1 0.0223463687150838 0.5070028011204482
8 0.0036510999999999627 0 0 0.0223463687150838 0.5070028011204482
9 0.00393739999999998 1 1 0.027932960893854747 0.5098039215686274
10 0.00369609999999998 1 0 0.0335195530726257 0.5098039215686274
11 0.0036418999999999757 0 0 0.0335195530726257 0.5098039215686274
12 0.004150600000000004 1 1 0.03910614525139665 0.5126050420168067
13 0.004130599999999984 1 0 0.0446927374301676 0.5126050420168067
14 0.004193400000000014 1 3 0.05027932960893855 0.5210084033613446
15 0.004189300000000007 1 1 0.055865921787709494 0.5238095238095238
16 0.004226600000000025 1 1 0.061452513966480445 0.5266106442577031
17 0.004205100000000017 0 1 0.061452513966480445 0.5294117647058824
18 0.003924199999999989 1 0 0.0670391061452514 0.5294117647058824
19 0.003906499999999979 1 1 0.07262569832402235 0.5322128851540616
20 0.004177800000000009 1 1 0.0782122905027933 0.5350140056022409
21 0.004162399999999955 1 1 0.08379888268156424 0.5378151260504201
22 0.003972000000000031 1 1 0.0893854748603352 0.5406162464985994
23 0.004209299999999971 0 1 0.0893854748603352 0.5434173669467787
24 0.0041080000000000005 1 0 0.09497206703910614 0.5434173669467787
25 0.004240099999999969 1 0 0.1005586592178771 0.5434173669467787
26 0.003934699999999958 0 0 0.1005586592178771 0.5434173669467787
27 0.004284500000000024 1 2 0.10614525139664804 0.5490196078431373
28 0.00415080000000001 1 0 0.11173184357541899 0.5490196078431373
29 0.004054299999999955 0 0 0.11173184357541899 0.5490196078431373
30 0.004142800000000002 1 0 0.11731843575418995 0.5490196078431373
31 0.004317099999999963 1 2 0.12290502793296089 0.5546218487394958
32 0.004337000000000035 0 0 0.12290502793296089 0.5546218487394958
33 0.0043064000000000435 1 0 0.12849162011173185 0.5546218487394958
34 0.004024999999999945 0 1 0.12849162011173185 0.5574229691876751
35 0.004186899999999993 1 1 0.1340782122905028 0.5602240896358543
36 0.0057947000000000415 1 0 0.13966480446927373 0.5602240896358543
37 0.005727600000000055 0 0 0.13966480446927373 0.5602240896358543
38 0.0039825 1 1 0.1452513966480447 0.5630252100840336
39 0.004129199999999944 1 2 0.15083798882681565 0.5686274509803921
40 0.004448599999999914 1 0 0.1564245810055866 0.5686274509803921
41 0.004498500000000072 1 0 0.16201117318435754 0.5686274509803921
42 0.0044807999999999515 1 2 0.16759776536312848 0.5742296918767507
43 0.004530699999999999 1 2 0.17318435754189945 0.5798319327731093
44 0.004280599999999968 1 0 0.1787709497206704 0.5798319327731093
45 0.004488400000000059 0 1 0.1787709497206704 0.5826330532212886
46 0.00449160000000004 1 1 0.18435754189944134 0.5854341736694678
47 0.00449479999999991 0 0 0.18435754189944134 0.5854341736694678
48 0.004566700000000035 1 1 0.18994413407821228 0.5882352941176471
49 0.003995399999999982 1 1 0.19553072625698323 0.5910364145658263
50 0.004037900000000039 1 1 0.2011173184357542 0.5938375350140056
51 0.00414099999999995 1 1 0.20670391061452514 0.5966386554621849
52 0.0041375999999999635 1 0 0.2122905027932961 0.5966386554621849
53 0.004174699999999976 0 1 0.2122905027932961 0.5994397759103641
54 0.004300900000000052 1 0 0.21787709497206703 0.5994397759103641
55 0.00434279999999998 1 1 0.22346368715083798 0.6022408963585434
56 0.004039099999999962 0 1 0.22346368715083798 0.6050420168067226
57 0.004255399999999909 1 0 0.22905027932960895 0.6050420168067226
58 0.004565900000000012 1 1 0.2346368715083799 0.6078431372549019
59 0.004154799999999903 0 0 0.2346368715083799 0.6078431372549019
60 0.00429259999999998 1 0 0.24022346368715083 0.6078431372549019
61 0.004198800000000058 1 1 0.24581005586592178 0.6106442577030813
62 0.004246199999999978 1 1 0.25139664804469275 0.6134453781512605
63 0.004360900000000001 0 2 0.25139664804469275 0.6190476190476191
64 0.004723900000000003 1 0 0.2569832402234637 0.6190476190476191
65 0.0046751999999999905 1 0 0.26256983240223464 0.6190476190476191
66 0.004685900000000021 1 0 0.2681564245810056 0.6190476190476191
67 0.004598299999999944 1 2 0.2737430167597765 0.6246498599439776
68 0.0047383999999999205 1 1 0.27932960893854747 0.6274509803921569
69 0.004267699999999985 0 1 0.27932960893854747 0.6302521008403361
70 0.004842200000000019 0 1 0.27932960893854747 0.6330532212885154
71 0.00474730000000001 0 2 0.27932960893854747 0.6386554621848739
72 0.004298699999999989 1 0 0.2849162011173184 0.6386554621848739
73 0.004715599999999931 0 0 0.2849162011173184 0.6386554621848739
74 0.004838699999999974 1 1 0.2905027932960894 0.6414565826330533
75 0.004742499999999983 1 0 0.29608938547486036 0.6414565826330533
76 0.004281199999999985 0 0 0.29608938547486036 0.6414565826330533
77 0.004799600000000015 1 0 0.3016759776536313 0.6414565826330533
78 0.004483000000000015 1 0 0.30726256983240224 0.6414565826330533
79 0.004505300000000045 1 1 0.3128491620111732 0.6442577030812325
80 0.004359699999999966 1 1 0.31843575418994413 0.6470588235294118
81 0.004868399999999995 0 1 0.31843575418994413 0.6498599439775911
82 0.004809900000000034 1 0 0.3240223463687151 0.6498599439775911
83 0.004467299999999952 1 3 0.329608938547486 0.6582633053221288
84 0.004943699999999995 1 0 0.33519553072625696 0.6582633053221288
85 0.004817300000000024 0 0 0.33519553072625696 0.6582633053221288
86 0.00459339999999997 0 1 0.33519553072625696 0.6610644257703081
87 0.004401499999999947 0 0 0.33519553072625696 0.6610644257703081
88 0.004956599999999978 1 0 0.3407821229050279 0.6610644257703081
89 0.004958200000000024 1 0 0.3463687150837989 0.6610644257703081
90 0.004518899999999992 0 1 0.3463687150837989 0.6638655462184874
91 0.004853499999999955 0 0 0.3463687150837989 0.6638655462184874
92 0.004878099999999996 1 0 0.35195530726256985 0.6638655462184874
93 0.00487979999999999 0 0 0.35195530726256985 0.6638655462184874
94 0.00475380000000003 1 0 0.3575418994413408 0.6638655462184874
95 0.004998399999999958 1 1 0.36312849162011174 0.6666666666666666
96 0.0049495999999999984 1 2 0.3687150837988827 0.6722689075630253
97 0.00494859999999997 0 1 0.3687150837988827 0.6750700280112045
98 0.004925700000000033 1 1 0.3743016759776536 0.6778711484593838
99 0.004559599999999997 1 0 0.37988826815642457 0.6778711484593838
100 0.006298099999999973 0 1 0.37988826815642457 0.680672268907563
101 0.006615599999999944 1 1 0.3854748603351955 0.6834733893557423
102 0.0065901999999999905 1 2 0.39106145251396646 0.6890756302521008
103 0.006424100000000044 1 0 0.39664804469273746 0.6890756302521008
104 0.00640609999999997 1 1 0.4022346368715084 0.6918767507002801
105 0.0066117999999999455 0 2 0.4022346368715084 0.6974789915966386
106 0.006393800000000005 0 0 0.4022346368715084 0.6974789915966386
107 0.0046992000000000145 1 1 0.40782122905027934 0.7002801120448179
108 0.004487499999999978 1 2 0.4134078212290503 0.7058823529411765
109 0.0064069999999999405 1 1 0.41899441340782123 0.7086834733893558
110 0.006684300000000087 1 0 0.4245810055865922 0.7086834733893558
111 0.004687600000000014 0 0 0.4245810055865922 0.7086834733893558
112 0.004893799999999948 1 1 0.4301675977653631 0.711484593837535
113 0.00457989999999997 1 0 0.43575418994413406 0.711484593837535
114 0.004505700000000057 1 1 0.441340782122905 0.7142857142857143
115 0.004646099999999986 1 0 0.44692737430167595 0.7142857142857143
116 0.004593400000000081 1 2 0.45251396648044695 0.7198879551820728
117 0.004559100000000038 0 1 0.45251396648044695 0.7226890756302521
118 0.00464410000000004 0 0 0.45251396648044695 0.7226890756302521
119 0.00460830000000001 0 0 0.45251396648044695 0.7226890756302521
120 0.004682800000000098 1 1 0.4581005586592179 0.7254901960784313
121 0.005233999999999961 1 1 0.46368715083798884 0.7282913165266106
122 0.004584299999999875 1 1 0.4692737430167598 0.7310924369747899
123 0.004667499999999825 1 1 0.4748603351955307 0.7338935574229691
124 0.00459429999999994 0 0 0.4748603351955307 0.7338935574229691
125 0.008733199999999997 1 0 0.48044692737430167 0.7338935574229691
126 0.0047351999999998284 1 2 0.4860335195530726 0.7394957983193278
127 0.004911400000000121 1 0 0.49162011173184356 0.7394957983193278
128 0.004759900000000039 0 0 0.49162011173184356 0.7394957983193278
129 0.004737700000000178 1 0 0.4972067039106145 0.7394957983193278
130 0.0047608000000001205 1 2 0.5027932960893855 0.7450980392156863
131 0.00508390000000003 0 0 0.5027932960893855 0.7450980392156863
132 0.004924099999999987 1 0 0.5083798882681564 0.7450980392156863
133 0.004752400000000101 0 0 0.5083798882681564 0.7450980392156863
134 0.0048786999999999026 0 0 0.5083798882681564 0.7450980392156863
135 0.00475649999999983 1 0 0.5139664804469274 0.7450980392156863
136 0.004706099999999935 0 0 0.5139664804469274 0.7450980392156863
137 0.00481240000000005 1 0 0.5195530726256983 0.7450980392156863
138 0.005244999999999944 1 1 0.5251396648044693 0.7478991596638656
139 0.00472489999999981 1 2 0.5307262569832403 0.7535014005602241
140 0.004861800000000027 0 1 0.5307262569832403 0.7563025210084033
141 0.004689300000000118 0 0 0.5307262569832403 0.7563025210084033
142 0.00499739999999993 1 1 0.5363128491620112 0.7591036414565826
143 0.004752399999999879 1 3 0.5418994413407822 0.7675070028011205
144 0.0047631999999999675 1 1 0.547486033519553 0.7703081232492998
145 0.004800499999999985 0 0 0.547486033519553 0.7703081232492998
146 0.006161800000000106 1 2 0.553072625698324 0.7759103641456583
147 0.005300000000000082 0 0 0.553072625698324 0.7759103641456583
148 0.005279299999999987 1 0 0.5586592178770949 0.7759103641456583
149 0.005242300000000144 0 1 0.5586592178770949 0.7787114845938375
150 0.007270600000000016 0 0 0.5586592178770949 0.7787114845938375
151 0.007150299999999943 1 0 0.5642458100558659 0.7787114845938375
152 0.007273799999999886 1 2 0.5698324022346368 0.7843137254901961
153 0.006941800000000109 1 0 0.5754189944134078 0.7843137254901961
154 0.007187300000000008 0 0 0.5754189944134078 0.7843137254901961
155 0.007060400000000078 1 1 0.5810055865921788 0.7871148459383753
156 0.007055400000000045 1 0 0.5865921787709497 0.7871148459383753
157 0.006947200000000153 0 0 0.5865921787709497 0.7871148459383753
158 0.00498529999999997 1 0 0.5921787709497207 0.7871148459383753
159 0.005175399999999941 1 2 0.5977653631284916 0.7927170868347339
160 0.00563009999999986 1 0 0.6033519553072626 0.7927170868347339
161 0.005021300000000117 1 0 0.6089385474860335 0.7927170868347339
162 0.004930000000000101 0 0 0.6089385474860335 0.7927170868347339
163 0.005657499999999871 1 1 0.6145251396648045 0.7955182072829131
164 0.005492199999999947 1 1 0.6201117318435754 0.7983193277310925
165 0.004918800000000001 1 2 0.6256983240223464 0.803921568627451
166 0.004963100000000109 1 0 0.6312849162011173 0.803921568627451
167 0.005126800000000209 1 0 0.6368715083798883 0.803921568627451
168 0.005238499999999924 0 1 0.6368715083798883 0.8067226890756303
169 0.004988199999999887 1 0 0.6424581005586593 0.8067226890756303
170 0.007383700000000104 1 1 0.6480446927374302 0.8095238095238095
171 0.007281000000000093 0 0 0.6480446927374302 0.8095238095238095
172 0.007077899999999859 0 0 0.6480446927374302 0.8095238095238095
173 0.005306500000000103 0 0 0.6480446927374302 0.8095238095238095
174 0.005040399999999945 1 2 0.6536312849162011 0.8151260504201681
175 0.005016099999999968 1 1 0.659217877094972 0.8179271708683473
176 0.0051603000000000065 1 1 0.664804469273743 0.8207282913165266
177 0.005105499999999985 0 1 0.664804469273743 0.8235294117647058
178 0.005075400000000174 1 1 0.6703910614525139 0.8263305322128851
179 0.005052099999999893 0 2 0.6703910614525139 0.8319327731092437
180 0.0056235000000000035 1 0 0.6759776536312849 0.8319327731092437
181 0.0050568000000001945 0 0 0.6759776536312849 0.8319327731092437
182 0.005078800000000161 1 2 0.6815642458100558 0.8375350140056023
183 0.005085500000000076 0 0 0.6815642458100558 0.8375350140056023
184 0.005126100000000022 1 0 0.6871508379888268 0.8375350140056023
185 0.0051547000000000676 1 1 0.6927374301675978 0.8403361344537815
186 0.0075481000000001686 1 0 0.6983240223463687 0.8403361344537815
187 0.005138099999999923 0 1 0.6983240223463687 0.8431372549019608
188 0.005644500000000052 1 1 0.7039106145251397 0.84593837535014
189 0.005298000000000025 0 0 0.7039106145251397 0.84593837535014
190 0.005653499999999978 1 0 0.7094972067039106 0.84593837535014
191 0.005614999999999926 1 0 0.7150837988826816 0.84593837535014
192 0.005554800000000082 0 0 0.7150837988826816 0.84593837535014
193 0.005442100000000005 1 3 0.7206703910614525 0.8543417366946778
194 0.005289800000000122 0 1 0.7206703910614525 0.8571428571428571
195 0.005392000000000063 0 1 0.7206703910614525 0.8599439775910365
196 0.005550399999999955 1 0 0.7262569832402235 0.8599439775910365
197 0.00518850000000004 1 1 0.7318435754189944 0.8627450980392157
198 0.005275799999999942 1 1 0.7374301675977654 0.865546218487395
199 0.00533080000000008 0 1 0.7374301675977654 0.8683473389355743
200 0.005287099999999878 0 0 0.7374301675977654 0.8683473389355743
201 0.005633300000000174 1 0 0.7430167597765364 0.8683473389355743
202 0.005631000000000164 0 0 0.7430167597765364 0.8683473389355743
203 0.005899300000000052 1 1 0.7486033519553073 0.8711484593837535
204 0.005913599999999963 0 0 0.7486033519553073 0.8711484593837535
205 0.005899700000000063 1 0 0.7541899441340782 0.8711484593837535
206 0.0058955000000000535 1 0 0.7597765363128491 0.8711484593837535
207 0.006001799999999946 1 2 0.7653631284916201 0.876750700280112
208 0.005994000000000055 1 1 0.770949720670391 0.8795518207282913
209 0.005407699999999904 1 0 0.776536312849162 0.8795518207282913
210 0.005290600000000145 1 1 0.7821229050279329 0.8823529411764706
211 0.005354300000000034 0 0 0.7821229050279329 0.8823529411764706
212 0.005248599999999826 1 1 0.7877094972067039 0.8851540616246498
213 0.007669399999999937 1 2 0.7932960893854749 0.8907563025210085
214 0.005544999999999911 1 1 0.7988826815642458 0.8935574229691877
215 0.005285299999999937 0 0 0.7988826815642458 0.8935574229691877
216 0.005411000000000055 1 1 0.8044692737430168 0.896358543417367
217 0.005433000000000021 0 0 0.8044692737430168 0.896358543417367
218 0.0057603000000001625 1 1 0.8100558659217877 0.8991596638655462
219 0.005357499999999904 0 0 0.8100558659217877 0.8991596638655462
220 0.0055066999999999755 1 2 0.8156424581005587 0.9047619047619048
221 0.006225299999999878 1 1 0.8212290502793296 0.907563025210084
222 0.00533819999999996 1 1 0.8268156424581006 0.9103641456582633
223 0.005612699999999915 0 1 0.8268156424581006 0.9131652661064426
224 0.005959300000000001 1 0 0.8324022346368715 0.9131652661064426
225 0.005428199999999883 1 1 0.8379888268156425 0.9159663865546218
226 0.005472799999999944 1 0 0.8435754189944135 0.9159663865546218
227 0.0054163000000000405 1 1 0.8491620111731844 0.9187675070028011
228 0.005896399999999913 1 0 0.8547486033519553 0.9187675070028011
229 0.00551860000000004 1 2 0.8603351955307262 0.9243697478991597
230 0.005701299999999909 1 0 0.8659217877094972 0.9243697478991597
231 0.005522099999999863 1 1 0.8715083798882681 0.927170868347339
232 0.005853299999999839 1 0 0.8770949720670391 0.927170868347339
233 0.005582100000000034 1 1 0.88268156424581 0.9299719887955182
234 0.005577499999999791 1 1 0.888268156424581 0.9327731092436975
235 0.005425999999999931 1 0 0.8938547486033519 0.9327731092436975
236 0.005746499999999877 1 2 0.8994413407821229 0.938375350140056
237 0.005698499999999829 0 1 0.8994413407821229 0.9411764705882353
238 0.0055762999999999785 0 0 0.8994413407821229 0.9411764705882353
239 0.00547960000000014 1 1 0.9050279329608939 0.9439775910364145
240 0.005726899999999979 1 1 0.9106145251396648 0.9467787114845938
241 0.00563429999999987 1 1 0.9162011173184358 0.9495798319327731
242 0.005574600000000096 1 0 0.9217877094972067 0.9495798319327731
243 0.005595000000000017 0 1 0.9217877094972067 0.9523809523809523
244 0.00581889999999996 0 0 0.9217877094972067 0.9523809523809523
245 0.005807200000000012 1 2 0.9273743016759777 0.957983193277311
246 0.005602499999999955 0 0 0.9273743016759777 0.957983193277311
247 0.008148000000000044 1 1 0.9329608938547486 0.9607843137254902
248 0.008307999999999982 1 2 0.9385474860335196 0.9663865546218487
249 0.005662099999999892 1 0 0.9441340782122905 0.9663865546218487
250 0.005667300000000042 1 1 0.9497206703910615 0.969187675070028
251 0.005783699999999836 1 1 0.9553072625698324 0.9719887955182073
252 0.005700999999999956 1 0 0.9608938547486033 0.9719887955182073
253 0.006291199999999941 1 2 0.9664804469273743 0.9775910364145658
254 0.005698299999999934 1 1 0.9720670391061452 0.9803921568627451
255 0.0058074999999999655 1 1 0.9776536312849162 0.9831932773109243
256 0.005795800000000018 1 1 0.9832402234636871 0.9859943977591037
257 0.005701300000000131 1 0 0.9888268156424581 0.9859943977591037
258 0.00974750000000002 1 1 0.994413407821229 0.988795518207283
259 0.005783700000000058 1 1 1.0 0.9915966386554622
260 0.005752500000000049 0 0 1.0 0.9915966386554622
261 0.005707100000000187 0 0 1.0 0.9915966386554622
262 0.006096199999999996 0 1 1.0 0.9943977591036415
263 0.006125799999999959 0 0 1.0 0.9943977591036415
264 0.005932499999999896 0 0 1.0 0.9943977591036415
265 0.0057362999999999165 0 1 1.0 0.9971988795518207
266 0.005858000000000141 0 1 1.0 1.0
