140 0.6 0.1
1 0.0039021000000000194 1 0 0.007194244604316547 0.5018050541516246
2 0.0038519999999999666 1 0 0.014388489208633094 0.5018050541516246
3 0.0039232000000000156 1 0 0.02158273381294964 0.5018050541516246
4 0.0037893999999999983 0 0 0.02158273381294964 0.5018050541516246
5 0.003908899999999993 0 0 0.02158273381294964 0.5018050541516246
6 0.003812700000000002 1 0 0.02877697841726619 0.5018050541516246
7 0.003900799999999982 1 0 0.03597122302158273 0.5018050541516246
8 0.003942899999999971 0 0 0.03597122302158273 0.5018050541516246
9 0.0038055999999999646 1 0 0.04316546762589928 0.5018050541516246
10 0.0038257999999999903 0 0 0.04316546762589928 0.5018050541516246
11 0.003791700000000009 0 0 0.04316546762589928 0.5018050541516246
12 0.0038999000000000117 1 2 0.050359712230215826 0.5090252707581228
13 0.003772300000000006 0 0 0.050359712230215826 0.5090252707581228
14 0.0040020000000000056 0 0 0.050359712230215826 0.5090252707581228
15 0.004015500000000005 0 0 0.050359712230215826 0.5090252707581228
16 0.0038890000000000313 1 0 0.05755395683453238 0.5090252707581228
17 0.0038185000000000024 0 0 0.05755395683453238 0.5090252707581228
18 0.002909099999999998 0 0 0.05755395683453238 0.5090252707581228
19 0.002781900000000004 1 0 0.06474820143884892 0.5090252707581228
20 0.0027469999999999994 0 0 0.06474820143884892 0.5090252707581228
21 0.002958000000000016 1 1 0.07194244604316546 0.5126353790613718
22 0.002723399999999987 0 0 0.07194244604316546 0.5126353790613718
23 0.002745799999999965 1 1 0.07913669064748201 0.516245487364621
24 0.003922599999999998 0 1 0.07913669064748201 0.51985559566787
25 0.003977300000000017 1 0 0.08633093525179857 0.51985559566787
26 0.0040636000000000005 1 0 0.09352517985611511 0.51985559566787
27 0.002897099999999986 1 0 0.10071942446043165 0.51985559566787
28 0.002900899999999984 0 0 0.10071942446043165 0.51985559566787
29 0.002861200000000008 1 2 0.1079136690647482 0.5270758122743683
30 0.004010999999999987 1 0 0.11510791366906475 0.5270758122743683
31 0.004039699999999979 0 2 0.11510791366906475 0.5342960288808665
32 0.003978599999999999 0 0 0.11510791366906475 0.5342960288808665
33 0.00393300000000002 1 0 0.1223021582733813 0.5342960288808665
34 0.004031899999999977 1 1 0.12949640287769784 0.5379061371841155
35 0.003690500000000041 1 0 0.1366906474820144 0.5379061371841155
36 0.003938900000000023 1 0 0.14388489208633093 0.5379061371841155
37 0.0029871000000000203 0 2 0.14388489208633093 0.5451263537906137
38 0.0031491000000000158 1 1 0.1510791366906475 0.5487364620938628
39 0.0031354000000000104 1 0 0.15827338129496402 0.5487364620938628
40 0.0032288000000000316 1 1 0.16546762589928057 0.5523465703971119
41 0.0029943000000000053 0 0 0.16546762589928057 0.5523465703971119
42 0.0028981000000000146 0 1 0.16546762589928057 0.555956678700361
43 0.003000999999999976 1 0 0.17266187050359713 0.555956678700361
44 0.0028906999999999683 1 0 0.17985611510791366 0.555956678700361
45 0.002904799999999985 0 1 0.17985611510791366 0.5595667870036101
46 0.0029694999999999583 1 1 0.18705035971223022 0.5631768953068592
47 0.002911300000000061 0 0 0.18705035971223022 0.5631768953068592
48 0.0029327000000000103 0 0 0.18705035971223022 0.5631768953068592
49 0.002942699999999965 0 2 0.18705035971223022 0.5703971119133574
50 0.002967300000000006 1 0 0.19424460431654678 0.5703971119133574
51 0.0029274000000000244 0 0 0.19424460431654678 0.5703971119133574
52 0.0029730000000000034 0 0 0.19424460431654678 0.5703971119133574
53 0.0028826000000000684 0 1 0.19424460431654678 0.5740072202166066
54 0.0030858000000000274 1 2 0.2014388489208633 0.5812274368231047
55 0.0029080000000000217 0 0 0.2014388489208633 0.5812274368231047
56 0.003015600000000007 1 2 0.20863309352517986 0.5884476534296029
57 0.0030670999999999893 0 1 0.20863309352517986 0.592057761732852
58 0.0030118999999999563 0 0 0.20863309352517986 0.592057761732852
59 0.0030421000000000475 0 0 0.20863309352517986 0.592057761732852
60 0.003222000000000058 0 1 0.20863309352517986 0.5956678700361011
61 0.00309399999999993 1 0 0.2158273381294964 0.5956678700361011
62 0.0030757000000000145 0 0 0.2158273381294964 0.5956678700361011
63 0.0029722999999999278 1 0 0.22302158273381295 0.5956678700361011
64 0.003147800000000034 0 0 0.22302158273381295 0.5956678700361011
65 0.0029983000000000093 1 0 0.2302158273381295 0.5956678700361011
66 0.003023299999999951 0 1 0.2302158273381295 0.5992779783393501
67 0.0030183000000000293 0 0 0.2302158273381295 0.5992779783393501
68 0.0030721999999999694 1 0 0.23741007194244604 0.5992779783393501
69 0.003019600000000011 0 0 0.23741007194244604 0.5992779783393501
70 0.0031992000000000687 0 0 0.23741007194244604 0.5992779783393501
71 0.0030430999999999653 0 3 0.23741007194244604 0.6101083032490975
72 0.003251799999999916 1 0 0.2446043165467626 0.6101083032490975
73 0.003043599999999924 0 1 0.2446043165467626 0.6137184115523465
74 0.003122999999999987 1 1 0.2517985611510791 0.6173285198555957
75 0.0030568000000000817 1 0 0.2589928057553957 0.6173285198555957
76 0.0030316999999999705 1 0 0.26618705035971224 0.6173285198555957
77 0.0030656000000000017 0 0 0.26618705035971224 0.6173285198555957
78 0.0030936000000000297 0 0 0.26618705035971224 0.6173285198555957
79 0.0031160000000000077 0 2 0.26618705035971224 0.6245487364620939
80 0.0030994999999999218 1 0 0.2733812949640288 0.6245487364620939
81 0.0030626999999999738 1 0 0.2805755395683453 0.6245487364620939
82 0.0032744000000000106 1 0 0.28776978417266186 0.6245487364620939
83 0.0034488000000000296 1 0 0.2949640287769784 0.6245487364620939
84 0.0031197000000000585 0 0 0.2949640287769784 0.6245487364620939
85 0.003131500000000065 1 0 0.302158273381295 0.6245487364620939
86 0.0031518999999999853 0 0 0.302158273381295 0.6245487364620939
87 0.0034239000000000352 0 0 0.302158273381295 0.6245487364620939
88 0.003286999999999929 0 0 0.302158273381295 0.6245487364620939
89 0.0030909000000000075 1 1 0.30935251798561153 0.628158844765343
90 0.0032786999999999678 0 0 0.30935251798561153 0.628158844765343
91 0.0030754000000000614 0 1 0.30935251798561153 0.631768953068592
92 0.0033609 1 0 0.31654676258992803 0.631768953068592
93 0.003162499999999957 1 0 0.3237410071942446 0.631768953068592
94 0.0031634999999999858 1 1 0.33093525179856115 0.6353790613718412
95 0.003126500000000032 0 1 0.33093525179856115 0.6389891696750902
96 0.0032592000000000176 1 0 0.3381294964028777 0.6389891696750902
97 0.003457999999999961 1 0 0.34532374100719426 0.6389891696750902
98 0.0031680000000000597 0 0 0.34532374100719426 0.6389891696750902
99 0.003140099999999979 1 2 0.35251798561151076 0.6462093862815884
100 0.003232899999999983 1 0 0.3597122302158273 0.6462093862815884
101 0.0031469000000000635 1 1 0.3669064748201439 0.6498194945848376
102 0.0033116999999999175 0 1 0.3669064748201439 0.6534296028880866
103 0.003471800000000025 1 3 0.37410071942446044 0.6642599277978339
104 0.003532900000000061 1 0 0.381294964028777 0.6642599277978339
105 0.0031878999999999102 1 0 0.38848920863309355 0.6642599277978339
106 0.003244899999999995 0 1 0.38848920863309355 0.6678700361010831
107 0.003228899999999979 1 0 0.39568345323741005 0.6678700361010831
108 0.003674199999999961 1 2 0.4028776978417266 0.6750902527075813
109 0.0034311000000000202 0 1 0.4028776978417266 0.6787003610108303
110 0.0032660999999999385 1 1 0.41007194244604317 0.6823104693140795
111 0.0032855000000000523 0 0 0.41007194244604317 0.6823104693140795
112 0.003303799999999968 1 0 0.4172661870503597 0.6823104693140795
113 0.0032906000000000324 1 0 0.4244604316546763 0.6823104693140795
114 0.0032330000000000414 0 0 0.4244604316546763 0.6823104693140795
115 0.003491300000000086 0 2 0.4244604316546763 0.6895306859205776
116 0.0032688000000000716 0 0 0.4244604316546763 0.6895306859205776
117 0.0034026000000000334 0 0 0.4244604316546763 0.6895306859205776
118 0.0032815999999999956 1 2 0.4316546762589928 0.6967509025270758
119 0.0033922000000000674 0 0 0.4316546762589928 0.6967509025270758
120 0.0033674000000000204 0 0 0.4316546762589928 0.6967509025270758
121 0.003385699999999936 0 1 0.4316546762589928 0.7003610108303249
122 0.0036920000000000286 1 0 0.43884892086330934 0.7003610108303249
123 0.0034186999999999967 1 0 0.4460431654676259 0.7003610108303249
124 0.003600600000000065 1 0 0.45323741007194246 0.7003610108303249
125 0.003765200000000024 1 1 0.460431654676259 0.703971119133574
126 0.0035218999999999667 0 0 0.460431654676259 0.703971119133574
127 0.0034679999999999156 1 0 0.4676258992805755 0.703971119133574
128 0.0034575999999999496 1 0 0.4748201438848921 0.703971119133574
129 0.003680099999999964 1 0 0.48201438848920863 0.703971119133574
130 0.003483799999999926 0 0 0.48201438848920863 0.703971119133574
131 0.0036134000000001 1 0 0.4892086330935252 0.703971119133574
132 0.003535599999999972 0 1 0.4892086330935252 0.7075812274368231
133 0.0036167999999999756 1 0 0.49640287769784175 0.7075812274368231
134 0.0037626000000000603 0 1 0.49640287769784175 0.7111913357400722
135 0.0034359999999999946 1 0 0.5035971223021583 0.7111913357400722
136 0.0033655999999999686 1 0 0.5107913669064749 0.7111913357400722
137 0.003598999999999908 1 1 0.5179856115107914 0.7148014440433214
138 0.00381980000000004 1 2 0.5251798561151079 0.7220216606498195
139 0.003457399999999944 1 0 0.5323741007194245 0.7220216606498195
140 0.0037053000000000225 1 0 0.539568345323741 0.7220216606498195
141 0.003789400000000054 1 0 0.5467625899280576 0.7220216606498195
142 0.0035927000000000042 1 1 0.5539568345323741 0.7256317689530686
143 0.003878500000000007 1 2 0.5611510791366906 0.7328519855595668
144 0.003801999999999972 0 2 0.5611510791366906 0.740072202166065
145 0.00394860000000008 1 1 0.5683453237410072 0.7436823104693141
146 0.0036488000000000076 1 0 0.5755395683453237 0.7436823104693141
147 0.003751599999999966 1 1 0.5827338129496403 0.7472924187725631
148 0.0035169999999999924 0 1 0.5827338129496403 0.7509025270758123
149 0.003750799999999943 1 3 0.5899280575539568 0.7617328519855595
150 0.003929899999999931 0 0 0.5899280575539568 0.7617328519855595
151 0.0035162999999999167 0 0 0.5899280575539568 0.7617328519855595
152 0.003956100000000018 1 2 0.5971223021582733 0.7689530685920578
153 0.003872699999999951 1 3 0.60431654676259 0.779783393501805
154 0.003876100000000049 1 1 0.6115107913669064 0.7833935018050542
155 0.003993400000000036 0 0 0.6115107913669064 0.7833935018050542
156 0.0037258000000000013 1 0 0.6187050359712231 0.7833935018050542
157 0.003530999999999951 1 0 0.6258992805755396 0.7833935018050542
158 0.0035956999999999795 0 0 0.6258992805755396 0.7833935018050542
159 0.003964899999999938 1 1 0.6330935251798561 0.7870036101083032
160 0.003988299999999945 1 0 0.6402877697841727 0.7870036101083032
161 0.003749400000000014 1 0 0.6474820143884892 0.7870036101083032
162 0.0037760000000000016 1 1 0.6546762589928058 0.7906137184115524
163 0.003691800000000023 1 2 0.6618705035971223 0.7978339350180506
164 0.003977499999999967 1 1 0.6690647482014388 0.8014440433212996
165 0.0039109000000000504 0 0 0.6690647482014388 0.8014440433212996
166 0.0040279999999999205 0 0 0.6690647482014388 0.8014440433212996
167 0.0036959000000000852 0 0 0.6690647482014388 0.8014440433212996
168 0.003801700000000019 0 0 0.6690647482014388 0.8014440433212996
169 0.0038945999999999703 0 3 0.6690647482014388 0.8122743682310469
170 0.003742199999999918 1 0 0.6762589928057554 0.8122743682310469
171 0.004267800000000044 1 0 0.6834532374100719 0.8122743682310469
172 0.004096600000000006 0 0 0.6834532374100719 0.8122743682310469
173 0.0038915000000000477 1 2 0.6906474820143885 0.8194945848375451
174 0.003763300000000025 0 1 0.6906474820143885 0.8231046931407943
175 0.0038050000000000583 0 0 0.6906474820143885 0.8231046931407943
176 0.00379560000000001 0 0 0.6906474820143885 0.8231046931407943
177 0.0036947000000000507 0 0 0.6906474820143885 0.8231046931407943
178 0.0037397000000000125 0 0 0.6906474820143885 0.8231046931407943
179 0.0038089999999999513 0 0 0.6906474820143885 0.8231046931407943
180 0.003747300000000009 0 0 0.6906474820143885 0.8231046931407943
181 0.003762499999999891 1 1 0.697841726618705 0.8267148014440433
182 0.0037602999999999387 1 1 0.7050359712230215 0.8303249097472925
183 0.003783599999999998 1 0 0.7122302158273381 0.8303249097472925
184 0.0036559000000000452 1 0 0.7194244604316546 0.8303249097472925
185 0.003860599999999881 1 2 0.7266187050359713 0.8375451263537906
186 0.003826200000000002 1 0 0.7338129496402878 0.8375451263537906
187 0.003920699999999888 0 0 0.7338129496402878 0.8375451263537906
188 0.003822299999999945 0 0 0.7338129496402878 0.8375451263537906
189 0.0037939000000000167 1 0 0.7410071942446043 0.8375451263537906
190 0.0038234000000001434 1 0 0.7482014388489209 0.8375451263537906
191 0.003813499999999914 1 3 0.7553956834532374 0.8483754512635379
192 0.0037514999999999077 1 1 0.762589928057554 0.851985559566787
193 0.003919599999999912 1 1 0.7697841726618705 0.855595667870036
194 0.003828100000000001 1 1 0.7769784172661871 0.8592057761732852
195 0.004002700000000026 1 0 0.7841726618705036 0.8592057761732852
196 0.0037535000000001872 1 0 0.7913669064748201 0.8592057761732852
197 0.004299599999999959 1 1 0.7985611510791367 0.8628158844765343
198 0.003850499999999979 0 0 0.7985611510791367 0.8628158844765343
199 0.0041248000000000395 1 0 0.8057553956834532 0.8628158844765343
200 0.003866299999999878 0 1 0.8057553956834532 0.8664259927797834
201 0.003796600000000039 0 0 0.8057553956834532 0.8664259927797834
202 0.003830800000000023 1 0 0.8129496402877698 0.8664259927797834
203 0.0040240000000000276 1 1 0.8201438848920863 0.8700361010830325
204 0.004010000000000069 0 1 0.8201438848920863 0.8736462093862816
205 0.003828900000000024 1 0 0.8273381294964028 0.8736462093862816
206 0.003991499999999926 0 2 0.8273381294964028 0.8808664259927798
207 0.003878999999999966 1 1 0.8345323741007195 0.8844765342960289
208 0.0038635000000000197 0 0 0.8345323741007195 0.8844765342960289
209 0.003866799999999948 1 0 0.841726618705036 0.8844765342960289
210 0.0038586000000000453 0 1 0.841726618705036 0.8880866425992779
211 0.003942999999999808 1 1 0.8489208633093526 0.8916967509025271
212 0.003989299999999973 0 1 0.8489208633093526 0.8953068592057761
213 0.004128200000000026 1 1 0.8561151079136691 0.8989169675090253
214 0.004167900000000113 1 1 0.8633093525179856 0.9025270758122743
215 0.004373100000000019 0 1 0.8633093525179856 0.9061371841155235
216 0.004400599999999866 0 1 0.8633093525179856 0.9097472924187726
217 0.004382800000000131 1 0 0.8705035971223022 0.9097472924187726
218 0.004223900000000169 1 1 0.8776978417266187 0.9133574007220217
219 0.003977700000000084 1 0 0.8848920863309353 0.9133574007220217
220 0.004359899999999861 0 1 0.8848920863309353 0.9169675090252708
221 0.004426299999999994 0 0 0.8848920863309353 0.9169675090252708
222 0.004212099999999941 1 0 0.8920863309352518 0.9169675090252708
223 0.004388999999999976 0 0 0.8920863309352518 0.9169675090252708
224 0.004882300000000006 1 0 0.8992805755395683 0.9169675090252708
225 0.004350199999999971 1 1 0.9064748201438849 0.9205776173285198
226 0.004330799999999968 0 0 0.9064748201438849 0.9205776173285198
227 0.004480999999999957 1 1 0.9136690647482014 0.924187725631769
228 0.004423899999999925 1 1 0.920863309352518 0.927797833935018
229 0.004512300000000025 1 0 0.9280575539568345 0.927797833935018
230 0.004348200000000135 0 0 0.9280575539568345 0.927797833935018
231 0.004530499999999993 0 0 0.9280575539568345 0.927797833935018
232 0.0040232000000000046 0 0 0.9280575539568345 0.927797833935018
233 0.004051599999999933 1 1 0.935251798561151 0.9314079422382672
234 0.004021899999999912 1 0 0.9424460431654677 0.9314079422382672
235 0.004085099999999953 0 0 0.9424460431654677 0.9314079422382672
236 0.004010999999999987 0 0 0.9424460431654677 0.9314079422382672
237 0.003945199999999982 1 0 0.9496402877697842 0.9314079422382672
238 0.004076999999999886 1 0 0.9568345323741008 0.9314079422382672
239 0.003977000000000119 0 1 0.9568345323741008 0.9350180505415162
240 0.004067399999999832 1 2 0.9640287769784173 0.9422382671480144
241 0.004159800000000047 1 0 0.9712230215827338 0.9422382671480144
242 0.004054599999999908 1 0 0.9784172661870504 0.9422382671480144
243 0.0041847999999999885 1 2 0.9856115107913669 0.9494584837545126
244 0.0044968000000000785 1 1 0.9928057553956835 0.9530685920577617
245 0.004309000000000118 0 0 0.9928057553956835 0.9530685920577617
246 0.0043775999999999815 0 0 0.9928057553956835 0.9530685920577617
247 0.004494699999999963 0 0 0.9928057553956835 0.9530685920577617
248 0.004697799999999974 1 1 1.0 0.9566787003610109
249 0.004285199999999989 0 1 1.0 0.9602888086642599
250 0.004533799999999921 0 1 1.0 0.9638989169675091
251 0.0043344000000000715 0 0 1.0 0.9638989169675091
252 0.004337499999999883 0 0 1.0 0.9638989169675091
253 0.004100900000000074 0 0 1.0 0.9638989169675091
254 0.004374300000000053 0 1 1.0 0.9675090252707581
255 0.004873799999999928 0 1 1.0 0.9711191335740073
256 0.004340499999999858 0 1 1.0 0.9747292418772563
257 0.004190200000000033 0 0 1.0 0.9747292418772563
258 0.004229700000000003 0 0 1.0 0.9747292418772563
259 0.004358899999999943 0 0 1.0 0.9747292418772563
260 0.004598699999999845 0 0 1.0 0.9747292418772563
261 0.004292200000000079 0 2 1.0 0.9819494584837545
262 0.004368399999999939 0 0 1.0 0.9819494584837545
263 0.0043648000000000575 0 0 1.0 0.9819494584837545
264 0.004656299999999947 0 0 1.0 0.9819494584837545
265 0.0044671999999998935 0 0 1.0 0.9819494584837545
266 0.0046519999999998785 0 0 1.0 0.9819494584837545
267 0.004529800000000028 0 0 1.0 0.9819494584837545
268 0.00447949999999997 0 0 1.0 0.9819494584837545
269 0.004493300000000033 0 0 1.0 0.9819494584837545
270 0.0046295999999999005 0 0 1.0 0.9819494584837545
271 0.0043368000000001405 0 0 1.0 0.9819494584837545
272 0.004498600000000019 0 0 1.0 0.9819494584837545
273 0.004237900000000128 0 1 1.0 0.9855595667870036
274 0.004757200000000017 0 2 1.0 0.9927797833935018
275 0.004822300000000057 0 0 1.0 0.9927797833935018
276 0.004162100000000057 0 0 1.0 0.9927797833935018
277 0.004406600000000038 0 0 1.0 0.9927797833935018
278 0.0042679999999999385 0 1 1.0 0.9963898916967509
279 0.004189699999999963 0 0 1.0 0.9963898916967509
280 0.004232899999999873 0 0 1.0 0.9963898916967509
281 0.004461100000000107 0 1 1.0 1.0
