40 0.3 0.2
1 0.001036100000000012 0 0 0.0 0.5064935064935064
2 0.00088089999999999 0 0 0.0 0.5064935064935064
3 0.0008054000000000117 0 0 0.0 0.5064935064935064
4 0.0008466000000000029 1 0 0.02564102564102564 0.5064935064935064
5 0.0007906000000000024 0 0 0.02564102564102564 0.5064935064935064
6 0.0009279000000000093 0 0 0.02564102564102564 0.5064935064935064
7 0.0011425000000000185 0 0 0.02564102564102564 0.5064935064935064
8 0.0008953999999999906 1 0 0.05128205128205128 0.5064935064935064
9 0.0008046999999999915 0 0 0.05128205128205128 0.5064935064935064
10 0.00082210000000002 1 0 0.07692307692307693 0.5064935064935064
11 0.0007819999999999772 0 0 0.07692307692307693 0.5064935064935064
12 0.0008432000000000162 0 0 0.07692307692307693 0.5064935064935064
13 0.0009445000000000148 0 0 0.07692307692307693 0.5064935064935064
14 0.0008401999999999854 0 0 0.07692307692307693 0.5064935064935064
15 0.0008852999999999778 0 0 0.07692307692307693 0.5064935064935064
16 0.0009697999999999929 1 1 0.10256410256410256 0.5194805194805194
17 0.000810299999999986 0 0 0.10256410256410256 0.5194805194805194
18 0.001669700000000024 0 0 0.10256410256410256 0.5194805194805194
19 0.0020183000000000006 0 0 0.10256410256410256 0.5194805194805194
20 0.0008605999999999892 0 0 0.10256410256410256 0.5194805194805194
21 0.000813299999999989 0 0 0.10256410256410256 0.5194805194805194
22 0.0008893000000000095 1 0 0.1282051282051282 0.5194805194805194
23 0.0008647999999999989 0 0 0.1282051282051282 0.5194805194805194
24 0.0008978999999999793 1 0 0.15384615384615385 0.5194805194805194
25 0.0009637000000000118 1 0 0.1794871794871795 0.5194805194805194
26 0.0007996000000000114 0 0 0.1794871794871795 0.5194805194805194
27 0.0008408000000000027 0 0 0.1794871794871795 0.5194805194805194
28 0.0008244000000000029 0 1 0.1794871794871795 0.5324675324675324
29 0.0008302999999999783 1 0 0.20512820512820512 0.5324675324675324
30 0.000822299999999998 0 0 0.20512820512820512 0.5324675324675324
31 0.0009579999999999866 1 1 0.23076923076923078 0.5454545454545454
32 0.0011107999999999951 0 0 0.23076923076923078 0.5454545454545454
33 0.0008839999999999959 1 1 0.2564102564102564 0.5584415584415584
34 0.0008269999999999944 0 1 0.2564102564102564 0.5714285714285714
35 0.0014086000000000098 1 0 0.28205128205128205 0.5714285714285714
36 0.001672900000000005 1 1 0.3076923076923077 0.5844155844155844
37 0.0009618999999999878 0 2 0.3076923076923077 0.6103896103896104
38 0.0009118999999999933 0 0 0.3076923076923077 0.6103896103896104
39 0.0008500999999999925 0 0 0.3076923076923077 0.6103896103896104
40 0.000897900000000007 1 0 0.3333333333333333 0.6103896103896104
41 0.0008874999999999855 1 0 0.358974358974359 0.6103896103896104
42 0.0015807000000000182 0 0 0.358974358974359 0.6103896103896104
43 0.0011954999999999882 0 0 0.358974358974359 0.6103896103896104
44 0.0009654000000000051 0 0 0.358974358974359 0.6103896103896104
45 0.0009259000000000073 0 0 0.358974358974359 0.6103896103896104
46 0.001606499999999983 0 1 0.358974358974359 0.6233766233766234
47 0.0009814999999999963 1 0 0.38461538461538464 0.6233766233766234
48 0.0008941999999999839 1 1 0.41025641025641024 0.6363636363636364
49 0.0008573999999999804 0 1 0.41025641025641024 0.6493506493506493
50 0.0009201999999999821 0 0 0.41025641025641024 0.6493506493506493
51 0.0009948999999999653 1 0 0.4358974358974359 0.6493506493506493
52 0.0014262999999999915 0 0 0.4358974358974359 0.6493506493506493
53 0.0017209000000000252 0 1 0.4358974358974359 0.6623376623376623
54 0.0011071999999999749 0 1 0.4358974358974359 0.6753246753246753
55 0.0011088000000000209 0 1 0.4358974358974359 0.6883116883116883
56 0.0011728999999999767 0 0 0.4358974358974359 0.6883116883116883
57 0.0016545000000000032 0 0 0.4358974358974359 0.6883116883116883
58 0.0020287999999999973 0 1 0.4358974358974359 0.7012987012987013
59 0.0010054000000000451 0 0 0.4358974358974359 0.7012987012987013
60 0.0016257000000000077 1 0 0.46153846153846156 0.7012987012987013
61 0.0011497999999999786 0 0 0.46153846153846156 0.7012987012987013
62 0.0011796000000000029 0 0 0.46153846153846156 0.7012987012987013
63 0.0009620000000000184 1 0 0.48717948717948717 0.7012987012987013
64 0.000980400000000048 0 0 0.48717948717948717 0.7012987012987013
65 0.0018174000000000246 0 0 0.48717948717948717 0.7012987012987013
66 0.001071500000000003 0 0 0.48717948717948717 0.7012987012987013
67 0.0009329000000000143 0 1 0.48717948717948717 0.7142857142857143
68 0.0009476999999999958 0 0 0.48717948717948717 0.7142857142857143
69 0.0009504000000000179 1 0 0.5128205128205128 0.7142857142857143
70 0.0009449999999999736 0 0 0.5128205128205128 0.7142857142857143
71 0.0018548999999999927 1 0 0.5384615384615384 0.7142857142857143
72 0.0010496000000000394 0 0 0.5384615384615384 0.7142857142857143
73 0.0010195000000000065 1 1 0.5641025641025641 0.7272727272727273
74 0.00096310000000005 1 1 0.5897435897435898 0.7402597402597403
75 0.0009741999999999806 0 1 0.5897435897435898 0.7532467532467533
76 0.0012041999999999886 1 1 0.6153846153846154 0.7662337662337663
77 0.0015493000000000312 0 0 0.6153846153846154 0.7662337662337663
78 0.0012797999999999976 0 0 0.6153846153846154 0.7662337662337663
79 0.0010479999999999934 0 0 0.6153846153846154 0.7662337662337663
80 0.0019316999999999807 0 0 0.6153846153846154 0.7662337662337663
81 0.0010931000000000135 1 0 0.6410256410256411 0.7662337662337663
82 0.0009995999999999894 0 0 0.6410256410256411 0.7662337662337663
83 0.0010232999999999493 0 0 0.6410256410256411 0.7662337662337663
84 0.0010146999999999795 1 0 0.6666666666666666 0.7662337662337663
85 0.0010047999999999724 0 0 0.6666666666666666 0.7662337662337663
86 0.0010907 0 0 0.6666666666666666 0.7662337662337663
87 0.0011955999999999634 0 1 0.6666666666666666 0.7792207792207793
88 0.0010071999999999859 1 0 0.6923076923076923 0.7792207792207793
89 0.0009832000000000174 0 0 0.6923076923076923 0.7792207792207793
90 0.0012707000000000135 0 0 0.6923076923076923 0.7792207792207793
91 0.0014461000000000057 0 1 0.6923076923076923 0.7922077922077922
92 0.0011590999999999685 0 0 0.6923076923076923 0.7922077922077922
93 0.0010012000000000354 0 0 0.6923076923076923 0.7922077922077922
94 0.001072699999999982 0 0 0.6923076923076923 0.7922077922077922
95 0.0010073999999999916 0 0 0.6923076923076923 0.7922077922077922
96 0.002244999999999997 0 0 0.6923076923076923 0.7922077922077922
97 0.001088699999999998 0 0 0.6923076923076923 0.7922077922077922
98 0.0010644999999999682 1 0 0.717948717948718 0.7922077922077922
99 0.000975899999999974 0 0 0.717948717948718 0.7922077922077922
100 0.0010356000000000254 0 0 0.717948717948718 0.7922077922077922
101 0.0014705999999999886 0 0 0.717948717948718 0.7922077922077922
102 0.0012089000000000127 1 0 0.7435897435897436 0.7922077922077922
103 0.0011192999999999897 1 1 0.7692307692307693 0.8051948051948052
104 0.0011797000000000057 0 0 0.7692307692307693 0.8051948051948052
105 0.0018593000000000082 0 1 0.7692307692307693 0.8181818181818182
106 0.0011122000000000076 0 1 0.7692307692307693 0.8311688311688312
107 0.0012766000000000166 1 1 0.7948717948717948 0.8441558441558441
108 0.0010728999999999878 0 1 0.7948717948717948 0.8571428571428571
109 0.0019245999999999985 1 0 0.8205128205128205 0.8571428571428571
110 0.0010821000000000303 1 0 0.8461538461538461 0.8571428571428571
111 0.001378299999999999 0 0 0.8461538461538461 0.8571428571428571
112 0.0013336999999999932 0 2 0.8461538461538461 0.8831168831168831
113 0.0017871000000000414 0 0 0.8461538461538461 0.8831168831168831
114 0.0019580999999999626 0 0 0.8461538461538461 0.8831168831168831
115 0.001109099999999974 0 0 0.8461538461538461 0.8831168831168831
116 0.0011217000000000033 1 0 0.8717948717948718 0.8831168831168831
117 0.0011111000000000315 0 1 0.8717948717948718 0.8961038961038961
118 0.0013411999999999868 0 0 0.8717948717948718 0.8961038961038961
119 0.0017582999999999904 0 0 0.8717948717948718 0.8961038961038961
120 0.0016744000000000203 1 0 0.8974358974358975 0.8961038961038961
121 0.001565099999999986 0 0 0.8974358974358975 0.8961038961038961
122 0.0011804999999999732 0 1 0.8974358974358975 0.9090909090909091
123 0.001252299999999984 0 0 0.8974358974358975 0.9090909090909091
124 0.0018425000000000247 0 0 0.8974358974358975 0.9090909090909091
125 0.0012647000000000075 1 0 0.9230769230769231 0.9090909090909091
126 0.0017743000000000064 0 1 0.9230769230769231 0.922077922077922
127 0.0011116999999999932 1 1 0.9487179487179487 0.935064935064935
128 0.0010211999999999999 0 0 0.9487179487179487 0.935064935064935
129 0.0012024999999999952 1 1 0.9743589743589743 0.948051948051948
130 0.0014583999999999708 1 1 1.0 0.961038961038961
131 0.0012566000000000521 0 1 1.0 0.974025974025974
132 0.001317500000000027 0 0 1.0 0.974025974025974
133 0.0013264000000000054 0 1 1.0 0.987012987012987
134 0.0011580999999999952 0 0 1.0 0.987012987012987
135 0.0021950000000000025 0 0 1.0 0.987012987012987
136 0.0011742000000000141 0 0 1.0 0.987012987012987
137 0.0012344999999999717 0 0 1.0 0.987012987012987
138 0.0012073000000000222 0 1 1.0 1.0
