80 0.3 1.0
1 0.001765700000000009 0 0 0.0 0.5031847133757962
2 0.0015714000000000006 0 0 0.0 0.5031847133757962
3 0.0014956999999999887 0 0 0.0 0.5031847133757962
4 0.0017406000000000088 0 0 0.0 0.5031847133757962
5 0.001686099999999996 0 0 0.0 0.5031847133757962
6 0.0015328000000000008 0 0 0.0 0.5031847133757962
7 0.0032011000000000123 1 0 0.012658227848101266 0.5031847133757962
8 0.001631500000000008 1 1 0.02531645569620253 0.5095541401273885
9 0.0016057000000000154 1 1 0.0379746835443038 0.5159235668789809
10 0.00165789999999999 0 0 0.0379746835443038 0.5159235668789809
11 0.0020697000000000076 1 1 0.05063291139240506 0.5222929936305732
12 0.0022397999999999862 0 0 0.05063291139240506 0.5222929936305732
13 0.0021604000000000068 0 0 0.05063291139240506 0.5222929936305732
14 0.0021031999999999995 0 0 0.05063291139240506 0.5222929936305732
15 0.001624500000000001 0 0 0.05063291139240506 0.5222929936305732
16 0.0017374 0 0 0.05063291139240506 0.5222929936305732
17 0.002224799999999999 0 0 0.05063291139240506 0.5222929936305732
18 0.0018542000000000003 0 0 0.05063291139240506 0.5222929936305732
19 0.0017134000000000038 0 0 0.05063291139240506 0.5222929936305732
20 0.0022250000000000048 0 0 0.05063291139240506 0.5222929936305732
21 0.0017948999999999882 0 0 0.05063291139240506 0.5222929936305732
22 0.0017977000000000132 0 0 0.05063291139240506 0.5222929936305732
23 0.0016100000000000003 0 0 0.05063291139240506 0.5222929936305732
24 0.001680900000000013 1 1 0.06329113924050633 0.5286624203821656
25 0.0017591999999999886 0 0 0.06329113924050633 0.5286624203821656
26 0.0016596000000000388 0 0 0.06329113924050633 0.5286624203821656
27 0.001811900000000033 0 0 0.06329113924050633 0.5286624203821656
28 0.0017701999999999996 1 1 0.0759493670886076 0.535031847133758
29 0.0016008999999999607 0 0 0.0759493670886076 0.535031847133758
30 0.0019582999999999684 0 0 0.0759493670886076 0.535031847133758
31 0.0016876000000000113 0 0 0.0759493670886076 0.535031847133758
32 0.0016860000000000208 0 0 0.0759493670886076 0.535031847133758
33 0.001695000000000002 0 0 0.0759493670886076 0.535031847133758
34 0.002108099999999946 0 0 0.0759493670886076 0.535031847133758
35 0.0017670000000000186 0 0 0.0759493670886076 0.535031847133758
36 0.001612699999999967 0 0 0.0759493670886076 0.535031847133758
37 0.0019219999999999793 0 0 0.0759493670886076 0.535031847133758
38 0.0019934999999999814 0 0 0.0759493670886076 0.535031847133758
39 0.0025718999999999603 0 0 0.0759493670886076 0.535031847133758
40 0.0018461000000000172 0 0 0.0759493670886076 0.535031847133758
41 0.002257399999999965 1 1 0.08860759493670886 0.5414012738853503
42 0.0017825999999999675 1 1 0.10126582278481013 0.5477707006369427
43 0.0017440999999999707 1 1 0.11392405063291139 0.554140127388535
44 0.0018604999999999872 0 0 0.11392405063291139 0.554140127388535
45 0.001983899999999983 0 0 0.11392405063291139 0.554140127388535
46 0.0017060999999999882 0 0 0.11392405063291139 0.554140127388535
47 0.00408710000000001 0 0 0.11392405063291139 0.554140127388535
48 0.0017655999999999783 0 0 0.11392405063291139 0.554140127388535
49 0.0017015999999999698 0 0 0.11392405063291139 0.554140127388535
50 0.0016992000000000118 0 0 0.11392405063291139 0.554140127388535
51 0.0018040999999999752 1 1 0.12658227848101267 0.5605095541401274
52 0.0017192999999999792 0 0 0.12658227848101267 0.5605095541401274
53 0.0018056000000000183 0 0 0.12658227848101267 0.5605095541401274
54 0.0016904999999999837 0 0 0.12658227848101267 0.5605095541401274
55 0.001856599999999986 1 1 0.13924050632911392 0.5668789808917197
56 0.0017151999999999723 0 0 0.13924050632911392 0.5668789808917197
57 0.0018174000000000246 0 0 0.13924050632911392 0.5668789808917197
58 0.0016908999999999952 0 0 0.13924050632911392 0.5668789808917197
59 0.0016840000000000188 0 0 0.13924050632911392 0.5668789808917197
60 0.002241700000000013 1 1 0.1518987341772152 0.5732484076433121
61 0.0018101000000000367 0 0 0.1518987341772152 0.5732484076433121
62 0.002086499999999991 1 1 0.16455696202531644 0.5796178343949044
63 0.0017331999999999903 0 0 0.16455696202531644 0.5796178343949044
64 0.001846300000000023 1 1 0.17721518987341772 0.5859872611464968
65 0.0018436000000000008 0 0 0.17721518987341772 0.5859872611464968
66 0.0018349000000000282 1 1 0.189873417721519 0.5923566878980892
67 0.0017520999999999787 1 1 0.20253164556962025 0.5987261146496815
68 0.0016744000000000203 0 0 0.20253164556962025 0.5987261146496815
69 0.001842599999999972 1 1 0.21518987341772153 0.6050955414012739
70 0.001902600000000032 0 0 0.21518987341772153 0.6050955414012739
71 0.001947000000000032 0 0 0.21518987341772153 0.6050955414012739
72 0.001919100000000007 1 1 0.22784810126582278 0.6114649681528662
73 0.0018664000000000458 0 0 0.22784810126582278 0.6114649681528662
74 0.001815800000000034 0 0 0.22784810126582278 0.6114649681528662
75 0.0017705000000000082 0 0 0.22784810126582278 0.6114649681528662
76 0.0018625000000000447 1 1 0.24050632911392406 0.6178343949044586
77 0.0025428000000000117 0 0 0.24050632911392406 0.6178343949044586
78 0.0024412999999999796 0 0 0.24050632911392406 0.6178343949044586
79 0.001983400000000024 0 0 0.24050632911392406 0.6178343949044586
80 0.001821399999999973 0 0 0.24050632911392406 0.6178343949044586
81 0.0018355999999999928 0 0 0.24050632911392406 0.6178343949044586
82 0.0018359000000000014 0 0 0.24050632911392406 0.6178343949044586
83 0.0017785000000000162 1 1 0.25316455696202533 0.6242038216560509
84 0.0017427999999999888 0 0 0.25316455696202533 0.6242038216560509
85 0.0017750000000000266 0 0 0.25316455696202533 0.6242038216560509
86 0.0017564999999999942 0 0 0.25316455696202533 0.6242038216560509
87 0.0018871999999999778 1 1 0.26582278481012656 0.6305732484076433
88 0.0017732000000000303 0 0 0.26582278481012656 0.6305732484076433
89 0.001798999999999995 0 0 0.26582278481012656 0.6305732484076433
90 0.0018067999999999973 1 1 0.27848101265822783 0.6369426751592356
91 0.0018378000000000005 1 1 0.2911392405063291 0.643312101910828
92 0.0018365000000000187 0 0 0.2911392405063291 0.643312101910828
93 0.0018154000000000226 1 1 0.3037974683544304 0.6496815286624203
94 0.002194200000000035 0 0 0.3037974683544304 0.6496815286624203
95 0.0017424999999999802 0 0 0.3037974683544304 0.6496815286624203
96 0.0019155999999999618 0 0 0.3037974683544304 0.6496815286624203
97 0.0018716999999999762 0 0 0.3037974683544304 0.6496815286624203
98 0.001837000000000033 1 1 0.31645569620253167 0.6560509554140127
99 0.0020052999999999876 0 0 0.31645569620253167 0.6560509554140127
100 0.0019461000000000062 0 0 0.31645569620253167 0.6560509554140127
101 0.0018904000000000143 0 0 0.31645569620253167 0.6560509554140127
102 0.0018611999999999518 0 0 0.31645569620253167 0.6560509554140127
103 0.0019385000000000097 0 0 0.31645569620253167 0.6560509554140127
104 0.0018145999999999995 1 1 0.3291139240506329 0.6624203821656051
105 0.0018952999999999887 0 0 0.3291139240506329 0.6624203821656051
106 0.0019257999999999775 0 0 0.3291139240506329 0.6624203821656051
107 0.0018673000000000162 0 0 0.3291139240506329 0.6624203821656051
108 0.001851400000000003 0 0 0.3291139240506329 0.6624203821656051
109 0.0027106000000000074 0 0 0.3291139240506329 0.6624203821656051
110 0.0025127999999999817 0 0 0.3291139240506329 0.6624203821656051
111 0.0025470000000000215 0 0 0.3291139240506329 0.6624203821656051
112 0.0019312000000000218 1 1 0.34177215189873417 0.6687898089171974
113 0.0021263000000000254 1 1 0.35443037974683544 0.6751592356687898
114 0.0019185999999999925 1 1 0.3670886075949367 0.6815286624203821
115 0.001943399999999984 0 0 0.3670886075949367 0.6815286624203821
116 0.0017881000000000147 1 1 0.379746835443038 0.6878980891719745
117 0.0019208000000000003 0 0 0.379746835443038 0.6878980891719745
118 0.002040199999999992 0 0 0.379746835443038 0.6878980891719745
119 0.0020595999999999948 1 1 0.3924050632911392 0.6942675159235668
120 0.0019591999999999943 0 0 0.3924050632911392 0.6942675159235668
121 0.0019586000000000325 0 0 0.3924050632911392 0.6942675159235668
122 0.001993400000000034 0 0 0.3924050632911392 0.6942675159235668
123 0.0019610999999999934 0 0 0.3924050632911392 0.6942675159235668
124 0.0019495999999999958 0 0 0.3924050632911392 0.6942675159235668
125 0.0020468000000000153 1 1 0.4050632911392405 0.7006369426751592
126 0.001852300000000029 1 1 0.4177215189873418 0.7070063694267515
127 0.0019392999999999772 1 1 0.43037974683544306 0.7133757961783439
128 0.002116600000000024 0 0 0.43037974683544306 0.7133757961783439
129 0.0021962999999999844 0 0 0.43037974683544306 0.7133757961783439
130 0.0019423999999999553 0 0 0.43037974683544306 0.7133757961783439
131 0.0018759999999999888 0 0 0.43037974683544306 0.7133757961783439
132 0.001828200000000002 0 0 0.43037974683544306 0.7133757961783439
133 0.00198870000000001 0 0 0.43037974683544306 0.7133757961783439
134 0.002089400000000019 1 1 0.4430379746835443 0.7197452229299363
135 0.0019337999999999855 1 1 0.45569620253164556 0.7261146496815286
136 0.0019022000000000205 1 1 0.46835443037974683 0.732484076433121
137 0.001987300000000025 1 1 0.4810126582278481 0.7388535031847133
138 0.0018635999999999653 0 0 0.4810126582278481 0.7388535031847133
139 0.001903800000000011 0 0 0.4810126582278481 0.7388535031847133
140 0.002814499999999942 1 1 0.4936708860759494 0.7452229299363057
141 0.0025965000000000016 0 0 0.4936708860759494 0.7452229299363057
142 0.0027648000000000117 0 0 0.4936708860759494 0.7452229299363057
143 0.0026904000000000927 0 0 0.4936708860759494 0.7452229299363057
144 0.0026239999999999597 0 0 0.4936708860759494 0.7452229299363057
145 0.0026799000000000683 1 1 0.5063291139240507 0.7515923566878981
146 0.002678199999999964 0 0 0.5063291139240507 0.7515923566878981
147 0.002246700000000046 0 0 0.5063291139240507 0.7515923566878981
148 0.002143800000000029 1 1 0.5189873417721519 0.7579617834394905
149 0.00213629999999998 1 1 0.5316455696202531 0.7643312101910829
150 0.002129400000000059 0 0 0.5316455696202531 0.7643312101910829
151 0.0020980000000000443 0 0 0.5316455696202531 0.7643312101910829
152 0.0020584000000000158 0 0 0.5316455696202531 0.7643312101910829
153 0.002031000000000005 0 0 0.5316455696202531 0.7643312101910829
154 0.0021280000000000188 1 1 0.5443037974683544 0.7707006369426752
155 0.0020778000000000185 0 0 0.5443037974683544 0.7707006369426752
156 0.0020572999999999286 0 0 0.5443037974683544 0.7707006369426752
157 0.0021390999999999494 0 0 0.5443037974683544 0.7707006369426752
158 0.0020928000000000058 0 0 0.5443037974683544 0.7707006369426752
159 0.001990200000000053 1 1 0.5569620253164557 0.7770700636942676
160 0.002154700000000065 1 1 0.569620253164557 0.7834394904458599
161 0.002145399999999964 1 1 0.5822784810126582 0.7898089171974523
162 0.0023039000000000254 0 0 0.5822784810126582 0.7898089171974523
163 0.002213699999999985 1 1 0.5949367088607594 0.7961783439490446
164 0.0021565000000000056 0 0 0.5949367088607594 0.7961783439490446
165 0.0021138000000000545 0 0 0.5949367088607594 0.7961783439490446
166 0.0020069000000000337 0 0 0.5949367088607594 0.7961783439490446
167 0.0021539999999999893 0 0 0.5949367088607594 0.7961783439490446
168 0.0020542999999999534 0 0 0.5949367088607594 0.7961783439490446
169 0.0021343999999999808 1 1 0.6075949367088608 0.802547770700637
170 0.002177399999999996 0 0 0.6075949367088608 0.802547770700637
171 0.002261700000000033 0 0 0.6075949367088608 0.802547770700637
172 0.002125900000000014 0 0 0.6075949367088608 0.802547770700637
173 0.002181100000000047 0 0 0.6075949367088608 0.802547770700637
174 0.0023317000000000476 0 0 0.6075949367088608 0.802547770700637
175 0.0022425999999999835 0 0 0.6075949367088608 0.802547770700637
176 0.002173900000000062 0 0 0.6075949367088608 0.802547770700637
177 0.0021847000000000394 0 0 0.6075949367088608 0.802547770700637
178 0.0021299999999999653 0 0 0.6075949367088608 0.802547770700637
179 0.0019017000000000062 0 0 0.6075949367088608 0.802547770700637
180 0.002113900000000002 0 0 0.6075949367088608 0.802547770700637
181 0.0022458000000000755 0 0 0.6075949367088608 0.802547770700637
182 0.002193099999999948 0 0 0.6075949367088608 0.802547770700637
183 0.0021084999999999576 1 1 0.620253164556962 0.8089171974522293
184 0.002243500000000065 0 0 0.620253164556962 0.8089171974522293
185 0.0022607999999999517 1 1 0.6329113924050633 0.8152866242038217
186 0.0020952000000000748 0 0 0.6329113924050633 0.8152866242038217
187 0.002101099999999967 0 0 0.6329113924050633 0.8152866242038217
188 0.002163000000000026 0 0 0.6329113924050633 0.8152866242038217
189 0.002188900000000049 0 0 0.6329113924050633 0.8152866242038217
190 0.0023303999999999547 1 1 0.6455696202531646 0.821656050955414
191 0.0021702999999999584 0 0 0.6455696202531646 0.821656050955414
192 0.002255300000000071 0 0 0.6455696202531646 0.821656050955414
193 0.002134699999999934 1 1 0.6582278481012658 0.8280254777070064
194 0.0020348000000000033 0 0 0.6582278481012658 0.8280254777070064
195 0.0022134999999999794 0 0 0.6582278481012658 0.8280254777070064
196 0.002276300000000009 0 0 0.6582278481012658 0.8280254777070064
197 0.0024421000000000026 0 0 0.6582278481012658 0.8280254777070064
198 0.002198699999999998 0 0 0.6582278481012658 0.8280254777070064
199 0.0022468999999999406 0 0 0.6582278481012658 0.8280254777070064
200 0.0021493000000000206 0 0 0.6582278481012658 0.8280254777070064
201 0.002271000000000023 0 0 0.6582278481012658 0.8280254777070064
202 0.0021734999999999394 0 0 0.6582278481012658 0.8280254777070064
203 0.002101400000000031 0 0 0.6582278481012658 0.8280254777070064
204 0.0022351999999999927 1 1 0.6708860759493671 0.8343949044585988
205 0.0022069000000000116 0 0 0.6708860759493671 0.8343949044585988
206 0.002188899999999938 0 0 0.6708860759493671 0.8343949044585988
207 0.0022056000000000298 1 1 0.6835443037974683 0.8407643312101911
208 0.0022106000000000625 0 0 0.6835443037974683 0.8407643312101911
209 0.0021747999999999212 0 0 0.6835443037974683 0.8407643312101911
210 0.0020527999999999658 0 0 0.6835443037974683 0.8407643312101911
211 0.002317699999999978 0 0 0.6835443037974683 0.8407643312101911
212 0.002380900000000019 1 1 0.6962025316455697 0.8471337579617835
213 0.0021531999999999663 1 1 0.7088607594936709 0.8535031847133758
214 0.0022137999999999325 0 0 0.7088607594936709 0.8535031847133758
215 0.0024505999999999695 0 0 0.7088607594936709 0.8535031847133758
216 0.002317699999999978 0 0 0.7088607594936709 0.8535031847133758
217 0.0022256000000000498 0 0 0.7088607594936709 0.8535031847133758
218 0.002190200000000031 0 0 0.7088607594936709 0.8535031847133758
219 0.002096600000000004 0 0 0.7088607594936709 0.8535031847133758
220 0.002056599999999964 1 1 0.7215189873417721 0.8598726114649682
221 0.002603299999999975 0 0 0.7215189873417721 0.8598726114649682
222 0.004434800000000072 0 0 0.7215189873417721 0.8598726114649682
223 0.0025247999999999937 1 1 0.7341772151898734 0.8662420382165605
224 0.0024351000000000234 0 0 0.7341772151898734 0.8662420382165605
225 0.002495799999999937 0 0 0.7341772151898734 0.8662420382165605
226 0.0022505999999999915 1 1 0.7468354430379747 0.8726114649681529
227 0.0024425999999999615 1 1 0.759493670886076 0.8789808917197452
228 0.002426200000000045 1 1 0.7721518987341772 0.8853503184713376
229 0.00216700000000003 0 0 0.7721518987341772 0.8853503184713376
230 0.002460600000000035 1 1 0.7848101265822784 0.89171974522293
231 0.0022568000000000588 1 1 0.7974683544303798 0.8980891719745223
232 0.0021367999999999387 0 0 0.7974683544303798 0.8980891719745223
233 0.0022874000000000505 0 0 0.7974683544303798 0.8980891719745223
234 0.0022011999999999032 1 1 0.810126582278481 0.9044585987261147
235 0.002207500000000029 0 0 0.810126582278481 0.9044585987261147
236 0.0022925000000000306 0 0 0.810126582278481 0.9044585987261147
237 0.003045999999999993 0 0 0.810126582278481 0.9044585987261147
238 0.002955800000000064 0 0 0.810126582278481 0.9044585987261147
239 0.00322649999999991 0 0 0.810126582278481 0.9044585987261147
240 0.0032348999999999295 0 0 0.810126582278481 0.9044585987261147
241 0.0032023999999999386 0 0 0.810126582278481 0.9044585987261147
242 0.00320279999999995 1 1 0.8227848101265823 0.910828025477707
243 0.00303640000000005 0 0 0.8227848101265823 0.910828025477707
244 0.003076899999999938 0 0 0.8227848101265823 0.910828025477707
245 0.0030765000000000375 0 0 0.8227848101265823 0.910828025477707
246 0.002934800000000015 0 0 0.8227848101265823 0.910828025477707
247 0.0031290999999999958 0 0 0.8227848101265823 0.910828025477707
248 0.0030221000000000275 1 1 0.8354430379746836 0.9171974522292994
249 0.0031016000000000377 0 0 0.8354430379746836 0.9171974522292994
250 0.0024123999999999812 1 1 0.8481012658227848 0.9235668789808917
251 0.0023292000000000312 0 0 0.8481012658227848 0.9235668789808917
252 0.0023613000000000106 0 0 0.8481012658227848 0.9235668789808917
253 0.0024435999999999902 1 1 0.8607594936708861 0.9299363057324841
254 0.002377100000000021 0 0 0.8607594936708861 0.9299363057324841
255 0.0025302999999999853 0 0 0.8607594936708861 0.9299363057324841
256 0.002693100000000004 0 0 0.8607594936708861 0.9299363057324841
257 0.0023180999999999896 0 0 0.8607594936708861 0.9299363057324841
258 0.0023287000000000724 0 0 0.8607594936708861 0.9299363057324841
259 0.002271299999999976 1 1 0.8734177215189873 0.9363057324840764
260 0.002449999999999952 0 0 0.8734177215189873 0.9363057324840764
261 0.0027970000000000494 0 0 0.8734177215189873 0.9363057324840764
262 0.0023682000000000425 0 0 0.8734177215189873 0.9363057324840764
263 0.0024823000000000484 0 0 0.8734177215189873 0.9363057324840764
264 0.0024697999999999665 0 0 0.8734177215189873 0.9363057324840764
265 0.0022932999999999426 0 0 0.8734177215189873 0.9363057324840764
266 0.0023735000000000284 0 0 0.8734177215189873 0.9363057324840764
267 0.0025884999999999936 0 0 0.8734177215189873 0.9363057324840764
268 0.0023516999999999566 0 0 0.8734177215189873 0.9363057324840764
269 0.004091599999999973 0 0 0.8734177215189873 0.9363057324840764
270 0.0022647000000000084 0 0 0.8734177215189873 0.9363057324840764
271 0.00228090000000003 0 0 0.8734177215189873 0.9363057324840764
272 0.002337900000000004 1 1 0.8860759493670886 0.9426751592356688
273 0.0023522000000000265 0 0 0.8860759493670886 0.9426751592356688
274 0.0025654999999999983 0 0 0.8860759493670886 0.9426751592356688
275 0.0022135999999999267 0 0 0.8860759493670886 0.9426751592356688
276 0.002805400000000069 0 0 0.8860759493670886 0.9426751592356688
277 0.002390699999999968 0 0 0.8860759493670886 0.9426751592356688
278 0.0023758999999999864 0 0 0.8860759493670886 0.9426751592356688
279 0.002472099999999977 1 1 0.8987341772151899 0.9490445859872612
280 0.0023777999999999855 0 0 0.8987341772151899 0.9490445859872612
281 0.0024368000000000167 0 0 0.8987341772151899 0.9490445859872612
282 0.0025028000000000272 0 0 0.8987341772151899 0.9490445859872612
283 0.002354999999999996 1 1 0.9113924050632911 0.9554140127388535
284 0.0024847000000000063 0 0 0.9113924050632911 0.9554140127388535
285 0.0025654999999999983 0 0 0.9113924050632911 0.9554140127388535
286 0.0024462999999999013 0 0 0.9113924050632911 0.9554140127388535
287 0.0023802000000000545 1 1 0.9240506329113924 0.9617834394904459
288 0.002476299999999987 0 0 0.9240506329113924 0.9617834394904459
289 0.0023528000000000437 0 0 0.9240506329113924 0.9617834394904459
290 0.0024077000000000126 0 0 0.9240506329113924 0.9617834394904459
291 0.0027311999999999337 0 0 0.9240506329113924 0.9617834394904459
292 0.002354199999999973 1 1 0.9367088607594937 0.9681528662420382
293 0.002401399999999998 1 1 0.9493670886075949 0.9745222929936306
294 0.0027364999999999196 1 1 0.9620253164556962 0.9808917197452229
295 0.002612900000000029 0 0 0.9620253164556962 0.9808917197452229
296 0.002826200000000001 0 0 0.9620253164556962 0.9808917197452229
297 0.0024026000000000325 1 1 0.9746835443037974 0.9872611464968153
298 0.002510500000000082 1 1 0.9873417721518988 0.9936305732484076
299 0.002726000000000006 1 1 1.0 1.0
