150 0.3 0.7
1 0.00352480000000005 1 0 0.006711409395973154 0.5016835016835017
2 0.003683600000000009 0 0 0.006711409395973154 0.5016835016835017
3 0.0036917999999999673 0 0 0.006711409395973154 0.5016835016835017
4 0.0031563000000000008 0 0 0.006711409395973154 0.5016835016835017
5 0.00305519999999998 0 0 0.006711409395973154 0.5016835016835017
6 0.004069400000000001 0 0 0.006711409395973154 0.5016835016835017
7 0.0032627000000000073 0 0 0.006711409395973154 0.5016835016835017
8 0.0040744000000000336 0 0 0.006711409395973154 0.5016835016835017
9 0.0035682999999999687 0 0 0.006711409395973154 0.5016835016835017
10 0.00434209999999996 1 0 0.013422818791946308 0.5016835016835017
11 0.004072500000000034 1 0 0.020134228187919462 0.5016835016835017
12 0.003688699999999989 1 1 0.026845637583892617 0.5050505050505051
13 0.0033558999999999672 0 0 0.026845637583892617 0.5050505050505051
14 0.0038901000000000074 0 0 0.026845637583892617 0.5050505050505051
15 0.0035370000000000124 0 1 0.026845637583892617 0.5084175084175084
16 0.003570500000000032 0 0 0.026845637583892617 0.5084175084175084
17 0.0031459000000000348 1 1 0.03355704697986577 0.5117845117845118
18 0.003647200000000017 0 0 0.03355704697986577 0.5117845117845118
19 0.0032241000000000075 0 0 0.03355704697986577 0.5117845117845118
20 0.004291800000000012 1 0 0.040268456375838924 0.5117845117845118
21 0.0041704000000000185 0 1 0.040268456375838924 0.5151515151515151
22 0.0034906000000000104 0 0 0.040268456375838924 0.5151515151515151
23 0.0040784000000000376 0 0 0.040268456375838924 0.5151515151515151
24 0.003399199999999991 0 0 0.040268456375838924 0.5151515151515151
25 0.003161600000000042 0 1 0.040268456375838924 0.5185185185185185
26 0.003381000000000023 0 0 0.040268456375838924 0.5185185185185185
27 0.003121200000000046 0 0 0.040268456375838924 0.5185185185185185
28 0.003830100000000003 0 0 0.040268456375838924 0.5185185185185185
29 0.003744599999999987 0 0 0.040268456375838924 0.5185185185185185
30 0.003851400000000005 1 0 0.04697986577181208 0.5185185185185185
31 0.0033103999999999356 0 0 0.04697986577181208 0.5185185185185185
32 0.004162200000000005 0 1 0.04697986577181208 0.5218855218855218
33 0.003856600000000099 0 0 0.04697986577181208 0.5218855218855218
34 0.00340090000000004 0 0 0.04697986577181208 0.5218855218855218
35 0.0038906000000000773 0 0 0.04697986577181208 0.5218855218855218
36 0.0036264000000000296 1 1 0.053691275167785234 0.5252525252525253
37 0.0034100999999999715 0 0 0.053691275167785234 0.5252525252525253
38 0.003488899999999906 0 0 0.053691275167785234 0.5252525252525253
39 0.003205200000000019 0 0 0.053691275167785234 0.5252525252525253
40 0.003921100000000011 1 1 0.06040268456375839 0.5286195286195287
41 0.003647000000000067 0 0 0.06040268456375839 0.5286195286195287
42 0.0037977999999999623 1 0 0.06711409395973154 0.5286195286195287
43 0.003669200000000039 0 0 0.06711409395973154 0.5286195286195287
44 0.003834199999999899 1 1 0.0738255033557047 0.531986531986532
45 0.0035338999999999787 0 0 0.0738255033557047 0.531986531986532
46 0.0032680000000000486 0 1 0.0738255033557047 0.5353535353535354
47 0.004217099999999974 0 0 0.0738255033557047 0.5353535353535354
48 0.0034975999999999896 1 0 0.08053691275167785 0.5353535353535354
49 0.0041248000000000395 0 0 0.08053691275167785 0.5353535353535354
50 0.0036793999999999993 0 0 0.08053691275167785 0.5353535353535354
51 0.0031812999999999425 0 0 0.08053691275167785 0.5353535353535354
52 0.003914700000000049 0 0 0.08053691275167785 0.5353535353535354
53 0.003902300000000025 0 0 0.08053691275167785 0.5353535353535354
54 0.0034235000000000237 0 1 0.08053691275167785 0.5387205387205387
55 0.003550999999999971 0 0 0.08053691275167785 0.5387205387205387
56 0.0037295999999999996 0 0 0.08053691275167785 0.5387205387205387
57 0.0038705999999999463 1 1 0.087248322147651 0.5420875420875421
58 0.0034708999999999435 1 1 0.09395973154362416 0.5454545454545454
59 0.0037901000000000185 0 0 0.09395973154362416 0.5454545454545454
60 0.0036791999999999936 0 0 0.09395973154362416 0.5454545454545454
61 0.003925900000000038 0 0 0.09395973154362416 0.5454545454545454
62 0.0035785999999999873 1 1 0.10067114093959731 0.5488215488215489
63 0.003921500000000022 0 0 0.10067114093959731 0.5488215488215489
64 0.004281199999999985 1 1 0.10738255033557047 0.5521885521885522
65 0.0035435000000000327 0 0 0.10738255033557047 0.5521885521885522
66 0.0032788999999999735 0 0 0.10738255033557047 0.5521885521885522
67 0.0035361999999999894 1 1 0.11409395973154363 0.5555555555555556
68 0.0036026999999999587 0 0 0.11409395973154363 0.5555555555555556
69 0.004231899999999955 0 0 0.11409395973154363 0.5555555555555556
70 0.003687899999999966 0 0 0.11409395973154363 0.5555555555555556
71 0.0032418999999999087 0 0 0.11409395973154363 0.5555555555555556
72 0.003808900000000004 0 0 0.11409395973154363 0.5555555555555556
73 0.003665499999999988 0 0 0.11409395973154363 0.5555555555555556
74 0.005202499999999999 0 0 0.11409395973154363 0.5555555555555556
75 0.003816700000000006 0 0 0.11409395973154363 0.5555555555555556
76 0.003950800000000032 0 0 0.11409395973154363 0.5555555555555556
77 0.003713699999999931 1 0 0.12080536912751678 0.5555555555555556
78 0.003957099999999936 0 0 0.12080536912751678 0.5555555555555556
79 0.0032608000000000636 0 0 0.12080536912751678 0.5555555555555556
80 0.003894799999999976 0 0 0.12080536912751678 0.5555555555555556
81 0.00424469999999999 0 0 0.12080536912751678 0.5555555555555556
82 0.0034996999999999945 1 1 0.12751677852348994 0.5589225589225589
83 0.003817199999999965 0 0 0.12751677852348994 0.5589225589225589
84 0.003798500000000038 0 1 0.12751677852348994 0.5622895622895623
85 0.0033758999999999872 0 0 0.12751677852348994 0.5622895622895623
86 0.003635799999999967 1 0 0.1342281879194631 0.5622895622895623
87 0.0032920000000000726 0 0 0.1342281879194631 0.5622895622895623
88 0.004545300000000085 1 1 0.14093959731543623 0.5656565656565656
89 0.003800099999999973 0 0 0.14093959731543623 0.5656565656565656
90 0.00417590000000001 1 2 0.1476510067114094 0.5723905723905723
91 0.004372399999999943 1 1 0.15436241610738255 0.5757575757575758
92 0.003859600000000074 1 0 0.1610738255033557 0.5757575757575758
93 0.0037185999999999053 0 0 0.1610738255033557 0.5757575757575758
94 0.004433899999999991 0 0 0.1610738255033557 0.5757575757575758
95 0.0038418000000000063 1 1 0.16778523489932887 0.5791245791245792
96 0.0038588999999999984 0 0 0.16778523489932887 0.5791245791245792
97 0.003615599999999941 0 0 0.16778523489932887 0.5791245791245792
98 0.003730800000000034 0 1 0.16778523489932887 0.5824915824915825
99 0.003978000000000037 0 0 0.16778523489932887 0.5824915824915825
100 0.0038761999999999963 0 0 0.16778523489932887 0.5824915824915825
101 0.005891100000000038 0 0 0.16778523489932887 0.5824915824915825
102 0.004711100000000079 1 1 0.174496644295302 0.5858585858585859
103 0.003901199999999938 0 0 0.174496644295302 0.5858585858585859
104 0.003492900000000021 0 0 0.174496644295302 0.5858585858585859
105 0.004817200000000077 0 0 0.174496644295302 0.5858585858585859
106 0.00378630000000002 0 0 0.174496644295302 0.5858585858585859
107 0.004598600000000008 0 0 0.174496644295302 0.5858585858585859
108 0.003723099999999979 0 0 0.174496644295302 0.5858585858585859
109 0.0037160000000000526 0 0 0.174496644295302 0.5858585858585859
110 0.0046479999999999855 0 0 0.174496644295302 0.5858585858585859
111 0.004351500000000064 0 0 0.174496644295302 0.5858585858585859
112 0.003302200000000033 0 0 0.174496644295302 0.5858585858585859
113 0.003822800000000015 0 0 0.174496644295302 0.5858585858585859
114 0.0037768000000000246 0 0 0.174496644295302 0.5858585858585859
115 0.0036152000000000406 0 0 0.174496644295302 0.5858585858585859
116 0.003815899999999983 1 1 0.18120805369127516 0.5892255892255892
117 0.003653199999999912 0 0 0.18120805369127516 0.5892255892255892
118 0.006019899999999967 1 1 0.18791946308724833 0.5925925925925926
119 0.003582799999999997 1 0 0.19463087248322147 0.5925925925925926
120 0.003989400000000032 0 0 0.19463087248322147 0.5925925925925926
121 0.004016200000000025 0 0 0.19463087248322147 0.5925925925925926
122 0.0037475000000000147 0 0 0.19463087248322147 0.5925925925925926
123 0.003576600000000041 1 1 0.20134228187919462 0.5959595959595959
124 0.00532379999999999 0 1 0.20134228187919462 0.5993265993265994
125 0.00419080000000005 0 0 0.20134228187919462 0.5993265993265994
126 0.004479400000000022 0 0 0.20134228187919462 0.5993265993265994
127 0.0036625999999999603 0 0 0.20134228187919462 0.5993265993265994
128 0.004114199999999957 0 0 0.20134228187919462 0.5993265993265994
129 0.004522299999999979 0 0 0.20134228187919462 0.5993265993265994
130 0.0034205000000000485 0 0 0.20134228187919462 0.5993265993265994
131 0.003796399999999922 1 1 0.2080536912751678 0.6026936026936027
132 0.0037455999999999046 1 1 0.21476510067114093 0.6060606060606061
133 0.003861699999999968 0 0 0.21476510067114093 0.6060606060606061
134 0.0038136000000000836 1 0 0.2214765100671141 0.6060606060606061
135 0.0034455000000001013 0 0 0.2214765100671141 0.6060606060606061
136 0.0043377 0 1 0.2214765100671141 0.6094276094276094
137 0.004177700000000062 0 0 0.2214765100671141 0.6094276094276094
138 0.0035104000000000246 0 0 0.2214765100671141 0.6094276094276094
139 0.0040904000000000496 0 0 0.2214765100671141 0.6094276094276094
140 0.0038930999999999827 0 0 0.2214765100671141 0.6094276094276094
141 0.003803000000000001 1 0 0.22818791946308725 0.6094276094276094
142 0.004044999999999965 1 1 0.2348993288590604 0.6127946127946128
143 0.0036954000000000153 0 0 0.2348993288590604 0.6127946127946128
144 0.004351500000000064 0 1 0.2348993288590604 0.6161616161616161
145 0.004419799999999974 0 0 0.2348993288590604 0.6161616161616161
146 0.0037571000000000687 0 0 0.2348993288590604 0.6161616161616161
147 0.0043615999999999655 0 0 0.2348993288590604 0.6161616161616161
148 0.004647499999999916 0 0 0.2348993288590604 0.6161616161616161
149 0.003415300000000121 0 0 0.2348993288590604 0.6161616161616161
150 0.0041712000000000415 1 1 0.24161073825503357 0.6195286195286195
151 0.003907499999999953 0 0 0.24161073825503357 0.6195286195286195
152 0.004013499999999892 0 0 0.24161073825503357 0.6195286195286195
153 0.003949699999999945 0 0 0.24161073825503357 0.6195286195286195
154 0.003454499999999916 0 0 0.24161073825503357 0.6195286195286195
155 0.005293400000000004 0 0 0.24161073825503357 0.6195286195286195
156 0.004744599999999988 1 1 0.2483221476510067 0.622895622895623
157 0.003626200000000024 1 1 0.2550335570469799 0.6262626262626263
158 0.004373299999999913 0 0 0.2550335570469799 0.6262626262626263
159 0.0037072000000000216 0 0 0.2550335570469799 0.6262626262626263
160 0.0038298000000001053 1 0 0.26174496644295303 0.6262626262626263
161 0.005869700000000089 0 0 0.26174496644295303 0.6262626262626263
162 0.004100900000000074 0 0 0.26174496644295303 0.6262626262626263
163 0.004664400000000013 0 0 0.26174496644295303 0.6262626262626263
164 0.003921999999999981 0 1 0.26174496644295303 0.6296296296296297
165 0.00480820000000004 0 0 0.26174496644295303 0.6296296296296297
166 0.0044855999999999785 0 0 0.26174496644295303 0.6296296296296297
167 0.003556099999999951 1 1 0.2684563758389262 0.632996632996633
168 0.0040690000000001 0 0 0.2684563758389262 0.632996632996633
169 0.0036730000000000373 1 0 0.2751677852348993 0.632996632996633
170 0.003993099999999972 0 0 0.2751677852348993 0.632996632996633
171 0.004009399999999941 1 2 0.28187919463087246 0.6397306397306397
172 0.0040215999999999585 1 0 0.28859060402684567 0.6397306397306397
173 0.004788999999999932 1 0 0.2953020134228188 0.6397306397306397
174 0.0044104000000000365 0 1 0.2953020134228188 0.6430976430976431
175 0.005833699999999942 0 0 0.2953020134228188 0.6430976430976431
176 0.005356899999999998 1 1 0.30201342281879195 0.6464646464646465
177 0.005044599999999955 0 0 0.30201342281879195 0.6464646464646465
178 0.005593299999999912 0 0 0.30201342281879195 0.6464646464646465
179 0.006312699999999838 1 1 0.3087248322147651 0.6498316498316499
180 0.005051199999999811 0 0 0.3087248322147651 0.6498316498316499
181 0.004433899999999991 0 1 0.3087248322147651 0.6531986531986532
182 0.004264299999999999 0 0 0.3087248322147651 0.6531986531986532
183 0.004460499999999978 0 0 0.3087248322147651 0.6531986531986532
184 0.005600699999999792 0 0 0.3087248322147651 0.6531986531986532
185 0.0056467000000000045 0 0 0.3087248322147651 0.6531986531986532
186 0.005326900000000023 0 0 0.3087248322147651 0.6531986531986532
187 0.003888700000000078 1 1 0.31543624161073824 0.6565656565656566
188 0.0051144000000000744 0 0 0.31543624161073824 0.6565656565656566
189 0.005024099999999976 1 1 0.3221476510067114 0.6599326599326599
190 0.004261499999999918 0 0 0.3221476510067114 0.6599326599326599
191 0.0041800000000000725 0 0 0.3221476510067114 0.6599326599326599
192 0.0037234999999999907 0 0 0.3221476510067114 0.6599326599326599
193 0.003939899999999996 1 1 0.3288590604026846 0.6632996632996633
194 0.004461499999999896 0 0 0.3288590604026846 0.6632996632996633
195 0.0043416000000000565 1 1 0.33557046979865773 0.6666666666666666
196 0.004283700000000001 1 1 0.3422818791946309 0.67003367003367
197 0.0043680000000001495 0 0 0.3422818791946309 0.67003367003367
198 0.004765300000000083 0 0 0.3422818791946309 0.67003367003367
199 0.004348299999999972 0 0 0.3422818791946309 0.67003367003367
200 0.0038967999999999225 0 0 0.3422818791946309 0.67003367003367
201 0.004527100000000006 0 0 0.3422818791946309 0.67003367003367
202 0.004325899999999994 0 0 0.3422818791946309 0.67003367003367
203 0.004035900000000092 0 0 0.3422818791946309 0.67003367003367
204 0.0046904000000000945 1 1 0.348993288590604 0.6734006734006734
205 0.0056954999999998535 1 1 0.35570469798657717 0.6767676767676768
206 0.004746300000000092 1 1 0.3624161073825503 0.6801346801346801
207 0.0037911999999999946 0 0 0.3624161073825503 0.6801346801346801
208 0.004649899999999985 1 0 0.3691275167785235 0.6801346801346801
209 0.004192299999999927 1 1 0.37583892617449666 0.6835016835016835
210 0.00376809999999983 1 1 0.3825503355704698 0.6868686868686869
211 0.004359900000000083 0 0 0.3825503355704698 0.6868686868686869
212 0.004885699999999993 0 0 0.3825503355704698 0.6868686868686869
213 0.004285400000000106 0 1 0.3825503355704698 0.6902356902356902
214 0.00411640000000002 0 0 0.3825503355704698 0.6902356902356902
215 0.0038347000000000797 0 0 0.3825503355704698 0.6902356902356902
216 0.004367800000000033 1 0 0.38926174496644295 0.6902356902356902
217 0.004594600000000115 1 2 0.3959731543624161 0.696969696969697
218 0.0041047999999999085 0 0 0.3959731543624161 0.696969696969697
219 0.004331900000000166 0 0 0.3959731543624161 0.696969696969697
220 0.004273700000000158 0 0 0.3959731543624161 0.696969696969697
221 0.004180099999999909 0 0 0.3959731543624161 0.696969696969697
222 0.0051130999999999815 0 0 0.3959731543624161 0.696969696969697
223 0.005131899999999856 0 0 0.3959731543624161 0.696969696969697
224 0.004180200000000189 0 0 0.3959731543624161 0.696969696969697
225 0.004502700000000193 0 0 0.3959731543624161 0.696969696969697
226 0.0040967999999999005 1 1 0.40268456375838924 0.7003367003367004
227 0.005303100000000116 1 1 0.40939597315436244 0.7037037037037037
228 0.005465300000000006 0 0 0.40939597315436244 0.7037037037037037
229 0.006031300000000073 0 0 0.40939597315436244 0.7037037037037037
230 0.005491199999999807 1 1 0.4161073825503356 0.7070707070707071
231 0.006027999999999922 0 0 0.4161073825503356 0.7070707070707071
232 0.004739700000000013 0 0 0.4161073825503356 0.7070707070707071
233 0.005825200000000086 1 0 0.4228187919463087 0.7070707070707071
234 0.0042872000000000465 0 1 0.4228187919463087 0.7104377104377104
235 0.0050042999999999616 0 0 0.4228187919463087 0.7104377104377104
236 0.004789699999999897 0 0 0.4228187919463087 0.7104377104377104
237 0.004023599999999794 0 0 0.4228187919463087 0.7104377104377104
238 0.004783900000000063 1 1 0.42953020134228187 0.7138047138047138
239 0.004765699999999873 1 1 0.436241610738255 0.7171717171717171
240 0.00551529999999989 1 1 0.4429530201342282 0.7205387205387206
241 0.005126399999999975 0 0 0.4429530201342282 0.7205387205387206
242 0.004106500000000013 0 0 0.4429530201342282 0.7205387205387206
243 0.004888400000000015 1 0 0.44966442953020136 0.7205387205387206
244 0.00462830000000003 0 0 0.44966442953020136 0.7205387205387206
245 0.006468700000000105 0 0 0.44966442953020136 0.7205387205387206
246 0.005340500000000192 1 2 0.4563758389261745 0.7272727272727273
247 0.00454460000000001 0 0 0.4563758389261745 0.7272727272727273
248 0.004745400000000011 0 0 0.4563758389261745 0.7272727272727273
249 0.0038831000000001392 0 0 0.4563758389261745 0.7272727272727273
250 0.004247600000000018 0 0 0.4563758389261745 0.7272727272727273
251 0.0043648000000000575 0 0 0.4563758389261745 0.7272727272727273
252 0.0051874999999999005 1 0 0.46308724832214765 0.7272727272727273
253 0.004005199999999931 1 0 0.4697986577181208 0.7272727272727273
254 0.004975699999999916 0 2 0.4697986577181208 0.734006734006734
255 0.004190800000000161 1 0 0.47651006711409394 0.734006734006734
256 0.004156499999999896 0 0 0.47651006711409394 0.734006734006734
257 0.004758299999999993 0 1 0.47651006711409394 0.7373737373737373
258 0.004037100000000127 1 1 0.48322147651006714 0.7407407407407407
259 0.004423699999999808 0 0 0.48322147651006714 0.7407407407407407
260 0.0040199999999999125 1 1 0.4899328859060403 0.7441077441077442
261 0.005006200000000183 0 0 0.4899328859060403 0.7441077441077442
262 0.004278299999999957 0 0 0.4899328859060403 0.7441077441077442
263 0.0039001999999999093 0 0 0.4899328859060403 0.7441077441077442
264 0.004858200000000146 1 1 0.4966442953020134 0.7474747474747475
265 0.004551599999999878 1 0 0.5033557046979866 0.7474747474747475
266 0.0056803000000000825 0 0 0.5033557046979866 0.7474747474747475
267 0.006512899999999933 0 1 0.5033557046979866 0.7508417508417509
268 0.00578959999999995 0 0 0.5033557046979866 0.7508417508417509
269 0.0055187000000000985 1 1 0.5100671140939598 0.7542087542087542
270 0.006289300000000164 0 0 0.5100671140939598 0.7542087542087542
271 0.004129199999999944 0 0 0.5100671140939598 0.7542087542087542
272 0.005435599999999985 0 0 0.5100671140939598 0.7542087542087542
273 0.004203399999999968 0 0 0.5100671140939598 0.7542087542087542
274 0.004040700000000008 0 0 0.5100671140939598 0.7542087542087542
275 0.004302199999999923 0 0 0.5100671140939598 0.7542087542087542
276 0.004755599999999971 1 1 0.5167785234899329 0.7575757575757576
277 0.004129100000000108 1 1 0.5234899328859061 0.7609427609427609
278 0.004701499999999914 0 0 0.5234899328859061 0.7609427609427609
279 0.004919800000000141 0 0 0.5234899328859061 0.7609427609427609
280 0.005873000000000017 0 0 0.5234899328859061 0.7609427609427609
281 0.004137200000000174 0 0 0.5234899328859061 0.7609427609427609
282 0.004443900000000056 1 0 0.5302013422818792 0.7609427609427609
283 0.004524900000000054 0 0 0.5302013422818792 0.7609427609427609
284 0.004683900000000074 0 0 0.5302013422818792 0.7609427609427609
285 0.003876400000000002 1 1 0.5369127516778524 0.7643097643097643
286 0.004952999999999985 0 1 0.5369127516778524 0.7676767676767676
287 0.0061491000000000184 1 0 0.5436241610738255 0.7676767676767676
288 0.005094799999999955 0 0 0.5436241610738255 0.7676767676767676
289 0.004643399999999964 0 0 0.5436241610738255 0.7676767676767676
290 0.004048499999999899 1 1 0.5503355704697986 0.7710437710437711
291 0.004743699999999906 0 1 0.5503355704697986 0.7744107744107744
292 0.004644700000000057 0 0 0.5503355704697986 0.7744107744107744
293 0.005268599999999957 0 0 0.5503355704697986 0.7744107744107744
294 0.0041825000000002 0 0 0.5503355704697986 0.7744107744107744
295 0.004874299999999998 1 1 0.5570469798657718 0.7777777777777778
296 0.005220899999999862 0 0 0.5570469798657718 0.7777777777777778
297 0.004143500000000078 1 1 0.5637583892617449 0.7811447811447811
298 0.0045232000000001715 0 0 0.5637583892617449 0.7811447811447811
299 0.0047424000000000355 1 1 0.5704697986577181 0.7845117845117845
300 0.0048079999999999234 0 0 0.5704697986577181 0.7845117845117845
301 0.00397880000000006 0 0 0.5704697986577181 0.7845117845117845
302 0.006479899999999983 0 0 0.5704697986577181 0.7845117845117845
303 0.005167799999999945 0 0 0.5704697986577181 0.7845117845117845
304 0.007288399999999973 1 1 0.5771812080536913 0.7878787878787878
305 0.004265799999999986 1 1 0.5838926174496645 0.7912457912457912
306 0.004369400000000079 0 0 0.5838926174496645 0.7912457912457912
307 0.005723200000000039 0 0 0.5838926174496645 0.7912457912457912
308 0.005141199999999957 0 0 0.5838926174496645 0.7912457912457912
309 0.0047704000000001745 0 0 0.5838926174496645 0.7912457912457912
310 0.006829500000000044 0 0 0.5838926174496645 0.7912457912457912
311 0.004872199999999882 0 0 0.5838926174496645 0.7912457912457912
312 0.004750000000000032 1 1 0.5906040268456376 0.7946127946127947
313 0.0044496000000000535 0 0 0.5906040268456376 0.7946127946127947
314 0.0045463999999999505 0 0 0.5906040268456376 0.7946127946127947
315 0.004427299999999912 0 0 0.5906040268456376 0.7946127946127947
316 0.005051600000000045 1 1 0.5973154362416108 0.797979797979798
317 0.004619000000000151 0 0 0.5973154362416108 0.797979797979798
318 0.0046816999999999 0 0 0.5973154362416108 0.797979797979798
319 0.004801899999999915 0 0 0.5973154362416108 0.797979797979798
320 0.004436700000000071 0 0 0.5973154362416108 0.797979797979798
321 0.004225299999999876 0 0 0.5973154362416108 0.797979797979798
322 0.005087500000000134 0 0 0.5973154362416108 0.797979797979798
323 0.004938899999999968 0 0 0.5973154362416108 0.797979797979798
324 0.004936499999999899 1 0 0.6040268456375839 0.797979797979798
325 0.004285900000000176 1 0 0.610738255033557 0.797979797979798
326 0.005204599999999893 0 0 0.610738255033557 0.797979797979798
327 0.004961400000000005 0 0 0.610738255033557 0.797979797979798
328 0.0039983999999999575 0 1 0.610738255033557 0.8013468013468014
329 0.006349599999999844 1 1 0.6174496644295302 0.8047138047138047
330 0.004408399999999979 1 1 0.6241610738255033 0.8080808080808081
331 0.005130599999999985 1 1 0.6308724832214765 0.8114478114478114
332 0.005025999999999975 0 1 0.6308724832214765 0.8148148148148148
333 0.004468700000000103 1 0 0.6375838926174496 0.8148148148148148
334 0.005324099999999943 1 1 0.6442953020134228 0.8181818181818182
335 0.005232600000000032 0 1 0.6442953020134228 0.8215488215488216
336 0.0045783999999999825 0 0 0.6442953020134228 0.8215488215488216
337 0.004797799999999963 0 0 0.6442953020134228 0.8215488215488216
338 0.004110899999999917 0 0 0.6442953020134228 0.8215488215488216
339 0.005071600000000176 0 0 0.6442953020134228 0.8215488215488216
340 0.005778200000000178 0 0 0.6442953020134228 0.8215488215488216
341 0.007103400000000093 1 1 0.6510067114093959 0.8249158249158249
342 0.005446500000000132 0 0 0.6510067114093959 0.8249158249158249
343 0.004652699999999843 0 0 0.6510067114093959 0.8249158249158249
344 0.004708100000000215 0 0 0.6510067114093959 0.8249158249158249
345 0.004692899999999778 1 0 0.6577181208053692 0.8249158249158249
346 0.004599100000000078 0 1 0.6577181208053692 0.8282828282828283
347 0.004761999999999933 0 0 0.6577181208053692 0.8282828282828283
348 0.0048696000000001405 0 0 0.6577181208053692 0.8282828282828283
349 0.004548100000000055 0 0 0.6577181208053692 0.8282828282828283
350 0.004733300000000273 0 0 0.6577181208053692 0.8282828282828283
351 0.004697900000000033 0 0 0.6577181208053692 0.8282828282828283
352 0.006205000000000016 1 1 0.6644295302013423 0.8316498316498316
353 0.004327700000000156 0 0 0.6644295302013423 0.8316498316498316
354 0.00510799999999989 1 1 0.6711409395973155 0.835016835016835
355 0.004693099999999895 0 0 0.6711409395973155 0.835016835016835
356 0.004264999999999741 0 0 0.6711409395973155 0.835016835016835
357 0.005121200000000048 0 0 0.6711409395973155 0.835016835016835
358 0.004536100000000154 0 0 0.6711409395973155 0.835016835016835
359 0.005922299999999936 0 0 0.6711409395973155 0.835016835016835
360 0.006387600000000049 0 0 0.6711409395973155 0.835016835016835
361 0.006274099999999727 0 0 0.6711409395973155 0.835016835016835
362 0.004351799999999795 1 1 0.6778523489932886 0.8383838383838383
363 0.0047871999999999915 0 0 0.6778523489932886 0.8383838383838383
364 0.005252500000000104 0 0 0.6778523489932886 0.8383838383838383
365 0.004927100000000184 0 0 0.6778523489932886 0.8383838383838383
366 0.004678100000000018 0 0 0.6778523489932886 0.8383838383838383
367 0.0039893000000001955 0 0 0.6778523489932886 0.8383838383838383
368 0.0050568000000001945 1 0 0.6845637583892618 0.8383838383838383
369 0.0045824000000003196 1 0 0.6912751677852349 0.8383838383838383
370 0.005465699999999796 1 0 0.697986577181208 0.8383838383838383
371 0.004501399999999656 0 0 0.697986577181208 0.8383838383838383
372 0.005047299999999755 0 1 0.697986577181208 0.8417508417508418
373 0.005211599999999983 0 0 0.697986577181208 0.8417508417508418
374 0.004458999999999769 0 1 0.697986577181208 0.8451178451178452
375 0.004771600000000209 0 0 0.697986577181208 0.8451178451178452
376 0.0050343999999999944 1 1 0.7046979865771812 0.8484848484848485
377 0.005141199999999735 1 1 0.7114093959731543 0.8518518518518519
378 0.0048618999999998636 0 0 0.7114093959731543 0.8518518518518519
379 0.004982299999999995 0 0 0.7114093959731543 0.8518518518518519
380 0.004369399999999857 0 1 0.7114093959731543 0.8552188552188552
381 0.005121200000000048 0 0 0.7114093959731543 0.8552188552188552
382 0.004322999999999855 1 1 0.7181208053691275 0.8585858585858586
383 0.004272099999999668 1 1 0.7248322147651006 0.8619528619528619
384 0.004633399999999899 0 0 0.7248322147651006 0.8619528619528619
385 0.004948100000000011 1 1 0.7315436241610739 0.8653198653198653
386 0.0053523000000001986 0 0 0.7315436241610739 0.8653198653198653
387 0.004549100000000195 0 0 0.7315436241610739 0.8653198653198653
388 0.005016200000000026 0 0 0.7315436241610739 0.8653198653198653
389 0.005157300000000031 0 0 0.7315436241610739 0.8653198653198653
390 0.004906200000000194 0 0 0.7315436241610739 0.8653198653198653
391 0.004676900000000206 0 0 0.7315436241610739 0.8653198653198653
392 0.004738300000000084 0 0 0.7315436241610739 0.8653198653198653
393 0.004726900000000089 0 0 0.7315436241610739 0.8653198653198653
394 0.0051504000000002215 0 0 0.7315436241610739 0.8653198653198653
395 0.005021500000000234 1 0 0.738255033557047 0.8653198653198653
396 0.004548699999999961 1 1 0.7449664429530202 0.8686868686868687
397 0.0050048000000000314 0 0 0.7449664429530202 0.8686868686868687
398 0.004267299999999974 0 0 0.7449664429530202 0.8686868686868687
399 0.004183900000000129 1 0 0.7516778523489933 0.8686868686868687
400 0.0046386999999996625 0 1 0.7516778523489933 0.8720538720538721
401 0.005558900000000033 0 0 0.7516778523489933 0.8720538720538721
402 0.00477660000000002 0 0 0.7516778523489933 0.8720538720538721
403 0.004343099999999822 0 0 0.7516778523489933 0.8720538720538721
404 0.0048775999999999264 0 0 0.7516778523489933 0.8720538720538721
405 0.0065309999999998425 0 1 0.7516778523489933 0.8754208754208754
406 0.006602700000000183 0 0 0.7516778523489933 0.8754208754208754
407 0.00461620000000007 0 0 0.7516778523489933 0.8754208754208754
408 0.005204200000000103 1 0 0.7583892617449665 0.8754208754208754
409 0.006991699999999934 0 0 0.7583892617449665 0.8754208754208754
410 0.006201700000000088 0 1 0.7583892617449665 0.8787878787878788
411 0.005831099999999978 0 0 0.7583892617449665 0.8787878787878788
412 0.005017800000000072 0 0 0.7583892617449665 0.8787878787878788
413 0.004591000000000012 0 0 0.7583892617449665 0.8787878787878788
414 0.012687899999999974 1 1 0.7651006711409396 0.8821548821548821
415 0.005172200000000071 1 0 0.7718120805369127 0.8821548821548821
416 0.004896399999999801 0 0 0.7718120805369127 0.8821548821548821
417 0.006982100000000102 0 0 0.7718120805369127 0.8821548821548821
418 0.006431899999999935 0 0 0.7718120805369127 0.8821548821548821
419 0.0063933999999998825 1 1 0.7785234899328859 0.8855218855218855
420 0.005003399999999658 0 0 0.7785234899328859 0.8855218855218855
421 0.0045839999999999215 0 0 0.7785234899328859 0.8855218855218855
422 0.005554000000000059 0 0 0.7785234899328859 0.8855218855218855
423 0.005186999999999831 0 1 0.7785234899328859 0.8888888888888888
424 0.005047999999999941 0 0 0.7785234899328859 0.8888888888888888
425 0.004590800000000339 0 0 0.7785234899328859 0.8888888888888888
426 0.005100799999999683 0 0 0.7785234899328859 0.8888888888888888
427 0.00426089999999979 0 0 0.7785234899328859 0.8888888888888888
428 0.004797400000000174 1 1 0.785234899328859 0.8922558922558923
429 0.006099199999999971 0 0 0.785234899328859 0.8922558922558923
430 0.0075518000000003305 0 0 0.785234899328859 0.8922558922558923
431 0.004306000000000143 0 0 0.785234899328859 0.8922558922558923
432 0.004910600000000098 1 1 0.7919463087248322 0.8956228956228957
433 0.005445299999999875 1 0 0.7986577181208053 0.8956228956228957
434 0.005618999999999819 0 1 0.7986577181208053 0.898989898989899
435 0.0045048000000003086 0 0 0.7986577181208053 0.898989898989899
436 0.004472900000000113 1 1 0.8053691275167785 0.9023569023569024
437 0.005023800000000023 1 1 0.8120805369127517 0.9057239057239057
438 0.005049699999999824 1 1 0.8187919463087249 0.9090909090909091
439 0.005356999999999612 0 0 0.8187919463087249 0.9090909090909091
440 0.00589189999999995 0 0 0.8187919463087249 0.9090909090909091
441 0.0050738999999997425 1 1 0.825503355704698 0.9124579124579124
442 0.004414600000000046 1 1 0.8322147651006712 0.9158249158249159
443 0.0053834999999997635 0 0 0.8322147651006712 0.9158249158249159
444 0.004726199999999903 0 0 0.8322147651006712 0.9158249158249159
445 0.006418500000000105 0 0 0.8322147651006712 0.9158249158249159
446 0.006542099999999884 1 0 0.8389261744966443 0.9158249158249159
447 0.00513779999999997 0 0 0.8389261744966443 0.9158249158249159
448 0.00444980000000017 0 0 0.8389261744966443 0.9158249158249159
449 0.005535000000000068 0 0 0.8389261744966443 0.9158249158249159
450 0.004614199999999791 0 0 0.8389261744966443 0.9158249158249159
451 0.0048544000000001475 1 0 0.8456375838926175 0.9158249158249159
452 0.00463009999999997 1 1 0.8523489932885906 0.9191919191919192
453 0.004951099999999986 0 0 0.8523489932885906 0.9191919191919192
454 0.006183099999999886 1 1 0.8590604026845637 0.9225589225589226
455 0.00537830000000028 0 2 0.8590604026845637 0.9292929292929293
456 0.004642999999999731 0 0 0.8590604026845637 0.9292929292929293
457 0.004484099999999991 1 1 0.8657718120805369 0.9326599326599326
458 0.005166000000000004 0 0 0.8657718120805369 0.9326599326599326
459 0.005155699999999985 0 0 0.8657718120805369 0.9326599326599326
460 0.005498600000000131 1 1 0.87248322147651 0.936026936026936
461 0.004793999999999965 0 0 0.87248322147651 0.936026936026936
462 0.005652700000000177 0 0 0.87248322147651 0.936026936026936
463 0.0047322999999996895 0 0 0.87248322147651 0.936026936026936
464 0.005777400000000377 1 1 0.8791946308724832 0.9393939393939394
465 0.004849499999999729 1 1 0.8859060402684564 0.9427609427609428
466 0.005354800000000104 0 0 0.8859060402684564 0.9427609427609428
467 0.004606300000000285 0 0 0.8859060402684564 0.9427609427609428
468 0.005603199999999919 0 0 0.8859060402684564 0.9427609427609428
469 0.00584819999999997 1 1 0.8926174496644296 0.9461279461279462
470 0.005461700000000125 1 0 0.8993288590604027 0.9461279461279462
471 0.0047752000000000905 0 0 0.8993288590604027 0.9461279461279462
472 0.005112000000000005 0 1 0.8993288590604027 0.9494949494949495
473 0.004840999999999873 0 0 0.8993288590604027 0.9494949494949495
474 0.005263600000000146 1 0 0.9060402684563759 0.9494949494949495
475 0.006177800000000122 1 1 0.912751677852349 0.9528619528619529
476 0.0051611000000000296 0 0 0.912751677852349 0.9528619528619529
477 0.005560000000000009 0 0 0.912751677852349 0.9528619528619529
478 0.0049098999999999116 0 0 0.912751677852349 0.9528619528619529
479 0.007084700000000055 1 1 0.9194630872483222 0.9562289562289562
480 0.0067270000000001495 0 0 0.9194630872483222 0.9562289562289562
481 0.00471149999999998 0 0 0.9194630872483222 0.9562289562289562
482 0.006857999999999809 1 2 0.9261744966442953 0.9629629629629629
483 0.0052242999999996265 0 0 0.9261744966442953 0.9629629629629629
484 0.005304799999999776 1 1 0.9328859060402684 0.9663299663299664
485 0.004939400000000038 0 0 0.9328859060402684 0.9663299663299664
486 0.005988199999999999 0 0 0.9328859060402684 0.9663299663299664
487 0.004870700000000117 0 0 0.9328859060402684 0.9663299663299664
488 0.0063763000000003345 0 0 0.9328859060402684 0.9663299663299664
489 0.00476130000000019 1 1 0.9395973154362416 0.9696969696969697
490 0.0055562999999998475 0 0 0.9395973154362416 0.9696969696969697
491 0.005559400000000103 0 0 0.9395973154362416 0.9696969696969697
492 0.007257599999999975 0 0 0.9395973154362416 0.9696969696969697
493 0.006473699999999916 0 0 0.9395973154362416 0.9696969696969697
494 0.0055442999999999465 0 0 0.9395973154362416 0.9696969696969697
495 0.005223599999999884 1 1 0.9463087248322147 0.9730639730639731
496 0.0062619000000001535 0 0 0.9463087248322147 0.9730639730639731
497 0.005044600000000177 0 0 0.9463087248322147 0.9730639730639731
498 0.005097499999999755 0 0 0.9463087248322147 0.9730639730639731
499 0.004567300000000163 0 0 0.9463087248322147 0.9730639730639731
500 0.0057139000000003826 0 0 0.9463087248322147 0.9730639730639731
501 0.005279299999999765 1 1 0.9530201342281879 0.9764309764309764
502 0.005474099999999815 1 1 0.959731543624161 0.9797979797979798
503 0.004991599999999874 1 1 0.9664429530201343 0.9831649831649831
504 0.005698900000000062 0 0 0.9664429530201343 0.9831649831649831
505 0.004980100000000043 0 0 0.9664429530201343 0.9831649831649831
506 0.005564899999999984 0 0 0.9664429530201343 0.9831649831649831
507 0.00484119999999999 1 1 0.9731543624161074 0.9865319865319865
508 0.005757200000000129 0 0 0.9731543624161074 0.9865319865319865
509 0.0054877999999995986 0 0 0.9731543624161074 0.9865319865319865
510 0.005700399999999828 0 0 0.9731543624161074 0.9865319865319865
511 0.0052691000000000265 1 1 0.9798657718120806 0.98989898989899
512 0.005831299999999651 0 0 0.9798657718120806 0.98989898989899
513 0.004662100000000002 1 1 0.9865771812080537 0.9932659932659933
514 0.005661600000000266 0 0 0.9865771812080537 0.9932659932659933
515 0.005166899999999863 0 0 0.9865771812080537 0.9932659932659933
516 0.0064397999999998845 0 0 0.9865771812080537 0.9932659932659933
517 0.004844100000000129 0 0 0.9865771812080537 0.9932659932659933
518 0.005445200000000039 0 0 0.9865771812080537 0.9932659932659933
519 0.005071400000000281 0 0 0.9865771812080537 0.9932659932659933
520 0.005738099999999857 0 0 0.9865771812080537 0.9932659932659933
521 0.004838399999999687 0 0 0.9865771812080537 0.9932659932659933
522 0.004679599999999784 0 0 0.9865771812080537 0.9932659932659933
523 0.006854000000000138 0 0 0.9865771812080537 0.9932659932659933
524 0.007265799999999878 0 0 0.9865771812080537 0.9932659932659933
525 0.0046018000000001 0 0 0.9865771812080537 0.9932659932659933
526 0.005265200000000192 0 0 0.9865771812080537 0.9932659932659933
527 0.004795199999999777 1 0 0.9932885906040269 0.9932659932659933
528 0.006550799999999857 0 0 0.9932885906040269 0.9932659932659933
529 0.0053483000000000835 1 0 1.0 0.9932659932659933
530 0.00594899999999976 0 0 1.0 0.9932659932659933
531 0.0046175999999999995 0 0 1.0 0.9932659932659933
532 0.0054508000000002 0 1 1.0 0.9966329966329966
533 0.005285500000000276 0 0 1.0 0.9966329966329966
534 0.005615900000000007 0 0 1.0 0.9966329966329966
535 0.006916499999999992 0 0 1.0 0.9966329966329966
536 0.006998500000000352 0 0 1.0 0.9966329966329966
537 0.006381799999999771 0 0 1.0 0.9966329966329966
538 0.005268499999999676 0 0 1.0 0.9966329966329966
539 0.005236499999999644 0 0 1.0 0.9966329966329966
540 0.005052399999999846 0 0 1.0 0.9966329966329966
541 0.004806799999999889 0 1 1.0 1.0
