110 0.2 0.1
1 0.0021850999999999954 0 0 0.0 0.5023041474654378
2 0.002959199999999995 0 0 0.0 0.5023041474654378
3 0.0022293999999999925 1 0 0.009174311926605505 0.5023041474654378
4 0.0022223999999999855 0 0 0.009174311926605505 0.5023041474654378
5 0.0021787000000000056 0 0 0.009174311926605505 0.5023041474654378
6 0.0022370000000000168 0 0 0.009174311926605505 0.5023041474654378
7 0.0022267999999999732 0 0 0.009174311926605505 0.5023041474654378
8 0.0022452000000000027 1 0 0.01834862385321101 0.5023041474654378
9 0.0022139999999999938 0 0 0.01834862385321101 0.5023041474654378
10 0.0022645000000000026 0 0 0.01834862385321101 0.5023041474654378
11 0.0021585000000000076 0 0 0.01834862385321101 0.5023041474654378
12 0.00221650000000001 1 0 0.027522935779816515 0.5023041474654378
13 0.0023674000000000195 0 0 0.027522935779816515 0.5023041474654378
14 0.0023280999999999996 0 0 0.027522935779816515 0.5023041474654378
15 0.0022941999999999685 0 0 0.027522935779816515 0.5023041474654378
16 0.002262099999999989 0 0 0.027522935779816515 0.5023041474654378
17 0.0031319000000000208 1 0 0.03669724770642202 0.5023041474654378
18 0.003201699999999974 0 0 0.03669724770642202 0.5023041474654378
19 0.0022583999999999937 0 0 0.03669724770642202 0.5023041474654378
20 0.0023434999999999984 0 0 0.03669724770642202 0.5023041474654378
21 0.00226949999999998 0 0 0.03669724770642202 0.5023041474654378
22 0.002153800000000039 1 0 0.045871559633027525 0.5023041474654378
23 0.002321500000000032 0 0 0.045871559633027525 0.5023041474654378
24 0.0031047000000000158 0 1 0.045871559633027525 0.5069124423963134
25 0.0030847999999999987 0 1 0.045871559633027525 0.511520737327189
26 0.0030594999999999928 0 0 0.045871559633027525 0.511520737327189
27 0.00306500000000004 0 0 0.045871559633027525 0.511520737327189
28 0.0031531000000000198 0 0 0.045871559633027525 0.511520737327189
29 0.0031266999999999823 0 1 0.045871559633027525 0.5161290322580645
30 0.003206500000000001 0 0 0.045871559633027525 0.5161290322580645
31 0.0032170999999999728 0 0 0.045871559633027525 0.5161290322580645
32 0.0031978000000000284 0 0 0.045871559633027525 0.5161290322580645
33 0.0029640999999999695 0 0 0.045871559633027525 0.5161290322580645
34 0.0031210000000000404 0 0 0.045871559633027525 0.5161290322580645
35 0.0031059999999999977 0 0 0.045871559633027525 0.5161290322580645
36 0.0030782999999999783 0 0 0.045871559633027525 0.5161290322580645
37 0.0030725000000000335 0 0 0.045871559633027525 0.5161290322580645
38 0.0023473999999999995 0 0 0.045871559633027525 0.5161290322580645
39 0.002250099999999977 0 0 0.045871559633027525 0.5161290322580645
40 0.0027895000000000003 1 0 0.05504587155963303 0.5161290322580645
41 0.0033894999999999897 0 0 0.05504587155963303 0.5161290322580645
42 0.002251100000000006 0 0 0.05504587155963303 0.5161290322580645
43 0.002203400000000022 0 0 0.05504587155963303 0.5161290322580645
44 0.0022230000000000305 0 0 0.05504587155963303 0.5161290322580645
45 0.00249290000000002 1 0 0.06422018348623854 0.5161290322580645
46 0.0021416000000000213 1 1 0.07339449541284404 0.5207373271889401
47 0.002231900000000009 0 0 0.07339449541284404 0.5207373271889401
48 0.0021940000000000293 0 0 0.07339449541284404 0.5207373271889401
49 0.00234829999999997 0 0 0.07339449541284404 0.5207373271889401
50 0.0021896000000000138 0 0 0.07339449541284404 0.5207373271889401
51 0.0023855999999999877 0 0 0.07339449541284404 0.5207373271889401
52 0.0022387999999999852 0 0 0.07339449541284404 0.5207373271889401
53 0.003213799999999989 0 0 0.07339449541284404 0.5207373271889401
54 0.0029570999999999903 0 0 0.07339449541284404 0.5207373271889401
55 0.0032152999999999765 1 0 0.08256880733944955 0.5207373271889401
56 0.0030450999999999673 0 0 0.08256880733944955 0.5207373271889401
57 0.0032375999999999516 0 0 0.08256880733944955 0.5207373271889401
58 0.003088200000000041 0 0 0.08256880733944955 0.5207373271889401
59 0.0022061999999999915 0 0 0.08256880733944955 0.5207373271889401
60 0.0023080000000000322 0 0 0.08256880733944955 0.5207373271889401
61 0.0022831999999999852 0 0 0.08256880733944955 0.5207373271889401
62 0.002359399999999956 1 1 0.09174311926605505 0.5253456221198156
63 0.0031362000000000334 0 0 0.09174311926605505 0.5253456221198156
64 0.0029051999999999967 1 0 0.10091743119266056 0.5253456221198156
65 0.0030576999999999965 0 0 0.10091743119266056 0.5253456221198156
66 0.0032804000000000166 0 0 0.10091743119266056 0.5253456221198156
67 0.0031100000000000017 0 0 0.10091743119266056 0.5253456221198156
68 0.0031179000000000068 0 1 0.10091743119266056 0.5299539170506913
69 0.0031853999999999494 0 0 0.10091743119266056 0.5299539170506913
70 0.0032695999999999836 0 0 0.10091743119266056 0.5299539170506913
71 0.0032835999999999976 0 0 0.10091743119266056 0.5299539170506913
72 0.00232969999999999 0 0 0.10091743119266056 0.5299539170506913
73 0.0024987999999999677 1 0 0.11009174311926606 0.5299539170506913
74 0.0026611999999999747 1 0 0.11926605504587157 0.5299539170506913
75 0.0024523000000000184 0 0 0.11926605504587157 0.5299539170506913
76 0.002382300000000004 1 0 0.12844036697247707 0.5299539170506913
77 0.0023938000000000015 1 0 0.13761467889908258 0.5299539170506913
78 0.0023188000000000097 1 0 0.14678899082568808 0.5299539170506913
79 0.0022768999999999706 0 0 0.14678899082568808 0.5299539170506913
80 0.002180300000000024 0 0 0.14678899082568808 0.5299539170506913
81 0.002330999999999972 1 0 0.1559633027522936 0.5299539170506913
82 0.0023717999999999795 0 0 0.1559633027522936 0.5299539170506913
83 0.0023851999999999762 0 0 0.1559633027522936 0.5299539170506913
84 0.00247219999999998 0 0 0.1559633027522936 0.5299539170506913
85 0.0023715999999999737 1 1 0.1651376146788991 0.5345622119815668
86 0.002344500000000027 0 1 0.1651376146788991 0.5391705069124424
87 0.0023786000000000085 0 1 0.1651376146788991 0.543778801843318
88 0.0034649000000000485 0 0 0.1651376146788991 0.543778801843318
89 0.0023374999999999924 0 0 0.1651376146788991 0.543778801843318
90 0.0024163999999999852 0 0 0.1651376146788991 0.543778801843318
91 0.002305400000000013 1 0 0.1743119266055046 0.543778801843318
92 0.00217630000000002 0 0 0.1743119266055046 0.543778801843318
93 0.0026741000000000126 0 1 0.1743119266055046 0.5483870967741935
94 0.0024514000000001035 0 0 0.1743119266055046 0.5483870967741935
95 0.002448299999999959 0 0 0.1743119266055046 0.5483870967741935
96 0.0026057999999999915 0 0 0.1743119266055046 0.5483870967741935
97 0.0022615999999999747 0 0 0.1743119266055046 0.5483870967741935
98 0.002438700000000016 0 0 0.1743119266055046 0.5483870967741935
99 0.0023602000000000345 0 0 0.1743119266055046 0.5483870967741935
100 0.00284810000000002 0 0 0.1743119266055046 0.5483870967741935
101 0.0023636999999999686 1 0 0.1834862385321101 0.5483870967741935
102 0.0022629000000000676 0 0 0.1834862385321101 0.5483870967741935
103 0.0022827999999999182 0 0 0.1834862385321101 0.5483870967741935
104 0.0023119999999999807 0 0 0.1834862385321101 0.5483870967741935
105 0.0022799000000000014 0 0 0.1834862385321101 0.5483870967741935
106 0.0023585999999999885 0 0 0.1834862385321101 0.5483870967741935
107 0.0023250000000000215 0 0 0.1834862385321101 0.5483870967741935
108 0.002485900000000041 0 0 0.1834862385321101 0.5483870967741935
109 0.002368099999999984 0 0 0.1834862385321101 0.5483870967741935
110 0.0023068000000000533 0 0 0.1834862385321101 0.5483870967741935
111 0.0024895999999999807 0 0 0.1834862385321101 0.5483870967741935
112 0.0024572999999999956 0 0 0.1834862385321101 0.5483870967741935
113 0.002791500000000058 0 0 0.1834862385321101 0.5483870967741935
114 0.0023661000000000376 1 0 0.1926605504587156 0.5483870967741935
115 0.0022887999999999797 0 0 0.1926605504587156 0.5483870967741935
116 0.0023967999999999767 0 0 0.1926605504587156 0.5483870967741935
117 0.002252099999999979 0 0 0.1926605504587156 0.5483870967741935
118 0.0023849999999999705 0 0 0.1926605504587156 0.5483870967741935
119 0.002656299999999945 1 1 0.2018348623853211 0.5529953917050692
120 0.0022087000000000634 0 0 0.2018348623853211 0.5529953917050692
121 0.0024636999999999576 0 0 0.2018348623853211 0.5529953917050692
122 0.0024646999999999863 0 0 0.2018348623853211 0.5529953917050692
123 0.0023496000000000627 1 0 0.21100917431192662 0.5529953917050692
124 0.0023259999999999392 0 0 0.21100917431192662 0.5529953917050692
125 0.0023596000000000172 0 0 0.21100917431192662 0.5529953917050692
126 0.004178899999999985 1 0 0.22018348623853212 0.5529953917050692
127 0.002540100000000045 0 0 0.22018348623853212 0.5529953917050692
128 0.002399800000000063 0 0 0.22018348623853212 0.5529953917050692
129 0.0024677000000000726 0 1 0.22018348623853212 0.5576036866359447
130 0.002451000000000092 0 0 0.22018348623853212 0.5576036866359447
131 0.0023919000000000024 0 0 0.22018348623853212 0.5576036866359447
132 0.002508300000000019 0 0 0.22018348623853212 0.5576036866359447
133 0.0023277000000000436 0 0 0.22018348623853212 0.5576036866359447
134 0.0025159000000000153 1 0 0.22935779816513763 0.5576036866359447
135 0.0034039999999999626 0 0 0.22935779816513763 0.5576036866359447
136 0.003379299999999974 0 0 0.22935779816513763 0.5576036866359447
137 0.0023679999999999257 0 0 0.22935779816513763 0.5576036866359447
138 0.0023661000000000376 0 0 0.22935779816513763 0.5576036866359447
139 0.0025330000000000075 0 0 0.22935779816513763 0.5576036866359447
140 0.0024679000000000784 1 0 0.23853211009174313 0.5576036866359447
141 0.002309900000000087 0 0 0.23853211009174313 0.5576036866359447
142 0.002460899999999988 1 2 0.24770642201834864 0.5668202764976958
143 0.002486500000000058 0 0 0.24770642201834864 0.5668202764976958
144 0.003284900000000035 0 0 0.24770642201834864 0.5668202764976958
145 0.0024438999999999433 0 0 0.24770642201834864 0.5668202764976958
146 0.0025260000000000282 1 0 0.25688073394495414 0.5668202764976958
147 0.002299300000000004 0 0 0.25688073394495414 0.5668202764976958
148 0.002506499999999967 1 1 0.26605504587155965 0.5714285714285714
149 0.002460300000000082 0 0 0.26605504587155965 0.5714285714285714
150 0.0024692000000000602 0 0 0.26605504587155965 0.5714285714285714
151 0.0025454999999999783 0 0 0.26605504587155965 0.5714285714285714
152 0.002438700000000016 0 0 0.26605504587155965 0.5714285714285714
153 0.0024060999999999666 1 1 0.27522935779816515 0.576036866359447
154 0.0022709000000000756 0 0 0.27522935779816515 0.576036866359447
155 0.00254539999999992 0 0 0.27522935779816515 0.576036866359447
156 0.0025281999999999805 0 0 0.27522935779816515 0.576036866359447
157 0.002488299999999999 0 0 0.27522935779816515 0.576036866359447
158 0.0024166999999999383 0 0 0.27522935779816515 0.576036866359447
159 0.002399299999999993 0 0 0.27522935779816515 0.576036866359447
160 0.0024949000000000776 0 0 0.27522935779816515 0.576036866359447
161 0.0025692000000000492 0 0 0.27522935779816515 0.576036866359447
162 0.0022676999999999836 0 0 0.27522935779816515 0.576036866359447
163 0.0023824000000000067 1 0 0.28440366972477066 0.576036866359447
164 0.002533899999999978 1 2 0.29357798165137616 0.5852534562211982
165 0.0025668999999999276 0 1 0.29357798165137616 0.5898617511520737
166 0.002557400000000043 1 0 0.30275229357798167 0.5898617511520737
167 0.002659500000000037 1 1 0.3119266055045872 0.5944700460829493
168 0.0028207000000000093 0 0 0.3119266055045872 0.5944700460829493
169 0.0024622999999999173 0 0 0.3119266055045872 0.5944700460829493
170 0.0024055000000000604 0 0 0.3119266055045872 0.5944700460829493
171 0.002359 0 1 0.3119266055045872 0.5990783410138248
172 0.002480900000000008 0 0 0.3119266055045872 0.5990783410138248
173 0.0024332999999999716 1 0 0.3211009174311927 0.5990783410138248
174 0.0024399999999999977 0 0 0.3211009174311927 0.5990783410138248
175 0.002287499999999998 0 0 0.3211009174311927 0.5990783410138248
176 0.0035334999999999672 0 1 0.3211009174311927 0.6036866359447005
177 0.003381700000000043 0 0 0.3211009174311927 0.6036866359447005
178 0.0033927000000000263 0 0 0.3211009174311927 0.6036866359447005
179 0.0033794000000000324 0 1 0.3211009174311927 0.6082949308755761
180 0.002539500000000028 0 1 0.3211009174311927 0.6129032258064516
181 0.0026637000000000466 1 2 0.3302752293577982 0.6221198156682027
182 0.002954000000000012 1 0 0.3394495412844037 0.6221198156682027
183 0.0049192000000000125 0 0 0.3394495412844037 0.6221198156682027
184 0.0030349000000000625 0 0 0.3394495412844037 0.6221198156682027
185 0.0026853000000000016 0 0 0.3394495412844037 0.6221198156682027
186 0.002641899999999975 0 0 0.3394495412844037 0.6221198156682027
187 0.002725399999999989 0 0 0.3394495412844037 0.6221198156682027
188 0.0027326999999999213 1 0 0.3486238532110092 0.6221198156682027
189 0.002548300000000059 1 0 0.3577981651376147 0.6221198156682027
190 0.002623299999999995 0 0 0.3577981651376147 0.6221198156682027
191 0.002597399999999972 0 0 0.3577981651376147 0.6221198156682027
192 0.0025924000000000502 0 0 0.3577981651376147 0.6221198156682027
193 0.0026129999999999765 1 2 0.3669724770642202 0.631336405529954
194 0.0023891999999999802 1 0 0.3761467889908257 0.631336405529954
195 0.0025385999999999465 0 1 0.3761467889908257 0.6359447004608295
196 0.002677399999999941 0 1 0.3761467889908257 0.6405529953917051
197 0.0026439000000000323 0 1 0.3761467889908257 0.6451612903225806
198 0.0025528000000000217 0 0 0.3761467889908257 0.6451612903225806
199 0.0027380999999999656 0 0 0.3761467889908257 0.6451612903225806
200 0.0032500999999999225 1 1 0.3853211009174312 0.6497695852534562
201 0.0026351000000000013 0 0 0.3853211009174312 0.6497695852534562
202 0.0025393999999999695 1 0 0.3944954128440367 0.6497695852534562
203 0.0027209999999999734 0 0 0.3944954128440367 0.6497695852534562
204 0.002649700000000088 0 0 0.3944954128440367 0.6497695852534562
205 0.0025886999999999993 1 0 0.4036697247706422 0.6497695852534562
206 0.002492099999999997 0 0 0.4036697247706422 0.6497695852534562
207 0.002519500000000008 0 0 0.4036697247706422 0.6497695852534562
208 0.0024359999999999937 0 0 0.4036697247706422 0.6497695852534562
209 0.002631300000000003 0 2 0.4036697247706422 0.6589861751152074
210 0.002452600000000027 0 0 0.4036697247706422 0.6589861751152074
211 0.002544400000000002 0 1 0.4036697247706422 0.663594470046083
212 0.0025055999999999967 0 0 0.4036697247706422 0.663594470046083
213 0.002549899999999994 0 0 0.4036697247706422 0.663594470046083
214 0.002760600000000002 0 0 0.4036697247706422 0.663594470046083
215 0.002664100000000058 0 0 0.4036697247706422 0.663594470046083
216 0.0026287999999999867 0 0 0.4036697247706422 0.663594470046083
217 0.0024928000000000727 0 0 0.4036697247706422 0.663594470046083
218 0.002648900000000065 0 0 0.4036697247706422 0.663594470046083
219 0.002729900000000063 0 0 0.4036697247706422 0.663594470046083
220 0.002461700000000011 1 0 0.41284403669724773 0.663594470046083
221 0.0023916000000000492 0 0 0.41284403669724773 0.663594470046083
222 0.002600900000000017 0 1 0.41284403669724773 0.6682027649769585
223 0.002916400000000041 0 0 0.41284403669724773 0.6682027649769585
224 0.002924900000000008 1 1 0.42201834862385323 0.6728110599078341
225 0.00267980000000001 0 1 0.42201834862385323 0.6774193548387096
226 0.002762800000000065 0 0 0.42201834862385323 0.6774193548387096
227 0.002784299999999962 1 0 0.43119266055045874 0.6774193548387096
228 0.0027486999999999373 0 0 0.43119266055045874 0.6774193548387096
229 0.0025701000000000196 0 0 0.43119266055045874 0.6774193548387096
230 0.0028591000000000033 0 0 0.43119266055045874 0.6774193548387096
231 0.002568600000000032 0 0 0.43119266055045874 0.6774193548387096
232 0.0024756000000000222 0 0 0.43119266055045874 0.6774193548387096
233 0.002503499999999992 1 0 0.44036697247706424 0.6774193548387096
234 0.0024479000000000584 0 0 0.44036697247706424 0.6774193548387096
235 0.0025927999999999507 1 0 0.44954128440366975 0.6774193548387096
236 0.0026078999999999963 0 0 0.44954128440366975 0.6774193548387096
237 0.0027620999999999896 0 0 0.44954128440366975 0.6774193548387096
238 0.0026561999999999975 0 0 0.44954128440366975 0.6774193548387096
239 0.0026370000000000005 1 0 0.45871559633027525 0.6774193548387096
240 0.0026000000000000467 1 0 0.46788990825688076 0.6774193548387096
241 0.002824399999999949 0 0 0.46788990825688076 0.6774193548387096
242 0.002724299999999902 0 0 0.46788990825688076 0.6774193548387096
243 0.0026240000000000707 0 0 0.46788990825688076 0.6774193548387096
244 0.002579500000000068 1 0 0.47706422018348627 0.6774193548387096
245 0.002527000000000057 0 0 0.47706422018348627 0.6774193548387096
246 0.002585999999999977 0 0 0.47706422018348627 0.6774193548387096
247 0.0025600000000000067 0 0 0.47706422018348627 0.6774193548387096
248 0.0026484999999999426 0 1 0.47706422018348627 0.6820276497695853
249 0.0025570000000000315 0 1 0.47706422018348627 0.6866359447004609
250 0.002731299999999992 0 0 0.47706422018348627 0.6866359447004609
251 0.0026564999999999506 0 1 0.47706422018348627 0.6912442396313364
252 0.002802199999999977 0 0 0.47706422018348627 0.6912442396313364
253 0.0027359999999999607 0 0 0.47706422018348627 0.6912442396313364
254 0.002756300000000045 0 0 0.47706422018348627 0.6912442396313364
255 0.002594499999999944 0 0 0.47706422018348627 0.6912442396313364
256 0.0029398999999999953 0 0 0.47706422018348627 0.6912442396313364
257 0.0026688000000000267 0 1 0.47706422018348627 0.695852534562212
258 0.003740399999999977 1 1 0.48623853211009177 0.7004608294930875
259 0.002772400000000008 0 1 0.48623853211009177 0.7050691244239631
260 0.002801700000000018 0 0 0.48623853211009177 0.7050691244239631
261 0.002617199999999986 0 0 0.48623853211009177 0.7050691244239631
262 0.002730499999999969 0 0 0.48623853211009177 0.7050691244239631
263 0.0026781000000000166 0 0 0.48623853211009177 0.7050691244239631
264 0.0025433999999999735 0 1 0.48623853211009177 0.7096774193548387
265 0.002717100000000028 0 1 0.48623853211009177 0.7142857142857143
266 0.0026372000000001172 1 0 0.4954128440366973 0.7142857142857143
267 0.0028326999999999103 1 0 0.5045871559633027 0.7142857142857143
268 0.0026336000000000137 0 0 0.5045871559633027 0.7142857142857143
269 0.0028295000000000403 1 0 0.5137614678899083 0.7142857142857143
270 0.002552600000000016 0 1 0.5137614678899083 0.7188940092165899
271 0.0027513999999999594 0 0 0.5137614678899083 0.7188940092165899
272 0.0026808000000000387 0 0 0.5137614678899083 0.7188940092165899
273 0.0028816000000000397 0 0 0.5137614678899083 0.7188940092165899
274 0.0028494999999999493 0 0 0.5137614678899083 0.7188940092165899
275 0.0027264000000000177 0 0 0.5137614678899083 0.7188940092165899
276 0.0026825999999999794 0 1 0.5137614678899083 0.7235023041474654
277 0.0030225999999999864 0 0 0.5137614678899083 0.7235023041474654
278 0.0026600000000001067 1 0 0.5229357798165137 0.7235023041474654
279 0.002726699999999971 0 0 0.5229357798165137 0.7235023041474654
280 0.002597900000000042 0 0 0.5229357798165137 0.7235023041474654
281 0.002769999999999939 0 1 0.5229357798165137 0.728110599078341
282 0.002685899999999908 0 0 0.5229357798165137 0.728110599078341
283 0.002765399999999918 0 0 0.5229357798165137 0.728110599078341
284 0.003096900000000069 1 1 0.5321100917431193 0.7327188940092166
285 0.0026880000000000237 0 1 0.5321100917431193 0.7373271889400922
286 0.002665200000000034 0 0 0.5321100917431193 0.7373271889400922
287 0.0027977999999999614 0 0 0.5321100917431193 0.7373271889400922
288 0.002675599999999889 1 0 0.5412844036697247 0.7373271889400922
289 0.0027836999999999446 0 1 0.5412844036697247 0.7419354838709677
290 0.0026688000000001377 0 0 0.5412844036697247 0.7419354838709677
291 0.0027941000000000216 0 0 0.5412844036697247 0.7419354838709677
292 0.0029280000000000417 0 0 0.5412844036697247 0.7419354838709677
293 0.002800299999999867 0 0 0.5412844036697247 0.7419354838709677
294 0.0029159999999999187 1 1 0.5504587155963303 0.7465437788018433
295 0.002912599999999932 0 1 0.5504587155963303 0.7511520737327189
296 0.002711499999999978 0 0 0.5504587155963303 0.7511520737327189
297 0.0028042000000001455 0 0 0.5504587155963303 0.7511520737327189
298 0.0029978000000001614 1 1 0.5596330275229358 0.7557603686635944
299 0.0026828000000000962 0 0 0.5596330275229358 0.7557603686635944
300 0.003955200000000048 0 0 0.5596330275229358 0.7557603686635944
301 0.0037479999999998626 0 0 0.5596330275229358 0.7557603686635944
302 0.0037788999999999184 0 0 0.5596330275229358 0.7557603686635944
303 0.003880600000000012 0 0 0.5596330275229358 0.7557603686635944
304 0.0037305999999999173 0 0 0.5596330275229358 0.7557603686635944
305 0.003884600000000127 0 0 0.5596330275229358 0.7557603686635944
306 0.00384439999999997 0 0 0.5596330275229358 0.7557603686635944
307 0.002738499999999977 1 0 0.5688073394495413 0.7557603686635944
308 0.002666700000000022 0 0 0.5688073394495413 0.7557603686635944
309 0.0031209999999999294 0 0 0.5688073394495413 0.7557603686635944
310 0.002877699999999983 0 0 0.5688073394495413 0.7557603686635944
311 0.002654200000000051 1 0 0.5779816513761468 0.7557603686635944
312 0.0029770000000000074 0 0 0.5779816513761468 0.7557603686635944
313 0.0028538000000000174 0 1 0.5779816513761468 0.7603686635944701
314 0.0028241999999998324 0 0 0.5779816513761468 0.7603686635944701
315 0.0029152000000001177 1 1 0.5871559633027523 0.7649769585253456
316 0.002678200000000075 0 0 0.5871559633027523 0.7649769585253456
317 0.0030524999999999025 1 0 0.5963302752293578 0.7649769585253456
318 0.002953699999999948 0 0 0.5963302752293578 0.7649769585253456
319 0.002882200000000168 0 0 0.5963302752293578 0.7649769585253456
320 0.002752599999999994 1 0 0.6055045871559633 0.7649769585253456
321 0.002943799999999941 0 1 0.6055045871559633 0.7695852534562212
322 0.0027644 0 0 0.6055045871559633 0.7695852534562212
323 0.0026934999999999043 0 0 0.6055045871559633 0.7695852534562212
324 0.002658500000000119 1 0 0.6146788990825688 0.7695852534562212
325 0.0030318999999998653 1 0 0.6238532110091743 0.7695852534562212
326 0.002829900000000052 0 0 0.6238532110091743 0.7695852534562212
327 0.002880899999999853 1 0 0.6330275229357798 0.7695852534562212
328 0.0029647000000001533 0 0 0.6330275229357798 0.7695852534562212
329 0.002886799999999967 0 0 0.6330275229357798 0.7695852534562212
330 0.0027847000000000843 0 0 0.6330275229357798 0.7695852534562212
331 0.0027295000000000513 0 0 0.6330275229357798 0.7695852534562212
332 0.002764100000000047 0 0 0.6330275229357798 0.7695852534562212
333 0.0026706000000000785 0 1 0.6330275229357798 0.7741935483870968
334 0.0028238999999998793 0 0 0.6330275229357798 0.7741935483870968
335 0.002670799999999973 0 0 0.6330275229357798 0.7741935483870968
336 0.0027352000000000487 0 1 0.6330275229357798 0.7788018433179723
337 0.0030128000000000377 1 0 0.6422018348623854 0.7788018433179723
338 0.002977199999999902 0 0 0.6422018348623854 0.7788018433179723
339 0.002929999999999877 0 0 0.6422018348623854 0.7788018433179723
340 0.0026380999999999766 0 0 0.6422018348623854 0.7788018433179723
341 0.002760300000000049 0 0 0.6422018348623854 0.7788018433179723
342 0.0037114999999998677 0 0 0.6422018348623854 0.7788018433179723
343 0.0029044999999998655 0 0 0.6422018348623854 0.7788018433179723
344 0.0030208000000000457 0 1 0.6422018348623854 0.783410138248848
345 0.0028057999999999694 1 0 0.6513761467889908 0.783410138248848
346 0.002941199999999977 0 0 0.6513761467889908 0.783410138248848
347 0.0027471000000001133 0 0 0.6513761467889908 0.783410138248848
348 0.0029816000000000287 0 0 0.6513761467889908 0.783410138248848
349 0.002894799999999975 0 0 0.6513761467889908 0.783410138248848
350 0.0027341000000000726 0 0 0.6513761467889908 0.783410138248848
351 0.002857899999999969 0 1 0.6513761467889908 0.7880184331797235
352 0.002744600000000208 0 0 0.6513761467889908 0.7880184331797235
353 0.0030342999999999343 0 0 0.6513761467889908 0.7880184331797235
354 0.002859799999999968 1 0 0.6605504587155964 0.7880184331797235
355 0.002823599999999926 1 0 0.6697247706422018 0.7880184331797235
356 0.002813699999999919 0 0 0.6697247706422018 0.7880184331797235
357 0.002719300000000091 0 0 0.6697247706422018 0.7880184331797235
358 0.002878799999999959 0 0 0.6697247706422018 0.7880184331797235
359 0.0027847000000000843 0 0 0.6697247706422018 0.7880184331797235
360 0.002828600000000181 0 0 0.6697247706422018 0.7880184331797235
361 0.0027638999999999303 0 0 0.6697247706422018 0.7880184331797235
362 0.002768300000000057 0 0 0.6697247706422018 0.7880184331797235
363 0.0027502999999999833 0 0 0.6697247706422018 0.7880184331797235
364 0.002950799999999809 0 1 0.6697247706422018 0.7926267281105991
365 0.002677199999999935 0 0 0.6697247706422018 0.7926267281105991
366 0.0030250000000000554 0 0 0.6697247706422018 0.7926267281105991
367 0.00292059999999994 0 0 0.6697247706422018 0.7926267281105991
368 0.003954599999999919 0 0 0.6697247706422018 0.7926267281105991
369 0.004079400000000177 1 0 0.6788990825688074 0.7926267281105991
370 0.003903100000000048 0 0 0.6788990825688074 0.7926267281105991
371 0.00397549999999991 0 0 0.6788990825688074 0.7926267281105991
372 0.002849899999999961 0 0 0.6788990825688074 0.7926267281105991
373 0.0028772999999999715 0 0 0.6788990825688074 0.7926267281105991
374 0.0030008000000001367 0 0 0.6788990825688074 0.7926267281105991
375 0.003011000000000097 0 0 0.6788990825688074 0.7926267281105991
376 0.002771599999999985 0 0 0.6788990825688074 0.7926267281105991
377 0.0026895999999998477 0 0 0.6788990825688074 0.7926267281105991
378 0.002930000000000099 1 1 0.6880733944954128 0.7972350230414746
379 0.0027646999999999533 0 0 0.6880733944954128 0.7972350230414746
380 0.0032833999999999364 0 1 0.6880733944954128 0.8018433179723502
381 0.003030500000000158 0 0 0.6880733944954128 0.8018433179723502
382 0.002986799999999956 1 0 0.6972477064220184 0.8018433179723502
383 0.0028359000000000023 0 0 0.6972477064220184 0.8018433179723502
384 0.0028174999999999173 1 0 0.7064220183486238 0.8018433179723502
385 0.002916099999999977 0 0 0.7064220183486238 0.8018433179723502
386 0.0029976000000000447 0 1 0.7064220183486238 0.8064516129032258
387 0.002909199999999945 0 0 0.7064220183486238 0.8064516129032258
388 0.002911000000000108 0 1 0.7064220183486238 0.8110599078341014
389 0.0030798999999999133 0 0 0.7064220183486238 0.8110599078341014
390 0.003037199999999851 0 0 0.7064220183486238 0.8110599078341014
391 0.0030600000000000627 0 0 0.7064220183486238 0.8110599078341014
392 0.0030607000000000273 0 0 0.7064220183486238 0.8110599078341014
393 0.002888599999999908 0 0 0.7064220183486238 0.8110599078341014
394 0.002795000000000103 0 0 0.7064220183486238 0.8110599078341014
395 0.002932099999999993 0 0 0.7064220183486238 0.8110599078341014
396 0.0029405000000000125 0 0 0.7064220183486238 0.8110599078341014
397 0.002922800000000114 0 0 0.7064220183486238 0.8110599078341014
398 0.0030977999999999284 0 2 0.7064220183486238 0.8202764976958525
399 0.0028190999999999633 0 0 0.7064220183486238 0.8202764976958525
400 0.0028778000000000414 1 1 0.7155963302752294 0.8248847926267281
401 0.002911300000000061 0 0 0.7155963302752294 0.8248847926267281
402 0.0030582999999999583 0 0 0.7155963302752294 0.8248847926267281
403 0.0030804999999998195 1 0 0.7247706422018348 0.8248847926267281
404 0.00289880000000009 0 1 0.7247706422018348 0.8294930875576036
405 0.0029181000000000346 0 0 0.7247706422018348 0.8294930875576036
406 0.0030882999999999328 0 0 0.7247706422018348 0.8294930875576036
407 0.0030501000000000555 1 0 0.7339449541284404 0.8294930875576036
408 0.0029031999999999947 0 2 0.7339449541284404 0.8387096774193549
409 0.002892899999999976 0 0 0.7339449541284404 0.8387096774193549
410 0.0027769999999998074 1 0 0.7431192660550459 0.8387096774193549
411 0.0029285000000001116 0 0 0.7431192660550459 0.8387096774193549
412 0.003048099999999998 0 0 0.7431192660550459 0.8387096774193549
413 0.002964599999999873 0 0 0.7431192660550459 0.8387096774193549
414 0.0028932999999999875 1 0 0.7522935779816514 0.8387096774193549
415 0.0031219000000000108 0 0 0.7522935779816514 0.8387096774193549
416 0.0027718999999999383 0 0 0.7522935779816514 0.8387096774193549
417 0.0032471999999998946 0 0 0.7522935779816514 0.8387096774193549
418 0.00283319999999998 0 0 0.7522935779816514 0.8387096774193549
419 0.003032099999999982 1 1 0.7614678899082569 0.8433179723502304
420 0.0029917000000001526 1 1 0.7706422018348624 0.847926267281106
421 0.0028614999999998503 0 1 0.7706422018348624 0.8525345622119815
422 0.002912599999999932 0 0 0.7706422018348624 0.8525345622119815
423 0.002901700000000007 0 0 0.7706422018348624 0.8525345622119815
424 0.0030367000000000033 0 0 0.7706422018348624 0.8525345622119815
425 0.0028692999999999635 0 1 0.7706422018348624 0.8571428571428571
426 0.003249999999999975 0 0 0.7706422018348624 0.8571428571428571
427 0.002855599999999958 0 0 0.7706422018348624 0.8571428571428571
428 0.0029584000000000277 0 0 0.7706422018348624 0.8571428571428571
429 0.0031023999999999496 0 0 0.7706422018348624 0.8571428571428571
430 0.0033260999999999985 0 0 0.7706422018348624 0.8571428571428571
431 0.0031151000000000373 0 1 0.7706422018348624 0.8617511520737328
432 0.002945399999999987 0 0 0.7706422018348624 0.8617511520737328
433 0.0028852999999999795 1 0 0.7798165137614679 0.8617511520737328
434 0.0029030999999999363 0 0 0.7798165137614679 0.8617511520737328
435 0.00298939999999992 0 0 0.7798165137614679 0.8617511520737328
436 0.0028119000000002004 0 0 0.7798165137614679 0.8617511520737328
437 0.0029517000000001126 0 0 0.7798165137614679 0.8617511520737328
438 0.0029164999999999885 0 0 0.7798165137614679 0.8617511520737328
439 0.003076300000000032 0 0 0.7798165137614679 0.8617511520737328
440 0.0028535999999999007 0 0 0.7798165137614679 0.8617511520737328
441 0.0029729999999998924 0 0 0.7798165137614679 0.8617511520737328
442 0.003008099999999958 0 0 0.7798165137614679 0.8617511520737328
443 0.0033631000000000633 0 1 0.7798165137614679 0.8663594470046083
444 0.0031584000000000056 0 0 0.7798165137614679 0.8663594470046083
445 0.002950999999999926 1 0 0.7889908256880734 0.8663594470046083
446 0.0031689999999999774 0 0 0.7889908256880734 0.8663594470046083
447 0.0031369999999999454 0 2 0.7889908256880734 0.8755760368663594
448 0.002930199999999994 0 0 0.7889908256880734 0.8755760368663594
449 0.0029330999999999108 0 0 0.7889908256880734 0.8755760368663594
450 0.0030514999999999848 0 0 0.7889908256880734 0.8755760368663594
451 0.0032938999999998497 0 0 0.7889908256880734 0.8755760368663594
452 0.002944900000000139 1 0 0.7981651376146789 0.8755760368663594
453 0.003357399999999844 0 0 0.7981651376146789 0.8755760368663594
454 0.002998800000000079 0 0 0.7981651376146789 0.8755760368663594
455 0.002925900000000148 1 0 0.8073394495412844 0.8755760368663594
456 0.003257400000000077 0 1 0.8073394495412844 0.880184331797235
457 0.0028679999999998707 0 0 0.8073394495412844 0.880184331797235
458 0.003072399999999975 0 0 0.8073394495412844 0.880184331797235
459 0.003111599999999992 0 0 0.8073394495412844 0.880184331797235
460 0.002908899999999992 0 0 0.8073394495412844 0.880184331797235
461 0.002919799999999917 0 0 0.8073394495412844 0.880184331797235
462 0.002955299999999994 0 0 0.8073394495412844 0.880184331797235
463 0.0030984000000000567 1 0 0.8165137614678899 0.880184331797235
464 0.0029529999999999834 1 0 0.8256880733944955 0.880184331797235
465 0.003162499999999957 0 2 0.8256880733944955 0.8894009216589862
466 0.002990999999999966 0 0 0.8256880733944955 0.8894009216589862
467 0.0029206999999999983 0 0 0.8256880733944955 0.8894009216589862
468 0.0031254999999998923 0 0 0.8256880733944955 0.8894009216589862
469 0.0028876999999998265 1 0 0.8348623853211009 0.8894009216589862
470 0.003338999999999981 0 0 0.8348623853211009 0.8894009216589862
471 0.0029753999999999614 0 0 0.8348623853211009 0.8894009216589862
472 0.004294699999999985 1 0 0.8440366972477065 0.8894009216589862
473 0.004251299999999958 1 0 0.8532110091743119 0.8894009216589862
474 0.004139399999999904 0 0 0.8532110091743119 0.8894009216589862
475 0.004360399999999931 0 0 0.8532110091743119 0.8894009216589862
476 0.0030834999999997947 1 0 0.8623853211009175 0.8894009216589862
477 0.0031106999999999108 0 1 0.8623853211009175 0.8940092165898618
478 0.002965200000000001 0 0 0.8623853211009175 0.8940092165898618
479 0.0032708999999999655 0 0 0.8623853211009175 0.8940092165898618
480 0.002844099999999905 0 0 0.8623853211009175 0.8940092165898618
481 0.003471800000000025 0 0 0.8623853211009175 0.8940092165898618
482 0.0031596999999998765 0 0 0.8623853211009175 0.8940092165898618
483 0.0033039999999999736 0 1 0.8623853211009175 0.8986175115207373
484 0.002978999999999843 0 1 0.8623853211009175 0.9032258064516129
485 0.00293499999999991 0 0 0.8623853211009175 0.9032258064516129
486 0.0030095999999999457 0 0 0.8623853211009175 0.9032258064516129
487 0.0030554000000000414 0 0 0.8623853211009175 0.9032258064516129
488 0.0029485000000000205 0 0 0.8623853211009175 0.9032258064516129
489 0.0032839000000000063 0 0 0.8623853211009175 0.9032258064516129
490 0.0029281999999999364 0 0 0.8623853211009175 0.9032258064516129
491 0.003294799999999931 0 0 0.8623853211009175 0.9032258064516129
492 0.002937200000000084 0 0 0.8623853211009175 0.9032258064516129
493 0.0041024000000000616 0 0 0.8623853211009175 0.9032258064516129
494 0.004248399999999819 0 0 0.8623853211009175 0.9032258064516129
495 0.005520699999999934 0 1 0.8623853211009175 0.9078341013824884
496 0.003556899999999974 0 0 0.8623853211009175 0.9078341013824884
497 0.0032974999999999532 0 0 0.8623853211009175 0.9078341013824884
498 0.0031219000000000108 0 0 0.8623853211009175 0.9078341013824884
499 0.003293400000000002 0 0 0.8623853211009175 0.9078341013824884
500 0.0035264000000001516 0 0 0.8623853211009175 0.9078341013824884
501 0.0033247000000000693 0 0 0.8623853211009175 0.9078341013824884
502 0.0032542999999998212 1 0 0.8715596330275229 0.9078341013824884
503 0.0032018999999998687 0 0 0.8715596330275229 0.9078341013824884
504 0.003197700000000081 0 0 0.8715596330275229 0.9078341013824884
505 0.0029682999999998128 1 0 0.8807339449541285 0.9078341013824884
506 0.0030064000000000757 0 0 0.8807339449541285 0.9078341013824884
507 0.003104100000000054 1 0 0.8899082568807339 0.9078341013824884
508 0.0031562000000000534 1 0 0.8990825688073395 0.9078341013824884
509 0.0031106000000000744 0 0 0.8990825688073395 0.9078341013824884
510 0.0033963000000001298 0 0 0.8990825688073395 0.9078341013824884
511 0.0028858000000000494 0 0 0.8990825688073395 0.9078341013824884
512 0.003139000000000003 0 0 0.8990825688073395 0.9078341013824884
513 0.003166199999999897 0 1 0.8990825688073395 0.9124423963133641
514 0.004216100000000056 0 0 0.8990825688073395 0.9124423963133641
515 0.003082199999999924 0 0 0.8990825688073395 0.9124423963133641
516 0.003265700000000038 0 0 0.8990825688073395 0.9124423963133641
517 0.004311899999999813 0 0 0.8990825688073395 0.9124423963133641
518 0.004287900000000011 0 0 0.8990825688073395 0.9124423963133641
519 0.004470100000000032 0 0 0.8990825688073395 0.9124423963133641
520 0.004102700000000015 0 0 0.8990825688073395 0.9124423963133641
521 0.0030825999999999354 1 1 0.908256880733945 0.9170506912442397
522 0.0031394000000000144 1 0 0.9174311926605505 0.9170506912442397
523 0.003137200000000062 0 0 0.9174311926605505 0.9170506912442397
524 0.002907800000000016 0 0 0.9174311926605505 0.9170506912442397
525 0.002968300000000035 0 0 0.9174311926605505 0.9170506912442397
526 0.0030876999999998045 0 1 0.9174311926605505 0.9216589861751152
527 0.003122999999999987 1 0 0.926605504587156 0.9216589861751152
528 0.0030407999999999547 0 1 0.926605504587156 0.9262672811059908
529 0.0030730999999999398 0 0 0.926605504587156 0.9262672811059908
530 0.0032254999999998812 0 0 0.926605504587156 0.9262672811059908
531 0.0035195000000001198 0 0 0.926605504587156 0.9262672811059908
532 0.003052900000000136 0 0 0.926605504587156 0.9262672811059908
533 0.003108300000000064 0 0 0.926605504587156 0.9262672811059908
534 0.0032331000000000998 0 0 0.926605504587156 0.9262672811059908
535 0.00302670000000016 0 0 0.926605504587156 0.9262672811059908
536 0.0030706000000000344 0 0 0.926605504587156 0.9262672811059908
537 0.003114000000000061 1 0 0.9357798165137615 0.9262672811059908
538 0.0029524999999999135 1 0 0.944954128440367 0.9262672811059908
539 0.003111000000000086 0 0 0.944954128440367 0.9262672811059908
540 0.0030319999999999236 0 0 0.944954128440367 0.9262672811059908
541 0.0031010999999998567 0 0 0.944954128440367 0.9262672811059908
542 0.003083599999999853 0 0 0.944954128440367 0.9262672811059908
543 0.0032159999999998856 0 0 0.944954128440367 0.9262672811059908
544 0.0041408000000000555 0 0 0.944954128440367 0.9262672811059908
545 0.004362900000000058 0 1 0.944954128440367 0.9308755760368663
546 0.004257900000000037 1 0 0.9541284403669725 0.9308755760368663
547 0.004371700000000089 0 0 0.9541284403669725 0.9308755760368663
548 0.003136399999999817 0 0 0.9541284403669725 0.9308755760368663
549 0.0032012999999999625 1 0 0.963302752293578 0.9308755760368663
550 0.0030872000000001787 1 1 0.9724770642201835 0.9354838709677419
551 0.0030490000000000794 0 1 0.9724770642201835 0.9400921658986175
552 0.0031513999999999154 0 0 0.9724770642201835 0.9400921658986175
553 0.0031999999999998696 0 0 0.9724770642201835 0.9400921658986175
554 0.003035000000000121 0 0 0.9724770642201835 0.9400921658986175
555 0.0030058000000001694 0 0 0.9724770642201835 0.9400921658986175
556 0.0030894999999999673 0 0 0.9724770642201835 0.9400921658986175
557 0.00309130000000013 1 0 0.981651376146789 0.9400921658986175
558 0.003103300000000031 0 0 0.981651376146789 0.9400921658986175
559 0.003367600000000026 0 0 0.981651376146789 0.9400921658986175
560 0.0033269000000000215 0 0 0.981651376146789 0.9400921658986175
561 0.0034072000000000546 0 1 0.981651376146789 0.9447004608294931
562 0.0032703999999998956 1 0 0.9908256880733946 0.9447004608294931
563 0.00306300000000026 1 1 1.0 0.9493087557603687
564 0.0032366999999999813 0 0 1.0 0.9493087557603687
565 0.0030809999999998894 0 0 1.0 0.9493087557603687
566 0.0031061000000001115 0 0 1.0 0.9493087557603687
567 0.0031031000000001363 0 1 1.0 0.9539170506912442
568 0.004511900000000235 0 0 1.0 0.9539170506912442
569 0.004393800000000336 0 0 1.0 0.9539170506912442
570 0.004358099999999698 0 0 1.0 0.9539170506912442
571 0.004395500000000219 0 0 1.0 0.9539170506912442
572 0.00440610000000019 0 1 1.0 0.9585253456221198
573 0.004214699999999905 0 0 1.0 0.9585253456221198
574 0.004461699999999791 0 0 1.0 0.9585253456221198
575 0.004360499999999767 0 0 1.0 0.9585253456221198
576 0.0031713999999998244 0 0 1.0 0.9585253456221198
577 0.0030759000000002423 0 0 1.0 0.9585253456221198
578 0.0031453000000003506 0 0 1.0 0.9585253456221198
579 0.003268300000000224 0 2 1.0 0.967741935483871
580 0.0031602999999997827 0 0 1.0 0.967741935483871
581 0.003663799999999995 0 1 1.0 0.9723502304147466
582 0.0030841999999999814 0 1 1.0 0.9769585253456221
583 0.003188899999999606 0 0 1.0 0.9769585253456221
584 0.003159300000000087 0 0 1.0 0.9769585253456221
585 0.0031178000000000594 0 1 1.0 0.9815668202764977
586 0.0031954000000000704 0 1 1.0 0.9861751152073732
587 0.0031866999999996537 0 0 1.0 0.9861751152073732
588 0.0032364999999998645 0 0 1.0 0.9861751152073732
589 0.003221100000000199 0 0 1.0 0.9861751152073732
590 0.003124399999999916 0 0 1.0 0.9861751152073732
591 0.0032084999999999475 0 0 1.0 0.9861751152073732
592 0.003403599999999951 0 0 1.0 0.9861751152073732
593 0.0033468999999999305 0 0 1.0 0.9861751152073732
594 0.003232899999999983 0 0 1.0 0.9861751152073732
595 0.003314800000000062 0 0 1.0 0.9861751152073732
596 0.0030327999999997246 0 0 1.0 0.9861751152073732
597 0.0035065999999996933 0 0 1.0 0.9861751152073732
598 0.003367899999999757 0 0 1.0 0.9861751152073732
599 0.003423299999999685 0 0 1.0 0.9861751152073732
600 0.0033876999999997714 0 0 1.0 0.9861751152073732
601 0.003082000000000029 0 0 1.0 0.9861751152073732
602 0.003650500000000001 0 0 1.0 0.9861751152073732
603 0.0031621000000003896 0 0 1.0 0.9861751152073732
604 0.003052100000000113 0 0 1.0 0.9861751152073732
605 0.003256399999999715 0 1 1.0 0.9907834101382489
606 0.003234799999999982 0 0 1.0 0.9907834101382489
607 0.004498000000000335 0 0 1.0 0.9907834101382489
608 0.0032469000000001635 0 0 1.0 0.9907834101382489
609 0.0036754999999999427 0 0 1.0 0.9907834101382489
610 0.0031911000000000023 0 0 1.0 0.9907834101382489
611 0.003249700000000022 0 0 1.0 0.9907834101382489
612 0.0033191000000001303 0 0 1.0 0.9907834101382489
613 0.0031695000000002693 0 0 1.0 0.9907834101382489
614 0.003252599999999717 0 1 1.0 0.9953917050691244
615 0.0031319999999999126 0 0 1.0 0.9953917050691244
616 0.003332100000000171 0 0 1.0 0.9953917050691244
617 0.0031076999999997135 0 0 1.0 0.9953917050691244
618 0.0034133000000000635 0 0 1.0 0.9953917050691244
619 0.003225199999999706 0 0 1.0 0.9953917050691244
620 0.0030477000000002086 0 0 1.0 0.9953917050691244
621 0.0032402000000000264 0 0 1.0 0.9953917050691244
622 0.0031162000000000134 0 0 1.0 0.9953917050691244
623 0.0033498999999999057 0 0 1.0 0.9953917050691244
624 0.0032578000000000884 0 0 1.0 0.9953917050691244
625 0.004439899999999941 0 0 1.0 0.9953917050691244
626 0.003202700000000114 0 0 1.0 0.9953917050691244
627 0.003149199999999741 0 0 1.0 0.9953917050691244
628 0.003229699999999891 0 0 1.0 0.9953917050691244
629 0.003039300000000189 0 0 1.0 0.9953917050691244
630 0.0032029000000002306 0 0 1.0 0.9953917050691244
631 0.003367599999999804 0 0 1.0 0.9953917050691244
632 0.0031520000000000437 0 0 1.0 0.9953917050691244
633 0.0032377999999999574 0 0 1.0 0.9953917050691244
634 0.003170700000000082 0 0 1.0 0.9953917050691244
635 0.003146000000000093 0 0 1.0 0.9953917050691244
636 0.0032171000000000838 0 0 1.0 0.9953917050691244
637 0.003162499999999735 0 0 1.0 0.9953917050691244
638 0.003188100000000027 0 0 1.0 0.9953917050691244
639 0.0034133000000000635 0 0 1.0 0.9953917050691244
640 0.0032765000000001265 0 0 1.0 0.9953917050691244
641 0.003063000000000038 0 0 1.0 0.9953917050691244
642 0.0032386999999998167 0 0 1.0 0.9953917050691244
643 0.0031186999999999188 0 0 1.0 0.9953917050691244
644 0.003468900000000108 0 0 1.0 0.9953917050691244
645 0.003178700000000312 0 0 1.0 0.9953917050691244
646 0.0033343000000001233 0 0 1.0 0.9953917050691244
647 0.0034442000000001194 0 0 1.0 0.9953917050691244
648 0.0031015000000000903 0 0 1.0 0.9953917050691244
649 0.0033568000000001597 0 0 1.0 0.9953917050691244
650 0.0033449999999999314 0 0 1.0 0.9953917050691244
651 0.003343799999999675 0 1 1.0 1.0
