20 0.3 0.3
1 0.0007739999999999969 0 0 0.0 0.5135135135135135
2 0.0005706000000000044 1 0 0.05263157894736842 0.5135135135135135
3 0.0005393999999999954 0 0 0.05263157894736842 0.5135135135135135
4 0.0005263999999999824 1 0 0.10526315789473684 0.5135135135135135
5 0.0007143999999999762 0 1 0.10526315789473684 0.5405405405405406
6 0.00047169999999999157 0 0 0.10526315789473684 0.5405405405405406
7 0.0003929000000000016 0 0 0.10526315789473684 0.5405405405405406
8 0.0004421000000000008 0 0 0.10526315789473684 0.5405405405405406
9 0.0005621000000000098 0 0 0.10526315789473684 0.5405405405405406
10 0.0005010000000000014 0 0 0.10526315789473684 0.5405405405405406
11 0.0004791000000000101 1 0 0.15789473684210525 0.5405405405405406
12 0.0005296999999999941 0 0 0.15789473684210525 0.5405405405405406
13 0.0004704000000000097 0 0 0.15789473684210525 0.5405405405405406
14 0.0005031000000000063 1 0 0.21052631578947367 0.5405405405405406
15 0.0005323000000000133 1 0 0.2631578947368421 0.5405405405405406
16 0.0005649000000000071 0 0 0.2631578947368421 0.5405405405405406
17 0.0004985999999999879 0 0 0.2631578947368421 0.5405405405405406
18 0.0004888999999999866 0 1 0.2631578947368421 0.5675675675675675
19 0.000887899999999997 0 1 0.2631578947368421 0.5945945945945946
20 0.0005237999999999909 1 0 0.3157894736842105 0.5945945945945946
21 0.0004235999999999962 1 1 0.3684210526315789 0.6216216216216216
22 0.000495400000000007 0 0 0.3684210526315789 0.6216216216216216
23 0.0004481000000000068 0 1 0.3684210526315789 0.6486486486486487
24 0.0005156999999999801 1 0 0.42105263157894735 0.6486486486486487
25 0.0004917999999999867 0 0 0.42105263157894735 0.6486486486486487
26 0.0004433000000000076 0 0 0.42105263157894735 0.6486486486486487
27 0.0005964999999999998 1 0 0.47368421052631576 0.6486486486486487
28 0.0005155000000000021 0 0 0.47368421052631576 0.6486486486486487
29 0.0004688999999999943 0 0 0.47368421052631576 0.6486486486486487
30 0.0006933999999999829 0 0 0.47368421052631576 0.6486486486486487
31 0.0005389999999999839 0 1 0.47368421052631576 0.6756756756756757
32 0.000674900000000006 0 0 0.47368421052631576 0.6756756756756757
33 0.0007348000000000077 1 1 0.5263157894736842 0.7027027027027027
34 0.0005235000000000101 0 0 0.5263157894736842 0.7027027027027027
35 0.0004795999999999967 0 0 0.5263157894736842 0.7027027027027027
36 0.0005097000000000018 0 0 0.5263157894736842 0.7027027027027027
37 0.0005121000000000153 1 1 0.5789473684210527 0.7297297297297297
38 0.0005184000000000022 0 0 0.5789473684210527 0.7297297297297297
39 0.0006219000000000086 1 0 0.631578947368421 0.7297297297297297
40 0.0007977999999999874 1 0 0.6842105263157895 0.7297297297297297
41 0.0005261999999999767 0 0 0.6842105263157895 0.7297297297297297
42 0.0009863999999999984 0 0 0.6842105263157895 0.7297297297297297
43 0.0004774000000000167 0 0 0.6842105263157895 0.7297297297297297
44 0.0005808999999999953 0 1 0.6842105263157895 0.7567567567567568
45 0.0005175000000000041 1 2 0.7368421052631579 0.8108108108108109
46 0.0005503000000000036 0 0 0.7368421052631579 0.8108108108108109
47 0.0005831000000000031 1 1 0.7894736842105263 0.8378378378378378
48 0.000946300000000011 0 0 0.7894736842105263 0.8378378378378378
49 0.0006248999999999838 0 0 0.7894736842105263 0.8378378378378378
50 0.0006566000000000072 0 0 0.7894736842105263 0.8378378378378378
51 0.0005447999999999842 0 0 0.7894736842105263 0.8378378378378378
52 0.0006125999999999909 1 0 0.8421052631578947 0.8378378378378378
53 0.0005910999999999833 0 0 0.8421052631578947 0.8378378378378378
54 0.0008097999999999994 1 1 0.8947368421052632 0.8648648648648649
55 0.0005845000000000156 1 0 0.9473684210526315 0.8648648648648649
56 0.000715300000000002 1 1 1.0 0.8918918918918919
57 0.0006556000000000062 0 1 1.0 0.918918918918919
58 0.0006156999999999968 0 0 1.0 0.918918918918919
59 0.0006338999999999928 0 0 1.0 0.918918918918919
60 0.0006521000000000166 0 1 1.0 0.9459459459459459
61 0.0005630000000000079 0 1 1.0 0.972972972972973
62 0.0006041999999999992 0 0 1.0 0.972972972972973
63 0.0005962999999999941 0 1 1.0 1.0
