50 1.0 0.5
1 0.0019290999999999892 1 0 0.02040816326530612 0.5051546391752577
2 0.0011409000000000002 1 1 0.04081632653061224 0.5154639175257731
3 0.001984700000000006 1 0 0.061224489795918366 0.5154639175257731
4 0.0012808999999999737 1 1 0.08163265306122448 0.5257731958762887
5 0.0015594999999999914 1 2 0.10204081632653061 0.5463917525773195
6 0.001469100000000001 1 1 0.12244897959183673 0.5567010309278351
7 0.0015896999999999994 1 1 0.14285714285714285 0.5670103092783505
8 0.0018611000000000044 1 0 0.16326530612244897 0.5670103092783505
9 0.001564800000000005 1 1 0.1836734693877551 0.5773195876288659
10 0.001570099999999991 1 2 0.20408163265306123 0.5979381443298969
11 0.002076300000000003 1 1 0.22448979591836735 0.6082474226804123
12 0.0026156999999999986 1 0 0.24489795918367346 0.6082474226804123
13 0.0013556999999999875 1 1 0.2653061224489796 0.6185567010309279
14 0.0015826000000000173 1 0 0.2857142857142857 0.6185567010309279
15 0.0013917999999999986 1 1 0.30612244897959184 0.6288659793814433
16 0.0012245999999999924 1 0 0.32653061224489793 0.6288659793814433
17 0.0015878000000000003 1 2 0.3469387755102041 0.6494845360824743
18 0.002971499999999988 1 2 0.3673469387755102 0.6701030927835051
19 0.0016068000000000193 1 1 0.3877551020408163 0.6804123711340206
20 0.0012801999999999536 1 1 0.40816326530612246 0.6907216494845361
21 0.001521500000000009 1 1 0.42857142857142855 0.7010309278350515
22 0.0016916000000000153 1 0 0.4489795918367347 0.7010309278350515
23 0.0016419000000000294 1 1 0.46938775510204084 0.711340206185567
24 0.0014340999999999937 1 1 0.4897959183673469 0.7216494845360825
25 0.0015061000000000102 1 0 0.5102040816326531 0.7216494845360825
26 0.0018608000000000513 1 2 0.5306122448979592 0.7422680412371134
27 0.0016811000000000464 1 2 0.5510204081632653 0.7628865979381443
28 0.001486299999999996 1 2 0.5714285714285714 0.7835051546391752
29 0.0021413000000000126 1 1 0.5918367346938775 0.7938144329896907
30 0.001809100000000008 1 1 0.6122448979591837 0.8041237113402062
31 0.0014660000000000228 1 1 0.6326530612244898 0.8144329896907216
32 0.001467099999999999 1 0 0.6530612244897959 0.8144329896907216
33 0.0027551000000000103 1 1 0.673469387755102 0.8247422680412371
34 0.00194500000000003 1 1 0.6938775510204082 0.8350515463917526
35 0.0017339000000000104 1 1 0.7142857142857143 0.845360824742268
36 0.0024235999999999702 1 0 0.7346938775510204 0.845360824742268
37 0.0016456999999999722 1 2 0.7551020408163265 0.865979381443299
38 0.001675800000000005 1 2 0.7755102040816326 0.8865979381443299
39 0.0016811999999999938 1 0 0.7959183673469388 0.8865979381443299
40 0.0020707999999999838 1 0 0.8163265306122449 0.8865979381443299
41 0.0018246000000000095 1 0 0.8367346938775511 0.8865979381443299
42 0.002548799999999962 1 3 0.8571428571428571 0.9175257731958762
43 0.002061000000000035 1 1 0.8775510204081632 0.9278350515463918
44 0.0017728000000000188 1 2 0.8979591836734694 0.9484536082474226
45 0.0017338000000000076 1 1 0.9183673469387755 0.9587628865979382
46 0.0028234000000000314 1 0 0.9387755102040817 0.9587628865979382
47 0.001945399999999986 1 0 0.9591836734693877 0.9587628865979382
48 0.0018259999999999943 1 1 0.9795918367346939 0.9690721649484536
49 0.0022399999999999642 1 1 1.0 0.979381443298969
50 0.0019064999999999777 0 1 1.0 0.9896907216494846
51 0.0017719000000000484 0 1 1.0 1.0
