80 0.1 0.3
1 0.0015888000000000013 0 0 0.0 0.5031847133757962
2 0.001618200000000014 0 0 0.0 0.5031847133757962
3 0.0015110999999999875 0 0 0.0 0.5031847133757962
4 0.0015082999999999902 0 0 0.0 0.5031847133757962
5 0.001598299999999997 0 0 0.0 0.5031847133757962
6 0.0015977999999999826 0 0 0.0 0.5031847133757962
7 0.0015471999999999986 0 0 0.0 0.5031847133757962
8 0.0015288999999999997 0 0 0.0 0.5031847133757962
9 0.001628400000000002 1 0 0.012658227848101266 0.5031847133757962
10 0.001478199999999985 0 0 0.012658227848101266 0.5031847133757962
11 0.0015092999999999912 0 0 0.012658227848101266 0.5031847133757962
12 0.0015711999999999948 0 0 0.012658227848101266 0.5031847133757962
13 0.0018156000000000005 1 0 0.02531645569620253 0.5031847133757962
14 0.0015552000000000066 0 1 0.02531645569620253 0.5095541401273885
15 0.002196300000000012 0 0 0.02531645569620253 0.5095541401273885
16 0.00207969999999999 0 0 0.02531645569620253 0.5095541401273885
17 0.0020606000000000235 0 0 0.02531645569620253 0.5095541401273885
18 0.002111799999999997 0 0 0.02531645569620253 0.5095541401273885
19 0.0020293000000000117 0 0 0.02531645569620253 0.5095541401273885
20 0.002132099999999998 0 0 0.02531645569620253 0.5095541401273885
21 0.0021768000000000065 0 0 0.02531645569620253 0.5095541401273885
22 0.002097500000000002 0 0 0.02531645569620253 0.5095541401273885
23 0.0016229000000000104 0 0 0.02531645569620253 0.5095541401273885
24 0.0016332000000000013 1 0 0.0379746835443038 0.5095541401273885
25 0.0015292000000000083 0 0 0.0379746835443038 0.5095541401273885
26 0.0016140000000000043 0 0 0.0379746835443038 0.5095541401273885
27 0.00156540000000005 0 0 0.0379746835443038 0.5095541401273885
28 0.0016496999999999762 0 1 0.0379746835443038 0.5159235668789809
29 0.0015974000000000266 0 0 0.0379746835443038 0.5159235668789809
30 0.0016552999999999707 0 0 0.0379746835443038 0.5159235668789809
31 0.001619000000000037 0 0 0.0379746835443038 0.5159235668789809
32 0.0017067000000000054 0 0 0.0379746835443038 0.5159235668789809
33 0.0016090999999999744 0 0 0.0379746835443038 0.5159235668789809
34 0.0016623000000000054 0 0 0.0379746835443038 0.5159235668789809
35 0.001586199999999982 0 0 0.0379746835443038 0.5159235668789809
36 0.0016362999999999794 0 0 0.0379746835443038 0.5159235668789809
37 0.0016510000000000136 0 0 0.0379746835443038 0.5159235668789809
38 0.0016660000000000008 0 0 0.0379746835443038 0.5159235668789809
39 0.0016199000000000074 0 0 0.0379746835443038 0.5159235668789809
40 0.0016156999999999977 0 0 0.0379746835443038 0.5159235668789809
41 0.0016161000000000092 0 0 0.0379746835443038 0.5159235668789809
42 0.0017069000000000112 0 0 0.0379746835443038 0.5159235668789809
43 0.0015743000000000285 0 0 0.0379746835443038 0.5159235668789809
44 0.001576700000000042 0 0 0.0379746835443038 0.5159235668789809
45 0.0016137999999999986 0 0 0.0379746835443038 0.5159235668789809
46 0.0015190999999999955 0 0 0.0379746835443038 0.5159235668789809
47 0.0015342999999999885 0 0 0.0379746835443038 0.5159235668789809
48 0.0014950999999999715 0 0 0.0379746835443038 0.5159235668789809
49 0.002181299999999997 0 0 0.0379746835443038 0.5159235668789809
50 0.0022000000000000353 0 0 0.0379746835443038 0.5159235668789809
51 0.0021130000000000315 1 0 0.05063291139240506 0.5159235668789809
52 0.002075400000000005 0 0 0.05063291139240506 0.5159235668789809
53 0.0020123999999999698 0 0 0.05063291139240506 0.5159235668789809
54 0.0015505000000000102 0 0 0.05063291139240506 0.5159235668789809
55 0.0017233000000000387 0 0 0.05063291139240506 0.5159235668789809
56 0.0015572000000000363 0 0 0.05063291139240506 0.5159235668789809
57 0.001534599999999997 0 0 0.05063291139240506 0.5159235668789809
58 0.0015955000000000275 1 0 0.06329113924050633 0.5159235668789809
59 0.001601399999999975 0 0 0.06329113924050633 0.5159235668789809
60 0.0015874000000000166 0 0 0.06329113924050633 0.5159235668789809
61 0.0015857999999999706 0 0 0.06329113924050633 0.5159235668789809
62 0.0014887000000000095 0 0 0.06329113924050633 0.5159235668789809
63 0.0015605000000000202 0 0 0.06329113924050633 0.5159235668789809
64 0.001550700000000016 0 0 0.06329113924050633 0.5159235668789809
65 0.0015711999999999948 0 0 0.06329113924050633 0.5159235668789809
66 0.001480199999999987 0 0 0.06329113924050633 0.5159235668789809
67 0.0015560999999999492 0 0 0.06329113924050633 0.5159235668789809
68 0.0019365000000000077 0 0 0.06329113924050633 0.5159235668789809
69 0.001670700000000025 0 0 0.06329113924050633 0.5159235668789809
70 0.001644699999999999 1 0 0.0759493670886076 0.5159235668789809
71 0.0016298000000000146 1 0 0.08860759493670886 0.5159235668789809
72 0.0016635999999999873 0 0 0.08860759493670886 0.5159235668789809
73 0.001528699999999994 0 0 0.08860759493670886 0.5159235668789809
74 0.001637400000000011 0 0 0.08860759493670886 0.5159235668789809
75 0.0015544000000000113 0 0 0.08860759493670886 0.5159235668789809
76 0.001588199999999984 0 0 0.08860759493670886 0.5159235668789809
77 0.0015441999999999956 0 0 0.08860759493670886 0.5159235668789809
78 0.0016758999999999524 0 0 0.08860759493670886 0.5159235668789809
79 0.0015602000000000116 0 0 0.08860759493670886 0.5159235668789809
80 0.0017538000000000276 0 1 0.08860759493670886 0.5222929936305732
81 0.0016613999999999796 0 0 0.08860759493670886 0.5222929936305732
82 0.0016230999999999884 0 0 0.08860759493670886 0.5222929936305732
83 0.001708199999999993 0 0 0.08860759493670886 0.5222929936305732
84 0.0016399999999999748 0 0 0.08860759493670886 0.5222929936305732
85 0.001625100000000046 0 0 0.08860759493670886 0.5222929936305732
86 0.0016550000000000176 0 0 0.08860759493670886 0.5222929936305732
87 0.0016069000000000222 0 1 0.08860759493670886 0.5286624203821656
88 0.0016184999999999672 0 0 0.08860759493670886 0.5286624203821656
89 0.0016429000000000027 0 0 0.08860759493670886 0.5286624203821656
90 0.0016732999999999887 0 0 0.08860759493670886 0.5286624203821656
91 0.0022980999999999696 0 0 0.08860759493670886 0.5286624203821656
92 0.0021222000000000185 0 0 0.08860759493670886 0.5286624203821656
93 0.0021320000000000228 0 0 0.08860759493670886 0.5286624203821656
94 0.0022464000000000373 0 0 0.08860759493670886 0.5286624203821656
95 0.0031916000000000166 0 0 0.08860759493670886 0.5286624203821656
96 0.0016516000000000308 0 0 0.08860759493670886 0.5286624203821656
97 0.0015380999999999867 0 0 0.08860759493670886 0.5286624203821656
98 0.001591800000000032 0 0 0.08860759493670886 0.5286624203821656
99 0.0015812000000000048 0 1 0.08860759493670886 0.535031847133758
100 0.001586199999999982 0 0 0.08860759493670886 0.535031847133758
101 0.0015491000000000255 0 0 0.08860759493670886 0.535031847133758
102 0.0015605000000000202 0 0 0.08860759493670886 0.535031847133758
103 0.0016382999999999814 0 0 0.08860759493670886 0.535031847133758
104 0.001601900000000045 0 0 0.08860759493670886 0.535031847133758
105 0.0015099000000000085 0 0 0.08860759493670886 0.535031847133758
106 0.001532599999999995 0 0 0.08860759493670886 0.535031847133758
107 0.001577099999999998 0 0 0.08860759493670886 0.535031847133758
108 0.0016626999999999614 0 0 0.08860759493670886 0.535031847133758
109 0.0015888000000000013 0 0 0.08860759493670886 0.535031847133758
110 0.0022294999999999954 0 0 0.08860759493670886 0.535031847133758
111 0.0022426999999999864 0 0 0.08860759493670886 0.535031847133758
112 0.0020827000000000484 0 0 0.08860759493670886 0.535031847133758
113 0.00223019999999996 0 1 0.08860759493670886 0.5414012738853503
114 0.0022113999999999745 0 0 0.08860759493670886 0.5414012738853503
115 0.0021232999999999946 0 0 0.08860759493670886 0.5414012738853503
116 0.0022140999999999966 0 0 0.08860759493670886 0.5414012738853503
117 0.0021067999999999643 0 0 0.08860759493670886 0.5414012738853503
118 0.0021738000000000035 0 0 0.08860759493670886 0.5414012738853503
119 0.002176699999999976 0 0 0.08860759493670886 0.5414012738853503
120 0.0021189000000000346 0 0 0.08860759493670886 0.5414012738853503
121 0.0019587999999999828 0 0 0.08860759493670886 0.5414012738853503
122 0.0021266999999999814 0 0 0.08860759493670886 0.5414012738853503
123 0.0021848000000000423 0 0 0.08860759493670886 0.5414012738853503
124 0.002167899999999945 0 0 0.08860759493670886 0.5414012738853503
125 0.0021590999999999694 0 0 0.08860759493670886 0.5414012738853503
126 0.0021259999999999613 0 0 0.08860759493670886 0.5414012738853503
127 0.0022336000000000023 0 0 0.08860759493670886 0.5414012738853503
128 0.0022775000000000434 1 0 0.10126582278481013 0.5414012738853503
129 0.0021763999999999672 0 0 0.10126582278481013 0.5414012738853503
130 0.0021981999999999835 0 0 0.10126582278481013 0.5414012738853503
131 0.0021783999999999692 0 0 0.10126582278481013 0.5414012738853503
132 0.0016172999999999882 0 0 0.10126582278481013 0.5414012738853503
133 0.0016499999999999848 0 0 0.10126582278481013 0.5414012738853503
134 0.0015379000000000365 0 0 0.10126582278481013 0.5414012738853503
135 0.0015701000000000187 0 0 0.10126582278481013 0.5414012738853503
136 0.0015680000000000138 0 0 0.10126582278481013 0.5414012738853503
137 0.001630699999999985 0 0 0.10126582278481013 0.5414012738853503
138 0.0015261999999999776 0 0 0.10126582278481013 0.5414012738853503
139 0.0018020999999999732 0 0 0.10126582278481013 0.5414012738853503
140 0.0016734999999999944 1 0 0.11392405063291139 0.5414012738853503
141 0.0015528000000000208 0 0 0.11392405063291139 0.5414012738853503
142 0.0016278000000000126 0 0 0.11392405063291139 0.5414012738853503
143 0.0015916000000000263 0 0 0.11392405063291139 0.5414012738853503
144 0.0015555999999999903 0 0 0.11392405063291139 0.5414012738853503
145 0.0016229999999999856 1 1 0.12658227848101267 0.5477707006369427
146 0.0017822000000000116 1 1 0.13924050632911392 0.554140127388535
147 0.0016397000000000217 0 0 0.13924050632911392 0.554140127388535
148 0.0019782999999999884 0 1 0.13924050632911392 0.5605095541401274
149 0.0016653999999999836 0 0 0.13924050632911392 0.5605095541401274
150 0.001693900000000026 0 0 0.13924050632911392 0.5605095541401274
151 0.0016076000000000423 0 0 0.13924050632911392 0.5605095541401274
152 0.0016697999999999436 0 0 0.13924050632911392 0.5605095541401274
153 0.001688300000000087 0 0 0.13924050632911392 0.5605095541401274
154 0.0017391999999999408 0 0 0.13924050632911392 0.5605095541401274
155 0.0017264999999999642 1 0 0.1518987341772152 0.5605095541401274
156 0.0016199999999999548 1 0 0.16455696202531644 0.5605095541401274
157 0.001673900000000006 0 0 0.16455696202531644 0.5605095541401274
158 0.002271299999999976 0 0 0.16455696202531644 0.5605095541401274
159 0.0017348000000000363 0 0 0.16455696202531644 0.5605095541401274
160 0.0017057999999999796 0 0 0.16455696202531644 0.5605095541401274
161 0.001651799999999981 0 1 0.16455696202531644 0.5668789808917197
162 0.0017127999999999588 0 0 0.16455696202531644 0.5668789808917197
163 0.0016932000000000613 0 0 0.16455696202531644 0.5668789808917197
164 0.001661099999999971 0 0 0.16455696202531644 0.5668789808917197
165 0.0016540000000000443 0 1 0.16455696202531644 0.5732484076433121
166 0.0017212999999999257 1 0 0.17721518987341772 0.5732484076433121
167 0.0016679000000000554 0 0 0.17721518987341772 0.5732484076433121
168 0.0015024999999999622 0 0 0.17721518987341772 0.5732484076433121
169 0.0016707999999999723 0 0 0.17721518987341772 0.5732484076433121
170 0.001662199999999947 1 1 0.189873417721519 0.5796178343949044
171 0.0019383999999998958 0 0 0.189873417721519 0.5796178343949044
172 0.001710199999999995 0 0 0.189873417721519 0.5796178343949044
173 0.0016140999999999517 0 1 0.189873417721519 0.5859872611464968
174 0.0017612000000000183 1 1 0.20253164556962025 0.5923566878980892
175 0.001595000000000013 0 0 0.20253164556962025 0.5923566878980892
176 0.0016631999999999758 0 1 0.20253164556962025 0.5987261146496815
177 0.0017367999999999828 0 0 0.20253164556962025 0.5987261146496815
178 0.0017576000000000258 0 0 0.20253164556962025 0.5987261146496815
179 0.0016091999999999773 0 0 0.20253164556962025 0.5987261146496815
180 0.001740299999999917 0 0 0.20253164556962025 0.5987261146496815
181 0.0017517000000000227 0 0 0.20253164556962025 0.5987261146496815
182 0.002565700000000004 0 0 0.20253164556962025 0.5987261146496815
183 0.0016629000000000227 0 0 0.20253164556962025 0.5987261146496815
184 0.0016996000000000233 0 0 0.20253164556962025 0.5987261146496815
185 0.001645899999999978 0 0 0.20253164556962025 0.5987261146496815
186 0.0019187999999999983 0 0 0.20253164556962025 0.5987261146496815
187 0.0017895999999999468 0 0 0.20253164556962025 0.5987261146496815
188 0.001770999999999967 0 0 0.20253164556962025 0.5987261146496815
189 0.0016777000000000042 0 0 0.20253164556962025 0.5987261146496815
190 0.0016208000000000888 0 0 0.20253164556962025 0.5987261146496815
191 0.0016688999999999732 0 0 0.20253164556962025 0.5987261146496815
192 0.0018424999999999692 1 0 0.21518987341772153 0.5987261146496815
193 0.001953399999999994 0 0 0.21518987341772153 0.5987261146496815
194 0.0017371999999999943 0 0 0.21518987341772153 0.5987261146496815
195 0.0018225000000000602 1 1 0.22784810126582278 0.6050955414012739
196 0.0016855999999999538 0 0 0.22784810126582278 0.6050955414012739
197 0.002229400000000048 0 0 0.22784810126582278 0.6050955414012739
198 0.0018527999999999878 0 0 0.22784810126582278 0.6050955414012739
199 0.0017896000000000578 0 0 0.22784810126582278 0.6050955414012739
200 0.001981699999999975 0 0 0.22784810126582278 0.6050955414012739
201 0.001659799999999989 0 0 0.22784810126582278 0.6050955414012739
202 0.0016045000000000087 0 0 0.22784810126582278 0.6050955414012739
203 0.0017376000000000058 0 0 0.22784810126582278 0.6050955414012739
204 0.0017823999999999618 0 0 0.22784810126582278 0.6050955414012739
205 0.0018287999999999638 0 0 0.22784810126582278 0.6050955414012739
206 0.0017943000000000264 1 1 0.24050632911392406 0.6114649681528662
207 0.0017660999999999927 1 1 0.25316455696202533 0.6178343949044586
208 0.0018616999999999662 0 1 0.25316455696202533 0.6242038216560509
209 0.001653100000000074 0 0 0.25316455696202533 0.6242038216560509
210 0.0017313999999999385 0 0 0.25316455696202533 0.6242038216560509
211 0.001671800000000001 0 0 0.25316455696202533 0.6242038216560509
212 0.0017620000000000413 0 0 0.25316455696202533 0.6242038216560509
213 0.001776600000000017 0 0 0.25316455696202533 0.6242038216560509
214 0.0016969999999999485 0 0 0.25316455696202533 0.6242038216560509
215 0.0018007000000000994 0 0 0.25316455696202533 0.6242038216560509
216 0.001709399999999972 0 0 0.25316455696202533 0.6242038216560509
217 0.0017044999999999977 0 0 0.25316455696202533 0.6242038216560509
218 0.001803500000000069 0 0 0.25316455696202533 0.6242038216560509
219 0.0017237000000001057 1 0 0.26582278481012656 0.6242038216560509
220 0.0017620000000000413 0 0 0.26582278481012656 0.6242038216560509
221 0.0017289000000000332 0 0 0.26582278481012656 0.6242038216560509
222 0.0018063000000000384 0 0 0.26582278481012656 0.6242038216560509
223 0.0017717000000000427 0 0 0.26582278481012656 0.6242038216560509
224 0.0016952999999999552 0 0 0.26582278481012656 0.6242038216560509
225 0.0016260999999999637 0 0 0.26582278481012656 0.6242038216560509
226 0.001839800000000058 0 0 0.26582278481012656 0.6242038216560509
227 0.0017503999999999298 0 0 0.26582278481012656 0.6242038216560509
228 0.0019921999999999995 0 0 0.26582278481012656 0.6242038216560509
229 0.0017553999999999625 0 1 0.26582278481012656 0.6305732484076433
230 0.0016881000000000812 0 0 0.26582278481012656 0.6305732484076433
231 0.0018491999999999953 0 0 0.26582278481012656 0.6305732484076433
232 0.0018211999999999673 0 0 0.26582278481012656 0.6305732484076433
233 0.0017430999999999974 0 0 0.26582278481012656 0.6305732484076433
234 0.0017900000000000693 0 0 0.26582278481012656 0.6305732484076433
235 0.0016983999999999888 0 0 0.26582278481012656 0.6305732484076433
236 0.001809100000000008 0 0 0.26582278481012656 0.6305732484076433
237 0.0017669000000000157 0 0 0.26582278481012656 0.6305732484076433
238 0.0018255999999999828 0 0 0.26582278481012656 0.6305732484076433
239 0.0017829000000000317 0 0 0.26582278481012656 0.6305732484076433
240 0.002192900000000053 0 0 0.26582278481012656 0.6305732484076433
241 0.0017413000000000567 0 0 0.26582278481012656 0.6305732484076433
242 0.0020959999999999868 0 0 0.26582278481012656 0.6305732484076433
243 0.0018403999999999643 0 0 0.26582278481012656 0.6305732484076433
244 0.001813399999999965 0 0 0.26582278481012656 0.6305732484076433
245 0.002160099999999998 0 0 0.26582278481012656 0.6305732484076433
246 0.0017917000000000627 0 0 0.26582278481012656 0.6305732484076433
247 0.00182110000000002 0 0 0.26582278481012656 0.6305732484076433
248 0.0022349000000000396 0 0 0.26582278481012656 0.6305732484076433
249 0.0017023999999999928 0 0 0.26582278481012656 0.6305732484076433
250 0.0018139999999999823 1 1 0.27848101265822783 0.6369426751592356
251 0.0020124000000000253 0 0 0.27848101265822783 0.6369426751592356
252 0.0017622999999999944 0 0 0.27848101265822783 0.6369426751592356
253 0.0017235999999999363 1 1 0.2911392405063291 0.643312101910828
254 0.001844300000000021 0 0 0.2911392405063291 0.643312101910828
255 0.0017201000000000022 0 0 0.2911392405063291 0.643312101910828
256 0.0017540999999999807 0 0 0.2911392405063291 0.643312101910828
257 0.001754999999999951 0 0 0.2911392405063291 0.643312101910828
258 0.0018099999999999783 0 0 0.2911392405063291 0.643312101910828
259 0.0017807999999999158 0 0 0.2911392405063291 0.643312101910828
260 0.0018472000000000488 0 0 0.2911392405063291 0.643312101910828
261 0.0018097999999999725 0 0 0.2911392405063291 0.643312101910828
262 0.0018415000000000514 0 0 0.2911392405063291 0.643312101910828
263 0.001741100000000051 0 0 0.2911392405063291 0.643312101910828
264 0.0016905999999999866 0 0 0.2911392405063291 0.643312101910828
265 0.001743500000000009 1 0 0.3037974683544304 0.643312101910828
266 0.0018101000000000367 0 0 0.3037974683544304 0.643312101910828
267 0.0016553999999999736 0 0 0.3037974683544304 0.643312101910828
268 0.001813900000000035 0 0 0.3037974683544304 0.643312101910828
269 0.0019620999999999666 0 0 0.3037974683544304 0.643312101910828
270 0.0017169000000000212 0 0 0.3037974683544304 0.643312101910828
271 0.001798199999999972 0 0 0.3037974683544304 0.643312101910828
272 0.002103500000000036 0 0 0.3037974683544304 0.643312101910828
273 0.0017912999999999402 0 0 0.3037974683544304 0.643312101910828
274 0.001690700000000045 0 0 0.3037974683544304 0.643312101910828
275 0.001702999999999899 0 0 0.3037974683544304 0.643312101910828
276 0.0017371999999999943 0 0 0.3037974683544304 0.643312101910828
277 0.001735500000000001 0 0 0.3037974683544304 0.643312101910828
278 0.0016867999999999883 0 0 0.3037974683544304 0.643312101910828
279 0.0017327999999999788 0 0 0.3037974683544304 0.643312101910828
280 0.0018151000000000694 0 0 0.3037974683544304 0.643312101910828
281 0.001804299999999981 0 0 0.3037974683544304 0.643312101910828
282 0.002035499999999968 1 1 0.31645569620253167 0.6496815286624203
283 0.0017464000000000368 0 0 0.31645569620253167 0.6496815286624203
284 0.0018269000000000757 0 1 0.31645569620253167 0.6560509554140127
285 0.0018177000000000332 0 0 0.31645569620253167 0.6560509554140127
286 0.00201360000000006 0 0 0.31645569620253167 0.6560509554140127
287 0.001736300000000024 1 0 0.3291139240506329 0.6560509554140127
288 0.001800299999999977 0 0 0.3291139240506329 0.6560509554140127
289 0.0022948000000000413 0 0 0.3291139240506329 0.6560509554140127
290 0.0017722000000000016 1 0 0.34177215189873417 0.6560509554140127
291 0.001675500000000052 0 0 0.34177215189873417 0.6560509554140127
292 0.0017065000000000552 0 0 0.34177215189873417 0.6560509554140127
293 0.0017216000000001008 1 1 0.35443037974683544 0.6624203821656051
294 0.001711000000000018 0 0 0.35443037974683544 0.6624203821656051
295 0.0017231999999999248 0 1 0.35443037974683544 0.6687898089171974
296 0.001852300000000029 0 0 0.35443037974683544 0.6687898089171974
297 0.0018612999999999547 0 0 0.35443037974683544 0.6687898089171974
298 0.0018600000000000838 0 0 0.35443037974683544 0.6687898089171974
299 0.0017740000000000533 0 0 0.35443037974683544 0.6687898089171974
300 0.0018028999999999407 0 0 0.35443037974683544 0.6687898089171974
301 0.0018612000000000073 0 0 0.35443037974683544 0.6687898089171974
302 0.0018347999999999143 0 0 0.35443037974683544 0.6687898089171974
303 0.0020736000000000088 0 0 0.35443037974683544 0.6687898089171974
304 0.0017797000000000507 0 0 0.35443037974683544 0.6687898089171974
305 0.0018133000000000177 0 0 0.35443037974683544 0.6687898089171974
306 0.0018515999999999533 0 0 0.35443037974683544 0.6687898089171974
307 0.0018285000000000107 0 0 0.35443037974683544 0.6687898089171974
308 0.0016816000000000608 0 0 0.35443037974683544 0.6687898089171974
309 0.0017044999999999977 0 0 0.35443037974683544 0.6687898089171974
310 0.0017540000000000333 1 0 0.3670886075949367 0.6687898089171974
311 0.0017380999999999647 0 0 0.3670886075949367 0.6687898089171974
312 0.001731800000000061 0 0 0.3670886075949367 0.6687898089171974
313 0.001880300000000057 0 0 0.3670886075949367 0.6687898089171974
314 0.0017547999999999453 0 0 0.3670886075949367 0.6687898089171974
315 0.0017753000000000352 0 0 0.3670886075949367 0.6687898089171974
316 0.0017345000000000832 1 0 0.379746835443038 0.6687898089171974
317 0.0016780999999999047 0 0 0.379746835443038 0.6687898089171974
318 0.0018119999999999248 0 0 0.379746835443038 0.6687898089171974
319 0.0017580999999999847 0 0 0.379746835443038 0.6687898089171974
320 0.0018457000000000612 0 0 0.379746835443038 0.6687898089171974
321 0.0018196000000000323 0 0 0.379746835443038 0.6687898089171974
322 0.001796300000000084 0 0 0.379746835443038 0.6687898089171974
323 0.0018623000000000944 0 0 0.379746835443038 0.6687898089171974
324 0.001824300000000001 0 0 0.379746835443038 0.6687898089171974
325 0.0018511999999999418 0 0 0.379746835443038 0.6687898089171974
326 0.0018969999999999265 0 0 0.379746835443038 0.6687898089171974
327 0.002345700000000006 0 1 0.379746835443038 0.6751592356687898
328 0.0019048000000000398 1 0 0.3924050632911392 0.6751592356687898
329 0.0018643999999999883 0 1 0.3924050632911392 0.6815286624203821
330 0.002315299999999909 0 0 0.3924050632911392 0.6815286624203821
331 0.0020386000000000015 0 0 0.3924050632911392 0.6815286624203821
332 0.00188939999999993 0 0 0.3924050632911392 0.6815286624203821
333 0.002357100000000001 1 0 0.4050632911392405 0.6815286624203821
334 0.002005900000000005 0 0 0.4050632911392405 0.6815286624203821
335 0.0018711999999999618 0 0 0.4050632911392405 0.6815286624203821
336 0.0020972000000000213 0 0 0.4050632911392405 0.6815286624203821
337 0.0018673000000000162 0 1 0.4050632911392405 0.6878980891719745
338 0.0017901000000000167 0 0 0.4050632911392405 0.6878980891719745
339 0.00196570000000007 0 0 0.4050632911392405 0.6878980891719745
340 0.0018091999999999553 0 0 0.4050632911392405 0.6878980891719745
341 0.001760300000000048 0 0 0.4050632911392405 0.6878980891719745
342 0.0018527000000000404 0 0 0.4050632911392405 0.6878980891719745
343 0.002333699999999994 1 0 0.4177215189873418 0.6878980891719745
344 0.001882699999999904 0 0 0.4177215189873418 0.6878980891719745
345 0.0020038999999999474 0 0 0.4177215189873418 0.6878980891719745
346 0.0017508000000000523 0 0 0.4177215189873418 0.6878980891719745
347 0.0019061000000000217 0 0 0.4177215189873418 0.6878980891719745
348 0.0020935999999999177 0 0 0.4177215189873418 0.6878980891719745
349 0.0019871999999999668 0 0 0.4177215189873418 0.6878980891719745
350 0.0018823000000000034 1 0 0.43037974683544306 0.6878980891719745
351 0.00178670000000003 0 0 0.43037974683544306 0.6878980891719745
352 0.0017700000000000493 0 0 0.43037974683544306 0.6878980891719745
353 0.0018276999999999877 0 0 0.43037974683544306 0.6878980891719745
354 0.0018447000000000324 0 0 0.43037974683544306 0.6878980891719745
355 0.001888600000000018 0 1 0.43037974683544306 0.6942675159235668
356 0.0018390999999999824 0 0 0.43037974683544306 0.6942675159235668
357 0.0018064999999999332 0 0 0.43037974683544306 0.6942675159235668
358 0.0018996999999999487 0 1 0.43037974683544306 0.7006369426751592
359 0.002246199999999976 0 0 0.43037974683544306 0.7006369426751592
360 0.0018560000000000798 0 0 0.43037974683544306 0.7006369426751592
361 0.0019232000000000138 0 0 0.43037974683544306 0.7006369426751592
362 0.001887000000000083 0 0 0.43037974683544306 0.7006369426751592
363 0.0018795999999999813 0 0 0.43037974683544306 0.7006369426751592
364 0.0021225999999999745 0 0 0.43037974683544306 0.7006369426751592
365 0.0017700999999999967 0 0 0.43037974683544306 0.7006369426751592
366 0.0017884999999999707 1 0 0.4430379746835443 0.7006369426751592
367 0.0017886999999999764 0 0 0.4430379746835443 0.7006369426751592
368 0.0017710999999999144 1 0 0.45569620253164556 0.7006369426751592
369 0.0017839000000000604 0 0 0.45569620253164556 0.7006369426751592
370 0.0019755999999999663 0 0 0.45569620253164556 0.7006369426751592
371 0.0018086999999999964 0 0 0.45569620253164556 0.7006369426751592
372 0.001817900000000039 0 0 0.45569620253164556 0.7006369426751592
373 0.0019472000000000378 1 0 0.46835443037974683 0.7006369426751592
374 0.001899800000000007 0 1 0.46835443037974683 0.7070063694267515
375 0.002108100000000057 0 0 0.46835443037974683 0.7070063694267515
376 0.0019787999999999473 0 0 0.46835443037974683 0.7070063694267515
377 0.0019167999999999408 0 0 0.46835443037974683 0.7070063694267515
378 0.0019179999999999753 0 1 0.46835443037974683 0.7133757961783439
379 0.0018835999999999853 1 0 0.4810126582278481 0.7133757961783439
380 0.0018825999999999565 0 0 0.4810126582278481 0.7133757961783439
381 0.0018538000000000165 0 0 0.4810126582278481 0.7133757961783439
382 0.002367300000000072 0 1 0.4810126582278481 0.7197452229299363
383 0.0019105000000000372 0 1 0.4810126582278481 0.7261146496815286
384 0.001968100000000028 0 0 0.4810126582278481 0.7261146496815286
385 0.0033984000000000236 1 0 0.4936708860759494 0.7261146496815286
386 0.0019751000000000074 0 0 0.4936708860759494 0.7261146496815286
387 0.0019243999999999373 0 0 0.4936708860759494 0.7261146496815286
388 0.0018076999999999677 0 0 0.4936708860759494 0.7261146496815286
389 0.0019292999999999116 1 0 0.5063291139240507 0.7261146496815286
390 0.0018929999999999225 0 0 0.5063291139240507 0.7261146496815286
391 0.0017732999999999777 0 0 0.5063291139240507 0.7261146496815286
392 0.0019392000000000298 0 0 0.5063291139240507 0.7261146496815286
393 0.0018801000000000512 0 1 0.5063291139240507 0.732484076433121
394 0.001879799999999987 0 0 0.5063291139240507 0.732484076433121
395 0.0018857000000001012 0 0 0.5063291139240507 0.732484076433121
396 0.0018359999999999488 0 0 0.5063291139240507 0.732484076433121
397 0.002305699999999966 0 0 0.5063291139240507 0.732484076433121
398 0.0019700000000000273 0 1 0.5063291139240507 0.7388535031847133
399 0.0020392000000000188 0 0 0.5063291139240507 0.7388535031847133
400 0.0019627999999998202 0 0 0.5063291139240507 0.7388535031847133
401 0.0018880000000001118 0 0 0.5063291139240507 0.7388535031847133
402 0.0018306000000001266 0 0 0.5063291139240507 0.7388535031847133
403 0.0018013000000001167 0 0 0.5063291139240507 0.7388535031847133
404 0.001879500000000034 0 0 0.5063291139240507 0.7388535031847133
405 0.001958199999999799 0 0 0.5063291139240507 0.7388535031847133
406 0.0019531999999999883 0 0 0.5063291139240507 0.7388535031847133
407 0.001867500000000133 1 0 0.5189873417721519 0.7388535031847133
408 0.0018951999999998748 0 0 0.5189873417721519 0.7388535031847133
409 0.0019378000000001006 0 0 0.5189873417721519 0.7388535031847133
410 0.0018876000000001003 0 0 0.5189873417721519 0.7388535031847133
411 0.0019772000000000123 0 0 0.5189873417721519 0.7388535031847133
412 0.001960300000000137 0 0 0.5189873417721519 0.7388535031847133
413 0.001966699999999877 0 0 0.5189873417721519 0.7388535031847133
414 0.0018936000000000508 0 0 0.5189873417721519 0.7388535031847133
415 0.002002499999999907 0 0 0.5189873417721519 0.7388535031847133
416 0.0019173000000001217 0 0 0.5189873417721519 0.7388535031847133
417 0.0018311999999998108 0 0 0.5189873417721519 0.7388535031847133
418 0.0020323999999998232 0 0 0.5189873417721519 0.7388535031847133
419 0.002089700000000194 0 0 0.5189873417721519 0.7388535031847133
420 0.001841399999999993 0 0 0.5189873417721519 0.7388535031847133
421 0.0019860000000000433 1 0 0.5316455696202531 0.7388535031847133
422 0.001947499999999991 0 0 0.5316455696202531 0.7388535031847133
423 0.0018934999999999924 0 0 0.5316455696202531 0.7388535031847133
424 0.0018844999999998446 0 0 0.5316455696202531 0.7388535031847133
425 0.002044299999999888 0 0 0.5316455696202531 0.7388535031847133
426 0.0018133000000000177 0 0 0.5316455696202531 0.7388535031847133
427 0.0019514000000000475 1 1 0.5443037974683544 0.7452229299363057
428 0.0018308999999998576 0 0 0.5443037974683544 0.7452229299363057
429 0.0018180999999999337 1 1 0.5569620253164557 0.7515923566878981
430 0.0018085000000001017 0 0 0.5569620253164557 0.7515923566878981
431 0.0018233000000000832 0 0 0.5569620253164557 0.7515923566878981
432 0.0019628000000000423 0 1 0.5569620253164557 0.7579617834394905
433 0.0023634000000001265 0 0 0.5569620253164557 0.7579617834394905
434 0.003599300000000083 0 0 0.5569620253164557 0.7579617834394905
435 0.002693199999999951 0 0 0.5569620253164557 0.7579617834394905
436 0.0023238999999999344 0 0 0.5569620253164557 0.7579617834394905
437 0.001918199999999981 0 0 0.5569620253164557 0.7579617834394905
438 0.0019420999999999466 0 0 0.5569620253164557 0.7579617834394905
439 0.005306400000000044 0 0 0.5569620253164557 0.7579617834394905
440 0.00243149999999992 0 0 0.5569620253164557 0.7579617834394905
441 0.0021105999999999625 0 0 0.5569620253164557 0.7579617834394905
442 0.001932599999999951 0 0 0.5569620253164557 0.7579617834394905
443 0.002782799999999863 0 0 0.5569620253164557 0.7579617834394905
444 0.0042831999999999315 0 0 0.5569620253164557 0.7579617834394905
445 0.002864399999999989 0 0 0.5569620253164557 0.7579617834394905
446 0.0021891999999998912 0 1 0.5569620253164557 0.7643312101910829
447 0.0019911999999999708 0 0 0.5569620253164557 0.7643312101910829
448 0.0020370000000000665 0 0 0.5569620253164557 0.7643312101910829
449 0.001966499999999982 0 0 0.5569620253164557 0.7643312101910829
450 0.0019698000000001326 1 0 0.569620253164557 0.7643312101910829
451 0.0018998999999999544 0 0 0.569620253164557 0.7643312101910829
452 0.0018481000000001302 0 1 0.569620253164557 0.7707006369426752
453 0.001976100000000036 1 1 0.5822784810126582 0.7770700636942676
454 0.002457900000000013 0 0 0.5822784810126582 0.7770700636942676
455 0.0018742999999998844 0 0 0.5822784810126582 0.7770700636942676
456 0.001818199999999992 0 0 0.5822784810126582 0.7770700636942676
457 0.003049199999999974 0 0 0.5822784810126582 0.7770700636942676
458 0.0019854999999999734 1 0 0.5949367088607594 0.7770700636942676
459 0.0024913999999998104 0 0 0.5949367088607594 0.7770700636942676
460 0.0022569999999999535 0 1 0.5949367088607594 0.7834394904458599
461 0.001926199999999989 0 0 0.5949367088607594 0.7834394904458599
462 0.0024543999999999677 0 0 0.5949367088607594 0.7834394904458599
463 0.0021516000000001423 0 0 0.5949367088607594 0.7834394904458599
464 0.0020031000000000354 0 0 0.5949367088607594 0.7834394904458599
465 0.0024477000000000526 0 0 0.5949367088607594 0.7834394904458599
466 0.001988299999999832 0 0 0.5949367088607594 0.7834394904458599
467 0.0019128999999999952 1 0 0.6075949367088608 0.7834394904458599
468 0.0018768000000000118 0 0 0.6075949367088608 0.7834394904458599
469 0.0019829000000000097 0 0 0.6075949367088608 0.7834394904458599
470 0.0019122000000000305 0 0 0.6075949367088608 0.7834394904458599
471 0.0018731999999999083 0 1 0.6075949367088608 0.7898089171974523
472 0.0018583000000000904 0 0 0.6075949367088608 0.7898089171974523
473 0.0018609000000000542 0 2 0.6075949367088608 0.802547770700637
474 0.002064300000000019 0 0 0.6075949367088608 0.802547770700637
475 0.0019655000000000644 0 0 0.6075949367088608 0.802547770700637
476 0.0022567000000000004 0 0 0.6075949367088608 0.802547770700637
477 0.0018450000000000966 1 0 0.620253164556962 0.802547770700637
478 0.0019884999999999486 0 1 0.620253164556962 0.8089171974522293
479 0.0019158999999999704 0 0 0.620253164556962 0.8089171974522293
480 0.002059299999999986 0 0 0.620253164556962 0.8089171974522293
481 0.0020677000000000056 0 0 0.620253164556962 0.8089171974522293
482 0.0019257999999999775 0 0 0.620253164556962 0.8089171974522293
483 0.0020807000000000464 0 0 0.620253164556962 0.8089171974522293
484 0.002405900000000072 0 0 0.620253164556962 0.8089171974522293
485 0.0021903999999999257 1 0 0.6329113924050633 0.8089171974522293
486 0.0020839000000001384 0 0 0.6329113924050633 0.8089171974522293
487 0.0021657999999999955 0 0 0.6329113924050633 0.8089171974522293
488 0.0020525000000000126 0 0 0.6329113924050633 0.8089171974522293
489 0.0020289999999998365 0 0 0.6329113924050633 0.8089171974522293
490 0.0020124999999999726 0 0 0.6329113924050633 0.8089171974522293
491 0.0019611999999999963 0 0 0.6329113924050633 0.8089171974522293
492 0.002044600000000063 0 0 0.6329113924050633 0.8089171974522293
493 0.0020461000000000507 1 1 0.6455696202531646 0.8152866242038217
494 0.001947799999999944 0 0 0.6455696202531646 0.8152866242038217
495 0.0021283999999999192 0 0 0.6455696202531646 0.8152866242038217
496 0.0023344000000000698 0 0 0.6455696202531646 0.8152866242038217
497 0.002033900000000033 0 0 0.6455696202531646 0.8152866242038217
498 0.0020489999999999675 0 0 0.6455696202531646 0.8152866242038217
499 0.0023682000000000425 0 0 0.6455696202531646 0.8152866242038217
500 0.0021679000000001114 0 0 0.6455696202531646 0.8152866242038217
501 0.0020720000000000738 0 0 0.6455696202531646 0.8152866242038217
502 0.0023199000000000414 0 0 0.6455696202531646 0.8152866242038217
503 0.0019983999999999558 0 0 0.6455696202531646 0.8152866242038217
504 0.0020801999999999765 0 0 0.6455696202531646 0.8152866242038217
505 0.0024470999999999243 0 0 0.6455696202531646 0.8152866242038217
506 0.0018607999999999958 0 0 0.6455696202531646 0.8152866242038217
507 0.0018438999999998984 0 0 0.6455696202531646 0.8152866242038217
508 0.0023887999999998577 0 0 0.6455696202531646 0.8152866242038217
509 0.0018305999999999045 0 0 0.6455696202531646 0.8152866242038217
510 0.001813099999999901 0 0 0.6455696202531646 0.8152866242038217
511 0.002063799999999949 0 0 0.6455696202531646 0.8152866242038217
512 0.002034400000000103 0 0 0.6455696202531646 0.8152866242038217
513 0.0019324000000000563 0 0 0.6455696202531646 0.8152866242038217
514 0.0020138000000000655 0 0 0.6455696202531646 0.8152866242038217
515 0.0020185999999999815 0 0 0.6455696202531646 0.8152866242038217
516 0.0019082000000001376 0 0 0.6455696202531646 0.8152866242038217
517 0.0023576000000000708 0 0 0.6455696202531646 0.8152866242038217
518 0.0022709000000000756 0 0 0.6455696202531646 0.8152866242038217
519 0.0019705999999999335 0 0 0.6455696202531646 0.8152866242038217
520 0.0019185000000001562 0 0 0.6455696202531646 0.8152866242038217
521 0.002105600000000152 0 0 0.6455696202531646 0.8152866242038217
522 0.002042199999999994 0 0 0.6455696202531646 0.8152866242038217
523 0.0020435999999999233 0 0 0.6455696202531646 0.8152866242038217
524 0.0019940999999998876 1 0 0.6582278481012658 0.8152866242038217
525 0.002088300000000043 0 0 0.6582278481012658 0.8152866242038217
526 0.0020872000000000668 0 0 0.6582278481012658 0.8152866242038217
527 0.0021801999999999655 0 0 0.6582278481012658 0.8152866242038217
528 0.0019975999999999328 1 0 0.6708860759493671 0.8152866242038217
529 0.0020900000000001473 0 1 0.6708860759493671 0.821656050955414
530 0.002059499999999881 0 0 0.6708860759493671 0.821656050955414
531 0.0019550999999999874 0 0 0.6708860759493671 0.821656050955414
532 0.001934700000000067 0 0 0.6708860759493671 0.821656050955414
533 0.0019969999999998045 0 0 0.6708860759493671 0.821656050955414
534 0.0019765000000000477 0 0 0.6708860759493671 0.821656050955414
535 0.0019619999999997972 0 0 0.6708860759493671 0.821656050955414
536 0.001972099999999921 0 0 0.6708860759493671 0.821656050955414
537 0.0020818000000000225 1 1 0.6835443037974683 0.8280254777070064
538 0.002068300000000134 0 0 0.6835443037974683 0.8280254777070064
539 0.002242499999999925 0 0 0.6835443037974683 0.8280254777070064
540 0.002052100000000001 0 0 0.6835443037974683 0.8280254777070064
541 0.0019716999999999096 1 1 0.6962025316455697 0.8343949044585988
542 0.0019375999999999838 0 0 0.6962025316455697 0.8343949044585988
543 0.0019407999999998538 1 0 0.7088607594936709 0.8343949044585988
544 0.0020697999999998995 0 0 0.7088607594936709 0.8343949044585988
545 0.00207259999999998 0 0 0.7088607594936709 0.8343949044585988
546 0.0021210000000000395 0 0 0.7088607594936709 0.8343949044585988
547 0.002282200000000012 0 0 0.7088607594936709 0.8343949044585988
548 0.0020933000000000757 0 1 0.7088607594936709 0.8407643312101911
549 0.002036099999999985 0 0 0.7088607594936709 0.8407643312101911
550 0.0021118999999998334 0 0 0.7088607594936709 0.8407643312101911
551 0.002078699999999989 0 0 0.7088607594936709 0.8407643312101911
552 0.002105600000000152 0 0 0.7088607594936709 0.8407643312101911
553 0.0020999000000001544 0 0 0.7088607594936709 0.8407643312101911
554 0.0020252999999998966 0 0 0.7088607594936709 0.8407643312101911
555 0.0020778000000001295 1 1 0.7215189873417721 0.8471337579617835
556 0.002104099999999942 1 1 0.7341772151898734 0.8535031847133758
557 0.0021023000000000014 1 1 0.7468354430379747 0.8598726114649682
558 0.002215200000000195 0 0 0.7468354430379747 0.8598726114649682
559 0.002036300000000102 0 0 0.7468354430379747 0.8598726114649682
560 0.0024239999999999817 1 1 0.759493670886076 0.8662420382165605
561 0.002162499999999845 0 0 0.759493670886076 0.8662420382165605
562 0.002071799999999957 0 0 0.759493670886076 0.8662420382165605
563 0.001993400000000145 0 0 0.759493670886076 0.8662420382165605
564 0.0021708999999998646 0 0 0.759493670886076 0.8662420382165605
565 0.00196060000000009 0 0 0.759493670886076 0.8662420382165605
566 0.0020255000000000134 1 1 0.7721518987341772 0.8726114649681529
567 0.0021180000000000643 0 0 0.7721518987341772 0.8726114649681529
568 0.0021522000000000485 0 0 0.7721518987341772 0.8726114649681529
569 0.002081400000000011 0 0 0.7721518987341772 0.8726114649681529
570 0.0020362000000000435 1 0 0.7848101265822784 0.8726114649681529
571 0.0019015000000000004 0 0 0.7848101265822784 0.8726114649681529
572 0.00205500000000014 0 0 0.7848101265822784 0.8726114649681529
573 0.002166700000000077 0 0 0.7848101265822784 0.8726114649681529
574 0.0021168000000000298 0 0 0.7848101265822784 0.8726114649681529
575 0.002055300000000093 1 0 0.7974683544303798 0.8726114649681529
576 0.0020792000000000588 0 0 0.7974683544303798 0.8726114649681529
577 0.00210890000000008 0 0 0.7974683544303798 0.8726114649681529
578 0.0020796000000000703 0 0 0.7974683544303798 0.8726114649681529
579 0.0019207000000001084 0 0 0.7974683544303798 0.8726114649681529
580 0.00216649999999996 0 0 0.7974683544303798 0.8726114649681529
581 0.0019940000000000513 0 0 0.7974683544303798 0.8726114649681529
582 0.001994999999999969 0 0 0.7974683544303798 0.8726114649681529
583 0.0020515999999999313 0 0 0.7974683544303798 0.8726114649681529
584 0.0019535999999999998 0 0 0.7974683544303798 0.8726114649681529
585 0.0021085000000000687 1 0 0.810126582278481 0.8726114649681529
586 0.0019250999999997909 0 0 0.810126582278481 0.8726114649681529
587 0.00213019999999986 0 0 0.810126582278481 0.8726114649681529
588 0.002129700000000012 0 0 0.810126582278481 0.8726114649681529
589 0.0021373000000000086 0 0 0.810126582278481 0.8726114649681529
590 0.0020167000000002044 0 0 0.810126582278481 0.8726114649681529
591 0.002025900000000025 0 0 0.810126582278481 0.8726114649681529
592 0.0021193999999999935 0 0 0.810126582278481 0.8726114649681529
593 0.0020719000000000154 1 0 0.8227848101265823 0.8726114649681529
594 0.002128800000000153 0 0 0.8227848101265823 0.8726114649681529
595 0.0020997000000000376 0 0 0.8227848101265823 0.8726114649681529
596 0.002153399999999861 0 1 0.8227848101265823 0.8789808917197452
597 0.00217069999999997 0 0 0.8227848101265823 0.8789808917197452
598 0.0020269000000001647 0 0 0.8227848101265823 0.8789808917197452
599 0.0021607999999999628 1 1 0.8354430379746836 0.8853503184713376
600 0.002099499999999921 0 0 0.8354430379746836 0.8853503184713376
601 0.0021188000000000873 0 0 0.8354430379746836 0.8853503184713376
602 0.0023212000000001343 0 0 0.8354430379746836 0.8853503184713376
603 0.001967799999999853 0 0 0.8354430379746836 0.8853503184713376
604 0.0021423999999998777 0 0 0.8354430379746836 0.8853503184713376
605 0.002348900000000098 0 0 0.8354430379746836 0.8853503184713376
606 0.0020000000000000018 0 0 0.8354430379746836 0.8853503184713376
607 0.0019679999999999698 0 0 0.8354430379746836 0.8853503184713376
608 0.0020588000000001383 0 0 0.8354430379746836 0.8853503184713376
609 0.002083499999999905 0 1 0.8354430379746836 0.89171974522293
610 0.0020523999999999543 0 0 0.8354430379746836 0.89171974522293
611 0.002074699999999874 1 1 0.8481012658227848 0.8980891719745223
612 0.0022458000000000755 0 0 0.8481012658227848 0.8980891719745223
613 0.0021766999999999204 0 0 0.8481012658227848 0.8980891719745223
614 0.002175200000000155 0 0 0.8481012658227848 0.8980891719745223
615 0.0020906000000000535 0 0 0.8481012658227848 0.8980891719745223
616 0.0019519000000001174 0 0 0.8481012658227848 0.8980891719745223
617 0.0021124000000001253 0 0 0.8481012658227848 0.8980891719745223
618 0.002092900000000064 0 0 0.8481012658227848 0.8980891719745223
619 0.0021542999999999424 0 0 0.8481012658227848 0.8980891719745223
620 0.0020227999999999913 0 0 0.8481012658227848 0.8980891719745223
621 0.002013400000000054 0 0 0.8481012658227848 0.8980891719745223
622 0.002073400000000003 0 0 0.8481012658227848 0.8980891719745223
623 0.002280899999999919 1 1 0.8607594936708861 0.9044585987261147
624 0.0019591000000001024 0 1 0.8607594936708861 0.910828025477707
625 0.0024420000000000552 0 0 0.8607594936708861 0.910828025477707
626 0.0022564999999998836 1 0 0.8734177215189873 0.910828025477707
627 0.002200300000000155 0 0 0.8734177215189873 0.910828025477707
628 0.002568099999999962 0 0 0.8734177215189873 0.910828025477707
629 0.002226699999999804 0 0 0.8734177215189873 0.910828025477707
630 0.0020710999999999924 0 1 0.8734177215189873 0.9171974522292994
631 0.0021751999999999327 0 0 0.8734177215189873 0.9171974522292994
632 0.0021159000000001704 0 0 0.8734177215189873 0.9171974522292994
633 0.002092900000000064 0 0 0.8734177215189873 0.9171974522292994
634 0.002155499999999977 0 0 0.8734177215189873 0.9171974522292994
635 0.0020191999999998878 0 0 0.8734177215189873 0.9171974522292994
636 0.002079299999999895 0 1 0.8734177215189873 0.9235668789808917
637 0.002200900000000061 0 0 0.8734177215189873 0.9235668789808917
638 0.0021351000000000564 0 0 0.8734177215189873 0.9235668789808917
639 0.0020647000000000304 0 0 0.8734177215189873 0.9235668789808917
640 0.002119800000000005 0 0 0.8734177215189873 0.9235668789808917
641 0.002043200000000134 0 0 0.8734177215189873 0.9235668789808917
642 0.002023799999999909 0 0 0.8734177215189873 0.9235668789808917
643 0.002094199999999935 0 0 0.8734177215189873 0.9235668789808917
644 0.0020716999999998986 0 0 0.8734177215189873 0.9235668789808917
645 0.0020905999999998315 0 0 0.8734177215189873 0.9235668789808917
646 0.002069899999999958 0 0 0.8734177215189873 0.9235668789808917
647 0.0021647000000000194 0 0 0.8734177215189873 0.9235668789808917
648 0.0020852999999998456 0 0 0.8734177215189873 0.9235668789808917
649 0.0019534999999999414 0 0 0.8734177215189873 0.9235668789808917
650 0.0020645000000001357 0 0 0.8734177215189873 0.9235668789808917
651 0.002160899999999799 0 1 0.8734177215189873 0.9299363057324841
652 0.0021575000000000344 0 0 0.8734177215189873 0.9299363057324841
653 0.002119299999999935 0 0 0.8734177215189873 0.9299363057324841
654 0.0020735000000000614 1 0 0.8860759493670886 0.9299363057324841
655 0.002200299999999933 0 0 0.8860759493670886 0.9299363057324841
656 0.002258700000000058 0 0 0.8860759493670886 0.9299363057324841
657 0.0020532999999998136 0 0 0.8860759493670886 0.9299363057324841
658 0.0021058000000000465 0 0 0.8860759493670886 0.9299363057324841
659 0.0020838999999999164 0 0 0.8860759493670886 0.9299363057324841
660 0.002185700000000068 0 0 0.8860759493670886 0.9299363057324841
661 0.00212430000000019 0 0 0.8860759493670886 0.9299363057324841
662 0.00222089999999997 0 0 0.8860759493670886 0.9299363057324841
663 0.0021051999999999182 0 0 0.8860759493670886 0.9299363057324841
664 0.0028287999999998537 0 0 0.8860759493670886 0.9299363057324841
665 0.002857400000000121 1 1 0.8987341772151899 0.9363057324840764
666 0.0029890000000001304 0 0 0.8987341772151899 0.9363057324840764
667 0.00273229999999991 0 0 0.8987341772151899 0.9363057324840764
668 0.0031205000000000815 1 0 0.9113924050632911 0.9363057324840764
669 0.0029037000000000646 0 0 0.9113924050632911 0.9363057324840764
670 0.0028719999999999857 0 0 0.9113924050632911 0.9363057324840764
671 0.002944899999999917 0 0 0.9113924050632911 0.9363057324840764
672 0.002885699999999991 0 0 0.9113924050632911 0.9363057324840764
673 0.002032800000000057 0 0 0.9113924050632911 0.9363057324840764
674 0.0022519000000000844 0 0 0.9113924050632911 0.9363057324840764
675 0.002662699999999907 0 0 0.9113924050632911 0.9363057324840764
676 0.0022772000000002013 0 0 0.9113924050632911 0.9363057324840764
677 0.00205500000000014 0 0 0.9113924050632911 0.9363057324840764
678 0.0021854999999999514 0 0 0.9113924050632911 0.9363057324840764
679 0.0022793999999999315 0 0 0.9113924050632911 0.9363057324840764
680 0.0021820999999999646 0 0 0.9113924050632911 0.9363057324840764
681 0.002080599999999988 1 0 0.9240506329113924 0.9363057324840764
682 0.0022945999999999245 0 0 0.9240506329113924 0.9363057324840764
683 0.002218199999999948 0 0 0.9240506329113924 0.9363057324840764
684 0.002452599999999805 0 0 0.9240506329113924 0.9363057324840764
685 0.00218089999999993 0 0 0.9240506329113924 0.9363057324840764
686 0.002130200000000082 0 1 0.9240506329113924 0.9426751592356688
687 0.002313900000000091 0 0 0.9240506329113924 0.9426751592356688
688 0.002220099999999947 0 0 0.9240506329113924 0.9426751592356688
689 0.002351500000000062 0 1 0.9240506329113924 0.9490445859872612
690 0.002861699999999967 0 0 0.9240506329113924 0.9490445859872612
691 0.002288899999999927 0 0 0.9240506329113924 0.9490445859872612
692 0.0021820999999999646 0 0 0.9240506329113924 0.9490445859872612
693 0.002277700000000049 0 0 0.9240506329113924 0.9490445859872612
694 0.0029973000000000916 0 0 0.9240506329113924 0.9490445859872612
695 0.0021564000000000583 0 1 0.9240506329113924 0.9554140127388535
696 0.002154200000000106 0 0 0.9240506329113924 0.9554140127388535
697 0.0024303999999999437 0 0 0.9240506329113924 0.9554140127388535
698 0.0021086999999999634 0 0 0.9240506329113924 0.9554140127388535
699 0.0021178000000001695 0 0 0.9240506329113924 0.9554140127388535
700 0.002136300000000091 0 0 0.9240506329113924 0.9554140127388535
701 0.002269699999999819 0 0 0.9240506329113924 0.9554140127388535
702 0.0023351999999998707 0 0 0.9240506329113924 0.9554140127388535
703 0.002189100000000055 1 0 0.9367088607594937 0.9554140127388535
704 0.002204600000000001 0 0 0.9367088607594937 0.9554140127388535
705 0.002112299999999845 0 0 0.9367088607594937 0.9554140127388535
706 0.0021193999999999935 0 0 0.9367088607594937 0.9554140127388535
707 0.0020971999999999102 0 0 0.9367088607594937 0.9554140127388535
708 0.002327799999999991 0 0 0.9367088607594937 0.9554140127388535
709 0.002095300000000133 0 0 0.9367088607594937 0.9554140127388535
710 0.0029599000000000153 0 0 0.9367088607594937 0.9554140127388535
711 0.0029126999999999903 0 0 0.9367088607594937 0.9554140127388535
712 0.0030023999999999607 0 0 0.9367088607594937 0.9554140127388535
713 0.0026862999999999193 0 0 0.9367088607594937 0.9554140127388535
714 0.002986799999999956 0 0 0.9367088607594937 0.9554140127388535
715 0.0023740000000000983 0 0 0.9367088607594937 0.9554140127388535
716 0.0020871000000000084 0 0 0.9367088607594937 0.9554140127388535
717 0.002176299999999909 0 0 0.9367088607594937 0.9554140127388535
718 0.0020675999999999473 0 0 0.9367088607594937 0.9554140127388535
719 0.002241700000000124 0 0 0.9367088607594937 0.9554140127388535
720 0.0020188999999999346 0 0 0.9367088607594937 0.9554140127388535
721 0.002217399999999925 0 0 0.9367088607594937 0.9554140127388535
722 0.0021657999999999955 0 0 0.9367088607594937 0.9554140127388535
723 0.0021499999999998742 0 0 0.9367088607594937 0.9554140127388535
724 0.0022733000000001446 0 0 0.9367088607594937 0.9554140127388535
725 0.0026545999999998404 1 0 0.9493670886075949 0.9554140127388535
726 0.0021373000000000086 0 0 0.9493670886075949 0.9554140127388535
727 0.0020522000000000595 0 0 0.9493670886075949 0.9554140127388535
728 0.00208750000000002 0 0 0.9493670886075949 0.9554140127388535
729 0.002150199999999991 0 0 0.9493670886075949 0.9554140127388535
730 0.0020611999999999853 0 0 0.9493670886075949 0.9554140127388535
731 0.0022059999999999302 0 0 0.9493670886075949 0.9554140127388535
732 0.002267800000000042 0 1 0.9493670886075949 0.9617834394904459
733 0.0025452000000001362 0 0 0.9493670886075949 0.9617834394904459
734 0.0022055999999999187 0 0 0.9493670886075949 0.9617834394904459
735 0.002238500000000032 0 0 0.9493670886075949 0.9617834394904459
736 0.002178699999999978 0 0 0.9493670886075949 0.9617834394904459
737 0.00231950000000003 0 0 0.9493670886075949 0.9617834394904459
738 0.002191000000000054 0 0 0.9493670886075949 0.9617834394904459
739 0.0021276999999999546 1 0 0.9620253164556962 0.9617834394904459
740 0.00228969999999995 0 0 0.9620253164556962 0.9617834394904459
741 0.0020552000000000348 0 0 0.9620253164556962 0.9617834394904459
742 0.0023268999999999096 0 0 0.9620253164556962 0.9617834394904459
743 0.002160900000000021 0 0 0.9620253164556962 0.9617834394904459
744 0.002116599999999913 0 0 0.9620253164556962 0.9617834394904459
745 0.0022353999999999985 0 0 0.9620253164556962 0.9617834394904459
746 0.0022283999999999082 0 0 0.9620253164556962 0.9617834394904459
747 0.00208800000000009 0 0 0.9620253164556962 0.9617834394904459
748 0.0021374999999999034 0 0 0.9620253164556962 0.9617834394904459
749 0.0020660999999999596 0 0 0.9620253164556962 0.9617834394904459
750 0.002176299999999909 0 0 0.9620253164556962 0.9617834394904459
751 0.002123499999999945 0 0 0.9620253164556962 0.9617834394904459
752 0.0021522000000000485 0 0 0.9620253164556962 0.9617834394904459
753 0.0021793999999999425 0 0 0.9620253164556962 0.9617834394904459
754 0.0021356999999999626 0 0 0.9620253164556962 0.9617834394904459
755 0.0022415000000000074 0 0 0.9620253164556962 0.9617834394904459
756 0.0021596999999999866 0 0 0.9620253164556962 0.9617834394904459
757 0.002124600000000143 0 0 0.9620253164556962 0.9617834394904459
758 0.0021572000000000813 0 0 0.9620253164556962 0.9617834394904459
759 0.002114199999999844 0 0 0.9620253164556962 0.9617834394904459
760 0.0020678999999999004 0 0 0.9620253164556962 0.9617834394904459
761 0.0021354000000000095 0 0 0.9620253164556962 0.9617834394904459
762 0.0021694999999999354 0 0 0.9620253164556962 0.9617834394904459
763 0.002260299999999882 0 0 0.9620253164556962 0.9617834394904459
764 0.002304100000000142 0 0 0.9620253164556962 0.9617834394904459
765 0.0026769999999998184 0 0 0.9620253164556962 0.9617834394904459
766 0.002256399999999825 0 0 0.9620253164556962 0.9617834394904459
767 0.002364299999999986 0 0 0.9620253164556962 0.9617834394904459
768 0.0022451999999999472 0 0 0.9620253164556962 0.9617834394904459
769 0.0021164999999998546 0 0 0.9620253164556962 0.9617834394904459
770 0.00222459999999991 0 0 0.9620253164556962 0.9617834394904459
771 0.002223300000000039 0 0 0.9620253164556962 0.9617834394904459
772 0.0021591000000000804 0 0 0.9620253164556962 0.9617834394904459
773 0.002285899999999952 0 0 0.9620253164556962 0.9617834394904459
774 0.0021632000000000318 0 0 0.9620253164556962 0.9617834394904459
775 0.0022052000000001293 0 0 0.9620253164556962 0.9617834394904459
776 0.003082999999999947 0 0 0.9620253164556962 0.9617834394904459
777 0.0029807000000001693 0 0 0.9620253164556962 0.9617834394904459
778 0.0030102999999999103 0 0 0.9620253164556962 0.9617834394904459
779 0.003019000000000105 0 0 0.9620253164556962 0.9617834394904459
780 0.002755000000000063 0 0 0.9620253164556962 0.9617834394904459
781 0.0029292999999999125 0 0 0.9620253164556962 0.9617834394904459
782 0.002882700000000016 0 0 0.9620253164556962 0.9617834394904459
783 0.002138500000000043 0 0 0.9620253164556962 0.9617834394904459
784 0.0022741000000001677 0 0 0.9620253164556962 0.9617834394904459
785 0.0021725000000001327 0 0 0.9620253164556962 0.9617834394904459
786 0.0022685000000000066 0 0 0.9620253164556962 0.9617834394904459
787 0.0020716000000000623 0 0 0.9620253164556962 0.9617834394904459
788 0.0023336000000000467 0 0 0.9620253164556962 0.9617834394904459
789 0.0021790999999999894 0 0 0.9620253164556962 0.9617834394904459
790 0.0021431000000000644 0 0 0.9620253164556962 0.9617834394904459
791 0.0022396000000000083 0 0 0.9620253164556962 0.9617834394904459
792 0.002299799999999852 0 0 0.9620253164556962 0.9617834394904459
793 0.002293400000000112 0 0 0.9620253164556962 0.9617834394904459
794 0.00221070000000001 0 0 0.9620253164556962 0.9617834394904459
795 0.0022809999999999775 1 0 0.9746835443037974 0.9617834394904459
796 0.002231799999999895 0 0 0.9746835443037974 0.9617834394904459
797 0.002428600000000003 0 0 0.9746835443037974 0.9617834394904459
798 0.002253700000000025 0 0 0.9746835443037974 0.9617834394904459
799 0.0022569999999999535 1 0 0.9873417721518988 0.9617834394904459
800 0.002299800000000074 0 1 0.9873417721518988 0.9681528662420382
801 0.0022708999999998536 0 0 0.9873417721518988 0.9681528662420382
802 0.0023497999999999575 0 0 0.9873417721518988 0.9681528662420382
803 0.0024180999999998676 0 0 0.9873417721518988 0.9681528662420382
804 0.002105900000000105 0 0 0.9873417721518988 0.9681528662420382
805 0.0022737999999999925 0 0 0.9873417721518988 0.9681528662420382
806 0.002261899999999928 0 0 0.9873417721518988 0.9681528662420382
807 0.0023306000000000715 0 1 0.9873417721518988 0.9745222929936306
808 0.0021378000000000785 0 0 0.9873417721518988 0.9745222929936306
809 0.0023850000000000815 0 0 0.9873417721518988 0.9745222929936306
810 0.002337699999999998 0 0 0.9873417721518988 0.9745222929936306
811 0.0021575000000000344 0 0 0.9873417721518988 0.9745222929936306
812 0.0022897999999997865 0 0 0.9873417721518988 0.9745222929936306
813 0.0022330000000003736 0 0 0.9873417721518988 0.9745222929936306
814 0.0022436999999997376 0 0 0.9873417721518988 0.9745222929936306
815 0.0020020000000000593 0 0 0.9873417721518988 0.9745222929936306
816 0.0021489999999997345 0 0 0.9873417721518988 0.9745222929936306
817 0.0021309000000000466 0 1 0.9873417721518988 0.9808917197452229
818 0.0024324000000000012 0 0 0.9873417721518988 0.9808917197452229
819 0.0022533000000000136 1 0 1.0 0.9808917197452229
820 0.002105400000000035 0 0 1.0 0.9808917197452229
821 0.002276900000000026 0 0 1.0 0.9808917197452229
822 0.0021146000000000775 0 0 1.0 0.9808917197452229
823 0.0024516999999999456 0 0 1.0 0.9808917197452229
824 0.0020671999999999358 0 0 1.0 0.9808917197452229
825 0.0021668999999997496 0 0 1.0 0.9808917197452229
826 0.0022804999999999076 0 0 1.0 0.9808917197452229
827 0.0025623000000001284 0 1 1.0 0.9872611464968153
828 0.002318799999999843 0 0 1.0 0.9872611464968153
829 0.002313400000000243 0 0 1.0 0.9872611464968153
830 0.002217899999999773 0 0 1.0 0.9872611464968153
831 0.0021843999999999753 0 0 1.0 0.9872611464968153
832 0.002184800000000209 0 0 1.0 0.9872611464968153
833 0.0025021000000000626 0 0 1.0 0.9872611464968153
834 0.0022437000000001817 0 1 1.0 0.9936305732484076
835 0.0021743000000000734 0 1 1.0 1.0
