110 0.5 1.0
1 0.002336699999999997 0 0 0.0 0.5023041474654378
2 0.002342800000000006 1 0 0.009174311926605505 0.5023041474654378
3 0.0022233000000000114 1 1 0.01834862385321101 0.5069124423963134
4 0.0021658999999999984 1 1 0.027522935779816515 0.511520737327189
5 0.00235390000000002 1 1 0.03669724770642202 0.5161290322580645
6 0.0025349000000000066 1 1 0.045871559633027525 0.5207373271889401
7 0.0026451999999999587 1 1 0.05504587155963303 0.5253456221198156
8 0.002510599999999974 1 1 0.06422018348623854 0.5299539170506913
9 0.003990300000000002 1 1 0.07339449541284404 0.5345622119815668
10 0.002551599999999987 0 0 0.07339449541284404 0.5345622119815668
11 0.00252730000000001 1 1 0.08256880733944955 0.5391705069124424
12 0.002334999999999976 1 1 0.09174311926605505 0.543778801843318
13 0.002366600000000052 0 0 0.09174311926605505 0.543778801843318
14 0.002563700000000002 1 1 0.10091743119266056 0.5483870967741935
15 0.0026628000000000207 1 1 0.11009174311926606 0.5529953917050692
16 0.002750699999999995 1 1 0.11926605504587157 0.5576036866359447
17 0.002439899999999995 1 1 0.12844036697247707 0.5622119815668203
18 0.002542700000000009 0 0 0.12844036697247707 0.5622119815668203
19 0.002506200000000014 0 0 0.12844036697247707 0.5622119815668203
20 0.0025972000000000217 0 0 0.12844036697247707 0.5622119815668203
21 0.002700900000000006 1 1 0.13761467889908258 0.5668202764976958
22 0.002532599999999996 0 0 0.13761467889908258 0.5668202764976958
23 0.002531899999999976 0 0 0.13761467889908258 0.5668202764976958
24 0.0026683000000000123 1 1 0.14678899082568808 0.5714285714285714
25 0.0026368999999999976 0 0 0.14678899082568808 0.5714285714285714
26 0.002402100000000018 1 1 0.1559633027522936 0.576036866359447
27 0.0025623000000000173 1 1 0.1651376146788991 0.5806451612903226
28 0.0026267000000000373 1 1 0.1743119266055046 0.5852534562211982
29 0.002529899999999974 1 1 0.1834862385321101 0.5898617511520737
30 0.002762399999999998 1 1 0.1926605504587156 0.5944700460829493
31 0.002583000000000002 1 1 0.2018348623853211 0.5990783410138248
32 0.0025340999999999836 1 1 0.21100917431192662 0.6036866359447005
33 0.002589299999999961 1 1 0.22018348623853212 0.6082949308755761
34 0.0027461999999999764 0 0 0.22018348623853212 0.6082949308755761
35 0.005127300000000001 1 1 0.22935779816513763 0.6129032258064516
36 0.004790799999999984 1 1 0.23853211009174313 0.6175115207373272
37 0.002944300000000011 0 0 0.23853211009174313 0.6175115207373272
38 0.003215799999999991 0 0 0.23853211009174313 0.6175115207373272
39 0.0032283999999999646 0 0 0.23853211009174313 0.6175115207373272
40 0.002906400000000031 0 0 0.23853211009174313 0.6175115207373272
41 0.0027794999999999903 0 0 0.23853211009174313 0.6175115207373272
42 0.0025491999999999737 0 0 0.23853211009174313 0.6175115207373272
43 0.002751899999999974 0 0 0.23853211009174313 0.6175115207373272
44 0.002594299999999994 1 1 0.24770642201834864 0.6221198156682027
45 0.002555500000000044 0 0 0.24770642201834864 0.6221198156682027
46 0.002642399999999989 1 1 0.25688073394495414 0.6267281105990783
47 0.00254679999999996 0 0 0.25688073394495414 0.6267281105990783
48 0.0027737000000000456 0 0 0.25688073394495414 0.6267281105990783
49 0.002771400000000035 1 1 0.26605504587155965 0.631336405529954
50 0.002603800000000045 0 0 0.26605504587155965 0.631336405529954
51 0.0027339000000000113 1 1 0.27522935779816515 0.6359447004608295
52 0.002769799999999989 1 1 0.28440366972477066 0.6405529953917051
53 0.0025551999999999797 1 1 0.29357798165137616 0.6451612903225806
54 0.0028334000000000414 0 0 0.29357798165137616 0.6451612903225806
55 0.002764999999999962 1 1 0.30275229357798167 0.6497695852534562
56 0.0025330000000000075 1 1 0.3119266055045872 0.6543778801843319
57 0.004483099999999962 1 1 0.3211009174311927 0.6589861751152074
58 0.0027903999999999707 1 1 0.3302752293577982 0.663594470046083
59 0.0029722999999999833 0 0 0.3302752293577982 0.663594470046083
60 0.0026761000000000146 1 1 0.3394495412844037 0.6682027649769585
61 0.0028334000000000414 0 0 0.3394495412844037 0.6682027649769585
62 0.002624000000000015 0 0 0.3394495412844037 0.6682027649769585
63 0.002777699999999994 1 1 0.3486238532110092 0.6728110599078341
64 0.002637400000000012 0 0 0.3486238532110092 0.6728110599078341
65 0.002766700000000011 0 0 0.3486238532110092 0.6728110599078341
66 0.0028809000000000196 1 1 0.3577981651376147 0.6774193548387096
67 0.0027608000000000077 0 0 0.3577981651376147 0.6774193548387096
68 0.002692799999999995 1 1 0.3669724770642202 0.6820276497695853
69 0.0028823999999999517 0 0 0.3669724770642202 0.6820276497695853
70 0.0027530000000000054 1 1 0.3761467889908257 0.6866359447004609
71 0.002678600000000031 1 1 0.3853211009174312 0.6912442396313364
72 0.002729199999999987 1 1 0.3944954128440367 0.695852534562212
73 0.0027802000000000104 0 0 0.3944954128440367 0.695852534562212
74 0.002926299999999993 0 0 0.3944954128440367 0.695852534562212
75 0.002833299999999983 1 1 0.4036697247706422 0.7004608294930875
76 0.002914899999999998 0 0 0.4036697247706422 0.7004608294930875
77 0.00279299999999999 1 1 0.41284403669724773 0.7050691244239631
78 0.0029722999999999833 0 0 0.41284403669724773 0.7050691244239631
79 0.0027614999999999723 0 0 0.41284403669724773 0.7050691244239631
80 0.0028673999999999644 1 1 0.42201834862385323 0.7096774193548387
81 0.0028547999999999907 0 0 0.42201834862385323 0.7096774193548387
82 0.0029289999999999594 1 1 0.43119266055045874 0.7142857142857143
83 0.002798500000000037 0 0 0.43119266055045874 0.7142857142857143
84 0.002871699999999977 0 0 0.43119266055045874 0.7142857142857143
85 0.0028156999999999766 1 1 0.44036697247706424 0.7188940092165899
86 0.0027943999999999747 1 1 0.44954128440366975 0.7235023041474654
87 0.0030383000000000493 1 1 0.45871559633027525 0.728110599078341
88 0.002989199999999914 1 1 0.46788990825688076 0.7327188940092166
89 0.0027901000000000176 1 1 0.47706422018348627 0.7373271889400922
90 0.002835299999999985 0 0 0.47706422018348627 0.7373271889400922
91 0.002905999999999964 1 1 0.48623853211009177 0.7419354838709677
92 0.002862699999999996 1 1 0.4954128440366973 0.7465437788018433
93 0.0027641999999999944 0 0 0.4954128440366973 0.7465437788018433
94 0.002834200000000009 0 0 0.4954128440366973 0.7465437788018433
95 0.002837699999999943 1 1 0.5045871559633027 0.7511520737327189
96 0.002801100000000001 1 1 0.5137614678899083 0.7557603686635944
97 0.003041399999999972 0 0 0.5137614678899083 0.7557603686635944
98 0.0030438999999999883 1 1 0.5229357798165137 0.7603686635944701
99 0.0029359999999999387 1 1 0.5321100917431193 0.7649769585253456
100 0.0029578000000000104 0 0 0.5321100917431193 0.7649769585253456
101 0.002885099999999974 1 1 0.5412844036697247 0.7695852534562212
102 0.002763599999999977 0 0 0.5412844036697247 0.7695852534562212
103 0.002989400000000031 1 1 0.5504587155963303 0.7741935483870968
104 0.0028958999999999513 1 1 0.5596330275229358 0.7788018433179723
105 0.0029796999999999185 0 0 0.5596330275229358 0.7788018433179723
106 0.0029911000000000243 0 0 0.5596330275229358 0.7788018433179723
107 0.002938800000000019 0 0 0.5596330275229358 0.7788018433179723
108 0.0029167999999999417 0 0 0.5596330275229358 0.7788018433179723
109 0.0029464000000000157 0 0 0.5596330275229358 0.7788018433179723
110 0.0029506000000000254 1 1 0.5688073394495413 0.783410138248848
111 0.0031181000000000125 1 1 0.5779816513761468 0.7880184331797235
112 0.0029753999999999614 0 0 0.5779816513761468 0.7880184331797235
113 0.0030641999999999614 0 0 0.5779816513761468 0.7880184331797235
114 0.0031046999999999603 0 0 0.5779816513761468 0.7880184331797235
115 0.003224099999999952 0 0 0.5779816513761468 0.7880184331797235
116 0.003112900000000085 1 1 0.5871559633027523 0.7926267281105991
117 0.0032632000000000216 0 0 0.5871559633027523 0.7926267281105991
118 0.003076399999999979 0 0 0.5871559633027523 0.7926267281105991
119 0.0031725000000000225 0 0 0.5871559633027523 0.7926267281105991
120 0.0029838999999999283 0 0 0.5871559633027523 0.7926267281105991
121 0.003194200000000036 0 0 0.5871559633027523 0.7926267281105991
122 0.0032979000000000758 1 1 0.5963302752293578 0.7972350230414746
123 0.0031406999999999963 0 0 0.5963302752293578 0.7972350230414746
124 0.002943299999999982 0 0 0.5963302752293578 0.7972350230414746
125 0.0029063999999999757 0 0 0.5963302752293578 0.7972350230414746
126 0.003087800000000085 0 0 0.5963302752293578 0.7972350230414746
127 0.003016100000000077 0 0 0.5963302752293578 0.7972350230414746
128 0.003393999999999897 1 1 0.6055045871559633 0.8018433179723502
129 0.003087799999999974 0 0 0.6055045871559633 0.8018433179723502
130 0.0032027000000000028 1 1 0.6146788990825688 0.8064516129032258
131 0.0030270999999999493 0 0 0.6146788990825688 0.8064516129032258
132 0.0032479000000000813 0 0 0.6146788990825688 0.8064516129032258
133 0.002982800000000063 1 1 0.6238532110091743 0.8110599078341014
134 0.0028920000000000057 0 0 0.6238532110091743 0.8110599078341014
135 0.0030103000000000213 0 0 0.6238532110091743 0.8110599078341014
136 0.003213200000000027 0 0 0.6238532110091743 0.8110599078341014
137 0.0029630999999999963 1 1 0.6330275229357798 0.815668202764977
138 0.003219300000000036 0 0 0.6330275229357798 0.815668202764977
139 0.0031598999999999933 1 1 0.6422018348623854 0.8202764976958525
140 0.003062800000000032 1 1 0.6513761467889908 0.8248847926267281
141 0.0032044999999999435 1 1 0.6605504587155964 0.8294930875576036
142 0.0032786000000000204 1 1 0.6697247706422018 0.8341013824884793
143 0.003522500000000095 1 1 0.6788990825688074 0.8387096774193549
144 0.0030680000000000707 1 1 0.6880733944954128 0.8433179723502304
145 0.0031489999999999574 0 0 0.6880733944954128 0.8433179723502304
146 0.00315259999999995 1 1 0.6972477064220184 0.847926267281106
147 0.0031528000000000667 0 0 0.6972477064220184 0.847926267281106
148 0.0030727000000000393 0 0 0.6972477064220184 0.847926267281106
149 0.0031252999999999975 1 1 0.7064220183486238 0.8525345622119815
150 0.0031266999999999268 0 0 0.7064220183486238 0.8525345622119815
151 0.003206500000000001 1 1 0.7155963302752294 0.8571428571428571
152 0.003210200000000052 1 1 0.7247706422018348 0.8617511520737328
153 0.003226500000000021 1 1 0.7339449541284404 0.8663594470046083
154 0.0033855999999999886 0 0 0.7339449541284404 0.8663594470046083
155 0.0054315000000000335 1 1 0.7431192660550459 0.8709677419354839
156 0.003353999999999968 0 0 0.7431192660550459 0.8709677419354839
157 0.0033319000000000543 0 0 0.7431192660550459 0.8709677419354839
158 0.0034089999999999954 0 0 0.7431192660550459 0.8709677419354839
159 0.003259000000000012 0 0 0.7431192660550459 0.8709677419354839
160 0.0034528000000000336 1 1 0.7522935779816514 0.8755760368663594
161 0.003289199999999992 1 1 0.7614678899082569 0.880184331797235
162 0.003516699999999928 0 0 0.7614678899082569 0.880184331797235
163 0.0032299000000000078 1 1 0.7706422018348624 0.8847926267281107
164 0.0036688000000000276 1 1 0.7798165137614679 0.8894009216589862
165 0.0033362999999999587 1 1 0.7889908256880734 0.8940092165898618
166 0.0035302999999999862 1 1 0.7981651376146789 0.8986175115207373
167 0.0035264000000000406 0 0 0.7981651376146789 0.8986175115207373
168 0.003815899999999983 1 1 0.8073394495412844 0.9032258064516129
169 0.003589399999999965 0 0 0.8073394495412844 0.9032258064516129
170 0.0037511999999999546 1 1 0.8165137614678899 0.9078341013824884
171 0.0038917000000000534 0 0 0.8165137614678899 0.9078341013824884
172 0.0033391000000000393 1 1 0.8256880733944955 0.9124423963133641
173 0.003489999999999993 1 1 0.8348623853211009 0.9170506912442397
174 0.003379299999999974 1 1 0.8440366972477065 0.9216589861751152
175 0.0036666000000000754 1 1 0.8532110091743119 0.9262672811059908
176 0.003402500000000086 1 1 0.8623853211009175 0.9308755760368663
177 0.003538200000000047 0 0 0.8623853211009175 0.9308755760368663
178 0.005084500000000047 0 0 0.8623853211009175 0.9308755760368663
179 0.0036964999999999915 0 0 0.8623853211009175 0.9308755760368663
180 0.003752599999999995 1 1 0.8715596330275229 0.9354838709677419
181 0.003680899999999987 0 0 0.8715596330275229 0.9354838709677419
182 0.0034303999999999446 1 1 0.8807339449541285 0.9400921658986175
183 0.003455800000000009 0 0 0.8807339449541285 0.9400921658986175
184 0.0033959000000000072 1 1 0.8899082568807339 0.9447004608294931
185 0.0032746999999999638 1 1 0.8990825688073395 0.9493087557603687
186 0.0034732999999999015 1 1 0.908256880733945 0.9539170506912442
187 0.00360360000000004 0 0 0.908256880733945 0.9539170506912442
188 0.004034099999999929 1 1 0.9174311926605505 0.9585253456221198
189 0.0035313999999999623 0 0 0.9174311926605505 0.9585253456221198
190 0.0035298999999999747 0 0 0.9174311926605505 0.9585253456221198
191 0.003584400000000043 1 1 0.926605504587156 0.9631336405529954
192 0.0034909000000000745 0 0 0.926605504587156 0.9631336405529954
193 0.0036348999999999965 0 0 0.926605504587156 0.9631336405529954
194 0.003522000000000025 0 0 0.926605504587156 0.9631336405529954
195 0.0036856000000000666 1 1 0.9357798165137615 0.967741935483871
196 0.003674199999999961 0 0 0.9357798165137615 0.967741935483871
197 0.003646200000000044 1 1 0.944954128440367 0.9723502304147466
198 0.0037333000000000505 1 1 0.9541284403669725 0.9769585253456221
199 0.0035878999999999772 0 0 0.9541284403669725 0.9769585253456221
200 0.00517129999999999 0 0 0.9541284403669725 0.9769585253456221
201 0.003571800000000014 0 0 0.9541284403669725 0.9769585253456221
202 0.0037076999999999805 0 0 0.9541284403669725 0.9769585253456221
203 0.0036291000000000517 1 1 0.963302752293578 0.9815668202764977
204 0.003763800000000095 0 0 0.963302752293578 0.9815668202764977
205 0.0035943000000000502 1 1 0.9724770642201835 0.9861751152073732
206 0.003577700000000017 0 0 0.9724770642201835 0.9861751152073732
207 0.003597699999999926 0 0 0.9724770642201835 0.9861751152073732
208 0.00378489999999998 1 1 0.981651376146789 0.9907834101382489
209 0.0038913999999999893 0 0 0.981651376146789 0.9907834101382489
210 0.003757499999999969 1 1 0.9908256880733946 0.9953917050691244
211 0.003690199999999977 0 0 0.9908256880733946 0.9953917050691244
212 0.0038258999999999377 1 1 1.0 1.0
