70 0.1 0.5
1 0.0013535000000000075 0 0 0.0 0.5036496350364964
2 0.0014151000000000025 0 0 0.0 0.5036496350364964
3 0.0014006000000000018 0 0 0.0 0.5036496350364964
4 0.0013825999999999838 0 0 0.0 0.5036496350364964
5 0.001549600000000012 0 0 0.0 0.5036496350364964
6 0.0014289000000000107 1 0 0.014492753623188406 0.5036496350364964
7 0.0013925999999999938 0 0 0.014492753623188406 0.5036496350364964
8 0.001413400000000009 0 0 0.014492753623188406 0.5036496350364964
9 0.0014546000000000003 0 0 0.014492753623188406 0.5036496350364964
10 0.0014038999999999857 0 0 0.014492753623188406 0.5036496350364964
11 0.0016198000000000046 0 0 0.014492753623188406 0.5036496350364964
12 0.0013394999999999935 0 0 0.014492753623188406 0.5036496350364964
13 0.0013309999999999989 0 0 0.014492753623188406 0.5036496350364964
14 0.0013571 0 0 0.014492753623188406 0.5036496350364964
15 0.0016555000000000042 0 0 0.014492753623188406 0.5036496350364964
16 0.0013894000000000128 0 0 0.014492753623188406 0.5036496350364964
17 0.0013282000000000016 0 0 0.014492753623188406 0.5036496350364964
18 0.0013130000000000086 0 0 0.014492753623188406 0.5036496350364964
19 0.001601499999999978 0 0 0.014492753623188406 0.5036496350364964
20 0.0013566000000000134 0 0 0.014492753623188406 0.5036496350364964
21 0.0013524000000000036 1 0 0.028985507246376812 0.5036496350364964
22 0.0013655999999999946 0 0 0.028985507246376812 0.5036496350364964
23 0.0013089000000000017 0 0 0.028985507246376812 0.5036496350364964
24 0.00130340000000001 0 0 0.028985507246376812 0.5036496350364964
25 0.0012820999999999805 0 0 0.028985507246376812 0.5036496350364964
26 0.0013232999999999995 0 0 0.028985507246376812 0.5036496350364964
27 0.0013633999999999868 0 0 0.028985507246376812 0.5036496350364964
28 0.0013950999999999825 0 0 0.028985507246376812 0.5036496350364964
29 0.0013225000000000042 0 1 0.028985507246376812 0.5109489051094891
30 0.0015322999999999865 0 0 0.028985507246376812 0.5109489051094891
31 0.001409500000000008 0 0 0.028985507246376812 0.5109489051094891
32 0.0013525000000000065 0 0 0.028985507246376812 0.5109489051094891
33 0.0014103999999999783 0 0 0.028985507246376812 0.5109489051094891
34 0.0013041000000000025 0 0 0.028985507246376812 0.5109489051094891
35 0.0013200999999999907 0 0 0.028985507246376812 0.5109489051094891
36 0.0013553000000000037 0 0 0.028985507246376812 0.5109489051094891
37 0.0014091999999999993 0 0 0.028985507246376812 0.5109489051094891
38 0.0014261000000000135 1 0 0.043478260869565216 0.5109489051094891
39 0.0013253000000000015 0 0 0.043478260869565216 0.5109489051094891
40 0.0014049000000000145 0 0 0.043478260869565216 0.5109489051094891
41 0.0014232999999999885 0 0 0.043478260869565216 0.5109489051094891
42 0.0014032999999999962 0 0 0.043478260869565216 0.5109489051094891
43 0.001398699999999975 0 0 0.043478260869565216 0.5109489051094891
44 0.001379000000000019 0 0 0.043478260869565216 0.5109489051094891
45 0.0013283000000000045 0 0 0.043478260869565216 0.5109489051094891
46 0.0018282999999999494 0 0 0.043478260869565216 0.5109489051094891
47 0.001734300000000022 0 0 0.043478260869565216 0.5109489051094891
48 0.001761899999999983 0 0 0.043478260869565216 0.5109489051094891
49 0.00190990000000002 0 0 0.043478260869565216 0.5109489051094891
50 0.0018679999999999808 0 1 0.043478260869565216 0.5182481751824818
51 0.0017321000000000142 0 0 0.043478260869565216 0.5182481751824818
52 0.0014493999999999896 0 0 0.043478260869565216 0.5182481751824818
53 0.0014219999999999788 0 0 0.043478260869565216 0.5182481751824818
54 0.0013694000000000206 0 0 0.043478260869565216 0.5182481751824818
55 0.001320600000000005 0 0 0.043478260869565216 0.5182481751824818
56 0.0013959000000000055 0 0 0.043478260869565216 0.5182481751824818
57 0.0018829000000000207 0 0 0.043478260869565216 0.5182481751824818
58 0.001769400000000032 0 0 0.043478260869565216 0.5182481751824818
59 0.0014399999999999968 0 0 0.043478260869565216 0.5182481751824818
60 0.0016004999999999492 0 0 0.043478260869565216 0.5182481751824818
61 0.001376199999999994 0 0 0.043478260869565216 0.5182481751824818
62 0.001384300000000005 0 0 0.043478260869565216 0.5182481751824818
63 0.001405400000000001 1 0 0.057971014492753624 0.5182481751824818
64 0.0013968999999999787 0 0 0.057971014492753624 0.5182481751824818
65 0.001464700000000041 0 1 0.057971014492753624 0.5255474452554745
66 0.0013824000000000058 0 0 0.057971014492753624 0.5255474452554745
67 0.0014202999999999855 0 0 0.057971014492753624 0.5255474452554745
68 0.0013587999999999933 0 0 0.057971014492753624 0.5255474452554745
69 0.001375499999999974 0 0 0.057971014492753624 0.5255474452554745
70 0.0014534999999999965 0 0 0.057971014492753624 0.5255474452554745
71 0.0015216999999999592 0 0 0.057971014492753624 0.5255474452554745
72 0.002035000000000009 0 0 0.057971014492753624 0.5255474452554745
73 0.0018896999999999942 0 0 0.057971014492753624 0.5255474452554745
74 0.001863799999999971 0 0 0.057971014492753624 0.5255474452554745
75 0.001864699999999997 0 0 0.057971014492753624 0.5255474452554745
76 0.0014756000000000213 0 0 0.057971014492753624 0.5255474452554745
77 0.001443799999999995 0 0 0.057971014492753624 0.5255474452554745
78 0.0014189000000000007 0 0 0.057971014492753624 0.5255474452554745
79 0.0013602000000000336 0 0 0.057971014492753624 0.5255474452554745
80 0.0014326999999999535 0 0 0.057971014492753624 0.5255474452554745
81 0.0015188999999999897 0 0 0.057971014492753624 0.5255474452554745
82 0.0018132999999999622 0 0 0.057971014492753624 0.5255474452554745
83 0.0013932999999999862 0 0 0.057971014492753624 0.5255474452554745
84 0.0014855999999999758 1 1 0.07246376811594203 0.5328467153284672
85 0.0014580000000000148 0 0 0.07246376811594203 0.5328467153284672
86 0.0014505999999999686 1 1 0.08695652173913043 0.5401459854014599
87 0.001314700000000002 0 0 0.08695652173913043 0.5401459854014599
88 0.0015075999999999978 1 0 0.10144927536231885 0.5401459854014599
89 0.0014264999999999972 0 0 0.10144927536231885 0.5401459854014599
90 0.0014492999999999867 0 0 0.10144927536231885 0.5401459854014599
91 0.0014557999999999516 0 0 0.10144927536231885 0.5401459854014599
92 0.0014988000000000223 0 0 0.10144927536231885 0.5401459854014599
93 0.0014273999999999676 0 0 0.10144927536231885 0.5401459854014599
94 0.0013657000000000252 1 0 0.11594202898550725 0.5401459854014599
95 0.001550700000000016 0 1 0.11594202898550725 0.5474452554744526
96 0.001463099999999995 1 0 0.13043478260869565 0.5474452554744526
97 0.0013977000000000017 0 0 0.13043478260869565 0.5474452554744526
98 0.0014239999999999808 0 1 0.13043478260869565 0.5547445255474452
99 0.0014078000000000146 0 0 0.13043478260869565 0.5547445255474452
100 0.0015032999999999852 1 0 0.14492753623188406 0.5547445255474452
101 0.0016012999999999722 0 0 0.14492753623188406 0.5547445255474452
102 0.001428600000000002 0 0 0.14492753623188406 0.5547445255474452
103 0.0013806000000000096 0 0 0.14492753623188406 0.5547445255474452
104 0.0014809000000000072 1 0 0.15942028985507245 0.5547445255474452
105 0.0015539999999999998 0 0 0.15942028985507245 0.5547445255474452
106 0.001732699999999976 0 0 0.15942028985507245 0.5547445255474452
107 0.0014928000000000163 0 0 0.15942028985507245 0.5547445255474452
108 0.0014182999999999835 0 1 0.15942028985507245 0.5620437956204379
109 0.0015006000000000186 0 0 0.15942028985507245 0.5620437956204379
110 0.0015016999999999947 0 0 0.15942028985507245 0.5620437956204379
111 0.0014276999999999762 0 0 0.15942028985507245 0.5620437956204379
112 0.0017655999999999783 0 0 0.15942028985507245 0.5620437956204379
113 0.0015039999999999498 0 0 0.15942028985507245 0.5620437956204379
114 0.0015007000000000215 0 0 0.15942028985507245 0.5620437956204379
115 0.0015144999999999742 1 1 0.17391304347826086 0.5693430656934306
116 0.0019176000000000193 0 0 0.17391304347826086 0.5693430656934306
117 0.0014583999999999708 1 1 0.18840579710144928 0.5766423357664233
118 0.0014108000000000454 0 0 0.18840579710144928 0.5766423357664233
119 0.001390699999999967 0 0 0.18840579710144928 0.5766423357664233
120 0.0014586999999999795 1 2 0.2028985507246377 0.5912408759124088
121 0.001494200000000001 0 0 0.2028985507246377 0.5912408759124088
122 0.0015560000000000018 0 0 0.2028985507246377 0.5912408759124088
123 0.001387499999999986 0 0 0.2028985507246377 0.5912408759124088
124 0.0014743999999999868 1 0 0.21739130434782608 0.5912408759124088
125 0.0014459 0 0 0.21739130434782608 0.5912408759124088
126 0.0014858999999999845 0 0 0.21739130434782608 0.5912408759124088
127 0.0014508000000000298 0 0 0.21739130434782608 0.5912408759124088
128 0.001512699999999978 0 0 0.21739130434782608 0.5912408759124088
129 0.0015414999999999734 0 0 0.21739130434782608 0.5912408759124088
130 0.001425400000000021 0 0 0.21739130434782608 0.5912408759124088
131 0.0017718000000000456 0 0 0.21739130434782608 0.5912408759124088
132 0.0015210999999999975 0 0 0.21739130434782608 0.5912408759124088
133 0.0016197000000000017 0 0 0.21739130434782608 0.5912408759124088
134 0.0015033000000000407 0 0 0.21739130434782608 0.5912408759124088
135 0.0014056000000000068 0 0 0.21739130434782608 0.5912408759124088
136 0.001562299999999961 0 0 0.21739130434782608 0.5912408759124088
137 0.0016322999999999754 0 0 0.21739130434782608 0.5912408759124088
138 0.0015356999999999732 0 0 0.21739130434782608 0.5912408759124088
139 0.00152469999999999 0 0 0.21739130434782608 0.5912408759124088
140 0.0014588999999999852 0 0 0.21739130434782608 0.5912408759124088
141 0.0015786999999999884 0 0 0.21739130434782608 0.5912408759124088
142 0.0014593999999999996 0 0 0.21739130434782608 0.5912408759124088
143 0.0014575000000000005 0 0 0.21739130434782608 0.5912408759124088
144 0.0015473000000000292 1 0 0.2318840579710145 0.5912408759124088
145 0.0014552999999999927 0 0 0.2318840579710145 0.5912408759124088
146 0.0015544000000000113 0 0 0.2318840579710145 0.5912408759124088
147 0.0015193000000000012 0 0 0.2318840579710145 0.5912408759124088
148 0.0020706000000000335 0 0 0.2318840579710145 0.5912408759124088
149 0.0025855000000000183 0 0 0.2318840579710145 0.5912408759124088
150 0.0022183000000000064 0 0 0.2318840579710145 0.5912408759124088
151 0.0020408000000000093 0 0 0.2318840579710145 0.5912408759124088
152 0.0020131000000000454 0 0 0.2318840579710145 0.5912408759124088
153 0.001889099999999977 0 1 0.2318840579710145 0.5985401459854015
154 0.002837100000000037 0 0 0.2318840579710145 0.5985401459854015
155 0.0015725000000000322 1 1 0.2463768115942029 0.6058394160583942
156 0.0015418000000000376 0 0 0.2463768115942029 0.6058394160583942
157 0.001595000000000013 0 0 0.2463768115942029 0.6058394160583942
158 0.0014440000000000008 0 0 0.2463768115942029 0.6058394160583942
159 0.0015136999999999512 0 0 0.2463768115942029 0.6058394160583942
160 0.001555899999999999 0 0 0.2463768115942029 0.6058394160583942
161 0.0015647999999999773 0 0 0.2463768115942029 0.6058394160583942
162 0.001540200000000047 1 0 0.2608695652173913 0.6058394160583942
163 0.0015782000000000296 0 0 0.2608695652173913 0.6058394160583942
164 0.0014229000000000047 0 0 0.2608695652173913 0.6058394160583942
165 0.0014501000000000097 0 0 0.2608695652173913 0.6058394160583942
166 0.0015151999999999943 0 0 0.2608695652173913 0.6058394160583942
167 0.0014655000000000085 1 0 0.2753623188405797 0.6058394160583942
168 0.0016912000000000038 0 2 0.2753623188405797 0.6204379562043796
169 0.0014575000000000005 0 0 0.2753623188405797 0.6204379562043796
170 0.0016279999999999628 0 0 0.2753623188405797 0.6204379562043796
171 0.0014688999999999952 0 0 0.2753623188405797 0.6204379562043796
172 0.0014934000000000336 0 0 0.2753623188405797 0.6204379562043796
173 0.0015391999999999628 0 0 0.2753623188405797 0.6204379562043796
174 0.0015084000000000208 0 0 0.2753623188405797 0.6204379562043796
175 0.001449900000000004 0 0 0.2753623188405797 0.6204379562043796
176 0.0015108999999999817 0 0 0.2753623188405797 0.6204379562043796
177 0.001635400000000009 0 0 0.2753623188405797 0.6204379562043796
178 0.0016956000000000193 1 1 0.2898550724637681 0.6277372262773723
179 0.0015164999999999762 0 1 0.2898550724637681 0.635036496350365
180 0.0014591999999999938 0 0 0.2898550724637681 0.635036496350365
181 0.0015935000000000255 0 0 0.2898550724637681 0.635036496350365
182 0.001483100000000015 0 0 0.2898550724637681 0.635036496350365
183 0.0015565000000000162 0 0 0.2898550724637681 0.635036496350365
184 0.0015902000000000416 0 0 0.2898550724637681 0.635036496350365
185 0.001613399999999987 0 0 0.2898550724637681 0.635036496350365
186 0.0016254999999999464 0 0 0.2898550724637681 0.635036496350365
187 0.0014732000000000633 0 0 0.2898550724637681 0.635036496350365
188 0.001541100000000073 1 1 0.30434782608695654 0.6423357664233577
189 0.001649400000000023 0 0 0.30434782608695654 0.6423357664233577
190 0.002130199999999971 0 0 0.30434782608695654 0.6423357664233577
191 0.001560299999999959 0 0 0.30434782608695654 0.6423357664233577
192 0.0014192000000000649 0 0 0.30434782608695654 0.6423357664233577
193 0.0017148000000000163 0 1 0.30434782608695654 0.6496350364963503
194 0.0015106000000000286 0 0 0.30434782608695654 0.6496350364963503
195 0.0015049999999999786 0 0 0.30434782608695654 0.6496350364963503
196 0.0014766999999999975 0 0 0.30434782608695654 0.6496350364963503
197 0.0017006999999999994 0 0 0.30434782608695654 0.6496350364963503
198 0.002253100000000008 0 0 0.30434782608695654 0.6496350364963503
199 0.001923500000000078 1 0 0.3188405797101449 0.6496350364963503
200 0.0016688999999999732 0 0 0.3188405797101449 0.6496350364963503
201 0.0016361999999999766 0 0 0.3188405797101449 0.6496350364963503
202 0.0019620999999999666 0 0 0.3188405797101449 0.6496350364963503
203 0.002226199999999956 0 0 0.3188405797101449 0.6496350364963503
204 0.0016340999999999717 0 0 0.3188405797101449 0.6496350364963503
205 0.0014705000000000412 0 0 0.3188405797101449 0.6496350364963503
206 0.001707500000000084 0 0 0.3188405797101449 0.6496350364963503
207 0.0017205000000000137 0 0 0.3188405797101449 0.6496350364963503
208 0.0015245000000000397 0 0 0.3188405797101449 0.6496350364963503
209 0.001516599999999979 0 0 0.3188405797101449 0.6496350364963503
210 0.0015704000000000828 0 0 0.3188405797101449 0.6496350364963503
211 0.0017217999999999956 0 0 0.3188405797101449 0.6496350364963503
212 0.0014947999999999073 1 0 0.3333333333333333 0.6496350364963503
213 0.0014496999999999982 0 0 0.3333333333333333 0.6496350364963503
214 0.0015968999999999012 0 0 0.3333333333333333 0.6496350364963503
215 0.001582199999999978 0 0 0.3333333333333333 0.6496350364963503
216 0.0015264000000000388 0 0 0.3333333333333333 0.6496350364963503
217 0.0016513999999999696 0 0 0.3333333333333333 0.6496350364963503
218 0.0016260999999999637 0 0 0.3333333333333333 0.6496350364963503
219 0.001686199999999971 1 0 0.34782608695652173 0.6496350364963503
220 0.0015727999999999298 0 0 0.34782608695652173 0.6496350364963503
221 0.001656299999999944 0 0 0.34782608695652173 0.6496350364963503
222 0.0015199000000000185 0 0 0.34782608695652173 0.6496350364963503
223 0.0016220000000000123 0 0 0.34782608695652173 0.6496350364963503
224 0.0015140000000000153 0 0 0.34782608695652173 0.6496350364963503
225 0.0014697000000000182 0 0 0.34782608695652173 0.6496350364963503
226 0.0015100000000000113 0 0 0.34782608695652173 0.6496350364963503
227 0.0015609999999999236 0 0 0.34782608695652173 0.6496350364963503
228 0.0015595999999999943 0 0 0.34782608695652173 0.6496350364963503
229 0.0015355999999999703 0 0 0.34782608695652173 0.6496350364963503
230 0.001611800000000052 0 0 0.34782608695652173 0.6496350364963503
231 0.002221399999999929 0 0 0.34782608695652173 0.6496350364963503
232 0.002097899999999986 0 0 0.34782608695652173 0.6496350364963503
233 0.002139500000000072 0 0 0.34782608695652173 0.6496350364963503
234 0.0020463000000000564 0 0 0.34782608695652173 0.6496350364963503
235 0.0020934999999999704 0 0 0.34782608695652173 0.6496350364963503
236 0.0021262999999999144 0 0 0.34782608695652173 0.6496350364963503
237 0.0020776000000000128 0 1 0.34782608695652173 0.656934306569343
238 0.0020852999999999566 0 0 0.34782608695652173 0.656934306569343
239 0.001611000000000029 0 0 0.34782608695652173 0.656934306569343
240 0.0016081000000000012 0 0 0.34782608695652173 0.656934306569343
241 0.0015813000000000077 0 0 0.34782608695652173 0.656934306569343
242 0.0016182999999999614 0 0 0.34782608695652173 0.656934306569343
243 0.0015207999999999888 0 0 0.34782608695652173 0.656934306569343
244 0.001612600000000075 0 0 0.34782608695652173 0.656934306569343
245 0.0015937999999999786 0 0 0.34782608695652173 0.656934306569343
246 0.0015363999999999933 0 0 0.34782608695652173 0.656934306569343
247 0.0015328000000000008 0 0 0.34782608695652173 0.656934306569343
248 0.0015488999999999642 0 1 0.34782608695652173 0.6642335766423357
249 0.0016185000000000782 1 0 0.36231884057971014 0.6642335766423357
250 0.0014859999999999873 0 0 0.36231884057971014 0.6642335766423357
251 0.0015217000000000702 0 0 0.36231884057971014 0.6642335766423357
252 0.0015389000000000097 0 0 0.36231884057971014 0.6642335766423357
253 0.001607500000000095 0 0 0.36231884057971014 0.6642335766423357
254 0.0017105000000000592 0 0 0.36231884057971014 0.6642335766423357
255 0.001717100000000027 0 0 0.36231884057971014 0.6642335766423357
256 0.0016496999999999762 0 1 0.36231884057971014 0.6715328467153284
257 0.0016652000000000333 0 0 0.36231884057971014 0.6715328467153284
258 0.0016247000000000344 0 0 0.36231884057971014 0.6715328467153284
259 0.0016355999999999593 0 0 0.36231884057971014 0.6715328467153284
260 0.0015741000000000227 0 0 0.36231884057971014 0.6715328467153284
261 0.0015803999999999263 0 0 0.36231884057971014 0.6715328467153284
262 0.0015548999999999147 0 0 0.36231884057971014 0.6715328467153284
263 0.0016542999999999974 0 0 0.36231884057971014 0.6715328467153284
264 0.0016236000000000583 0 0 0.36231884057971014 0.6715328467153284
265 0.0016044000000000613 0 0 0.36231884057971014 0.6715328467153284
266 0.0016119999999999468 0 0 0.36231884057971014 0.6715328467153284
267 0.001780600000000021 0 0 0.36231884057971014 0.6715328467153284
268 0.001621099999999931 0 0 0.36231884057971014 0.6715328467153284
269 0.001542699999999897 0 0 0.36231884057971014 0.6715328467153284
270 0.0015065999999999136 0 0 0.36231884057971014 0.6715328467153284
271 0.0015988999999999587 0 0 0.36231884057971014 0.6715328467153284
272 0.0016152999999999862 0 0 0.36231884057971014 0.6715328467153284
273 0.0015705000000000302 1 0 0.37681159420289856 0.6715328467153284
274 0.0015594000000000996 0 0 0.37681159420289856 0.6715328467153284
275 0.0015118999999998994 0 0 0.37681159420289856 0.6715328467153284
276 0.0017679999999999918 0 0 0.37681159420289856 0.6715328467153284
277 0.001585399999999959 0 0 0.37681159420289856 0.6715328467153284
278 0.001664300000000063 0 0 0.37681159420289856 0.6715328467153284
279 0.001591500000000079 0 0 0.37681159420289856 0.6715328467153284
280 0.0017612000000000183 0 1 0.37681159420289856 0.6788321167883211
281 0.0016787999999999803 0 0 0.37681159420289856 0.6788321167883211
282 0.0015920999999999852 0 0 0.37681159420289856 0.6788321167883211
283 0.0016631000000000284 0 0 0.37681159420289856 0.6788321167883211
284 0.001629900000000073 0 0 0.37681159420289856 0.6788321167883211
285 0.001490699999999956 0 1 0.37681159420289856 0.6861313868613139
286 0.0016537000000000912 1 0 0.391304347826087 0.6861313868613139
287 0.0016460999999999837 0 0 0.391304347826087 0.6861313868613139
288 0.0015899999999999803 0 0 0.391304347826087 0.6861313868613139
289 0.0015177000000000662 0 0 0.391304347826087 0.6861313868613139
290 0.001703800000000033 0 0 0.391304347826087 0.6861313868613139
291 0.0016577999999999316 0 0 0.391304347826087 0.6861313868613139
292 0.001709099999999908 0 0 0.391304347826087 0.6861313868613139
293 0.001831000000000027 0 1 0.391304347826087 0.6934306569343066
294 0.001716300000000004 0 0 0.391304347826087 0.6934306569343066
295 0.0017454999999999554 1 1 0.4057971014492754 0.7007299270072993
296 0.001615800000000056 0 0 0.4057971014492754 0.7007299270072993
297 0.00151660000000009 0 0 0.4057971014492754 0.7007299270072993
298 0.001510200000000017 0 0 0.4057971014492754 0.7007299270072993
299 0.0016180999999999557 0 0 0.4057971014492754 0.7007299270072993
300 0.001687499999999953 0 0 0.4057971014492754 0.7007299270072993
301 0.0016105999999999066 0 0 0.4057971014492754 0.7007299270072993
302 0.0015076000000000533 0 0 0.4057971014492754 0.7007299270072993
303 0.0015232000000000578 0 0 0.4057971014492754 0.7007299270072993
304 0.0016220000000000123 1 1 0.42028985507246375 0.708029197080292
305 0.0016165000000000207 0 0 0.42028985507246375 0.708029197080292
306 0.001644300000000043 0 0 0.42028985507246375 0.708029197080292
307 0.0021557000000000937 0 0 0.42028985507246375 0.708029197080292
308 0.00221019999999994 0 0 0.42028985507246375 0.708029197080292
309 0.0016853000000000007 0 0 0.42028985507246375 0.708029197080292
310 0.001641100000000062 0 0 0.42028985507246375 0.708029197080292
311 0.001642199999999927 0 0 0.42028985507246375 0.708029197080292
312 0.0016574999999999784 0 0 0.42028985507246375 0.708029197080292
313 0.0016406999999999394 0 0 0.42028985507246375 0.708029197080292
314 0.0016256999999999522 1 1 0.43478260869565216 0.7153284671532847
315 0.00158859999999994 0 0 0.43478260869565216 0.7153284671532847
316 0.001535799999999976 0 0 0.43478260869565216 0.7153284671532847
317 0.0016448000000000018 0 0 0.43478260869565216 0.7153284671532847
318 0.0020100000000000673 0 0 0.43478260869565216 0.7153284671532847
319 0.0017401000000000222 0 0 0.43478260869565216 0.7153284671532847
320 0.0016518999999999284 0 0 0.43478260869565216 0.7153284671532847
321 0.0019991999999999788 0 0 0.43478260869565216 0.7153284671532847
322 0.0016142999999999574 0 0 0.43478260869565216 0.7153284671532847
323 0.0016300999999999677 0 0 0.43478260869565216 0.7153284671532847
324 0.0016825999999999786 0 0 0.43478260869565216 0.7153284671532847
325 0.001707799999999926 0 0 0.43478260869565216 0.7153284671532847
326 0.0018774999999999764 0 0 0.43478260869565216 0.7153284671532847
327 0.001586199999999982 0 0 0.43478260869565216 0.7153284671532847
328 0.00155419999999995 0 0 0.43478260869565216 0.7153284671532847
329 0.001593100000000014 0 0 0.43478260869565216 0.7153284671532847
330 0.0015970000000000706 1 0 0.4492753623188406 0.7153284671532847
331 0.0016013000000000277 0 1 0.4492753623188406 0.7226277372262774
332 0.0016312000000000548 0 0 0.4492753623188406 0.7226277372262774
333 0.0017897000000000052 0 0 0.4492753623188406 0.7226277372262774
334 0.001651799999999981 0 0 0.4492753623188406 0.7226277372262774
335 0.0015312000000000658 0 0 0.4492753623188406 0.7226277372262774
336 0.0016956999999999667 0 0 0.4492753623188406 0.7226277372262774
337 0.0017808000000000268 0 0 0.4492753623188406 0.7226277372262774
338 0.0017135000000000344 0 0 0.4492753623188406 0.7226277372262774
339 0.0016921999999999215 0 0 0.4492753623188406 0.7226277372262774
340 0.0017048000000000618 0 0 0.4492753623188406 0.7226277372262774
341 0.001699000000000006 0 0 0.4492753623188406 0.7226277372262774
342 0.001673400000000047 0 0 0.4492753623188406 0.7226277372262774
343 0.0016257000000000632 0 0 0.4492753623188406 0.7226277372262774
344 0.0017350999999999894 0 0 0.4492753623188406 0.7226277372262774
345 0.0016766999999999754 0 0 0.4492753623188406 0.7226277372262774
346 0.0017019999999999813 0 0 0.4492753623188406 0.7226277372262774
347 0.0015997000000000927 0 0 0.4492753623188406 0.7226277372262774
348 0.0017711999999999728 0 0 0.4492753623188406 0.7226277372262774
349 0.0017871999999999888 0 0 0.4492753623188406 0.7226277372262774
350 0.00165789999999999 0 0 0.4492753623188406 0.7226277372262774
351 0.0016985999999999946 0 0 0.4492753623188406 0.7226277372262774
352 0.0018097000000000252 0 0 0.4492753623188406 0.7226277372262774
353 0.0017056999999999212 0 0 0.4492753623188406 0.7226277372262774
354 0.0016686999999999674 0 0 0.4492753623188406 0.7226277372262774
355 0.00161420000000001 1 0 0.463768115942029 0.7226277372262774
356 0.0017593999999999665 1 1 0.4782608695652174 0.7299270072992701
357 0.00174300000000005 0 1 0.4782608695652174 0.7372262773722628
358 0.001582199999999978 0 0 0.4782608695652174 0.7372262773722628
359 0.0016332000000000013 1 0 0.4927536231884058 0.7372262773722628
360 0.0016772999999999927 0 0 0.4927536231884058 0.7372262773722628
361 0.0016031999999999158 0 0 0.4927536231884058 0.7372262773722628
362 0.0015945000000000542 0 0 0.4927536231884058 0.7372262773722628
363 0.0015499999999999403 0 0 0.4927536231884058 0.7372262773722628
364 0.0015477000000000407 0 0 0.4927536231884058 0.7372262773722628
365 0.0015996999999999817 1 1 0.5072463768115942 0.7445255474452555
366 0.0015818000000000776 0 0 0.5072463768115942 0.7445255474452555
367 0.00159789999999993 1 1 0.5217391304347826 0.7518248175182481
368 0.0016017000000000392 0 0 0.5217391304347826 0.7518248175182481
369 0.001653099999999963 0 0 0.5217391304347826 0.7518248175182481
370 0.0016378000000000226 0 0 0.5217391304347826 0.7518248175182481
371 0.0016644000000000103 0 0 0.5217391304347826 0.7518248175182481
372 0.0015657000000000032 0 0 0.5217391304347826 0.7518248175182481
373 0.0016100000000000003 0 0 0.5217391304347826 0.7518248175182481
374 0.0017200000000000548 0 0 0.5217391304347826 0.7518248175182481
375 0.0017563999999999913 0 0 0.5217391304347826 0.7518248175182481
376 0.001738200000000023 0 0 0.5217391304347826 0.7518248175182481
377 0.001669400000000043 0 0 0.5217391304347826 0.7518248175182481
378 0.0018353000000000952 0 0 0.5217391304347826 0.7518248175182481
379 0.0015979999999999883 1 1 0.5362318840579711 0.7591240875912408
380 0.001618200000000014 0 0 0.5362318840579711 0.7591240875912408
381 0.0017747999999999653 0 0 0.5362318840579711 0.7591240875912408
382 0.0017387999999999293 0 0 0.5362318840579711 0.7591240875912408
383 0.0017454999999999554 1 1 0.5507246376811594 0.7664233576642335
384 0.001713899999999935 0 0 0.5507246376811594 0.7664233576642335
385 0.0017568000000000028 1 1 0.5652173913043478 0.7737226277372263
386 0.0016539999999999333 0 0 0.5652173913043478 0.7737226277372263
387 0.0017412999999999457 0 0 0.5652173913043478 0.7737226277372263
388 0.0018025999999999875 0 1 0.5652173913043478 0.781021897810219
389 0.0017317000000000027 0 0 0.5652173913043478 0.781021897810219
390 0.001637100000000058 0 0 0.5652173913043478 0.781021897810219
391 0.0019468999999999737 0 0 0.5652173913043478 0.781021897810219
392 0.0017009000000000052 0 0 0.5652173913043478 0.781021897810219
393 0.001735000000000042 0 0 0.5652173913043478 0.781021897810219
394 0.0018330000000000846 0 0 0.5652173913043478 0.781021897810219
395 0.0018232999999999722 0 0 0.5652173913043478 0.781021897810219
396 0.0017465999999999315 0 0 0.5652173913043478 0.781021897810219
397 0.0017835999999999963 0 0 0.5652173913043478 0.781021897810219
398 0.0017154000000000336 0 0 0.5652173913043478 0.781021897810219
399 0.0016395999999999633 0 0 0.5652173913043478 0.781021897810219
400 0.0016226000000000296 0 0 0.5652173913043478 0.781021897810219
401 0.0016624000000000638 0 0 0.5652173913043478 0.781021897810219
402 0.001630200000000026 0 0 0.5652173913043478 0.781021897810219
403 0.0017100999999999367 0 0 0.5652173913043478 0.781021897810219
404 0.001712599999999953 0 0 0.5652173913043478 0.781021897810219
405 0.0018161999999999345 1 1 0.5797101449275363 0.7883211678832117
406 0.0016848000000000418 1 0 0.5942028985507246 0.7883211678832117
407 0.0017243999999999593 0 0 0.5942028985507246 0.7883211678832117
408 0.0018274000000000346 0 0 0.5942028985507246 0.7883211678832117
409 0.0015784999999999272 0 0 0.5942028985507246 0.7883211678832117
410 0.0017573000000000727 0 0 0.5942028985507246 0.7883211678832117
411 0.0016918999999999684 1 1 0.6086956521739131 0.7956204379562044
412 0.001632599999999984 1 0 0.6231884057971014 0.7956204379562044
413 0.0022682000000000535 0 0 0.6231884057971014 0.7956204379562044
414 0.0018293000000000337 0 0 0.6231884057971014 0.7956204379562044
415 0.0017871000000000414 0 0 0.6231884057971014 0.7956204379562044
416 0.0018808999999999632 0 0 0.6231884057971014 0.7956204379562044
417 0.0016990999999999534 0 0 0.6231884057971014 0.7956204379562044
418 0.0017439000000000204 0 0 0.6231884057971014 0.7956204379562044
419 0.001747800000000077 0 0 0.6231884057971014 0.7956204379562044
420 0.002037100000000014 0 0 0.6231884057971014 0.7956204379562044
421 0.0018015000000000114 0 0 0.6231884057971014 0.7956204379562044
422 0.0017636000000000873 0 0 0.6231884057971014 0.7956204379562044
423 0.0017776999999999932 1 0 0.6376811594202898 0.7956204379562044
424 0.001724600000000076 0 0 0.6376811594202898 0.7956204379562044
425 0.001658699999999902 0 0 0.6376811594202898 0.7956204379562044
426 0.0017283999999999633 0 1 0.6376811594202898 0.8029197080291971
427 0.0017775999999999348 1 2 0.6521739130434783 0.8175182481751825
428 0.0019789000000000057 0 1 0.6521739130434783 0.8248175182481752
429 0.0016792999999999392 0 0 0.6521739130434783 0.8248175182481752
430 0.0015920999999999852 0 0 0.6521739130434783 0.8248175182481752
431 0.001802699999999935 0 0 0.6521739130434783 0.8248175182481752
432 0.00181180000000003 0 0 0.6521739130434783 0.8248175182481752
433 0.0018639000000000294 0 0 0.6521739130434783 0.8248175182481752
434 0.002731000000000039 0 0 0.6521739130434783 0.8248175182481752
435 0.0018199000000000964 1 1 0.6666666666666666 0.8321167883211679
436 0.0017831000000000374 0 0 0.6666666666666666 0.8321167883211679
437 0.00177740000000004 0 0 0.6666666666666666 0.8321167883211679
438 0.0018739999999999313 0 0 0.6666666666666666 0.8321167883211679
439 0.0018544999999999812 0 0 0.6666666666666666 0.8321167883211679
440 0.0019288000000000638 0 0 0.6666666666666666 0.8321167883211679
441 0.001782999999999979 0 0 0.6666666666666666 0.8321167883211679
442 0.0018456999999999502 0 0 0.6666666666666666 0.8321167883211679
443 0.0018065999999999915 0 0 0.6666666666666666 0.8321167883211679
444 0.0018820000000000503 0 0 0.6666666666666666 0.8321167883211679
445 0.0018776000000000348 0 0 0.6666666666666666 0.8321167883211679
446 0.0018328999999999152 0 0 0.6666666666666666 0.8321167883211679
447 0.0018371999999999833 0 0 0.6666666666666666 0.8321167883211679
448 0.0019199000000000854 0 0 0.6666666666666666 0.8321167883211679
449 0.0018186000000000035 0 0 0.6666666666666666 0.8321167883211679
450 0.0018170999999997939 0 0 0.6666666666666666 0.8321167883211679
451 0.0017126999999999004 0 0 0.6666666666666666 0.8321167883211679
452 0.001999799999999885 0 0 0.6666666666666666 0.8321167883211679
453 0.001804300000000092 0 0 0.6666666666666666 0.8321167883211679
454 0.001790699999999923 0 0 0.6666666666666666 0.8321167883211679
455 0.001899800000000118 0 0 0.6666666666666666 0.8321167883211679
456 0.0018352999999999842 0 0 0.6666666666666666 0.8321167883211679
457 0.001885899999999996 0 0 0.6666666666666666 0.8321167883211679
458 0.001864599999999994 0 0 0.6666666666666666 0.8321167883211679
459 0.001844300000000132 0 0 0.6666666666666666 0.8321167883211679
460 0.0017633999999999705 0 0 0.6666666666666666 0.8321167883211679
461 0.0016895000000001215 0 0 0.6666666666666666 0.8321167883211679
462 0.0018945000000001322 0 0 0.6666666666666666 0.8321167883211679
463 0.001761399999999913 0 0 0.6666666666666666 0.8321167883211679
464 0.0017944000000000848 0 0 0.6666666666666666 0.8321167883211679
465 0.0017640000000000988 0 0 0.6666666666666666 0.8321167883211679
466 0.001772600000000013 0 0 0.6666666666666666 0.8321167883211679
467 0.0017827999999999733 0 0 0.6666666666666666 0.8321167883211679
468 0.0018145000000000522 0 0 0.6666666666666666 0.8321167883211679
469 0.0018236999999998726 1 1 0.6811594202898551 0.8394160583941606
470 0.0017266000000000226 0 0 0.6811594202898551 0.8394160583941606
471 0.0018605000000000427 1 1 0.6956521739130435 0.8467153284671532
472 0.0031154999999998267 0 0 0.6956521739130435 0.8467153284671532
473 0.0018556000000000683 0 0 0.6956521739130435 0.8467153284671532
474 0.001860300000000148 1 0 0.7101449275362319 0.8467153284671532
475 0.00210890000000008 1 0 0.7246376811594203 0.8467153284671532
476 0.0018309000000000797 0 0 0.7246376811594203 0.8467153284671532
477 0.001785099999999984 0 0 0.7246376811594203 0.8467153284671532
478 0.0018730000000000135 0 0 0.7246376811594203 0.8467153284671532
479 0.0017852000000000423 0 0 0.7246376811594203 0.8467153284671532
480 0.001825100000000024 0 0 0.7246376811594203 0.8467153284671532
481 0.0017465999999999315 0 0 0.7246376811594203 0.8467153284671532
482 0.0018184999999999452 1 1 0.7391304347826086 0.8540145985401459
483 0.001776599999999906 1 0 0.7536231884057971 0.8540145985401459
484 0.0017150999999999694 0 0 0.7536231884057971 0.8540145985401459
485 0.0017186000000000146 0 0 0.7536231884057971 0.8540145985401459
486 0.0018005000000000937 0 0 0.7536231884057971 0.8540145985401459
487 0.0017579999999999263 0 0 0.7536231884057971 0.8540145985401459
488 0.0018299999999999983 0 0 0.7536231884057971 0.8540145985401459
489 0.0018369000000000302 0 0 0.7536231884057971 0.8540145985401459
490 0.0019028999999999296 1 0 0.7681159420289855 0.8540145985401459
491 0.0018972999999999907 0 0 0.7681159420289855 0.8540145985401459
492 0.0019020999999999066 0 0 0.7681159420289855 0.8540145985401459
493 0.0018381000000000647 0 0 0.7681159420289855 0.8540145985401459
494 0.0018476000000000603 0 0 0.7681159420289855 0.8540145985401459
495 0.0017385999999999235 0 1 0.7681159420289855 0.8613138686131386
496 0.001699799999999918 0 0 0.7681159420289855 0.8613138686131386
497 0.0018575000000000674 0 1 0.7681159420289855 0.8686131386861314
498 0.0017538000000001386 0 0 0.7681159420289855 0.8686131386861314
499 0.0018669000000000047 0 0 0.7681159420289855 0.8686131386861314
500 0.0018655999999999118 0 0 0.7681159420289855 0.8686131386861314
501 0.001817900000000039 0 0 0.7681159420289855 0.8686131386861314
502 0.002615800000000057 0 0 0.7681159420289855 0.8686131386861314
503 0.0023414999999999964 0 0 0.7681159420289855 0.8686131386861314
504 0.00214190000000003 0 0 0.7681159420289855 0.8686131386861314
505 0.0024799000000002014 0 0 0.7681159420289855 0.8686131386861314
506 0.0023807999999998497 0 0 0.7681159420289855 0.8686131386861314
507 0.002431000000000072 0 0 0.7681159420289855 0.8686131386861314
508 0.002527500000000016 0 0 0.7681159420289855 0.8686131386861314
509 0.0024106000000001515 0 0 0.7681159420289855 0.8686131386861314
510 0.002512300000000023 0 0 0.7681159420289855 0.8686131386861314
511 0.0023636000000000212 0 0 0.7681159420289855 0.8686131386861314
512 0.002391500000000102 0 0 0.7681159420289855 0.8686131386861314
513 0.0024431000000000314 0 0 0.7681159420289855 0.8686131386861314
514 0.0024258000000001445 0 0 0.7681159420289855 0.8686131386861314
515 0.0023560000000000247 0 1 0.7681159420289855 0.8759124087591241
516 0.002451800000000004 0 0 0.7681159420289855 0.8759124087591241
517 0.002452599999999805 0 0 0.7681159420289855 0.8759124087591241
518 0.002400599999999864 0 0 0.7681159420289855 0.8759124087591241
519 0.002380600000000177 0 0 0.7681159420289855 0.8759124087591241
520 0.0024142999999998693 0 0 0.7681159420289855 0.8759124087591241
521 0.0018637000000001347 0 1 0.7681159420289855 0.8832116788321168
522 0.0018209999999998505 0 0 0.7681159420289855 0.8832116788321168
523 0.002440600000000126 0 0 0.7681159420289855 0.8832116788321168
524 0.0024682000000000315 0 0 0.7681159420289855 0.8832116788321168
525 0.002327299999999921 0 0 0.7681159420289855 0.8832116788321168
526 0.002487299999999859 0 0 0.7681159420289855 0.8832116788321168
527 0.0024733000000001226 0 0 0.7681159420289855 0.8832116788321168
528 0.0023285000000001776 0 0 0.7681159420289855 0.8832116788321168
529 0.002434199999999942 0 0 0.7681159420289855 0.8832116788321168
530 0.0024546000000000845 0 0 0.7681159420289855 0.8832116788321168
531 0.0024433999999999845 0 0 0.7681159420289855 0.8832116788321168
532 0.0024661000000001376 0 0 0.7681159420289855 0.8832116788321168
533 0.0024640000000000217 1 1 0.782608695652174 0.8905109489051095
534 0.0018352999999999842 0 0 0.782608695652174 0.8905109489051095
535 0.0017681000000000502 0 0 0.782608695652174 0.8905109489051095
536 0.0019122000000000305 0 0 0.782608695652174 0.8905109489051095
537 0.001927000000000012 0 0 0.782608695652174 0.8905109489051095
538 0.0021325000000000927 0 0 0.782608695652174 0.8905109489051095
539 0.0019360000000001598 0 0 0.782608695652174 0.8905109489051095
540 0.0018284000000001743 0 0 0.782608695652174 0.8905109489051095
541 0.0020620000000000083 0 0 0.782608695652174 0.8905109489051095
542 0.001762199999999936 0 0 0.782608695652174 0.8905109489051095
543 0.002109099999999975 0 0 0.782608695652174 0.8905109489051095
544 0.0025159999999999627 0 0 0.782608695652174 0.8905109489051095
545 0.0024151999999999507 0 0 0.782608695652174 0.8905109489051095
546 0.0021508999999999556 1 0 0.7971014492753623 0.8905109489051095
547 0.00181180000000003 0 0 0.7971014492753623 0.8905109489051095
548 0.0018156000000000283 0 0 0.7971014492753623 0.8905109489051095
549 0.001698999999999895 0 0 0.7971014492753623 0.8905109489051095
550 0.0019017000000001172 0 0 0.7971014492753623 0.8905109489051095
551 0.0019833999999998575 0 1 0.7971014492753623 0.8978102189781022
552 0.0019601999999998565 0 0 0.7971014492753623 0.8978102189781022
553 0.0018636000000000763 0 0 0.7971014492753623 0.8978102189781022
554 0.0019276999999999767 0 0 0.7971014492753623 0.8978102189781022
555 0.0018743000000001064 0 0 0.7971014492753623 0.8978102189781022
556 0.0018587999999999383 1 1 0.8115942028985508 0.9051094890510949
557 0.0019839999999999858 1 0 0.8260869565217391 0.9051094890510949
558 0.0017770000000001396 0 0 0.8260869565217391 0.9051094890510949
559 0.0018468999999998736 0 0 0.8260869565217391 0.9051094890510949
560 0.0019116000000001243 0 0 0.8260869565217391 0.9051094890510949
561 0.0019597000000000087 0 0 0.8260869565217391 0.9051094890510949
562 0.0020118999999998444 0 0 0.8260869565217391 0.9051094890510949
563 0.0018149000000000637 0 0 0.8260869565217391 0.9051094890510949
564 0.001918199999999981 0 0 0.8260869565217391 0.9051094890510949
565 0.0019561999999999635 0 0 0.8260869565217391 0.9051094890510949
566 0.001762999999999959 0 0 0.8260869565217391 0.9051094890510949
567 0.0018772000000000233 0 1 0.8260869565217391 0.9124087591240876
568 0.0019119000000000774 0 0 0.8260869565217391 0.9124087591240876
569 0.001847500000000002 0 0 0.8260869565217391 0.9124087591240876
570 0.0018863000000000074 0 0 0.8260869565217391 0.9124087591240876
571 0.001948600000000189 0 0 0.8260869565217391 0.9124087591240876
572 0.00185550000000001 0 0 0.8260869565217391 0.9124087591240876
573 0.0018550999999999984 0 0 0.8260869565217391 0.9124087591240876
574 0.0019682000000000865 0 0 0.8260869565217391 0.9124087591240876
575 0.0018890000000000295 0 0 0.8260869565217391 0.9124087591240876
576 0.0019297000000000342 0 0 0.8260869565217391 0.9124087591240876
577 0.0018570999999998339 0 0 0.8260869565217391 0.9124087591240876
578 0.0019427999999999113 0 0 0.8260869565217391 0.9124087591240876
579 0.0019258999999998139 0 0 0.8260869565217391 0.9124087591240876
580 0.0019365000000000077 0 0 0.8260869565217391 0.9124087591240876
581 0.0018404999999999117 0 0 0.8260869565217391 0.9124087591240876
582 0.001805400000000068 0 0 0.8260869565217391 0.9124087591240876
583 0.001822999999999908 0 0 0.8260869565217391 0.9124087591240876
584 0.0018032999999999522 0 0 0.8260869565217391 0.9124087591240876
585 0.00178619999999996 0 0 0.8260869565217391 0.9124087591240876
586 0.0018613000000000657 0 0 0.8260869565217391 0.9124087591240876
587 0.001910999999999996 0 0 0.8260869565217391 0.9124087591240876
588 0.0019142999999999244 0 0 0.8260869565217391 0.9124087591240876
589 0.0018355999999999373 0 0 0.8260869565217391 0.9124087591240876
590 0.0018456999999998391 0 0 0.8260869565217391 0.9124087591240876
591 0.0024220999999999826 0 0 0.8260869565217391 0.9124087591240876
592 0.0024873999999999175 0 0 0.8260869565217391 0.9124087591240876
593 0.0026101000000000596 0 0 0.8260869565217391 0.9124087591240876
594 0.002442499999999903 0 0 0.8260869565217391 0.9124087591240876
595 0.0023594000000000115 0 0 0.8260869565217391 0.9124087591240876
596 0.002458700000000036 0 0 0.8260869565217391 0.9124087591240876
597 0.0024452999999999836 0 0 0.8260869565217391 0.9124087591240876
598 0.002491800000000044 0 0 0.8260869565217391 0.9124087591240876
599 0.002451500000000051 0 0 0.8260869565217391 0.9124087591240876
600 0.0023488000000000397 0 0 0.8260869565217391 0.9124087591240876
601 0.002584599999999826 0 0 0.8260869565217391 0.9124087591240876
602 0.0024176000000000197 0 0 0.8260869565217391 0.9124087591240876
603 0.002569400000000055 0 0 0.8260869565217391 0.9124087591240876
604 0.0025431000000000203 0 0 0.8260869565217391 0.9124087591240876
605 0.0025967000000000073 0 0 0.8260869565217391 0.9124087591240876
606 0.0023674000000000195 0 0 0.8260869565217391 0.9124087591240876
607 0.0025007999999999697 0 0 0.8260869565217391 0.9124087591240876
608 0.002373700000000145 1 1 0.8405797101449275 0.9197080291970803
609 0.0025189000000001016 0 0 0.8405797101449275 0.9197080291970803
610 0.002398699999999865 0 0 0.8405797101449275 0.9197080291970803
611 0.0025724999999998666 0 0 0.8405797101449275 0.9197080291970803
612 0.0025389000000000106 0 0 0.8405797101449275 0.9197080291970803
613 0.0024348000000000702 0 0 0.8405797101449275 0.9197080291970803
614 0.002613399999999988 0 0 0.8405797101449275 0.9197080291970803
615 0.0024794000000001315 1 0 0.855072463768116 0.9197080291970803
616 0.0024832000000001297 0 0 0.855072463768116 0.9197080291970803
617 0.0023161999999998795 0 0 0.855072463768116 0.9197080291970803
618 0.002692300000000092 0 0 0.855072463768116 0.9197080291970803
619 0.0024436999999999376 0 0 0.855072463768116 0.9197080291970803
620 0.0025096000000000007 0 0 0.855072463768116 0.9197080291970803
621 0.002021099999999887 1 0 0.8695652173913043 0.9197080291970803
622 0.0018972000000001543 0 0 0.8695652173913043 0.9197080291970803
623 0.0018857000000001012 0 0 0.8695652173913043 0.9197080291970803
624 0.0019502999999998494 0 0 0.8695652173913043 0.9197080291970803
625 0.0017865000000001352 0 0 0.8695652173913043 0.9197080291970803
626 0.0019479999999998387 0 0 0.8695652173913043 0.9197080291970803
627 0.0019506000000000245 1 1 0.8840579710144928 0.927007299270073
628 0.0018599999999999728 0 0 0.8840579710144928 0.927007299270073
629 0.0018519999999999648 0 0 0.8840579710144928 0.927007299270073
630 0.0022033999999999665 1 1 0.8985507246376812 0.9343065693430657
631 0.001846699999999979 0 0 0.8985507246376812 0.9343065693430657
632 0.0017632000000000758 0 0 0.8985507246376812 0.9343065693430657
633 0.0019183000000000394 0 0 0.8985507246376812 0.9343065693430657
634 0.0019264999999999421 0 0 0.8985507246376812 0.9343065693430657
635 0.0019336000000000908 0 0 0.8985507246376812 0.9343065693430657
636 0.0017351999999999368 0 0 0.8985507246376812 0.9343065693430657
637 0.0019145000000000412 0 0 0.8985507246376812 0.9343065693430657
638 0.003994000000000053 0 0 0.8985507246376812 0.9343065693430657
639 0.0033754999999999757 0 0 0.8985507246376812 0.9343065693430657
640 0.002018999999999993 0 0 0.8985507246376812 0.9343065693430657
641 0.0019273999999998015 0 0 0.8985507246376812 0.9343065693430657
642 0.0021102999999997873 0 0 0.8985507246376812 0.9343065693430657
643 0.0020948999999998996 0 0 0.8985507246376812 0.9343065693430657
644 0.0019111999999998908 0 1 0.8985507246376812 0.9416058394160584
645 0.0019607999999999848 0 0 0.8985507246376812 0.9416058394160584
646 0.002019800000000016 0 0 0.8985507246376812 0.9416058394160584
647 0.0019594000000000555 0 0 0.8985507246376812 0.9416058394160584
648 0.0020081999999999045 0 0 0.8985507246376812 0.9416058394160584
649 0.0019708000000000503 1 0 0.9130434782608695 0.9416058394160584
650 0.001968100000000028 0 0 0.9130434782608695 0.9416058394160584
651 0.0021014999999999784 0 0 0.9130434782608695 0.9416058394160584
652 0.0020940999999998766 0 0 0.9130434782608695 0.9416058394160584
653 0.0019549000000000927 0 0 0.9130434782608695 0.9416058394160584
654 0.0019926999999999584 0 0 0.9130434782608695 0.9416058394160584
655 0.00211209999999995 0 0 0.9130434782608695 0.9416058394160584
656 0.00208699999999995 0 1 0.9130434782608695 0.948905109489051
657 0.0021151000000001474 0 0 0.9130434782608695 0.948905109489051
658 0.002180100000000129 0 0 0.9130434782608695 0.948905109489051
659 0.001867000000000063 0 0 0.9130434782608695 0.948905109489051
660 0.0020057999999998355 0 0 0.9130434782608695 0.948905109489051
661 0.0019583999999999158 0 0 0.9130434782608695 0.948905109489051
662 0.0019118999999998554 0 0 0.9130434782608695 0.948905109489051
663 0.0017945999999999795 0 0 0.9130434782608695 0.948905109489051
664 0.001904600000000034 0 0 0.9130434782608695 0.948905109489051
665 0.0018996000000000013 0 0 0.9130434782608695 0.948905109489051
666 0.0018484000000000833 0 0 0.9130434782608695 0.948905109489051
667 0.0018508000000001523 0 0 0.9130434782608695 0.948905109489051
668 0.001879000000000186 0 0 0.9130434782608695 0.948905109489051
669 0.0018457000000000612 0 0 0.9130434782608695 0.948905109489051
670 0.0018099999999998673 0 0 0.9130434782608695 0.948905109489051
671 0.0019705999999999335 0 0 0.9130434782608695 0.948905109489051
672 0.0019147999999999943 0 0 0.9130434782608695 0.948905109489051
673 0.0018393000000000992 0 0 0.9130434782608695 0.948905109489051
674 0.0019086999999999854 0 0 0.9130434782608695 0.948905109489051
675 0.0018692000000000153 1 0 0.927536231884058 0.948905109489051
676 0.0018546000000001506 0 1 0.927536231884058 0.9562043795620438
677 0.001950200000000013 0 0 0.927536231884058 0.9562043795620438
678 0.0018949000000001437 0 0 0.927536231884058 0.9562043795620438
679 0.0018063999999999858 0 0 0.927536231884058 0.9562043795620438
680 0.002389699999999939 0 0 0.927536231884058 0.9562043795620438
681 0.0018812999999999747 0 0 0.927536231884058 0.9562043795620438
682 0.00184379999999984 0 0 0.927536231884058 0.9562043795620438
683 0.002001400000000153 0 0 0.927536231884058 0.9562043795620438
684 0.0018820999999999977 0 0 0.927536231884058 0.9562043795620438
685 0.0021051999999999182 0 0 0.927536231884058 0.9562043795620438
686 0.00208699999999995 0 0 0.927536231884058 0.9562043795620438
687 0.002159000000000022 1 0 0.9420289855072463 0.9562043795620438
688 0.0017644999999999467 0 0 0.9420289855072463 0.9562043795620438
689 0.0019462999999999564 0 0 0.9420289855072463 0.9562043795620438
690 0.0021993999999998515 0 1 0.9420289855072463 0.9635036496350365
691 0.0020378000000000895 0 0 0.9420289855072463 0.9635036496350365
692 0.0024258000000001445 0 0 0.9420289855072463 0.9635036496350365
693 0.002631300000000003 0 0 0.9420289855072463 0.9635036496350365
694 0.002509899999999954 0 0 0.9420289855072463 0.9635036496350365
695 0.002569900000000125 0 0 0.9420289855072463 0.9635036496350365
696 0.002627299999999888 0 0 0.9420289855072463 0.9635036496350365
697 0.0021013000000000837 0 1 0.9420289855072463 0.9708029197080292
698 0.002156599999999953 0 0 0.9420289855072463 0.9708029197080292
699 0.002041099999999796 1 1 0.9565217391304348 0.9781021897810219
700 0.0018040999999999752 0 0 0.9565217391304348 0.9781021897810219
701 0.002082499999999987 0 0 0.9565217391304348 0.9781021897810219
702 0.0019348999999999617 0 0 0.9565217391304348 0.9781021897810219
703 0.0018570999999998339 0 0 0.9565217391304348 0.9781021897810219
704 0.0019719000000000264 0 0 0.9565217391304348 0.9781021897810219
705 0.001969400000000121 0 0 0.9565217391304348 0.9781021897810219
706 0.002076600000000095 0 0 0.9565217391304348 0.9781021897810219
707 0.0019310999999999634 0 0 0.9565217391304348 0.9781021897810219
708 0.0021067999999999643 0 0 0.9565217391304348 0.9781021897810219
709 0.0018316000000000443 0 0 0.9565217391304348 0.9781021897810219
710 0.0019149000000000527 1 1 0.9710144927536232 0.9854014598540146
711 0.0019842000000001025 0 0 0.9710144927536232 0.9854014598540146
712 0.0021576000000000928 0 0 0.9710144927536232 0.9854014598540146
713 0.0020640000000000658 0 0 0.9710144927536232 0.9854014598540146
714 0.0020909000000000066 1 0 0.9855072463768116 0.9854014598540146
715 0.001992600000000122 0 1 0.9855072463768116 0.9927007299270073
716 0.00205920000000015 0 0 0.9855072463768116 0.9927007299270073
717 0.002026700000000048 0 0 0.9855072463768116 0.9927007299270073
718 0.002081100000000058 0 0 0.9855072463768116 0.9927007299270073
719 0.001962200000000136 0 0 0.9855072463768116 0.9927007299270073
720 0.002105100000000082 0 0 0.9855072463768116 0.9927007299270073
721 0.0019456999999998281 0 0 0.9855072463768116 0.9927007299270073
722 0.0020866000000001605 1 1 1.0 1.0
