125 0.4 0.9
1 0.0025960000000000427 0 0 0.0 0.5020242914979757
2 0.0033815999999999846 0 0 0.0 0.5020242914979757
3 0.0030538999999999983 1 0 0.008064516129032258 0.5020242914979757
4 0.0035135000000000027 0 0 0.008064516129032258 0.5020242914979757
5 0.003616100000000011 0 0 0.008064516129032258 0.5020242914979757
6 0.0036814000000000013 1 1 0.016129032258064516 0.5060728744939271
7 0.0038836000000000426 0 0 0.016129032258064516 0.5060728744939271
8 0.0036036999999999875 1 1 0.024193548387096774 0.5101214574898786
9 0.0035335000000000227 1 1 0.03225806451612903 0.5141700404858299
10 0.0035540000000000016 0 0 0.03225806451612903 0.5141700404858299
11 0.003365199999999957 0 0 0.03225806451612903 0.5141700404858299
12 0.0031567000000000123 1 1 0.04032258064516129 0.5182186234817814
13 0.0029751000000000083 0 0 0.04032258064516129 0.5182186234817814
14 0.0028156999999999766 1 1 0.04838709677419355 0.5222672064777328
15 0.002623000000000042 0 0 0.04838709677419355 0.5222672064777328
16 0.003027900000000028 0 0 0.04838709677419355 0.5222672064777328
17 0.0028754999999999753 1 1 0.056451612903225805 0.5263157894736842
18 0.0032960999999999685 1 1 0.06451612903225806 0.5303643724696356
19 0.003617199999999987 0 0 0.06451612903225806 0.5303643724696356
20 0.003132799999999991 0 0 0.06451612903225806 0.5303643724696356
21 0.002762200000000048 1 1 0.07258064516129033 0.5344129554655871
22 0.002785800000000005 0 0 0.07258064516129033 0.5344129554655871
23 0.0027611999999999637 1 1 0.08064516129032258 0.5384615384615384
24 0.0028425000000000256 0 0 0.08064516129032258 0.5384615384615384
25 0.0024896000000000362 0 0 0.08064516129032258 0.5384615384615384
26 0.002996700000000019 1 1 0.08870967741935484 0.5425101214574899
27 0.0028545000000000376 0 0 0.08870967741935484 0.5425101214574899
28 0.0035237000000000185 0 0 0.08870967741935484 0.5425101214574899
29 0.0026072000000000317 0 0 0.08870967741935484 0.5425101214574899
30 0.002650399999999997 0 0 0.08870967741935484 0.5425101214574899
31 0.0031816000000000066 0 0 0.08870967741935484 0.5425101214574899
32 0.003320400000000001 0 0 0.08870967741935484 0.5425101214574899
33 0.0026557000000000386 1 1 0.0967741935483871 0.5465587044534413
34 0.002604900000000021 0 0 0.0967741935483871 0.5465587044534413
35 0.003371700000000033 0 0 0.0967741935483871 0.5465587044534413
36 0.003768400000000005 0 0 0.0967741935483871 0.5465587044534413
37 0.004161799999999993 0 0 0.0967741935483871 0.5465587044534413
38 0.003638899999999945 0 0 0.0967741935483871 0.5465587044534413
39 0.002809000000000006 1 1 0.10483870967741936 0.5506072874493927
40 0.0032731000000000288 0 0 0.10483870967741936 0.5506072874493927
41 0.0038508999999999904 1 1 0.11290322580645161 0.5546558704453441
42 0.0035398000000000374 0 0 0.11290322580645161 0.5546558704453441
43 0.003788699999999978 1 1 0.12096774193548387 0.5587044534412956
44 0.0042567999999999495 0 0 0.12096774193548387 0.5587044534412956
45 0.00373610000000002 0 0 0.12096774193548387 0.5587044534412956
46 0.0038503000000000287 1 1 0.12903225806451613 0.562753036437247
47 0.002791900000000014 1 1 0.13709677419354838 0.5668016194331984
48 0.0026806999999999803 1 1 0.14516129032258066 0.5708502024291497
49 0.004275399999999929 0 0 0.14516129032258066 0.5708502024291497
50 0.0038818000000000463 0 0 0.14516129032258066 0.5708502024291497
51 0.002829899999999941 1 1 0.1532258064516129 0.5748987854251012
52 0.0028970000000000384 0 0 0.1532258064516129 0.5748987854251012
53 0.004151299999999969 1 1 0.16129032258064516 0.5789473684210527
54 0.0039624000000000326 1 1 0.1693548387096774 0.582995951417004
55 0.003899100000000044 1 1 0.1774193548387097 0.5870445344129555
56 0.0028751000000000193 0 0 0.1774193548387097 0.5870445344129555
57 0.002994700000000017 1 0 0.18548387096774194 0.5870445344129555
58 0.003303599999999962 1 2 0.1935483870967742 0.5951417004048583
59 0.004235099999999936 0 0 0.1935483870967742 0.5951417004048583
60 0.0039365000000000094 0 0 0.1935483870967742 0.5951417004048583
61 0.004465199999999947 0 0 0.1935483870967742 0.5951417004048583
62 0.004125200000000051 1 1 0.20161290322580644 0.5991902834008097
63 0.0027549000000000046 1 1 0.20967741935483872 0.6032388663967612
64 0.004389900000000058 0 0 0.20967741935483872 0.6032388663967612
65 0.00421539999999998 1 1 0.21774193548387097 0.6072874493927125
66 0.0030704000000000287 0 0 0.21774193548387097 0.6072874493927125
67 0.0038515000000000077 0 0 0.21774193548387097 0.6072874493927125
68 0.0027336000000000027 0 0 0.21774193548387097 0.6072874493927125
69 0.0029892999999999725 1 1 0.22580645161290322 0.611336032388664
70 0.0033106000000000524 1 1 0.23387096774193547 0.6153846153846154
71 0.004527500000000018 0 0 0.23387096774193547 0.6153846153846154
72 0.002897999999999956 1 1 0.24193548387096775 0.6194331983805668
73 0.003556899999999974 1 1 0.25 0.6234817813765182
74 0.004193399999999903 0 0 0.25 0.6234817813765182
75 0.002939299999999978 1 1 0.25806451612903225 0.6275303643724697
76 0.0030947000000000058 0 0 0.25806451612903225 0.6275303643724697
77 0.0028585999999999334 1 1 0.2661290322580645 0.631578947368421
78 0.0043871999999999245 0 0 0.2661290322580645 0.631578947368421
79 0.004293199999999997 1 1 0.27419354838709675 0.6356275303643725
80 0.00323260000000003 0 0 0.27419354838709675 0.6356275303643725
81 0.002886200000000061 1 1 0.28225806451612906 0.6396761133603239
82 0.0036627000000000187 0 0 0.28225806451612906 0.6396761133603239
83 0.0033178999999999848 0 0 0.28225806451612906 0.6396761133603239
84 0.003866999999999954 0 0 0.28225806451612906 0.6396761133603239
85 0.004531300000000016 0 0 0.28225806451612906 0.6396761133603239
86 0.0030575999999999937 0 0 0.28225806451612906 0.6396761133603239
87 0.0031744000000000216 0 0 0.28225806451612906 0.6396761133603239
88 0.002906799999999987 1 1 0.2903225806451613 0.6437246963562753
89 0.0030874000000000734 0 0 0.2903225806451613 0.6437246963562753
90 0.0030824000000000407 0 0 0.2903225806451613 0.6437246963562753
91 0.0031906999999999908 0 0 0.2903225806451613 0.6437246963562753
92 0.003511600000000059 1 1 0.29838709677419356 0.6477732793522267
93 0.003608900000000026 0 0 0.29838709677419356 0.6477732793522267
94 0.0030114999999999448 0 0 0.29838709677419356 0.6477732793522267
95 0.003621399999999997 0 0 0.29838709677419356 0.6477732793522267
96 0.003295599999999954 1 1 0.3064516129032258 0.6518218623481782
97 0.002924600000000055 1 0 0.31451612903225806 0.6518218623481782
98 0.003007500000000052 1 1 0.3225806451612903 0.6558704453441295
99 0.003089699999999973 1 2 0.33064516129032256 0.6639676113360324
100 0.002904099999999965 0 0 0.33064516129032256 0.6639676113360324
101 0.003596099999999991 0 0 0.33064516129032256 0.6639676113360324
102 0.004065099999999933 1 1 0.3387096774193548 0.6680161943319838
103 0.004226199999999958 0 0 0.3387096774193548 0.6680161943319838
104 0.004769699999999988 1 1 0.3467741935483871 0.6720647773279352
105 0.0046376000000000195 1 1 0.3548387096774194 0.6761133603238867
106 0.004157500000000036 0 0 0.3548387096774194 0.6761133603238867
107 0.004937500000000039 0 0 0.3548387096774194 0.6761133603238867
108 0.0034553999999999974 0 0 0.3548387096774194 0.6761133603238867
109 0.003045999999999993 1 0 0.3629032258064516 0.6761133603238867
110 0.003973899999999975 0 0 0.3629032258064516 0.6761133603238867
111 0.004321400000000031 1 2 0.3709677419354839 0.6842105263157895
112 0.004957300000000053 1 1 0.3790322580645161 0.6882591093117408
113 0.0035719000000000722 0 0 0.3790322580645161 0.6882591093117408
114 0.004528700000000052 1 1 0.3870967741935484 0.6923076923076923
115 0.0034119999999999706 1 1 0.3951612903225806 0.6963562753036437
116 0.004544400000000004 1 1 0.4032258064516129 0.7004048582995951
117 0.004518899999999992 0 0 0.4032258064516129 0.7004048582995951
118 0.004385299999999925 1 1 0.4112903225806452 0.7044534412955465
119 0.003702800000000006 1 1 0.41935483870967744 0.708502024291498
120 0.004300100000000029 1 1 0.4274193548387097 0.7125506072874493
121 0.0034014999999999462 1 1 0.43548387096774194 0.7165991902834008
122 0.003806000000000087 1 1 0.4435483870967742 0.7206477732793523
123 0.004220600000000019 0 0 0.4435483870967742 0.7206477732793523
124 0.0032118999999999343 0 0 0.4435483870967742 0.7206477732793523
125 0.003276399999999957 1 1 0.45161290322580644 0.7246963562753036
126 0.003900100000000073 1 1 0.4596774193548387 0.728744939271255
127 0.003591000000000011 1 1 0.46774193548387094 0.7327935222672065
128 0.004482700000000062 0 0 0.46774193548387094 0.7327935222672065
129 0.004712199999999944 1 1 0.47580645161290325 0.7368421052631579
130 0.003678999999999988 0 0 0.47580645161290325 0.7368421052631579
131 0.003469399999999956 1 1 0.4838709677419355 0.7408906882591093
132 0.0060699000000000725 0 0 0.4838709677419355 0.7408906882591093
133 0.004987300000000028 0 0 0.4838709677419355 0.7408906882591093
134 0.004717300000000035 0 0 0.4838709677419355 0.7408906882591093
135 0.0032959999999999656 1 1 0.49193548387096775 0.7449392712550608
136 0.003521700000000072 0 0 0.49193548387096775 0.7449392712550608
137 0.004581900000000028 0 0 0.49193548387096775 0.7449392712550608
138 0.0038384000000000196 1 1 0.5 0.7489878542510121
139 0.003927899999999984 1 1 0.5080645161290323 0.7530364372469636
140 0.004434900000000019 1 1 0.5161290322580645 0.757085020242915
141 0.0038124999999999964 1 1 0.5241935483870968 0.7611336032388664
142 0.004013799999999956 0 0 0.5241935483870968 0.7611336032388664
143 0.004713499999999926 1 1 0.532258064516129 0.7651821862348178
144 0.003966999999999943 0 0 0.532258064516129 0.7651821862348178
145 0.0036445000000000505 1 1 0.5403225806451613 0.7692307692307693
146 0.0032090000000000174 0 0 0.5403225806451613 0.7692307692307693
147 0.005050200000000005 0 0 0.5403225806451613 0.7692307692307693
148 0.004665999999999948 0 0 0.5403225806451613 0.7692307692307693
149 0.0037193999999999283 0 0 0.5403225806451613 0.7692307692307693
150 0.004615599999999942 1 1 0.5483870967741935 0.7732793522267206
151 0.0049360000000000515 0 0 0.5483870967741935 0.7732793522267206
152 0.005306300000000097 1 1 0.5564516129032258 0.7773279352226721
153 0.004618699999999976 0 0 0.5564516129032258 0.7773279352226721
154 0.004184899999999936 1 1 0.5645161290322581 0.7813765182186235
155 0.003570499999999921 1 1 0.5725806451612904 0.7854251012145749
156 0.005252999999999952 0 0 0.5725806451612904 0.7854251012145749
157 0.00424610000000003 0 0 0.5725806451612904 0.7854251012145749
158 0.0032430999999999433 0 0 0.5725806451612904 0.7854251012145749
159 0.003978900000000007 1 1 0.5806451612903226 0.7894736842105263
160 0.004631900000000022 1 1 0.5887096774193549 0.7935222672064778
161 0.0034978999999999427 1 1 0.5967741935483871 0.7975708502024291
162 0.00396249999999998 0 0 0.5967741935483871 0.7975708502024291
163 0.003965200000000002 1 1 0.6048387096774194 0.8016194331983806
164 0.0037000000000000366 0 0 0.6048387096774194 0.8016194331983806
165 0.003813999999999984 1 1 0.6129032258064516 0.805668016194332
166 0.003430500000000003 0 0 0.6129032258064516 0.805668016194332
167 0.00556000000000012 1 1 0.6209677419354839 0.8097165991902834
168 0.00401079999999987 1 1 0.6290322580645161 0.8137651821862348
169 0.0032839000000000063 0 0 0.6290322580645161 0.8137651821862348
170 0.0039544000000000246 0 0 0.6290322580645161 0.8137651821862348
171 0.0035704000000000846 0 0 0.6290322580645161 0.8137651821862348
172 0.0034042999999999157 1 1 0.6370967741935484 0.8178137651821862
173 0.0035724999999999785 1 1 0.6451612903225806 0.8218623481781376
174 0.003533699999999973 0 0 0.6451612903225806 0.8218623481781376
175 0.0038384000000000196 0 0 0.6451612903225806 0.8218623481781376
176 0.005952399999999969 1 1 0.6532258064516129 0.8259109311740891
177 0.0037615999999998095 1 1 0.6612903225806451 0.8299595141700404
178 0.004162800000000022 0 0 0.6612903225806451 0.8299595141700404
179 0.004085099999999953 1 0 0.6693548387096774 0.8299595141700404
180 0.0049378999999998285 0 0 0.6693548387096774 0.8299595141700404
181 0.005602099999999943 1 2 0.6774193548387096 0.8380566801619433
182 0.005146799999999896 1 1 0.6854838709677419 0.8421052631578947
183 0.004925100000000127 1 1 0.6935483870967742 0.8461538461538461
184 0.003806299999999929 1 1 0.7016129032258065 0.8502024291497976
185 0.005487400000000031 1 0 0.7096774193548387 0.8502024291497976
186 0.005697799999999864 1 1 0.717741935483871 0.854251012145749
187 0.006051999999999946 0 1 0.717741935483871 0.8582995951417004
188 0.005556200000000011 1 1 0.7258064516129032 0.8623481781376519
189 0.004547500000000149 0 0 0.7258064516129032 0.8623481781376519
190 0.003903100000000048 0 0 0.7258064516129032 0.8623481781376519
191 0.004675800000000008 1 1 0.7338709677419355 0.8663967611336032
192 0.004783500000000052 1 1 0.7419354838709677 0.8704453441295547
193 0.005125400000000058 1 1 0.75 0.8744939271255061
194 0.004314600000000057 0 0 0.75 0.8744939271255061
195 0.004095399999999971 0 0 0.75 0.8744939271255061
196 0.0038594999999999047 0 0 0.75 0.8744939271255061
197 0.004368900000000009 0 0 0.75 0.8744939271255061
198 0.003943599999999936 0 0 0.75 0.8744939271255061
199 0.0036396999999999124 1 1 0.7580645161290323 0.8785425101214575
200 0.004372299999999996 1 1 0.7661290322580645 0.8825910931174089
201 0.005330100000000115 0 0 0.7661290322580645 0.8825910931174089
202 0.005811999999999928 0 0 0.7661290322580645 0.8825910931174089
203 0.004920400000000047 0 0 0.7661290322580645 0.8825910931174089
204 0.004448199999999902 0 0 0.7661290322580645 0.8825910931174089
205 0.0053914999999999935 0 0 0.7661290322580645 0.8825910931174089
206 0.005155400000000032 0 0 0.7661290322580645 0.8825910931174089
207 0.005244699999999991 0 0 0.7661290322580645 0.8825910931174089
208 0.005934100000000164 0 0 0.7661290322580645 0.8825910931174089
209 0.0051394999999998525 0 0 0.7661290322580645 0.8825910931174089
210 0.004254299999999933 1 1 0.7741935483870968 0.8866396761133604
211 0.0045215999999999035 1 1 0.782258064516129 0.8906882591093117
212 0.0038553999999999533 0 0 0.782258064516129 0.8906882591093117
213 0.00423489999999993 0 0 0.782258064516129 0.8906882591093117
214 0.004161099999999918 1 1 0.7903225806451613 0.8947368421052632
215 0.0037465999999999333 1 0 0.7983870967741935 0.8947368421052632
216 0.004333799999999943 0 1 0.7983870967741935 0.8987854251012146
217 0.003771799999999992 1 0 0.8064516129032258 0.8987854251012146
218 0.004289200000000104 0 0 0.8064516129032258 0.8987854251012146
219 0.004340900000000092 0 0 0.8064516129032258 0.8987854251012146
220 0.00377240000000012 1 1 0.8145161290322581 0.902834008097166
221 0.004306799999999944 0 0 0.8145161290322581 0.902834008097166
222 0.0041672000000001486 0 1 0.8145161290322581 0.9068825910931174
223 0.005185800000000018 0 0 0.8145161290322581 0.9068825910931174
224 0.004127599999999898 0 0 0.8145161290322581 0.9068825910931174
225 0.004163600000000045 1 0 0.8225806451612904 0.9068825910931174
226 0.005952900000000039 0 0 0.8225806451612904 0.9068825910931174
227 0.0036651000000000877 1 1 0.8306451612903226 0.9109311740890689
228 0.004653800000000041 0 1 0.8306451612903226 0.9149797570850202
229 0.004650199999999938 0 0 0.8306451612903226 0.9149797570850202
230 0.0037887999999999256 1 1 0.8387096774193549 0.9190283400809717
231 0.004530099999999981 1 1 0.8467741935483871 0.9230769230769231
232 0.004345100000000102 0 0 0.8467741935483871 0.9230769230769231
233 0.003681999999999963 1 1 0.8548387096774194 0.9271255060728745
234 0.0053771000000000235 1 1 0.8629032258064516 0.9311740890688259
235 0.00582410000000011 1 1 0.8709677419354839 0.9352226720647774
236 0.005764799999999903 0 0 0.8709677419354839 0.9352226720647774
237 0.005671300000000157 0 0 0.8709677419354839 0.9352226720647774
238 0.0057339000000000695 1 1 0.8790322580645161 0.9392712550607287
239 0.0050618999999998415 0 0 0.8790322580645161 0.9392712550607287
240 0.004192399999999985 1 0 0.8870967741935484 0.9392712550607287
241 0.004226199999999958 0 1 0.8870967741935484 0.9433198380566802
242 0.0048874999999999336 0 0 0.8870967741935484 0.9433198380566802
243 0.004076500000000038 1 1 0.8951612903225806 0.9473684210526315
244 0.004354300000000144 0 0 0.8951612903225806 0.9473684210526315
245 0.004912299999999981 0 0 0.8951612903225806 0.9473684210526315
246 0.00535960000000002 0 0 0.8951612903225806 0.9473684210526315
247 0.0062995000000001244 0 0 0.8951612903225806 0.9473684210526315
248 0.005442500000000017 0 0 0.8951612903225806 0.9473684210526315
249 0.00551260000000009 0 0 0.8951612903225806 0.9473684210526315
250 0.004420499999999938 0 0 0.8951612903225806 0.9473684210526315
251 0.005147599999999919 1 1 0.9032258064516129 0.951417004048583
252 0.005502200000000013 0 0 0.9032258064516129 0.951417004048583
253 0.006174899999999983 0 0 0.9032258064516129 0.951417004048583
254 0.0052531000000000105 1 1 0.9112903225806451 0.9554655870445344
255 0.004682000000000075 0 0 0.9112903225806451 0.9554655870445344
256 0.004497399999999985 1 0 0.9193548387096774 0.9554655870445344
257 0.004116100000000067 0 0 0.9193548387096774 0.9554655870445344
258 0.004303600000000074 1 1 0.9274193548387096 0.9595141700404858
259 0.0044079999999999675 0 0 0.9274193548387096 0.9595141700404858
260 0.0064414000000001526 0 0 0.9274193548387096 0.9595141700404858
261 0.0053261 0 1 0.9274193548387096 0.9635627530364372
262 0.006046900000000077 0 0 0.9274193548387096 0.9635627530364372
263 0.005382400000000009 1 1 0.9354838709677419 0.9676113360323887
264 0.00566090000000008 0 0 0.9354838709677419 0.9676113360323887
265 0.004363299999999848 1 1 0.9435483870967742 0.97165991902834
266 0.0047839999999998994 1 1 0.9516129032258065 0.9757085020242915
267 0.00408390000000014 0 0 0.9516129032258065 0.9757085020242915
268 0.004647500000000138 1 1 0.9596774193548387 0.979757085020243
269 0.004253700000000027 0 0 0.9596774193548387 0.979757085020243
270 0.0038730000000000153 0 0 0.9596774193548387 0.979757085020243
271 0.00437770000000004 0 0 0.9596774193548387 0.979757085020243
272 0.004606799999999911 1 1 0.967741935483871 0.9838056680161943
273 0.004442200000000174 1 1 0.9758064516129032 0.9878542510121457
274 0.00500490000000009 1 1 0.9838709677419355 0.9919028340080972
275 0.005688700000000102 0 0 0.9838709677419355 0.9919028340080972
276 0.005824099999999888 1 1 0.9919354838709677 0.9959514170040485
277 0.004468099999999975 0 0 0.9919354838709677 0.9959514170040485
278 0.004735299999999887 0 0 0.9919354838709677 0.9959514170040485
279 0.004415099999999894 0 0 0.9919354838709677 0.9959514170040485
280 0.005280200000000068 1 1 1.0 1.0
