110 0.7 0.9
1 0.0023305999999999882 1 0 0.009174311926605505 0.5023041474654378
2 0.0023111000000000104 1 0 0.01834862385321101 0.5023041474654378
3 0.0023613000000000106 1 2 0.027522935779816515 0.511520737327189
4 0.0023830999999999714 0 0 0.027522935779816515 0.511520737327189
5 0.0023601000000000316 0 0 0.027522935779816515 0.511520737327189
6 0.002272200000000002 1 1 0.03669724770642202 0.5161290322580645
7 0.0023182999999999954 0 0 0.03669724770642202 0.5161290322580645
8 0.002842000000000011 1 1 0.045871559633027525 0.5207373271889401
9 0.002313300000000018 1 1 0.05504587155963303 0.5253456221198156
10 0.0024183999999999872 0 0 0.05504587155963303 0.5253456221198156
11 0.002391100000000035 1 1 0.06422018348623854 0.5299539170506913
12 0.0025552999999999826 1 1 0.07339449541284404 0.5345622119815668
13 0.002428600000000003 1 1 0.08256880733944955 0.5391705069124424
14 0.002340199999999959 1 1 0.09174311926605505 0.543778801843318
15 0.0025923999999999947 1 1 0.10091743119266056 0.5483870967741935
16 0.00237390000000004 1 1 0.11009174311926606 0.5529953917050692
17 0.002508900000000036 0 0 0.11009174311926606 0.5529953917050692
18 0.0023844000000000087 0 0 0.11009174311926606 0.5529953917050692
19 0.002596699999999952 0 0 0.11009174311926606 0.5529953917050692
20 0.0024740000000000317 1 1 0.11926605504587157 0.5576036866359447
21 0.0026835000000000053 1 1 0.12844036697247707 0.5622119815668203
22 0.0024139999999999717 0 0 0.12844036697247707 0.5622119815668203
23 0.0024448000000000247 1 1 0.13761467889908258 0.5668202764976958
24 0.0025886999999999993 0 0 0.13761467889908258 0.5668202764976958
25 0.0024996999999999936 0 0 0.13761467889908258 0.5668202764976958
26 0.002525699999999964 1 1 0.14678899082568808 0.5714285714285714
27 0.002460999999999991 1 1 0.1559633027522936 0.576036866359447
28 0.002506499999999967 0 0 0.1559633027522936 0.576036866359447
29 0.0024038000000000115 1 1 0.1651376146788991 0.5806451612903226
30 0.002609100000000031 1 1 0.1743119266055046 0.5852534562211982
31 0.0025088999999999806 0 0 0.1743119266055046 0.5852534562211982
32 0.0026209999999999845 1 1 0.1834862385321101 0.5898617511520737
33 0.0024676000000000142 1 1 0.1926605504587156 0.5944700460829493
34 0.0024421000000000026 1 1 0.2018348623853211 0.5990783410138248
35 0.0030407000000000073 0 0 0.2018348623853211 0.5990783410138248
36 0.002722200000000008 1 1 0.21100917431192662 0.6036866359447005
37 0.002667900000000001 1 1 0.22018348623853212 0.6082949308755761
38 0.0025928999999999536 0 0 0.22018348623853212 0.6082949308755761
39 0.0026024000000000047 1 1 0.22935779816513763 0.6129032258064516
40 0.002663899999999997 1 1 0.23853211009174313 0.6175115207373272
41 0.0026893000000000056 1 0 0.24770642201834864 0.6175115207373272
42 0.0025992000000000237 0 1 0.24770642201834864 0.6221198156682027
43 0.0026003 0 0 0.24770642201834864 0.6221198156682027
44 0.0026860000000000217 0 0 0.24770642201834864 0.6221198156682027
45 0.0029021000000000186 1 1 0.25688073394495414 0.6267281105990783
46 0.002880600000000011 1 1 0.26605504587155965 0.631336405529954
47 0.0026603000000000043 1 1 0.27522935779816515 0.6359447004608295
48 0.0027244000000000157 1 1 0.28440366972477066 0.6405529953917051
49 0.002722499999999961 1 1 0.29357798165137616 0.6451612903225806
50 0.002746699999999991 1 1 0.30275229357798167 0.6497695852534562
51 0.0028002000000000304 0 0 0.30275229357798167 0.6497695852534562
52 0.002826099999999998 1 1 0.3119266055045872 0.6543778801843319
53 0.002886500000000014 1 1 0.3211009174311927 0.6589861751152074
54 0.002878600000000009 1 1 0.3302752293577982 0.663594470046083
55 0.0026883000000000323 1 1 0.3394495412844037 0.6682027649769585
56 0.002919800000000028 1 1 0.3486238532110092 0.6728110599078341
57 0.002755400000000019 1 1 0.3577981651376147 0.6774193548387096
58 0.0027760000000000007 0 0 0.3577981651376147 0.6774193548387096
59 0.0032684000000000046 1 1 0.3669724770642202 0.6820276497695853
60 0.0027774999999999883 1 1 0.3761467889908257 0.6866359447004609
61 0.003467999999999971 1 1 0.3853211009174312 0.6912442396313364
62 0.002770799999999962 1 1 0.3944954128440367 0.695852534562212
63 0.003010899999999983 1 1 0.4036697247706422 0.7004608294930875
64 0.005283399999999994 1 1 0.41284403669724773 0.7050691244239631
65 0.0029768000000000017 1 1 0.42201834862385323 0.7096774193548387
66 0.003027800000000025 1 1 0.43119266055045874 0.7142857142857143
67 0.0028960000000000097 1 1 0.44036697247706424 0.7188940092165899
68 0.0028164999999999996 1 1 0.44954128440366975 0.7235023041474654
69 0.0030000000000000027 1 1 0.45871559633027525 0.728110599078341
70 0.0029677000000000175 0 0 0.45871559633027525 0.728110599078341
71 0.0029436999999999935 1 0 0.46788990825688076 0.728110599078341
72 0.0029508999999999785 0 1 0.46788990825688076 0.7327188940092166
73 0.0028834999999999833 0 0 0.46788990825688076 0.7327188940092166
74 0.002847299999999997 1 1 0.47706422018348627 0.7373271889400922
75 0.005717299999999981 1 0 0.48623853211009177 0.7373271889400922
76 0.003160900000000022 0 1 0.48623853211009177 0.7419354838709677
77 0.003118500000000024 1 1 0.4954128440366973 0.7465437788018433
78 0.00299640000000001 1 1 0.5045871559633027 0.7511520737327189
79 0.0031738000000000044 1 0 0.5137614678899083 0.7511520737327189
80 0.0032596999999999765 0 1 0.5137614678899083 0.7557603686635944
81 0.0033067999999999986 1 1 0.5229357798165137 0.7603686635944701
82 0.0051382999999999845 1 1 0.5321100917431193 0.7649769585253456
83 0.0030779999999999696 1 1 0.5412844036697247 0.7695852534562212
84 0.003038800000000008 1 1 0.5504587155963303 0.7741935483870968
85 0.0032647999999999566 0 0 0.5504587155963303 0.7741935483870968
86 0.003346200000000077 1 1 0.5596330275229358 0.7788018433179723
87 0.0029666000000000414 0 0 0.5596330275229358 0.7788018433179723
88 0.0032699000000000478 1 1 0.5688073394495413 0.783410138248848
89 0.0030689999999999884 1 1 0.5779816513761468 0.7880184331797235
90 0.003084400000000098 1 1 0.5871559633027523 0.7926267281105991
91 0.0033383000000000163 0 0 0.5871559633027523 0.7926267281105991
92 0.003302799999999939 1 1 0.5963302752293578 0.7972350230414746
93 0.003302999999999945 1 1 0.6055045871559633 0.8018433179723502
94 0.0034762000000000404 0 0 0.6055045871559633 0.8018433179723502
95 0.003279300000000096 1 1 0.6146788990825688 0.8064516129032258
96 0.003442199999999951 0 0 0.6146788990825688 0.8064516129032258
97 0.0033961999999999604 0 0 0.6146788990825688 0.8064516129032258
98 0.0031699000000000588 0 0 0.6146788990825688 0.8064516129032258
99 0.003168599999999966 0 0 0.6146788990825688 0.8064516129032258
100 0.0030656000000000017 0 0 0.6146788990825688 0.8064516129032258
101 0.003352400000000033 1 1 0.6238532110091743 0.8110599078341014
102 0.0033564999999999845 0 0 0.6238532110091743 0.8110599078341014
103 0.003231299999999937 0 0 0.6238532110091743 0.8110599078341014
104 0.003487600000000035 1 1 0.6330275229357798 0.815668202764977
105 0.0032743000000000633 1 1 0.6422018348623854 0.8202764976958525
106 0.003219599999999989 1 0 0.6513761467889908 0.8202764976958525
107 0.0034144000000000396 1 2 0.6605504587155964 0.8294930875576036
108 0.0031423999999999896 1 0 0.6697247706422018 0.8294930875576036
109 0.005306599999999939 1 2 0.6788990825688074 0.8387096774193549
110 0.0036279999999999646 1 1 0.6880733944954128 0.8433179723502304
111 0.0035077000000000025 1 1 0.6972477064220184 0.847926267281106
112 0.003672600000000026 1 1 0.7064220183486238 0.8525345622119815
113 0.0036434000000000744 1 1 0.7155963302752294 0.8571428571428571
114 0.004081800000000024 1 1 0.7247706422018348 0.8617511520737328
115 0.003394500000000078 0 0 0.7247706422018348 0.8617511520737328
116 0.003496399999999955 0 0 0.7247706422018348 0.8617511520737328
117 0.0036138000000000003 1 1 0.7339449541284404 0.8663594470046083
118 0.0034503999999999646 1 1 0.7431192660550459 0.8709677419354839
119 0.006267699999999987 1 1 0.7522935779816514 0.8755760368663594
120 0.0036391000000000062 0 0 0.7522935779816514 0.8755760368663594
121 0.0035650000000000404 1 1 0.7614678899082569 0.880184331797235
122 0.003550200000000059 0 0 0.7614678899082569 0.880184331797235
123 0.0036520000000000996 1 1 0.7706422018348624 0.8847926267281107
124 0.003620899999999927 0 0 0.7706422018348624 0.8847926267281107
125 0.0038058000000000813 1 0 0.7798165137614679 0.8847926267281107
126 0.003671800000000003 1 2 0.7889908256880734 0.8940092165898618
127 0.004181899999999961 0 0 0.7889908256880734 0.8940092165898618
128 0.003589999999999982 1 1 0.7981651376146789 0.8986175115207373
129 0.0042119999999999935 0 0 0.7981651376146789 0.8986175115207373
130 0.003329699999999991 0 0 0.7981651376146789 0.8986175115207373
131 0.0037964999999999804 1 0 0.8073394495412844 0.8986175115207373
132 0.004089100000000068 1 2 0.8165137614678899 0.9078341013824884
133 0.003766200000000053 0 0 0.8165137614678899 0.9078341013824884
134 0.004120200000000018 1 1 0.8256880733944955 0.9124423963133641
135 0.003806799999999999 1 1 0.8348623853211009 0.9170506912442397
136 0.004063700000000003 1 1 0.8440366972477065 0.9216589861751152
137 0.004049900000000051 1 0 0.8532110091743119 0.9216589861751152
138 0.003491599999999928 1 2 0.8623853211009175 0.9308755760368663
139 0.0036874999999999547 0 0 0.8623853211009175 0.9308755760368663
140 0.0036549000000000165 1 1 0.8715596330275229 0.9354838709677419
141 0.0038444999999999174 1 1 0.8807339449541285 0.9400921658986175
142 0.0037852999999999914 0 0 0.8807339449541285 0.9400921658986175
143 0.0036872000000000016 0 0 0.8807339449541285 0.9400921658986175
144 0.0036679000000000572 1 0 0.8899082568807339 0.9400921658986175
145 0.0038586999999999927 1 2 0.8990825688073395 0.9493087557603687
146 0.004363299999999959 0 0 0.8990825688073395 0.9493087557603687
147 0.0036413000000000695 1 1 0.908256880733945 0.9539170506912442
148 0.004168599999999967 1 1 0.9174311926605505 0.9585253456221198
149 0.003756399999999993 1 1 0.926605504587156 0.9631336405529954
150 0.003909199999999946 1 1 0.9357798165137615 0.967741935483871
151 0.003818300000000052 1 1 0.944954128440367 0.9723502304147466
152 0.0039335999999999816 1 1 0.9541284403669725 0.9769585253456221
153 0.003915600000000019 0 0 0.9541284403669725 0.9769585253456221
154 0.003757400000000022 1 1 0.963302752293578 0.9815668202764977
155 0.004022799999999993 1 1 0.9724770642201835 0.9861751152073732
156 0.0038251000000000257 0 0 0.9724770642201835 0.9861751152073732
157 0.0037833999999999923 1 1 0.981651376146789 0.9907834101382489
158 0.003955900000000012 1 1 0.9908256880733946 0.9953917050691244
159 0.0038162000000000473 1 0 1.0 0.9953917050691244
160 0.0038300999999999474 0 1 1.0 1.0
