130 0.3 0.1
1 0.0026090999999999753 0 0 0.0 0.5019455252918288
2 0.002696799999999999 0 0 0.0 0.5019455252918288
3 0.0027187000000000183 0 0 0.0 0.5019455252918288
4 0.002738399999999974 1 0 0.007751937984496124 0.5019455252918288
5 0.002708199999999994 0 0 0.007751937984496124 0.5019455252918288
6 0.002728200000000014 0 0 0.007751937984496124 0.5019455252918288
7 0.002765699999999982 0 0 0.007751937984496124 0.5019455252918288
8 0.0026187999999999767 0 0 0.007751937984496124 0.5019455252918288
9 0.0027762000000000064 0 0 0.007751937984496124 0.5019455252918288
10 0.002937199999999973 0 0 0.007751937984496124 0.5019455252918288
11 0.002554600000000018 0 0 0.007751937984496124 0.5019455252918288
12 0.002785900000000008 0 0 0.007751937984496124 0.5019455252918288
13 0.0028720999999999886 0 0 0.007751937984496124 0.5019455252918288
14 0.002778700000000023 0 0 0.007751937984496124 0.5019455252918288
15 0.002605299999999977 0 0 0.007751937984496124 0.5019455252918288
16 0.0027350999999999903 0 0 0.007751937984496124 0.5019455252918288
17 0.0024739999999999762 0 0 0.007751937984496124 0.5019455252918288
18 0.0024627999999999872 1 0 0.015503875968992248 0.5019455252918288
19 0.0036154999999999937 0 0 0.015503875968992248 0.5019455252918288
20 0.0026623999999999537 0 0 0.015503875968992248 0.5019455252918288
21 0.0026560999999999946 0 0 0.015503875968992248 0.5019455252918288
22 0.0024712000000000067 0 0 0.015503875968992248 0.5019455252918288
23 0.0024616999999999556 0 0 0.015503875968992248 0.5019455252918288
24 0.0028356999999999966 1 1 0.023255813953488372 0.5058365758754864
25 0.0024814000000000225 1 1 0.031007751937984496 0.5097276264591439
26 0.002769599999999983 0 0 0.031007751937984496 0.5097276264591439
27 0.002750599999999992 0 0 0.031007751937984496 0.5097276264591439
28 0.0027401999999999704 0 0 0.031007751937984496 0.5097276264591439
29 0.0027527999999999997 0 0 0.031007751937984496 0.5097276264591439
30 0.0024363000000000024 0 0 0.031007751937984496 0.5097276264591439
31 0.0025040000000000062 0 0 0.031007751937984496 0.5097276264591439
32 0.0025987000000000093 0 0 0.031007751937984496 0.5097276264591439
33 0.0024707999999999952 0 1 0.031007751937984496 0.5136186770428015
34 0.0024916999999999856 0 0 0.031007751937984496 0.5136186770428015
35 0.002740300000000029 0 0 0.031007751937984496 0.5136186770428015
36 0.0026599999999999957 0 0 0.031007751937984496 0.5136186770428015
37 0.0024611999999999967 1 0 0.03875968992248062 0.5136186770428015
38 0.002585800000000027 0 0 0.03875968992248062 0.5136186770428015
39 0.0025001999999999525 0 0 0.03875968992248062 0.5136186770428015
40 0.0025099000000000093 1 0 0.046511627906976744 0.5136186770428015
41 0.00259680000000001 1 0 0.05426356589147287 0.5136186770428015
42 0.002452500000000024 0 0 0.05426356589147287 0.5136186770428015
43 0.0025706999999999813 1 0 0.06201550387596899 0.5136186770428015
44 0.0024908000000000152 1 1 0.06976744186046512 0.5175097276264592
45 0.0027614999999999723 0 0 0.06976744186046512 0.5175097276264592
46 0.0025110999999999883 0 0 0.06976744186046512 0.5175097276264592
47 0.002567800000000009 0 0 0.06976744186046512 0.5175097276264592
48 0.00271560000000004 0 0 0.06976744186046512 0.5175097276264592
49 0.002841499999999997 0 0 0.06976744186046512 0.5175097276264592
50 0.0026885999999999854 0 0 0.06976744186046512 0.5175097276264592
51 0.002799099999999999 0 0 0.06976744186046512 0.5175097276264592
52 0.0025927000000000033 0 0 0.06976744186046512 0.5175097276264592
53 0.0025546999999999653 0 0 0.06976744186046512 0.5175097276264592
54 0.002729399999999993 0 0 0.06976744186046512 0.5175097276264592
55 0.0025391000000000163 0 0 0.06976744186046512 0.5175097276264592
56 0.0028484000000000287 1 0 0.07751937984496124 0.5175097276264592
57 0.002570500000000031 0 0 0.07751937984496124 0.5175097276264592
58 0.002670899999999976 1 0 0.08527131782945736 0.5175097276264592
59 0.0026482999999999923 0 0 0.08527131782945736 0.5175097276264592
60 0.002539799999999981 0 0 0.08527131782945736 0.5175097276264592
61 0.0024784999999999946 0 0 0.08527131782945736 0.5175097276264592
62 0.0025711999999999957 0 0 0.08527131782945736 0.5175097276264592
63 0.0025857999999999715 0 1 0.08527131782945736 0.5214007782101168
64 0.002599999999999991 0 0 0.08527131782945736 0.5214007782101168
65 0.0025157000000000096 1 1 0.09302325581395349 0.5252918287937743
66 0.0026329999999999965 0 0 0.09302325581395349 0.5252918287937743
67 0.0025646999999999753 0 0 0.09302325581395349 0.5252918287937743
68 0.0028913999999999884 0 0 0.09302325581395349 0.5252918287937743
69 0.002569800000000011 0 0 0.09302325581395349 0.5252918287937743
70 0.002487499999999976 0 0 0.09302325581395349 0.5252918287937743
71 0.002534599999999998 0 1 0.09302325581395349 0.5291828793774319
72 0.0026318000000000175 0 0 0.09302325581395349 0.5291828793774319
73 0.0025147000000000364 0 0 0.09302325581395349 0.5291828793774319
74 0.002576899999999993 0 1 0.09302325581395349 0.5330739299610895
75 0.002620599999999973 1 0 0.10077519379844961 0.5330739299610895
76 0.002594700000000061 0 0 0.10077519379844961 0.5330739299610895
77 0.0025943000000000493 1 0 0.10852713178294573 0.5330739299610895
78 0.0027573000000000736 1 0 0.11627906976744186 0.5330739299610895
79 0.002532599999999996 0 1 0.11627906976744186 0.5369649805447471
80 0.002767300000000028 1 0 0.12403100775193798 0.5369649805447471
81 0.0025509000000000226 0 0 0.12403100775193798 0.5369649805447471
82 0.0025553999999999855 0 0 0.12403100775193798 0.5369649805447471
83 0.002614700000000081 0 2 0.12403100775193798 0.5447470817120622
84 0.002707299999999968 0 0 0.12403100775193798 0.5447470817120622
85 0.0027679999999999927 1 0 0.13178294573643412 0.5447470817120622
86 0.0026040000000000507 1 0 0.13953488372093023 0.5447470817120622
87 0.002582700000000049 0 1 0.13953488372093023 0.5486381322957199
88 0.002692600000000045 1 0 0.14728682170542637 0.5486381322957199
89 0.0026239999999999597 0 0 0.14728682170542637 0.5486381322957199
90 0.002700299999999989 1 0 0.15503875968992248 0.5486381322957199
91 0.0026559000000000443 0 0 0.15503875968992248 0.5486381322957199
92 0.002866800000000058 0 0 0.15503875968992248 0.5486381322957199
93 0.002561099999999983 1 0 0.16279069767441862 0.5486381322957199
94 0.0026281999999999694 0 0 0.16279069767441862 0.5486381322957199
95 0.0026524999999999466 0 0 0.16279069767441862 0.5486381322957199
96 0.0025727999999999307 0 0 0.16279069767441862 0.5486381322957199
97 0.0025744000000000877 0 0 0.16279069767441862 0.5486381322957199
98 0.004092400000000107 0 1 0.16279069767441862 0.5525291828793775
99 0.0033266000000000684 1 0 0.17054263565891473 0.5525291828793775
100 0.002721099999999921 1 0 0.17829457364341086 0.5525291828793775
101 0.002778699999999912 1 1 0.18604651162790697 0.556420233463035
102 0.002627299999999999 0 0 0.18604651162790697 0.556420233463035
103 0.0029807000000000583 0 0 0.18604651162790697 0.556420233463035
104 0.0027652999999999706 0 0 0.18604651162790697 0.556420233463035
105 0.002870200000000045 0 0 0.18604651162790697 0.556420233463035
106 0.0029242000000000434 0 0 0.18604651162790697 0.556420233463035
107 0.002706199999999992 1 1 0.1937984496124031 0.5603112840466926
108 0.0029334999999999223 0 0 0.1937984496124031 0.5603112840466926
109 0.0029116999999999615 0 0 0.1937984496124031 0.5603112840466926
110 0.002982499999999999 0 1 0.1937984496124031 0.5642023346303502
111 0.0029620999999999675 0 0 0.1937984496124031 0.5642023346303502
112 0.0028124999999999956 0 1 0.1937984496124031 0.5680933852140078
113 0.0027004999999999946 1 1 0.20155038759689922 0.5719844357976653
114 0.0029600000000000737 0 0 0.20155038759689922 0.5719844357976653
115 0.0029566999999999233 0 0 0.20155038759689922 0.5719844357976653
116 0.0028848000000000207 0 0 0.20155038759689922 0.5719844357976653
117 0.0027831000000000383 0 0 0.20155038759689922 0.5719844357976653
118 0.003106799999999965 0 0 0.20155038759689922 0.5719844357976653
119 0.0028072000000000097 1 1 0.20930232558139536 0.5758754863813229
120 0.003088599999999997 1 0 0.21705426356589147 0.5758754863813229
121 0.0026511000000000173 0 0 0.21705426356589147 0.5758754863813229
122 0.003010199999999963 1 0 0.2248062015503876 0.5758754863813229
123 0.0028226000000000084 0 0 0.2248062015503876 0.5758754863813229
124 0.0029281999999999364 1 1 0.23255813953488372 0.5797665369649806
125 0.002814800000000006 0 0 0.23255813953488372 0.5797665369649806
126 0.0027418000000000164 1 0 0.24031007751937986 0.5797665369649806
127 0.00293180000000004 0 1 0.24031007751937986 0.5836575875486382
128 0.0029847000000000623 1 0 0.24806201550387597 0.5836575875486382
129 0.002899500000000055 0 0 0.24806201550387597 0.5836575875486382
130 0.0031374999999999043 0 0 0.24806201550387597 0.5836575875486382
131 0.003151299999999968 0 0 0.24806201550387597 0.5836575875486382
132 0.0028673999999999644 0 0 0.24806201550387597 0.5836575875486382
133 0.00298200000000004 1 0 0.2558139534883721 0.5836575875486382
134 0.0030612999999999335 1 1 0.26356589147286824 0.5875486381322957
135 0.0027617999999999254 0 0 0.26356589147286824 0.5875486381322957
136 0.002943499999999988 0 1 0.26356589147286824 0.5914396887159533
137 0.0028482000000000784 0 1 0.26356589147286824 0.5953307392996109
138 0.002766700000000011 0 0 0.26356589147286824 0.5953307392996109
139 0.0028538000000000174 1 1 0.2713178294573643 0.5992217898832685
140 0.0029074000000000044 0 1 0.2713178294573643 0.603112840466926
141 0.0030457999999999874 0 0 0.2713178294573643 0.603112840466926
142 0.003027300000000066 0 0 0.2713178294573643 0.603112840466926
143 0.002935600000000038 0 0 0.2713178294573643 0.603112840466926
144 0.002749099999999949 0 0 0.2713178294573643 0.603112840466926
145 0.003000400000000014 0 0 0.2713178294573643 0.603112840466926
146 0.003077699999999961 0 0 0.2713178294573643 0.603112840466926
147 0.0027631999999999657 0 0 0.2713178294573643 0.603112840466926
148 0.00276350000000003 0 0 0.2713178294573643 0.603112840466926
149 0.0028016000000000707 0 0 0.2713178294573643 0.603112840466926
150 0.003059800000000057 1 0 0.27906976744186046 0.603112840466926
151 0.002968399999999982 0 0 0.27906976744186046 0.603112840466926
152 0.0030117000000000616 0 0 0.27906976744186046 0.603112840466926
153 0.0038245000000000084 0 1 0.27906976744186046 0.6070038910505836
154 0.003891100000000036 0 0 0.27906976744186046 0.6070038910505836
155 0.003950299999999962 0 0 0.27906976744186046 0.6070038910505836
156 0.003960900000000045 0 0 0.27906976744186046 0.6070038910505836
157 0.0038074000000000163 0 0 0.27906976744186046 0.6070038910505836
158 0.003968599999999989 1 0 0.2868217054263566 0.6070038910505836
159 0.004010200000000075 1 2 0.29457364341085274 0.6147859922178989
160 0.0039925000000000654 1 1 0.3023255813953488 0.6186770428015564
161 0.0030409999999999604 1 0 0.31007751937984496 0.6186770428015564
162 0.0031001999999999974 0 0 0.31007751937984496 0.6186770428015564
163 0.0030148999999999315 1 0 0.3178294573643411 0.6186770428015564
164 0.00275420000000004 0 0 0.3178294573643411 0.6186770428015564
165 0.0027789000000000286 0 2 0.3178294573643411 0.6264591439688716
166 0.002870700000000004 0 0 0.3178294573643411 0.6264591439688716
167 0.00278860000000003 0 1 0.3178294573643411 0.6303501945525292
168 0.0029762999999999318 0 0 0.3178294573643411 0.6303501945525292
169 0.0027954000000000034 0 1 0.3178294573643411 0.6342412451361867
170 0.003017900000000018 0 0 0.3178294573643411 0.6342412451361867
171 0.0027449999999999974 1 0 0.32558139534883723 0.6342412451361867
172 0.002778700000000023 0 0 0.32558139534883723 0.6342412451361867
173 0.0028495999999998967 0 0 0.32558139534883723 0.6342412451361867
174 0.002775300000000036 0 0 0.32558139534883723 0.6342412451361867
175 0.0031018000000000434 0 0 0.32558139534883723 0.6342412451361867
176 0.002728300000000017 1 0 0.3333333333333333 0.6342412451361867
177 0.002969200000000005 0 0 0.3333333333333333 0.6342412451361867
178 0.0027616000000000307 0 1 0.3333333333333333 0.6381322957198443
179 0.002883499999999928 0 0 0.3333333333333333 0.6381322957198443
180 0.004080399999999984 0 0 0.3333333333333333 0.6381322957198443
181 0.00413780000000008 1 0 0.34108527131782945 0.6381322957198443
182 0.004184200000000082 0 0 0.34108527131782945 0.6381322957198443
183 0.0040109000000000394 0 0 0.34108527131782945 0.6381322957198443
184 0.004133700000000018 0 0 0.34108527131782945 0.6381322957198443
185 0.004106300000000007 0 0 0.34108527131782945 0.6381322957198443
186 0.004081899999999972 0 0 0.34108527131782945 0.6381322957198443
187 0.004132400000000036 0 1 0.34108527131782945 0.642023346303502
188 0.004098099999999993 0 0 0.34108527131782945 0.642023346303502
189 0.0039439 0 0 0.34108527131782945 0.642023346303502
190 0.004154299999999944 0 1 0.34108527131782945 0.6459143968871596
191 0.0041160000000000085 0 1 0.34108527131782945 0.6498054474708171
192 0.0041719999999999535 1 0 0.3488372093023256 0.6498054474708171
193 0.003966200000000031 0 0 0.3488372093023256 0.6498054474708171
194 0.004139899999999974 1 0 0.35658914728682173 0.6498054474708171
195 0.004153899999999933 1 0 0.3643410852713178 0.6498054474708171
196 0.0039599999999999635 0 0 0.3643410852713178 0.6498054474708171
197 0.004187300000000005 0 0 0.3643410852713178 0.6498054474708171
198 0.004167000000000032 0 0 0.3643410852713178 0.6498054474708171
199 0.004088599999999998 0 0 0.3643410852713178 0.6498054474708171
200 0.00411130000000004 0 0 0.3643410852713178 0.6498054474708171
201 0.004185499999999953 0 1 0.3643410852713178 0.6536964980544747
202 0.004157100000000025 0 0 0.3643410852713178 0.6536964980544747
203 0.0028447999999999807 0 0 0.3643410852713178 0.6536964980544747
204 0.0028533000000000586 0 1 0.3643410852713178 0.6575875486381323
205 0.0028956999999999455 0 0 0.3643410852713178 0.6575875486381323
206 0.002950499999999967 0 0 0.3643410852713178 0.6575875486381323
207 0.00289320000000004 0 0 0.3643410852713178 0.6575875486381323
208 0.0032284999999999675 0 0 0.3643410852713178 0.6575875486381323
209 0.003018500000000035 0 0 0.3643410852713178 0.6575875486381323
210 0.003275300000000092 1 0 0.37209302325581395 0.6575875486381323
211 0.0031183000000000183 1 0 0.3798449612403101 0.6575875486381323
212 0.0032309000000000365 1 0 0.3875968992248062 0.6575875486381323
213 0.0030839999999999756 0 0 0.3875968992248062 0.6575875486381323
214 0.003222999999999976 0 1 0.3875968992248062 0.6614785992217899
215 0.0030733000000000565 1 0 0.3953488372093023 0.6614785992217899
216 0.0032564999999999955 0 0 0.3953488372093023 0.6614785992217899
217 0.003118999999999983 0 0 0.3953488372093023 0.6614785992217899
218 0.0029736000000000207 1 0 0.40310077519379844 0.6614785992217899
219 0.0030911000000000133 1 0 0.4108527131782946 0.6614785992217899
220 0.003205699999999978 1 0 0.4186046511627907 0.6614785992217899
221 0.003006000000000064 0 0 0.4186046511627907 0.6614785992217899
222 0.00298519999999991 0 0 0.4186046511627907 0.6614785992217899
223 0.0029953999999998704 0 0 0.4186046511627907 0.6614785992217899
224 0.0031903000000002013 0 0 0.4186046511627907 0.6614785992217899
225 0.004249399999999959 0 0 0.4186046511627907 0.6614785992217899
226 0.00411589999999995 0 0 0.4186046511627907 0.6614785992217899
227 0.00297130000000001 0 0 0.4186046511627907 0.6614785992217899
228 0.0032413000000000025 0 0 0.4186046511627907 0.6614785992217899
229 0.0030154000000000014 1 1 0.4263565891472868 0.6653696498054474
230 0.002835000000000143 1 0 0.43410852713178294 0.6653696498054474
231 0.002899800000000008 0 1 0.43410852713178294 0.669260700389105
232 0.0028793999999998654 0 0 0.43410852713178294 0.669260700389105
233 0.0029156999999999655 0 1 0.43410852713178294 0.6731517509727627
234 0.002858199999999922 0 1 0.43410852713178294 0.6770428015564203
235 0.002947299999999986 0 1 0.43410852713178294 0.6809338521400778
236 0.0028510999999999953 1 0 0.4418604651162791 0.6809338521400778
237 0.00284810000000002 1 0 0.4496124031007752 0.6809338521400778
238 0.0029858000000000384 1 0 0.4573643410852713 0.6809338521400778
239 0.002945100000000034 0 0 0.4573643410852713 0.6809338521400778
240 0.002925999999999984 0 0 0.4573643410852713 0.6809338521400778
241 0.002861400000000014 1 1 0.46511627906976744 0.6848249027237354
242 0.0029737999999999154 0 1 0.46511627906976744 0.688715953307393
243 0.0028869000000000256 1 0 0.4728682170542636 0.688715953307393
244 0.0029751000000000083 0 0 0.4728682170542636 0.688715953307393
245 0.002948900000000032 0 0 0.4728682170542636 0.688715953307393
246 0.0029854999999998633 1 0 0.4806201550387597 0.688715953307393
247 0.0031026999999999028 1 0 0.4883720930232558 0.688715953307393
248 0.003045400000000198 0 0 0.4883720930232558 0.688715953307393
249 0.0029842999999998288 1 1 0.49612403100775193 0.6926070038910506
250 0.003024899999999997 0 0 0.49612403100775193 0.6926070038910506
251 0.0033991999999998246 0 1 0.49612403100775193 0.6964980544747081
252 0.0030940999999999885 1 0 0.5038759689922481 0.6964980544747081
253 0.0032959999999999656 0 0 0.5038759689922481 0.6964980544747081
254 0.0033867000000000758 0 1 0.5038759689922481 0.7003891050583657
255 0.003072399999999975 0 0 0.5038759689922481 0.7003891050583657
256 0.0030675000000000008 0 0 0.5038759689922481 0.7003891050583657
257 0.0033080000000000886 1 1 0.5116279069767442 0.7042801556420234
258 0.0031927000000000483 1 0 0.5193798449612403 0.7042801556420234
259 0.002951599999999832 0 0 0.5193798449612403 0.7042801556420234
260 0.003361400000000181 0 1 0.5193798449612403 0.708171206225681
261 0.0033147000000000038 0 0 0.5193798449612403 0.708171206225681
262 0.003294200000000025 0 1 0.5193798449612403 0.7120622568093385
263 0.002984099999999934 0 0 0.5193798449612403 0.7120622568093385
264 0.003167599999999826 0 0 0.5193798449612403 0.7120622568093385
265 0.002941900000000164 0 0 0.5193798449612403 0.7120622568093385
266 0.00317870000000009 0 0 0.5193798449612403 0.7120622568093385
267 0.002988600000000119 1 1 0.5271317829457365 0.7159533073929961
268 0.0031474000000000224 1 0 0.5348837209302325 0.7159533073929961
269 0.0032567000000001123 0 1 0.5348837209302325 0.7198443579766537
270 0.003068099999999907 1 0 0.5426356589147286 0.7198443579766537
271 0.0034035000000001148 0 0 0.5426356589147286 0.7198443579766537
272 0.003100400000000114 1 1 0.5503875968992248 0.7237354085603113
273 0.0029489999999998684 0 1 0.5503875968992248 0.7276264591439688
274 0.003198200000000151 1 1 0.5581395348837209 0.7315175097276264
275 0.0031045000000000655 0 2 0.5581395348837209 0.7392996108949417
276 0.0030189000000000465 0 0 0.5581395348837209 0.7392996108949417
277 0.0030344000000002147 1 0 0.5658914728682171 0.7392996108949417
278 0.00308699999999984 1 0 0.5736434108527132 0.7392996108949417
279 0.003016899999999989 0 1 0.5736434108527132 0.7431906614785992
280 0.003253399999999962 1 0 0.5813953488372093 0.7431906614785992
281 0.0030417999999998724 1 0 0.5891472868217055 0.7431906614785992
282 0.0033224000000000586 0 1 0.5891472868217055 0.7470817120622568
283 0.0030217999999999634 0 0 0.5891472868217055 0.7470817120622568
284 0.0033791000000000793 1 1 0.5968992248062015 0.7509727626459144
285 0.002984400000000109 0 0 0.5968992248062015 0.7509727626459144
286 0.004093700000000089 0 0 0.5968992248062015 0.7509727626459144
287 0.004437800000000047 0 0 0.5968992248062015 0.7509727626459144
288 0.0031578000000000994 0 0 0.5968992248062015 0.7509727626459144
289 0.0044607999999999315 1 0 0.6046511627906976 0.7509727626459144
290 0.0042728000000000765 0 0 0.6046511627906976 0.7509727626459144
291 0.0034911000000001913 0 0 0.6046511627906976 0.7509727626459144
292 0.0030768000000001017 1 1 0.6124031007751938 0.754863813229572
293 0.0031369999999999454 0 1 0.6124031007751938 0.7587548638132295
294 0.002989099999999967 0 0 0.6124031007751938 0.7587548638132295
295 0.0031416000000001887 0 1 0.6124031007751938 0.7626459143968871
296 0.004553200000000146 1 0 0.6201550387596899 0.7626459143968871
297 0.004348100000000077 0 0 0.6201550387596899 0.7626459143968871
298 0.0031655000000001543 0 1 0.6201550387596899 0.7665369649805448
299 0.003092300000000048 1 1 0.627906976744186 0.7704280155642024
300 0.0032578000000000884 0 0 0.627906976744186 0.7704280155642024
301 0.003186700000000098 0 1 0.627906976744186 0.77431906614786
302 0.0032581000000000415 0 0 0.627906976744186 0.77431906614786
303 0.0031247999999999276 0 0 0.627906976744186 0.77431906614786
304 0.003144599999999942 0 0 0.627906976744186 0.77431906614786
305 0.0030973000000000805 0 1 0.627906976744186 0.7782101167315175
306 0.003172899999999812 0 0 0.627906976744186 0.7782101167315175
307 0.0034677000000000735 0 0 0.627906976744186 0.7782101167315175
308 0.003116099999999955 0 0 0.627906976744186 0.7782101167315175
309 0.003098000000000045 1 2 0.6356589147286822 0.7859922178988327
310 0.003216399999999897 0 0 0.6356589147286822 0.7859922178988327
311 0.0031394999999998507 0 0 0.6356589147286822 0.7859922178988327
312 0.0031592000000000287 0 0 0.6356589147286822 0.7859922178988327
313 0.0031915000000000138 1 1 0.6434108527131783 0.7898832684824902
314 0.0032015000000000793 1 1 0.6511627906976745 0.7937743190661478
315 0.003785700000000114 1 0 0.6589147286821705 0.7937743190661478
316 0.0034815999999999736 0 0 0.6589147286821705 0.7937743190661478
317 0.0032615000000000283 1 1 0.6666666666666666 0.7976653696498055
318 0.0031266999999999268 0 1 0.6666666666666666 0.8015564202334631
319 0.0032799999999999496 0 0 0.6666666666666666 0.8015564202334631
320 0.0031111999999999806 0 0 0.6666666666666666 0.8015564202334631
321 0.003241900000000131 0 1 0.6666666666666666 0.8054474708171206
322 0.0032046999999999493 0 1 0.6666666666666666 0.8093385214007782
323 0.0031415999999999666 0 1 0.6666666666666666 0.8132295719844358
324 0.0031531000000000198 0 0 0.6666666666666666 0.8132295719844358
325 0.0031647999999999676 0 0 0.6666666666666666 0.8132295719844358
326 0.0031954000000000704 0 1 0.6666666666666666 0.8171206225680934
327 0.003196899999999836 0 0 0.6666666666666666 0.8171206225680934
328 0.003555099999999811 0 0 0.6666666666666666 0.8171206225680934
329 0.003218500000000013 1 0 0.6744186046511628 0.8171206225680934
330 0.003628900000000046 0 0 0.6744186046511628 0.8171206225680934
331 0.003331299999999926 0 0 0.6744186046511628 0.8171206225680934
332 0.0034578999999999027 0 0 0.6744186046511628 0.8171206225680934
333 0.0033511000000001623 0 1 0.6744186046511628 0.8210116731517509
334 0.0035666999999999227 1 0 0.6821705426356589 0.8210116731517509
335 0.003694000000000086 0 1 0.6821705426356589 0.8249027237354085
336 0.0035136000000000056 0 0 0.6821705426356589 0.8249027237354085
337 0.0032133000000000855 0 0 0.6821705426356589 0.8249027237354085
338 0.0031814999999999483 1 0 0.689922480620155 0.8249027237354085
339 0.0032010000000000094 0 0 0.689922480620155 0.8249027237354085
340 0.0034191000000001193 0 0 0.689922480620155 0.8249027237354085
341 0.0036700999999998984 0 0 0.689922480620155 0.8249027237354085
342 0.003400899999999929 0 0 0.689922480620155 0.8249027237354085
343 0.003338000000000063 0 0 0.689922480620155 0.8249027237354085
344 0.003298000000000023 0 0 0.689922480620155 0.8249027237354085
345 0.0031719000000001163 0 0 0.689922480620155 0.8249027237354085
346 0.0032007000000000563 0 0 0.689922480620155 0.8249027237354085
347 0.0031921999999999784 0 0 0.689922480620155 0.8249027237354085
348 0.003227000000000091 0 0 0.689922480620155 0.8249027237354085
349 0.003157199999999971 0 0 0.689922480620155 0.8249027237354085
350 0.0032677000000000955 1 0 0.6976744186046512 0.8249027237354085
351 0.0031617999999999924 1 0 0.7054263565891473 0.8249027237354085
352 0.003334800000000193 0 0 0.7054263565891473 0.8249027237354085
353 0.0032946000000000364 0 0 0.7054263565891473 0.8249027237354085
354 0.003266500000000061 1 0 0.7131782945736435 0.8249027237354085
355 0.003183299999999889 0 0 0.7131782945736435 0.8249027237354085
356 0.0033098999999998657 0 1 0.7131782945736435 0.8287937743190662
357 0.003158800000000017 0 0 0.7131782945736435 0.8287937743190662
358 0.00324330000000006 0 1 0.7131782945736435 0.8326848249027238
359 0.0036343999999999266 1 0 0.7209302325581395 0.8326848249027238
360 0.0033703999999998846 0 0 0.7209302325581395 0.8326848249027238
361 0.003468899999999886 0 0 0.7209302325581395 0.8326848249027238
362 0.0036547000000000107 0 0 0.7209302325581395 0.8326848249027238
363 0.0032609999999999584 1 0 0.7286821705426356 0.8326848249027238
364 0.003189399999999898 0 0 0.7286821705426356 0.8326848249027238
365 0.003283899999999784 0 0 0.7286821705426356 0.8326848249027238
366 0.003187000000000051 0 1 0.7286821705426356 0.8365758754863813
367 0.003223299999999929 1 0 0.7364341085271318 0.8365758754863813
368 0.004811600000000027 0 1 0.7364341085271318 0.8404669260700389
369 0.0046568000000000165 0 0 0.7364341085271318 0.8404669260700389
370 0.0048090999999998996 0 1 0.7364341085271318 0.8443579766536965
371 0.0036319000000000212 1 0 0.7441860465116279 0.8443579766536965
372 0.0033970999999999307 0 0 0.7441860465116279 0.8443579766536965
373 0.003344100000000072 1 0 0.751937984496124 0.8443579766536965
374 0.0032300999999999025 0 0 0.751937984496124 0.8443579766536965
375 0.003363099999999841 0 0 0.751937984496124 0.8443579766536965
376 0.0033243000000000578 0 1 0.751937984496124 0.8482490272373541
377 0.0032919000000000143 0 0 0.751937984496124 0.8482490272373541
378 0.004236600000000035 0 1 0.751937984496124 0.8521400778210116
379 0.004068399999999972 0 0 0.751937984496124 0.8521400778210116
380 0.003497399999999873 1 0 0.7596899224806202 0.8521400778210116
381 0.0035384000000000526 0 0 0.7596899224806202 0.8521400778210116
382 0.0037282000000000703 0 0 0.7596899224806202 0.8521400778210116
383 0.0035652999999999935 0 0 0.7596899224806202 0.8521400778210116
384 0.0034359999999999946 1 0 0.7674418604651163 0.8521400778210116
385 0.0037540999999998714 0 0 0.7674418604651163 0.8521400778210116
386 0.0036559000000000452 0 0 0.7674418604651163 0.8521400778210116
387 0.0031978999999999758 0 0 0.7674418604651163 0.8521400778210116
388 0.0034666999999999337 1 0 0.7751937984496124 0.8521400778210116
389 0.0032349000000000405 0 0 0.7751937984496124 0.8521400778210116
390 0.003374199999999883 0 0 0.7751937984496124 0.8521400778210116
391 0.0033225999999999534 0 1 0.7751937984496124 0.8560311284046692
392 0.0034433999999998743 0 2 0.7751937984496124 0.8638132295719845
393 0.003334200000000065 1 1 0.7829457364341085 0.867704280155642
394 0.003468100000000085 0 0 0.7829457364341085 0.867704280155642
395 0.003417999999999921 0 0 0.7829457364341085 0.867704280155642
396 0.0037618999999999847 0 0 0.7829457364341085 0.867704280155642
397 0.0033999000000000112 0 0 0.7829457364341085 0.867704280155642
398 0.003730999999999929 1 0 0.7906976744186046 0.867704280155642
399 0.0033974999999999422 0 1 0.7906976744186046 0.8715953307392996
400 0.0034437000000000495 1 2 0.7984496124031008 0.8793774319066148
401 0.0034257999999998123 0 0 0.7984496124031008 0.8793774319066148
402 0.0033890999999999227 1 1 0.8062015503875969 0.8832684824902723
403 0.0037690999999999697 0 1 0.8062015503875969 0.8871595330739299
404 0.003555799999999998 1 1 0.813953488372093 0.8910505836575876
405 0.003522200000000142 0 0 0.813953488372093 0.8910505836575876
406 0.003499000000000141 0 0 0.813953488372093 0.8910505836575876
407 0.003697199999999956 1 0 0.8217054263565892 0.8910505836575876
408 0.00338409999999989 0 0 0.8217054263565892 0.8910505836575876
409 0.0033890999999999227 1 0 0.8294573643410853 0.8910505836575876
410 0.003591300000000075 1 1 0.8372093023255814 0.8949416342412452
411 0.003456600000000032 1 3 0.8449612403100775 0.9066147859922179
412 0.0034551999999998806 0 1 0.8449612403100775 0.9105058365758755
413 0.003432600000000008 1 1 0.8527131782945736 0.914396887159533
414 0.0033208000000000126 1 0 0.8604651162790697 0.914396887159533
415 0.005002799999999974 1 0 0.8682170542635659 0.914396887159533
416 0.005067799999999956 0 0 0.8682170542635659 0.914396887159533
417 0.004826699999999962 0 1 0.8682170542635659 0.9182879377431906
418 0.0035963000000001077 0 0 0.8682170542635659 0.9182879377431906
419 0.0035865999999999953 0 0 0.8682170542635659 0.9182879377431906
420 0.0034018999999998467 1 0 0.875968992248062 0.9182879377431906
421 0.0034959999999999436 0 1 0.875968992248062 0.9221789883268483
422 0.00343799999999983 1 0 0.8837209302325582 0.9221789883268483
423 0.0033700999999999315 0 0 0.8837209302325582 0.9221789883268483
424 0.0033887999999999696 0 0 0.8837209302325582 0.9221789883268483
425 0.003414499999999876 0 1 0.8837209302325582 0.9260700389105059
426 0.0037530999999999537 0 0 0.8837209302325582 0.9260700389105059
427 0.0034445000000000725 0 0 0.8837209302325582 0.9260700389105059
428 0.00341720000000012 0 0 0.8837209302325582 0.9260700389105059
429 0.0034497 0 0 0.8837209302325582 0.9260700389105059
430 0.003520600000000096 0 0 0.8837209302325582 0.9260700389105059
431 0.0034849999999999604 0 1 0.8837209302325582 0.9299610894941635
432 0.0034498000000000584 0 0 0.8837209302325582 0.9299610894941635
433 0.0034161999999999804 0 0 0.8837209302325582 0.9299610894941635
434 0.00347530000000007 1 0 0.8914728682170543 0.9299610894941635
435 0.0033368000000000286 1 0 0.8992248062015504 0.9299610894941635
436 0.005132600000000043 0 0 0.8992248062015504 0.9299610894941635
437 0.003634499999999985 0 0 0.8992248062015504 0.9299610894941635
438 0.003984599999999894 0 0 0.8992248062015504 0.9299610894941635
439 0.0034960000000001656 1 0 0.9069767441860465 0.9299610894941635
440 0.003415799999999969 0 0 0.9069767441860465 0.9299610894941635
441 0.0051122999999999585 0 0 0.9069767441860465 0.9299610894941635
442 0.004925100000000127 1 0 0.9147286821705426 0.9299610894941635
443 0.005021399999999954 0 0 0.9147286821705426 0.9299610894941635
444 0.005092199999999991 0 0 0.9147286821705426 0.9299610894941635
445 0.004943399999999931 0 1 0.9147286821705426 0.933852140077821
446 0.004836899999999922 1 0 0.9224806201550387 0.933852140077821
447 0.003819600000000145 0 0 0.9224806201550387 0.933852140077821
448 0.0034159000000000272 1 0 0.9302325581395349 0.933852140077821
449 0.0034619000000000177 1 1 0.937984496124031 0.9377431906614786
450 0.0033803000000001138 0 0 0.937984496124031 0.9377431906614786
451 0.0036479000000000372 0 1 0.937984496124031 0.9416342412451362
452 0.0038116999999999734 1 0 0.9457364341085271 0.9416342412451362
453 0.0036506000000000594 0 1 0.9457364341085271 0.9455252918287937
454 0.003564899999999982 0 0 0.9457364341085271 0.9455252918287937
455 0.0035711000000000492 0 0 0.9457364341085271 0.9455252918287937
456 0.003603899999999882 1 1 0.9534883720930233 0.9494163424124513
457 0.003506999999999927 0 2 0.9534883720930233 0.9571984435797666
458 0.0036055000000001503 0 0 0.9534883720930233 0.9571984435797666
459 0.0036039999999999406 0 0 0.9534883720930233 0.9571984435797666
460 0.0035832000000000086 0 0 0.9534883720930233 0.9571984435797666
461 0.003429700000000091 1 0 0.9612403100775194 0.9571984435797666
462 0.0035847999999998326 1 0 0.9689922480620154 0.9571984435797666
463 0.0034838999999999842 0 0 0.9689922480620154 0.9571984435797666
464 0.005152799999999846 0 0 0.9689922480620154 0.9571984435797666
465 0.003783299999999823 0 0 0.9689922480620154 0.9571984435797666
466 0.0035826999999999387 0 0 0.9689922480620154 0.9571984435797666
467 0.003891899999999948 0 0 0.9689922480620154 0.9571984435797666
468 0.0035306999999999977 1 0 0.9767441860465116 0.9571984435797666
469 0.003447800000000001 1 1 0.9844961240310077 0.9610894941634242
470 0.003570499999999921 1 0 0.9922480620155039 0.9610894941634242
471 0.0036101000000001715 0 0 0.9922480620155039 0.9610894941634242
472 0.0034976000000002117 1 0 1.0 0.9610894941634242
473 0.0035027000000000807 0 1 1.0 0.9649805447470817
474 0.003720399999999957 0 2 1.0 0.9727626459143969
475 0.003672399999999909 0 1 1.0 0.9766536964980544
476 0.003635300000000008 0 1 1.0 0.980544747081712
477 0.003621499999999944 0 0 1.0 0.980544747081712
478 0.003536399999999995 0 0 1.0 0.980544747081712
479 0.00356920000000005 0 0 1.0 0.980544747081712
480 0.003542799999999957 0 0 1.0 0.980544747081712
481 0.0035543000000000102 0 0 1.0 0.980544747081712
482 0.0035570999999998687 0 0 1.0 0.980544747081712
483 0.003470499999999932 0 0 1.0 0.980544747081712
484 0.0037798 0 0 1.0 0.980544747081712
485 0.003759599999999974 0 0 1.0 0.980544747081712
486 0.0036593999999998683 0 0 1.0 0.980544747081712
487 0.005185800000000018 0 0 1.0 0.980544747081712
488 0.005130600000000207 0 0 1.0 0.980544747081712
489 0.005001400000000267 0 0 1.0 0.980544747081712
490 0.005162300000000286 0 0 1.0 0.980544747081712
491 0.005157000000000078 0 1 1.0 0.9844357976653697
492 0.005403700000000011 0 1 1.0 0.9883268482490273
493 0.005250900000000058 0 0 1.0 0.9883268482490273
494 0.003605499999999928 0 0 1.0 0.9883268482490273
495 0.0035452999999998625 0 0 1.0 0.9883268482490273
496 0.0034973000000002585 0 0 1.0 0.9883268482490273
497 0.0036107000000002998 0 0 1.0 0.9883268482490273
498 0.0035935999999998636 0 0 1.0 0.9883268482490273
499 0.003848899999999933 0 0 1.0 0.9883268482490273
500 0.0036586999999999037 0 0 1.0 0.9883268482490273
501 0.003599299999999861 0 0 1.0 0.9883268482490273
502 0.0035975999999999786 0 0 1.0 0.9883268482490273
503 0.0035593999999998793 0 0 1.0 0.9883268482490273
504 0.0035286999999999402 0 0 1.0 0.9883268482490273
505 0.00353659999999989 0 0 1.0 0.9883268482490273
506 0.0038320000000000576 0 1 1.0 0.9922178988326849
507 0.003811600000000137 0 0 1.0 0.9922178988326849
508 0.003612400000000182 0 0 1.0 0.9922178988326849
509 0.003537199999999796 0 0 1.0 0.9922178988326849
510 0.003565200000000157 0 0 1.0 0.9922178988326849
511 0.003652100000000047 0 0 1.0 0.9922178988326849
512 0.003578199999999754 0 0 1.0 0.9922178988326849
513 0.0036890999999998897 0 0 1.0 0.9922178988326849
514 0.003543000000000074 0 0 1.0 0.9922178988326849
515 0.004118600000000416 0 0 1.0 0.9922178988326849
516 0.0037050999999999057 0 0 1.0 0.9922178988326849
517 0.0034829000000002885 0 1 1.0 0.9961089494163424
518 0.003773999999999944 0 0 1.0 0.9961089494163424
519 0.0034581000000000195 0 0 1.0 0.9961089494163424
520 0.003558299999999903 0 0 1.0 0.9961089494163424
521 0.0035762999999997547 0 0 1.0 0.9961089494163424
522 0.003508699999999809 0 0 1.0 0.9961089494163424
523 0.003584400000000265 0 0 1.0 0.9961089494163424
524 0.0035530999999999757 0 0 1.0 0.9961089494163424
525 0.003619599999999945 0 0 1.0 0.9961089494163424
526 0.003568600000000366 0 0 1.0 0.9961089494163424
527 0.003600899999999907 0 0 1.0 0.9961089494163424
528 0.0035616000000002757 0 0 1.0 0.9961089494163424
529 0.003578000000000081 0 0 1.0 0.9961089494163424
530 0.003607000000000138 0 0 1.0 0.9961089494163424
531 0.0034781000000001505 0 0 1.0 0.9961089494163424
532 0.0037549000000001165 0 0 1.0 0.9961089494163424
533 0.0036165000000001335 0 0 1.0 0.9961089494163424
534 0.0038160000000000416 0 0 1.0 0.9961089494163424
535 0.0036083000000002308 0 0 1.0 0.9961089494163424
536 0.003549399999999814 0 0 1.0 0.9961089494163424
537 0.0036036999999997654 0 0 1.0 0.9961089494163424
538 0.0040005000000000734 0 0 1.0 0.9961089494163424
539 0.0037890000000002644 0 0 1.0 0.9961089494163424
540 0.004184399999999755 0 0 1.0 0.9961089494163424
541 0.003728699999999918 0 0 1.0 0.9961089494163424
542 0.0036160999999999 0 0 1.0 0.9961089494163424
543 0.0040303999999999895 0 0 1.0 0.9961089494163424
544 0.003661499999999762 0 0 1.0 0.9961089494163424
545 0.0037981000000000265 0 0 1.0 0.9961089494163424
546 0.0037370000000001014 0 0 1.0 0.9961089494163424
547 0.0037967000000000972 0 0 1.0 0.9961089494163424
548 0.004010200000000186 0 0 1.0 0.9961089494163424
549 0.003852900000000048 0 0 1.0 0.9961089494163424
550 0.0037153999999999243 0 0 1.0 0.9961089494163424
551 0.0036655000000003213 0 0 1.0 0.9961089494163424
552 0.003941699999999937 0 0 1.0 0.9961089494163424
553 0.003967900000000135 0 0 1.0 0.9961089494163424
554 0.00383420000000001 0 0 1.0 0.9961089494163424
555 0.003819099999999853 0 0 1.0 0.9961089494163424
556 0.0036795000000000577 0 0 1.0 0.9961089494163424
557 0.0036643000000000647 0 0 1.0 0.9961089494163424
558 0.00412340000000011 0 0 1.0 0.9961089494163424
559 0.0038568000000003266 0 0 1.0 0.9961089494163424
560 0.003939100000000195 0 0 1.0 0.9961089494163424
561 0.0037893000000002175 0 0 1.0 0.9961089494163424
562 0.003584099999999868 0 0 1.0 0.9961089494163424
563 0.005438799999999855 0 0 1.0 0.9961089494163424
564 0.005287099999999878 0 0 1.0 0.9961089494163424
565 0.00415959999999993 0 0 1.0 0.9961089494163424
566 0.0038938000000001693 0 0 1.0 0.9961089494163424
567 0.0037584000000001616 0 0 1.0 0.9961089494163424
568 0.0036365000000002645 0 0 1.0 0.9961089494163424
569 0.0040949000000001234 0 0 1.0 0.9961089494163424
570 0.0037704000000000626 0 0 1.0 0.9961089494163424
571 0.0039990999999997 0 0 1.0 0.9961089494163424
572 0.0037129999999998553 0 0 1.0 0.9961089494163424
573 0.0037777999999999423 0 0 1.0 0.9961089494163424
574 0.003771599999999875 0 0 1.0 0.9961089494163424
575 0.003591099999999958 0 0 1.0 0.9961089494163424
576 0.003576900000000105 0 0 1.0 0.9961089494163424
577 0.0036527999999997895 0 0 1.0 0.9961089494163424
578 0.0035723000000000837 0 0 1.0 0.9961089494163424
579 0.0036127999999999716 0 0 1.0 0.9961089494163424
580 0.003700899999999674 0 0 1.0 0.9961089494163424
581 0.003728699999999918 0 0 1.0 0.9961089494163424
582 0.0036551999999998586 0 0 1.0 0.9961089494163424
583 0.003478299999999823 0 0 1.0 0.9961089494163424
584 0.00371049999999995 0 0 1.0 0.9961089494163424
585 0.0036011000000000237 0 0 1.0 0.9961089494163424
586 0.003697999999999979 0 0 1.0 0.9961089494163424
587 0.00358780000000003 0 0 1.0 0.9961089494163424
588 0.00429769999999996 0 0 1.0 0.9961089494163424
589 0.003623799999999733 0 0 1.0 0.9961089494163424
590 0.0036260999999999655 0 0 1.0 0.9961089494163424
591 0.003622500000000084 0 1 1.0 1.0
