70 0.8 0.9
1 0.0018970000000000098 1 0 0.014492753623188406 0.5036496350364964
2 0.0015097000000000027 1 1 0.028985507246376812 0.5109489051094891
3 0.0013732000000000188 1 1 0.043478260869565216 0.5182481751824818
4 0.0023180999999999896 1 1 0.057971014492753624 0.5255474452554745
5 0.0017419999999999936 1 1 0.07246376811594203 0.5328467153284672
6 0.0014969000000000232 1 1 0.08695652173913043 0.5401459854014599
7 0.0015172999999999992 0 0 0.08695652173913043 0.5401459854014599
8 0.0019135000000000124 1 1 0.10144927536231885 0.5474452554744526
9 0.0018951000000000107 0 0 0.10144927536231885 0.5474452554744526
10 0.0016040999999999972 1 1 0.11594202898550725 0.5547445255474452
11 0.002835299999999985 0 0 0.11594202898550725 0.5547445255474452
12 0.0018392000000000408 1 1 0.13043478260869565 0.5620437956204379
13 0.0016992999999999592 1 1 0.14492753623188406 0.5693430656934306
14 0.0021329000000000486 1 1 0.15942028985507245 0.5766423357664233
15 0.0015825999999999896 1 1 0.17391304347826086 0.583941605839416
16 0.001670299999999958 1 0 0.18840579710144928 0.583941605839416
17 0.0017092000000000218 1 2 0.2028985507246377 0.5985401459854015
18 0.0018350999999999784 1 1 0.21739130434782608 0.6058394160583942
19 0.0016996000000000233 1 1 0.2318840579710145 0.6131386861313869
20 0.0023817999999999895 0 0 0.2318840579710145 0.6131386861313869
21 0.002259900000000037 0 0 0.2318840579710145 0.6131386861313869
22 0.0017108999999999597 1 0 0.2463768115942029 0.6131386861313869
23 0.0016356999999999622 1 1 0.2608695652173913 0.6204379562043796
24 0.00306519999999999 1 1 0.2753623188405797 0.6277372262773723
25 0.0017320999999999587 1 2 0.2898550724637681 0.6423357664233577
26 0.0018012000000000028 0 0 0.2898550724637681 0.6423357664233577
27 0.002212500000000006 1 1 0.30434782608695654 0.6496350364963503
28 0.0018436000000000008 0 0 0.30434782608695654 0.6496350364963503
29 0.002592299999999992 1 1 0.3188405797101449 0.656934306569343
30 0.002546899999999963 1 1 0.3333333333333333 0.6642335766423357
31 0.0024582000000000215 1 1 0.34782608695652173 0.6715328467153284
32 0.0023019999999999707 1 1 0.36231884057971014 0.6788321167883211
33 0.0025424 0 0 0.36231884057971014 0.6788321167883211
34 0.003584199999999982 1 0 0.37681159420289856 0.6788321167883211
35 0.0025094000000000505 0 1 0.37681159420289856 0.6861313868613139
36 0.0037526999999999977 1 1 0.391304347826087 0.6934306569343066
37 0.0025724000000000302 0 0 0.391304347826087 0.6934306569343066
38 0.003894500000000023 1 1 0.4057971014492754 0.7007299270072993
39 0.002116899999999977 1 0 0.42028985507246375 0.7007299270072993
40 0.0021392000000000078 1 1 0.43478260869565216 0.708029197080292
41 0.001917399999999958 1 2 0.4492753623188406 0.7226277372262774
42 0.002400599999999975 0 0 0.4492753623188406 0.7226277372262774
43 0.0032554000000000194 1 1 0.463768115942029 0.7299270072992701
44 0.003303300000000009 0 0 0.463768115942029 0.7299270072992701
45 0.0032918000000000114 1 1 0.4782608695652174 0.7372262773722628
46 0.002076499999999981 1 1 0.4927536231884058 0.7445255474452555
47 0.002338199999999957 1 0 0.5072463768115942 0.7445255474452555
48 0.005318299999999998 1 2 0.5217391304347826 0.7591240875912408
49 0.003424399999999994 1 0 0.5362318840579711 0.7591240875912408
50 0.0039617000000000124 1 1 0.5507246376811594 0.7664233576642335
51 0.002427699999999977 0 0 0.5507246376811594 0.7664233576642335
52 0.002060599999999968 0 1 0.5507246376811594 0.7737226277372263
53 0.0032231999999999816 1 1 0.5652173913043478 0.781021897810219
54 0.003706199999999993 1 1 0.5797101449275363 0.7883211678832117
55 0.0031614999999999838 1 1 0.5942028985507246 0.7956204379562044
56 0.0021039999999999948 0 0 0.5942028985507246 0.7956204379562044
57 0.0028155000000000263 1 1 0.6086956521739131 0.8029197080291971
58 0.002994899999999967 1 0 0.6231884057971014 0.8029197080291971
59 0.0028721999999999914 1 2 0.6376811594202898 0.8175182481751825
60 0.002969699999999964 0 0 0.6376811594202898 0.8175182481751825
61 0.00238900000000003 0 0 0.6376811594202898 0.8175182481751825
62 0.0025901000000000396 0 0 0.6376811594202898 0.8175182481751825
63 0.0021578999999999904 1 1 0.6521739130434783 0.8248175182481752
64 0.002929999999999988 1 1 0.6666666666666666 0.8321167883211679
65 0.0023870999999999754 1 1 0.6811594202898551 0.8394160583941606
66 0.0022454000000000085 0 0 0.6811594202898551 0.8394160583941606
67 0.0038395999999999986 1 1 0.6956521739130435 0.8467153284671532
68 0.002160200000000001 1 1 0.7101449275362319 0.8540145985401459
69 0.0034340999999999955 0 0 0.7101449275362319 0.8540145985401459
70 0.0030378999999999823 1 1 0.7246376811594203 0.8613138686131386
71 0.0024242999999999904 0 0 0.7246376811594203 0.8613138686131386
72 0.0023444999999999716 0 0 0.7246376811594203 0.8613138686131386
73 0.0021534000000000275 0 0 0.7246376811594203 0.8613138686131386
74 0.002776600000000018 1 1 0.7391304347826086 0.8686131386861314
75 0.002359100000000003 1 1 0.7536231884057971 0.8759124087591241
76 0.0040464000000000055 0 0 0.7536231884057971 0.8759124087591241
77 0.0031183000000000183 1 1 0.7681159420289855 0.8832116788321168
78 0.0031131999999999826 0 0 0.7681159420289855 0.8832116788321168
79 0.0033675999999999706 0 0 0.7681159420289855 0.8832116788321168
80 0.0026963000000000403 0 0 0.7681159420289855 0.8832116788321168
81 0.0021967999999999988 1 0 0.782608695652174 0.8832116788321168
82 0.0024489000000000316 1 2 0.7971014492753623 0.8978102189781022
83 0.0028380999999999545 1 1 0.8115942028985508 0.9051094890510949
84 0.0024142999999999804 1 1 0.8260869565217391 0.9124087591240876
85 0.0032478999999999703 1 1 0.8405797101449275 0.9197080291970803
86 0.0024156000000000177 1 1 0.855072463768116 0.927007299270073
87 0.0041472000000000175 1 1 0.8695652173913043 0.9343065693430657
88 0.0023951999999999862 1 0 0.8840579710144928 0.9343065693430657
89 0.003074599999999983 1 1 0.8985507246376812 0.9416058394160584
90 0.002686899999999992 1 2 0.9130434782608695 0.9562043795620438
91 0.002823299999999973 1 1 0.927536231884058 0.9635036496350365
92 0.002706199999999992 1 1 0.9420289855072463 0.9708029197080292
93 0.0035156000000000076 0 0 0.9420289855072463 0.9708029197080292
94 0.0026036999999999866 1 1 0.9565217391304348 0.9781021897810219
95 0.0025209999999999955 0 0 0.9565217391304348 0.9781021897810219
96 0.0036865999999999843 0 0 0.9565217391304348 0.9781021897810219
97 0.003343600000000002 1 0 0.9710144927536232 0.9781021897810219
98 0.0034211000000000658 1 2 0.9855072463768116 0.9927007299270073
99 0.0025967000000000073 1 1 1.0 1.0
