20 0.9 0.2
1 0.0004201000000000066 1 0 0.05263157894736842 0.5135135135135135
2 0.0004493999999999887 1 0 0.10526315789473684 0.5135135135135135
3 0.00045909999999999007 1 1 0.15789473684210525 0.5405405405405406
4 0.00044119999999997495 0 0 0.15789473684210525 0.5405405405405406
5 0.00046910000000000007 1 1 0.21052631578947367 0.5675675675675675
6 0.0005117000000000038 0 1 0.21052631578947367 0.5945945945945946
7 0.00046779999999999045 1 0 0.2631578947368421 0.5945945945945946
8 0.00043480000000001295 1 0 0.3157894736842105 0.5945945945945946
9 0.0005787000000000153 1 1 0.3684210526315789 0.6216216216216216
10 0.0005561000000000038 1 0 0.42105263157894735 0.6216216216216216
11 0.0007659000000000138 1 3 0.47368421052631576 0.7027027027027027
12 0.0005892000000000119 1 0 0.5263157894736842 0.7027027027027027
13 0.0008352999999999833 1 1 0.5789473684210527 0.7297297297297297
14 0.0010802000000000034 1 0 0.631578947368421 0.7297297297297297
15 0.0008188999999999835 1 1 0.6842105263157895 0.7567567567567568
16 0.0006121999999999794 1 1 0.7368421052631579 0.7837837837837838
17 0.0005626999999999993 1 0 0.7894736842105263 0.7837837837837838
18 0.0006262000000000212 1 1 0.8421052631578947 0.8108108108108109
19 0.0006111000000000033 1 0 0.8947368421052632 0.8108108108108109
20 0.0005803000000000058 1 0 0.9473684210526315 0.8108108108108109
21 0.0006605000000000083 1 1 1.0 0.8378378378378378
22 0.000635699999999989 0 0 1.0 0.8378378378378378
23 0.0011518000000000084 0 4 1.0 0.9459459459459459
24 0.0008137999999999757 0 0 1.0 0.9459459459459459
25 0.000838300000000014 0 0 1.0 0.9459459459459459
26 0.0008997000000000033 0 0 1.0 0.9459459459459459
27 0.0007076000000000027 0 0 1.0 0.9459459459459459
28 0.0008213999999999999 0 0 1.0 0.9459459459459459
29 0.0011600999999999972 0 0 1.0 0.9459459459459459
30 0.0009199000000000013 0 0 1.0 0.9459459459459459
31 0.0012544000000000166 0 1 1.0 0.972972972972973
32 0.0006924999999999848 0 0 1.0 0.972972972972973
33 0.0006779999999999842 0 0 1.0 0.972972972972973
34 0.0007645000000000013 0 1 1.0 1.0
