180 0.3 0.3
1 0.0036973000000000145 0 0 0.0 0.5014005602240896
2 0.003599700000000039 1 0 0.00558659217877095 0.5014005602240896
3 0.0038773999999999753 0 0 0.00558659217877095 0.5014005602240896
4 0.0041988000000000025 1 0 0.0111731843575419 0.5014005602240896
5 0.003969200000000006 0 0 0.0111731843575419 0.5014005602240896
6 0.004131900000000022 0 0 0.0111731843575419 0.5014005602240896
7 0.0036174999999999957 0 0 0.0111731843575419 0.5014005602240896
8 0.003740599999999983 0 0 0.0111731843575419 0.5014005602240896
9 0.004047400000000034 1 1 0.01675977653631285 0.5042016806722689
10 0.003920800000000002 1 0 0.0223463687150838 0.5042016806722689
11 0.0037268999999999775 0 0 0.0223463687150838 0.5042016806722689
12 0.004032100000000038 1 0 0.027932960893854747 0.5042016806722689
13 0.0036348999999999965 1 3 0.0335195530726257 0.5126050420168067
14 0.0036772999999999945 1 2 0.03910614525139665 0.5182072829131653
15 0.0036278999999999617 0 0 0.03910614525139665 0.5182072829131653
16 0.003649400000000025 0 0 0.03910614525139665 0.5182072829131653
17 0.004213499999999981 0 0 0.03910614525139665 0.5182072829131653
18 0.0038444000000000256 0 0 0.03910614525139665 0.5182072829131653
19 0.004092399999999996 0 0 0.03910614525139665 0.5182072829131653
20 0.004131600000000013 1 0 0.0446927374301676 0.5182072829131653
21 0.0041028000000000175 0 0 0.0446927374301676 0.5182072829131653
22 0.004108400000000012 0 0 0.0446927374301676 0.5182072829131653
23 0.004088299999999989 0 0 0.0446927374301676 0.5182072829131653
24 0.0038165000000000004 0 0 0.0446927374301676 0.5182072829131653
25 0.004110300000000011 0 0 0.0446927374301676 0.5182072829131653
26 0.004113200000000039 0 0 0.0446927374301676 0.5182072829131653
27 0.004027000000000003 0 0 0.0446927374301676 0.5182072829131653
28 0.00377050000000001 0 0 0.0446927374301676 0.5182072829131653
29 0.0036631000000000302 1 1 0.05027932960893855 0.5210084033613446
30 0.0037040000000000406 0 0 0.05027932960893855 0.5210084033613446
31 0.0038026000000001003 0 0 0.05027932960893855 0.5210084033613446
32 0.0036922999999999817 1 0 0.055865921787709494 0.5210084033613446
33 0.003629199999999999 0 0 0.055865921787709494 0.5210084033613446
34 0.003688899999999995 0 0 0.055865921787709494 0.5210084033613446
35 0.005407000000000051 0 0 0.055865921787709494 0.5210084033613446
36 0.00537769999999993 1 0 0.061452513966480445 0.5210084033613446
37 0.004918499999999937 1 1 0.0670391061452514 0.5238095238095238
38 0.003842299999999965 0 0 0.0670391061452514 0.5238095238095238
39 0.003676699999999977 0 1 0.0670391061452514 0.5266106442577031
40 0.003723900000000002 0 0 0.0670391061452514 0.5266106442577031
41 0.0036621000000000015 0 0 0.0670391061452514 0.5266106442577031
42 0.0036864000000000896 0 1 0.0670391061452514 0.5294117647058824
43 0.003648099999999932 0 0 0.0670391061452514 0.5294117647058824
44 0.0037098999999999327 0 0 0.0670391061452514 0.5294117647058824
45 0.004147499999999971 0 0 0.0670391061452514 0.5294117647058824
46 0.004157199999999972 1 1 0.07262569832402235 0.5322128851540616
47 0.004123700000000063 1 0 0.0782122905027933 0.5322128851540616
48 0.003829700000000047 1 0 0.08379888268156424 0.5322128851540616
49 0.0037335000000000562 0 0 0.08379888268156424 0.5322128851540616
50 0.0042168000000000205 0 0 0.08379888268156424 0.5322128851540616
51 0.004167900000000002 1 0 0.0893854748603352 0.5322128851540616
52 0.003750800000000054 1 1 0.09497206703910614 0.5350140056022409
53 0.0037055999999999756 0 0 0.09497206703910614 0.5350140056022409
54 0.0042399999999999105 0 0 0.09497206703910614 0.5350140056022409
55 0.004160300000000006 0 0 0.09497206703910614 0.5350140056022409
56 0.0038667000000000007 0 0 0.09497206703910614 0.5350140056022409
57 0.0037412999999999474 1 0 0.1005586592178771 0.5350140056022409
58 0.004209100000000077 0 0 0.1005586592178771 0.5350140056022409
59 0.004263399999999917 1 1 0.10614525139664804 0.5378151260504201
60 0.003739900000000018 0 0 0.10614525139664804 0.5378151260504201
61 0.0037357000000000085 0 0 0.10614525139664804 0.5378151260504201
62 0.004078899999999996 0 0 0.10614525139664804 0.5378151260504201
63 0.004239900000000074 0 0 0.10614525139664804 0.5378151260504201
64 0.004290100000000074 0 2 0.10614525139664804 0.5434173669467787
65 0.004247699999999965 1 0 0.11173184357541899 0.5434173669467787
66 0.003999100000000033 1 0 0.11731843575418995 0.5434173669467787
67 0.004252999999999951 0 0 0.11731843575418995 0.5434173669467787
68 0.018634200000000045 0 0 0.11731843575418995 0.5434173669467787
69 0.00792360000000003 0 0 0.11731843575418995 0.5434173669467787
70 0.007847500000000007 0 1 0.11731843575418995 0.5462184873949579
71 0.005278300000000069 0 1 0.11731843575418995 0.5490196078431373
72 0.004101099999999969 0 0 0.11731843575418995 0.5490196078431373
73 0.0042839999999999545 1 0 0.12290502793296089 0.5490196078431373
74 0.004266800000000015 0 1 0.12290502793296089 0.5518207282913166
75 0.0038010000000000543 0 0 0.12290502793296089 0.5518207282913166
76 0.0037826999999999167 0 0 0.12290502793296089 0.5518207282913166
77 0.0037317000000000045 0 0 0.12290502793296089 0.5518207282913166
78 0.003758200000000045 0 0 0.12290502793296089 0.5518207282913166
79 0.003742199999999918 0 0 0.12290502793296089 0.5518207282913166
80 0.003988300000000056 0 0 0.12290502793296089 0.5518207282913166
81 0.0039871999999999685 0 1 0.12290502793296089 0.5546218487394958
82 0.0037688000000000166 0 0 0.12290502793296089 0.5546218487394958
83 0.0037961999999999163 0 0 0.12290502793296089 0.5546218487394958
84 0.0037490999999999497 0 0 0.12290502793296089 0.5546218487394958
85 0.0038405000000000244 0 0 0.12290502793296089 0.5546218487394958
86 0.003818500000000058 0 1 0.12290502793296089 0.5574229691876751
87 0.0037666000000000643 1 0 0.12849162011173185 0.5574229691876751
88 0.003985699999999981 0 1 0.12849162011173185 0.5602240896358543
89 0.004248699999999994 0 1 0.12849162011173185 0.5630252100840336
90 0.0037849999999999273 0 0 0.12849162011173185 0.5630252100840336
91 0.003789400000000054 1 0 0.1340782122905028 0.5630252100840336
92 0.003793199999999941 1 0 0.13966480446927373 0.5630252100840336
93 0.003827800000000048 0 0 0.13966480446927373 0.5630252100840336
94 0.003909099999999999 1 1 0.1452513966480447 0.5658263305322129
95 0.004393300000000044 1 0 0.15083798882681565 0.5658263305322129
96 0.003860599999999992 0 0 0.15083798882681565 0.5658263305322129
97 0.0038232000000000266 0 0 0.15083798882681565 0.5658263305322129
98 0.0038793999999999773 0 0 0.15083798882681565 0.5658263305322129
99 0.004219399999999984 1 0 0.1564245810055866 0.5658263305322129
100 0.0038463999999999166 0 0 0.1564245810055866 0.5658263305322129
101 0.0038690000000000113 0 0 0.1564245810055866 0.5658263305322129
102 0.003856399999999982 0 2 0.1564245810055866 0.5714285714285714
103 0.003807899999999975 0 1 0.1564245810055866 0.5742296918767507
104 0.003856099999999918 0 0 0.1564245810055866 0.5742296918767507
105 0.003845399999999999 0 0 0.1564245810055866 0.5742296918767507
106 0.0038248000000000726 0 0 0.1564245810055866 0.5742296918767507
107 0.003917400000000182 0 0 0.1564245810055866 0.5742296918767507
108 0.003985500000000197 1 0 0.16201117318435754 0.5742296918767507
109 0.003955500000000001 0 0 0.16201117318435754 0.5742296918767507
110 0.0039287999999999546 0 0 0.16201117318435754 0.5742296918767507
111 0.0038180999999999354 0 0 0.16201117318435754 0.5742296918767507
112 0.003886199999999951 0 0 0.16201117318435754 0.5742296918767507
113 0.003856400000000093 1 0 0.16759776536312848 0.5742296918767507
114 0.0038746000000000613 1 2 0.17318435754189945 0.5798319327731093
115 0.00381980000000004 1 0 0.1787709497206704 0.5798319327731093
116 0.003951200000000155 0 0 0.1787709497206704 0.5798319327731093
117 0.003889499999999879 0 0 0.1787709497206704 0.5798319327731093
118 0.004314499999999999 1 1 0.18435754189944134 0.5826330532212886
119 0.0039629000000001025 1 0 0.18994413407821228 0.5826330532212886
120 0.0039317000000000935 0 0 0.18994413407821228 0.5826330532212886
121 0.0038335999999998815 0 0 0.18994413407821228 0.5826330532212886
122 0.0040919999999999845 0 1 0.18994413407821228 0.5854341736694678
123 0.00397779999999992 0 0 0.18994413407821228 0.5854341736694678
124 0.003925100000000015 1 0 0.19553072625698323 0.5854341736694678
125 0.007629600000000014 0 0 0.19553072625698323 0.5854341736694678
126 0.004278699999999969 1 1 0.2011173184357542 0.5882352941176471
127 0.004070699999999983 1 0 0.20670391061452514 0.5882352941176471
128 0.004481100000000016 0 3 0.20670391061452514 0.5966386554621849
129 0.0044239999999999835 1 0 0.2122905027932961 0.5966386554621849
130 0.004434700000000014 0 1 0.2122905027932961 0.5994397759103641
131 0.004297900000000077 1 1 0.21787709497206703 0.6022408963585434
132 0.004331300000000038 1 1 0.22346368715083798 0.6050420168067226
133 0.0044016000000000055 0 0 0.22346368715083798 0.6050420168067226
134 0.004098000000000157 1 0 0.22905027932960895 0.6050420168067226
135 0.004376900000000017 1 1 0.2346368715083799 0.6078431372549019
136 0.004012399999999916 0 0 0.2346368715083799 0.6078431372549019
137 0.004034099999999929 0 0 0.2346368715083799 0.6078431372549019
138 0.004085800000000139 0 1 0.2346368715083799 0.6106442577030813
139 0.004165799999999997 0 0 0.2346368715083799 0.6106442577030813
140 0.004256199999999932 0 0 0.2346368715083799 0.6106442577030813
141 0.003995799999999994 0 0 0.2346368715083799 0.6106442577030813
142 0.004014799999999985 0 0 0.2346368715083799 0.6106442577030813
143 0.00427259999999996 0 1 0.2346368715083799 0.6134453781512605
144 0.004069199999999995 1 0 0.24022346368715083 0.6134453781512605
145 0.0039895999999999265 0 0 0.24022346368715083 0.6134453781512605
146 0.003992299999999949 0 0 0.24022346368715083 0.6134453781512605
147 0.004249100000000006 1 1 0.24581005586592178 0.6162464985994398
148 0.003979600000000083 1 0 0.25139664804469275 0.6162464985994398
149 0.004146500000000053 1 0 0.2569832402234637 0.6162464985994398
150 0.004175099999999876 0 1 0.2569832402234637 0.6190476190476191
151 0.004469499999999904 1 1 0.26256983240223464 0.6218487394957983
152 0.00434139999999994 1 0 0.2681564245810056 0.6218487394957983
153 0.004564600000000141 0 1 0.2681564245810056 0.6246498599439776
154 0.004115300000000044 0 0 0.2681564245810056 0.6246498599439776
155 0.004374899999999959 1 1 0.2737430167597765 0.6274509803921569
156 0.0040431999999999135 0 1 0.2737430167597765 0.6302521008403361
157 0.00409130000000002 0 0 0.2737430167597765 0.6302521008403361
158 0.003989400000000032 0 0 0.2737430167597765 0.6302521008403361
159 0.004253500000000132 1 1 0.27932960893854747 0.6330532212885154
160 0.004327799999999993 0 0 0.27932960893854747 0.6330532212885154
161 0.004107899999999942 0 0 0.27932960893854747 0.6330532212885154
162 0.005607200000000034 1 0 0.2849162011173184 0.6330532212885154
163 0.004496100000000114 1 1 0.2905027932960894 0.6358543417366946
164 0.004367900000000091 0 0 0.2905027932960894 0.6358543417366946
165 0.004554599999999853 1 1 0.29608938547486036 0.6386554621848739
166 0.004846600000000034 1 0 0.3016759776536313 0.6386554621848739
167 0.004613800000000001 1 0 0.30726256983240224 0.6386554621848739
168 0.004415800000000081 1 1 0.3128491620111732 0.6414565826330533
169 0.00435910000000006 1 0 0.31843575418994413 0.6414565826330533
170 0.004098500000000005 1 1 0.3240223463687151 0.6442577030812325
171 0.004123499999999947 1 2 0.329608938547486 0.6498599439775911
172 0.0041333000000001174 0 0 0.329608938547486 0.6498599439775911
173 0.004149799999999981 1 1 0.33519553072625696 0.6526610644257703
174 0.0043176000000000325 0 0 0.33519553072625696 0.6526610644257703
175 0.004175100000000098 0 0 0.33519553072625696 0.6526610644257703
176 0.004103799999999991 0 1 0.33519553072625696 0.6554621848739496
177 0.004289899999999847 0 2 0.33519553072625696 0.6610644257703081
178 0.004489799999999988 0 1 0.33519553072625696 0.6638655462184874
179 0.004131399999999896 1 0 0.3407821229050279 0.6638655462184874
180 0.004147099999999959 0 0 0.3407821229050279 0.6638655462184874
181 0.004732699999999923 0 0 0.3407821229050279 0.6638655462184874
182 0.004128600000000038 0 0 0.3407821229050279 0.6638655462184874
183 0.004223899999999947 0 0 0.3407821229050279 0.6638655462184874
184 0.004498799999999914 1 0 0.3463687150837989 0.6638655462184874
185 0.0042184000000000665 0 2 0.3463687150837989 0.6694677871148459
186 0.004355399999999898 0 0 0.3463687150837989 0.6694677871148459
187 0.004211900000000046 0 0 0.3463687150837989 0.6694677871148459
188 0.006183999999999967 0 0 0.3463687150837989 0.6694677871148459
189 0.006158099999999944 0 0 0.3463687150837989 0.6694677871148459
190 0.0042199999999998905 0 0 0.3463687150837989 0.6694677871148459
191 0.004303799999999969 1 0 0.35195530726256985 0.6694677871148459
192 0.004160200000000058 0 0 0.35195530726256985 0.6694677871148459
193 0.004229100000000097 0 1 0.35195530726256985 0.6722689075630253
194 0.004242800000000102 1 0 0.3575418994413408 0.6722689075630253
195 0.00420660000000006 1 0 0.36312849162011174 0.6722689075630253
196 0.004299000000000053 1 0 0.3687150837988827 0.6722689075630253
197 0.004117399999999938 0 0 0.3687150837988827 0.6722689075630253
198 0.004205900000000096 1 0 0.3743016759776536 0.6722689075630253
199 0.004177900000000179 0 2 0.3743016759776536 0.6778711484593838
200 0.004185299999999836 0 0 0.3743016759776536 0.6778711484593838
201 0.004480099999999876 0 0 0.3743016759776536 0.6778711484593838
202 0.004381700000000155 1 0 0.37988826815642457 0.6778711484593838
203 0.004243400000000008 0 2 0.37988826815642457 0.6834733893557423
204 0.004247800000000135 0 0 0.37988826815642457 0.6834733893557423
205 0.004255600000000026 0 1 0.37988826815642457 0.6862745098039216
206 0.004309099999999955 0 0 0.37988826815642457 0.6862745098039216
207 0.004526599999999936 0 0 0.37988826815642457 0.6862745098039216
208 0.004771300000000034 1 0 0.3854748603351955 0.6862745098039216
209 0.004782799999999865 0 0 0.3854748603351955 0.6862745098039216
210 0.004312300000000047 1 0 0.39106145251396646 0.6862745098039216
211 0.004426999999999959 0 0 0.39106145251396646 0.6862745098039216
212 0.00474460000000021 0 0 0.39106145251396646 0.6862745098039216
213 0.00422889999999998 1 0 0.39664804469273746 0.6862745098039216
214 0.004299599999999959 1 1 0.4022346368715084 0.6890756302521008
215 0.004513899999999849 0 0 0.4022346368715084 0.6890756302521008
216 0.004461200000000165 0 2 0.4022346368715084 0.6946778711484594
217 0.004519600000000068 1 0 0.40782122905027934 0.6946778711484594
218 0.004631000000000052 1 1 0.4134078212290503 0.6974789915966386
219 0.0043560000000000265 0 2 0.4134078212290503 0.7030812324929971
220 0.004339799999999894 0 0 0.4134078212290503 0.7030812324929971
221 0.0042875 0 0 0.4134078212290503 0.7030812324929971
222 0.00429080000000015 0 0 0.4134078212290503 0.7030812324929971
223 0.004276200000000063 0 0 0.4134078212290503 0.7030812324929971
224 0.0046079999999999455 0 1 0.4134078212290503 0.7058823529411765
225 0.004297200000000112 0 0 0.4134078212290503 0.7058823529411765
226 0.004784899999999981 1 1 0.41899441340782123 0.7086834733893558
227 0.004314099999999987 1 1 0.4245810055865922 0.711484593837535
228 0.00447429999999982 0 0 0.4245810055865922 0.711484593837535
229 0.004974299999999987 1 1 0.4301675977653631 0.7142857142857143
230 0.004284699999999919 0 0 0.4301675977653631 0.7142857142857143
231 0.0047120000000000495 1 0 0.43575418994413406 0.7142857142857143
232 0.004910999999999888 0 0 0.43575418994413406 0.7142857142857143
233 0.004363899999999976 1 1 0.441340782122905 0.7170868347338936
234 0.0043543999999999805 0 0 0.441340782122905 0.7170868347338936
235 0.004747599999999963 0 0 0.441340782122905 0.7170868347338936
236 0.004300600000000099 1 0 0.44692737430167595 0.7170868347338936
237 0.004369199999999962 1 2 0.45251396648044695 0.7226890756302521
238 0.00435540000000012 1 0 0.4581005586592179 0.7226890756302521
239 0.004354700000000156 0 0 0.4581005586592179 0.7226890756302521
240 0.004355699999999851 0 0 0.4581005586592179 0.7226890756302521
241 0.004614499999999966 1 0 0.46368715083798884 0.7226890756302521
242 0.004361899999999919 1 0 0.4692737430167598 0.7226890756302521
243 0.004405100000000051 1 0 0.4748603351955307 0.7226890756302521
244 0.004677200000000159 0 0 0.4748603351955307 0.7226890756302521
245 0.004385899999999943 0 0 0.4748603351955307 0.7226890756302521
246 0.004403799999999958 1 0 0.48044692737430167 0.7226890756302521
247 0.004549699999999879 0 1 0.48044692737430167 0.7254901960784313
248 0.004454200000000075 0 0 0.48044692737430167 0.7254901960784313
249 0.004422900000000007 0 1 0.48044692737430167 0.7282913165266106
250 0.004310700000000001 0 0 0.48044692737430167 0.7282913165266106
251 0.004380400000000062 0 1 0.48044692737430167 0.7310924369747899
252 0.004434599999999955 1 0 0.4860335195530726 0.7310924369747899
253 0.004409899999999967 0 0 0.4860335195530726 0.7310924369747899
254 0.0044408000000000225 1 0 0.49162011173184356 0.7310924369747899
255 0.004680599999999924 0 0 0.49162011173184356 0.7310924369747899
256 0.004615399999999825 1 2 0.4972067039106145 0.7366946778711485
257 0.0045736000000000665 0 0 0.4972067039106145 0.7366946778711485
258 0.007903800000000016 0 2 0.4972067039106145 0.742296918767507
259 0.004501099999999925 0 0 0.4972067039106145 0.742296918767507
260 0.004364999999999952 0 0 0.4972067039106145 0.742296918767507
261 0.004854799999999937 1 0 0.5027932960893855 0.742296918767507
262 0.004431700000000038 0 1 0.5027932960893855 0.7450980392156863
263 0.004400600000000088 0 0 0.5027932960893855 0.7450980392156863
264 0.004401300000000052 0 1 0.5027932960893855 0.7478991596638656
265 0.0044600000000001305 1 1 0.5083798882681564 0.7507002801120448
266 0.004653800000000041 1 1 0.5139664804469274 0.7535014005602241
267 0.006686899999999829 0 0 0.5139664804469274 0.7535014005602241
268 0.006540200000000107 0 0 0.5139664804469274 0.7535014005602241
269 0.006542899999999907 0 1 0.5139664804469274 0.7563025210084033
270 0.006411399999999956 0 0 0.5139664804469274 0.7563025210084033
271 0.006392899999999813 1 0 0.5195530726256983 0.7563025210084033
272 0.0065086000000000865 0 0 0.5195530726256983 0.7563025210084033
273 0.00659109999999985 0 0 0.5195530726256983 0.7563025210084033
274 0.0064541999999998545 0 0 0.5195530726256983 0.7563025210084033
275 0.00660879999999997 0 0 0.5195530726256983 0.7563025210084033
276 0.004695299999999847 1 1 0.5251396648044693 0.7591036414565826
277 0.005167399999999933 0 1 0.5251396648044693 0.7619047619047619
278 0.0044663999999998705 1 0 0.5307262569832403 0.7619047619047619
279 0.0045040999999999 0 0 0.5307262569832403 0.7619047619047619
280 0.004419799999999974 0 0 0.5307262569832403 0.7619047619047619
281 0.00459110000000007 1 1 0.5363128491620112 0.7647058823529411
282 0.004541799999999929 1 0 0.5418994413407822 0.7647058823529411
283 0.004466200000000198 0 0 0.5418994413407822 0.7647058823529411
284 0.004530300000000098 0 1 0.5418994413407822 0.7675070028011205
285 0.004502800000000029 1 0 0.547486033519553 0.7675070028011205
286 0.004586599999999885 0 0 0.547486033519553 0.7675070028011205
287 0.004666599999999965 1 1 0.553072625698324 0.7703081232492998
288 0.004586700000000166 0 0 0.553072625698324 0.7703081232492998
289 0.004470299999999927 0 0 0.553072625698324 0.7703081232492998
290 0.004490799999999906 0 0 0.553072625698324 0.7703081232492998
291 0.005034100000000041 0 1 0.553072625698324 0.773109243697479
292 0.004529800000000028 0 0 0.553072625698324 0.773109243697479
293 0.004492900000000022 1 1 0.5586592178770949 0.7759103641456583
294 0.004553000000000029 0 0 0.5586592178770949 0.7759103641456583
295 0.004500200000000065 0 1 0.5586592178770949 0.7787114845938375
296 0.00459799999999988 0 0 0.5586592178770949 0.7787114845938375
297 0.004606799999999911 0 0 0.5586592178770949 0.7787114845938375
298 0.004484399999999944 0 0 0.5586592178770949 0.7787114845938375
299 0.004567600000000116 1 0 0.5642458100558659 0.7787114845938375
300 0.004535600000000084 0 0 0.5642458100558659 0.7787114845938375
301 0.004574799999999879 0 0 0.5642458100558659 0.7787114845938375
302 0.004551699999999936 1 1 0.5698324022346368 0.7815126050420168
303 0.004640199999999872 0 0 0.5698324022346368 0.7815126050420168
304 0.004923099999999847 0 0 0.5698324022346368 0.7815126050420168
305 0.005070600000000036 1 1 0.5754189944134078 0.7843137254901961
306 0.004579600000000017 0 0 0.5754189944134078 0.7843137254901961
307 0.004734000000000016 0 1 0.5754189944134078 0.7871148459383753
308 0.004919700000000082 0 0 0.5754189944134078 0.7871148459383753
309 0.004895700000000058 1 1 0.5810055865921788 0.7899159663865546
310 0.004624300000000137 0 0 0.5810055865921788 0.7899159663865546
311 0.004981000000000346 0 0 0.5810055865921788 0.7899159663865546
312 0.0051360000000002515 1 0 0.5865921787709497 0.7899159663865546
313 0.005114800000000308 1 1 0.5921787709497207 0.7927170868347339
314 0.004934500000000064 0 0 0.5921787709497207 0.7927170868347339
315 0.005192500000000155 0 0 0.5921787709497207 0.7927170868347339
316 0.0051842999999998085 0 0 0.5921787709497207 0.7927170868347339
317 0.0051704000000003525 0 0 0.5921787709497207 0.7927170868347339
318 0.005093000000000014 0 0 0.5921787709497207 0.7927170868347339
319 0.005050500000000291 0 0 0.5921787709497207 0.7927170868347339
320 0.004905400000000171 0 1 0.5921787709497207 0.7955182072829131
321 0.005143399999999687 0 0 0.5921787709497207 0.7955182072829131
322 0.005144399999999827 0 0 0.5921787709497207 0.7955182072829131
323 0.0046018000000001 1 1 0.5977653631284916 0.7983193277310925
324 0.00456589999999979 0 0 0.5977653631284916 0.7983193277310925
325 0.004568699999999648 0 0 0.5977653631284916 0.7983193277310925
326 0.0045199999999998575 0 0 0.5977653631284916 0.7983193277310925
327 0.0046032000000000295 1 0 0.6033519553072626 0.7983193277310925
328 0.004557800000000167 1 0 0.6089385474860335 0.7983193277310925
329 0.004625499999999949 0 0 0.6089385474860335 0.7983193277310925
330 0.004607599999999934 0 0 0.6089385474860335 0.7983193277310925
331 0.004575199999999668 0 0 0.6089385474860335 0.7983193277310925
332 0.004553500000000099 0 0 0.6089385474860335 0.7983193277310925
333 0.004535100000000014 0 0 0.6089385474860335 0.7983193277310925
334 0.004586899999999616 1 0 0.6145251396648045 0.7983193277310925
335 0.005242700000000156 0 0 0.6145251396648045 0.7983193277310925
336 0.005083700000000135 0 0 0.6145251396648045 0.7983193277310925
337 0.004821300000000139 0 0 0.6145251396648045 0.7983193277310925
338 0.004792500000000199 0 0 0.6145251396648045 0.7983193277310925
339 0.004818999999999907 0 0 0.6145251396648045 0.7983193277310925
340 0.004952799999999868 1 1 0.6201117318435754 0.8011204481792717
341 0.005070200000000025 0 0 0.6201117318435754 0.8011204481792717
342 0.00514619999999999 0 0 0.6201117318435754 0.8011204481792717
343 0.004912299999999981 1 1 0.6256983240223464 0.803921568627451
344 0.005096099999999826 1 0 0.6312849162011173 0.803921568627451
345 0.005186999999999831 0 1 0.6312849162011173 0.8067226890756303
346 0.005315600000000309 0 0 0.6312849162011173 0.8067226890756303
347 0.00532660000000007 1 2 0.6368715083798883 0.8123249299719888
348 0.005287000000000042 0 0 0.6368715083798883 0.8123249299719888
349 0.005264399999999725 0 0 0.6368715083798883 0.8123249299719888
350 0.0053130999999999595 0 0 0.6368715083798883 0.8123249299719888
351 0.005295999999999967 0 0 0.6368715083798883 0.8123249299719888
352 0.005036100000000321 0 1 0.6368715083798883 0.8151260504201681
353 0.00505940000000038 0 0 0.6368715083798883 0.8151260504201681
354 0.0051456000000000834 1 0 0.6424581005586593 0.8151260504201681
355 0.004914600000000213 0 0 0.6424581005586593 0.8151260504201681
356 0.004778600000000299 1 2 0.6480446927374302 0.8207282913165266
357 0.004778100000000229 0 0 0.6480446927374302 0.8207282913165266
358 0.004691900000000082 0 0 0.6480446927374302 0.8207282913165266
359 0.005338200000000182 1 0 0.6536312849162011 0.8207282913165266
360 0.005489699999999598 0 0 0.6536312849162011 0.8207282913165266
361 0.006283800000000284 0 1 0.6536312849162011 0.8235294117647058
362 0.005084099999999925 0 0 0.6536312849162011 0.8235294117647058
363 0.004988700000000179 0 1 0.6536312849162011 0.8263305322128851
364 0.00502350000000007 1 1 0.659217877094972 0.8291316526610645
365 0.005364900000000006 1 1 0.664804469273743 0.8319327731092437
366 0.00513679999999983 1 0 0.6703910614525139 0.8319327731092437
367 0.004997799999999941 0 0 0.6703910614525139 0.8319327731092437
368 0.005089999999999595 0 0 0.6703910614525139 0.8319327731092437
369 0.00525399999999987 0 0 0.6703910614525139 0.8319327731092437
370 0.005387299999999762 0 0 0.6703910614525139 0.8319327731092437
371 0.00531170000000003 1 0 0.6759776536312849 0.8319327731092437
372 0.004870099999999766 1 0 0.6815642458100558 0.8319327731092437
373 0.005160199999999726 0 0 0.6815642458100558 0.8319327731092437
374 0.005314499999999889 0 2 0.6815642458100558 0.8375350140056023
375 0.005371899999999652 0 0 0.6815642458100558 0.8375350140056023
376 0.004757499999999748 0 1 0.6815642458100558 0.8403361344537815
377 0.006625699999999846 1 0 0.6871508379888268 0.8403361344537815
378 0.006921999999999873 0 0 0.6871508379888268 0.8403361344537815
379 0.006927099999999964 0 0 0.6871508379888268 0.8403361344537815
380 0.004935300000000087 0 0 0.6871508379888268 0.8403361344537815
381 0.005020599999999931 0 0 0.6871508379888268 0.8403361344537815
382 0.005049400000000315 0 0 0.6871508379888268 0.8403361344537815
383 0.00496540000000012 0 0 0.6871508379888268 0.8403361344537815
384 0.0053056000000002435 1 0 0.6927374301675978 0.8403361344537815
385 0.004956100000000241 1 1 0.6983240223463687 0.8431372549019608
386 0.004817099999999908 0 0 0.6983240223463687 0.8431372549019608
387 0.004730499999999971 0 0 0.6983240223463687 0.8431372549019608
388 0.005262099999999936 1 0 0.7039106145251397 0.8431372549019608
389 0.004920100000000094 0 0 0.7039106145251397 0.8431372549019608
390 0.0046586999999997936 0 1 0.7039106145251397 0.84593837535014
391 0.008714499999999958 0 0 0.7039106145251397 0.84593837535014
392 0.005093299999999967 0 0 0.7039106145251397 0.84593837535014
393 0.005371099999999629 0 0 0.7039106145251397 0.84593837535014
394 0.005086499999999994 1 1 0.7094972067039106 0.8487394957983193
395 0.004922199999999766 0 0 0.7094972067039106 0.8487394957983193
396 0.005283100000000207 1 1 0.7150837988826816 0.8515406162464986
397 0.005320699999999956 0 0 0.7150837988826816 0.8515406162464986
398 0.004633500000000179 1 0 0.7206703910614525 0.8515406162464986
399 0.0049744000000000455 0 0 0.7206703910614525 0.8515406162464986
400 0.005089200000000016 1 0 0.7262569832402235 0.8515406162464986
401 0.004974300000000209 1 1 0.7318435754189944 0.8543417366946778
402 0.0049552000000003815 0 1 0.7318435754189944 0.8571428571428571
403 0.00538319999999981 0 0 0.7318435754189944 0.8571428571428571
404 0.005564600000000031 1 4 0.7374301675977654 0.8683473389355743
405 0.005388700000000135 0 0 0.7374301675977654 0.8683473389355743
406 0.004833399999999877 0 0 0.7374301675977654 0.8683473389355743
407 0.004834599999999689 0 0 0.7374301675977654 0.8683473389355743
408 0.005174299999999743 0 0 0.7374301675977654 0.8683473389355743
409 0.005502900000000199 0 0 0.7374301675977654 0.8683473389355743
410 0.004981599999999808 0 0 0.7374301675977654 0.8683473389355743
411 0.00485509999999989 0 0 0.7374301675977654 0.8683473389355743
412 0.004699800000000032 0 0 0.7374301675977654 0.8683473389355743
413 0.004853100000000055 1 0 0.7430167597765364 0.8683473389355743
414 0.005165700000000051 0 0 0.7430167597765364 0.8683473389355743
415 0.004739300000000224 0 0 0.7430167597765364 0.8683473389355743
416 0.004894199999999849 0 0 0.7430167597765364 0.8683473389355743
417 0.004843099999999989 0 0 0.7430167597765364 0.8683473389355743
418 0.004915299999999956 0 0 0.7430167597765364 0.8683473389355743
419 0.00481240000000005 0 0 0.7430167597765364 0.8683473389355743
420 0.00699530000000026 0 1 0.7430167597765364 0.8711484593837535
421 0.007093600000000144 0 0 0.7430167597765364 0.8711484593837535
422 0.007078700000000104 0 0 0.7430167597765364 0.8711484593837535
423 0.007137999999999867 0 0 0.7430167597765364 0.8711484593837535
424 0.007040599999999841 0 0 0.7430167597765364 0.8711484593837535
425 0.007181299999999613 0 0 0.7430167597765364 0.8711484593837535
426 0.006957500000000394 1 0 0.7486033519553073 0.8711484593837535
427 0.005007500000000054 0 0 0.7486033519553073 0.8711484593837535
428 0.005003399999999658 0 0 0.7486033519553073 0.8711484593837535
429 0.004906200000000194 1 1 0.7541899441340782 0.8739495798319328
430 0.004751800000000195 0 0 0.7541899441340782 0.8739495798319328
431 0.005476900000000118 1 1 0.7597765363128491 0.876750700280112
432 0.004900500000000196 0 0 0.7597765363128491 0.876750700280112
433 0.004879900000000159 1 1 0.7653631284916201 0.8795518207282913
434 0.005266500000000285 0 0 0.7653631284916201 0.8795518207282913
435 0.004904300000000195 1 0 0.770949720670391 0.8795518207282913
436 0.0048783999999999494 0 0 0.770949720670391 0.8795518207282913
437 0.005311999999999983 0 1 0.770949720670391 0.8823529411764706
438 0.005044599999999733 0 0 0.770949720670391 0.8823529411764706
439 0.0049304000000001125 1 1 0.776536312849162 0.8851540616246498
440 0.005118200000000073 1 0 0.7821229050279329 0.8851540616246498
441 0.005173400000000328 1 1 0.7877094972067039 0.8879551820728291
442 0.004888900000000085 0 0 0.7877094972067039 0.8879551820728291
443 0.005436899999999856 0 0 0.7877094972067039 0.8879551820728291
444 0.005004900000000312 0 1 0.7877094972067039 0.8907563025210085
445 0.004769400000000257 0 0 0.7877094972067039 0.8907563025210085
446 0.005033400000000299 0 0 0.7877094972067039 0.8907563025210085
447 0.005294499999999758 1 0 0.7932960893854749 0.8907563025210085
448 0.005419299999999794 0 0 0.7932960893854749 0.8907563025210085
449 0.004931000000000019 0 0 0.7932960893854749 0.8907563025210085
450 0.004947099999999871 1 1 0.7988826815642458 0.8935574229691877
451 0.004949799999999893 1 0 0.8044692737430168 0.8935574229691877
452 0.00485559999999996 0 1 0.8044692737430168 0.896358543417367
453 0.004823900000000325 0 0 0.8044692737430168 0.896358543417367
454 0.004824999999999857 0 0 0.8044692737430168 0.896358543417367
455 0.004819599999999813 0 0 0.8044692737430168 0.896358543417367
456 0.0048843999999999 0 0 0.8044692737430168 0.896358543417367
457 0.005142300000000155 0 0 0.8044692737430168 0.896358543417367
458 0.0048615999999999104 0 0 0.8044692737430168 0.896358543417367
459 0.005015800000000237 0 1 0.8044692737430168 0.8991596638655462
460 0.00491169999999963 0 1 0.8044692737430168 0.9019607843137255
461 0.0049592000000000525 1 1 0.8100558659217877 0.9047619047619048
462 0.004965300000000283 0 0 0.8100558659217877 0.9047619047619048
463 0.005183900000000019 0 0 0.8100558659217877 0.9047619047619048
464 0.005143600000000248 0 0 0.8100558659217877 0.9047619047619048
465 0.005002300000000126 1 0 0.8156424581005587 0.9047619047619048
466 0.004911600000000238 0 0 0.8156424581005587 0.9047619047619048
467 0.005517300000000169 0 0 0.8156424581005587 0.9047619047619048
468 0.004944699999999802 0 0 0.8156424581005587 0.9047619047619048
469 0.005147599999999919 1 1 0.8212290502793296 0.907563025210084
470 0.005093699999999757 0 0 0.8212290502793296 0.907563025210084
471 0.005060399999999632 0 1 0.8212290502793296 0.9103641456582633
472 0.00500170000000022 1 1 0.8268156424581006 0.9131652661064426
473 0.0049576000000000064 1 0 0.8324022346368715 0.9131652661064426
474 0.007383900000000221 0 0 0.8324022346368715 0.9131652661064426
475 0.007548000000000332 0 1 0.8324022346368715 0.9159663865546218
476 0.005322800000000072 0 0 0.8324022346368715 0.9159663865546218
477 0.005137400000000181 0 0 0.8324022346368715 0.9159663865546218
478 0.005077299999999951 0 0 0.8324022346368715 0.9159663865546218
479 0.004989000000000132 1 0 0.8379888268156425 0.9159663865546218
480 0.00492019999999993 0 0 0.8379888268156425 0.9159663865546218
481 0.00500220000000029 0 0 0.8379888268156425 0.9159663865546218
482 0.004955599999999727 0 0 0.8379888268156425 0.9159663865546218
483 0.0052450999999997805 1 0 0.8435754189944135 0.9159663865546218
484 0.005047100000000082 1 0 0.8491620111731844 0.9159663865546218
485 0.004907100000000053 0 0 0.8491620111731844 0.9159663865546218
486 0.004998500000000128 0 0 0.8491620111731844 0.9159663865546218
487 0.005195300000000014 0 1 0.8491620111731844 0.9187675070028011
488 0.005004500000000078 0 0 0.8491620111731844 0.9187675070028011
489 0.00524710000000006 1 1 0.8547486033519553 0.9215686274509803
490 0.00492270000000028 0 0 0.8547486033519553 0.9215686274509803
491 0.005002900000000032 0 1 0.8547486033519553 0.9243697478991597
492 0.005130600000000207 1 1 0.8603351955307262 0.927170868347339
493 0.00497290000000028 0 0 0.8603351955307262 0.927170868347339
494 0.005003500000000383 0 0 0.8603351955307262 0.927170868347339
495 0.005729600000000001 1 1 0.8659217877094972 0.9299719887955182
496 0.005088300000000157 1 0 0.8715083798882681 0.9299719887955182
497 0.005025900000000139 0 1 0.8715083798882681 0.9327731092436975
498 0.005064599999999864 0 0 0.8715083798882681 0.9327731092436975
499 0.005359700000000078 0 0 0.8715083798882681 0.9327731092436975
500 0.0059083000000001995 0 0 0.8715083798882681 0.9327731092436975
501 0.005011500000000169 0 0 0.8715083798882681 0.9327731092436975
502 0.0050802999999999265 0 0 0.8715083798882681 0.9327731092436975
503 0.004939100000000085 0 0 0.8715083798882681 0.9327731092436975
504 0.00496389999999991 0 0 0.8715083798882681 0.9327731092436975
505 0.005018499999999815 1 0 0.8770949720670391 0.9327731092436975
506 0.005155100000000079 1 0 0.88268156424581 0.9327731092436975
507 0.0053051000000001736 1 0 0.888268156424581 0.9327731092436975
508 0.005057000000000311 1 1 0.8938547486033519 0.9355742296918768
509 0.005026099999999811 1 1 0.8994413407821229 0.938375350140056
510 0.0057323000000000235 1 1 0.9050279329608939 0.9411764705882353
511 0.0052419000000001326 0 0 0.9050279329608939 0.9411764705882353
512 0.005057300000000264 1 2 0.9106145251396648 0.9467787114845938
513 0.005128599999999928 0 0 0.9106145251396648 0.9467787114845938
514 0.005547700000000155 0 0 0.9106145251396648 0.9467787114845938
515 0.00505980000000017 1 0 0.9162011173184358 0.9467787114845938
516 0.005063700000000004 1 0 0.9217877094972067 0.9467787114845938
517 0.005049000000000081 1 0 0.9273743016759777 0.9467787114845938
518 0.005064200000000074 0 0 0.9273743016759777 0.9467787114845938
519 0.005082300000000206 0 2 0.9273743016759777 0.9523809523809523
520 0.00509460000000006 0 0 0.9273743016759777 0.9523809523809523
521 0.005302599999999824 0 1 0.9273743016759777 0.9551820728291317
522 0.0059403000000002315 0 0 0.9273743016759777 0.9551820728291317
523 0.005273900000000165 0 1 0.9273743016759777 0.957983193277311
524 0.009399900000000017 1 1 0.9329608938547486 0.9607843137254902
525 0.005171700000000001 0 0 0.9329608938547486 0.9607843137254902
526 0.00538520000000009 1 0 0.9385474860335196 0.9607843137254902
527 0.005271800000000049 0 0 0.9385474860335196 0.9607843137254902
528 0.0053218999999997685 1 2 0.9441340782122905 0.9663865546218487
529 0.005751300000000015 0 0 0.9441340782122905 0.9663865546218487
530 0.005117100000000097 0 0 0.9441340782122905 0.9663865546218487
531 0.005194299999999874 0 1 0.9441340782122905 0.969187675070028
532 0.005100700000000291 0 0 0.9441340782122905 0.969187675070028
533 0.005631900000000023 0 0 0.9441340782122905 0.969187675070028
534 0.005522000000000027 0 0 0.9441340782122905 0.969187675070028
535 0.005886300000000233 1 1 0.9497206703910615 0.9719887955182073
536 0.0051915000000000155 0 0 0.9497206703910615 0.9719887955182073
537 0.009161600000000103 0 0 0.9497206703910615 0.9719887955182073
538 0.005518499999999982 0 0 0.9497206703910615 0.9719887955182073
539 0.00708130000000029 0 0 0.9497206703910615 0.9719887955182073
540 0.005751300000000015 0 0 0.9497206703910615 0.9719887955182073
541 0.0055728000000003775 1 0 0.9553072625698324 0.9719887955182073
542 0.005416400000000099 0 0 0.9553072625698324 0.9719887955182073
543 0.005478800000000117 0 1 0.9553072625698324 0.9747899159663865
544 0.005632700000000046 0 0 0.9553072625698324 0.9747899159663865
545 0.005241500000000343 0 0 0.9553072625698324 0.9747899159663865
546 0.005160999999999749 1 0 0.9608938547486033 0.9747899159663865
547 0.005266900000000074 0 0 0.9608938547486033 0.9747899159663865
548 0.005190499999999876 1 1 0.9664804469273743 0.9775910364145658
549 0.005166899999999863 0 0 0.9664804469273743 0.9775910364145658
550 0.005764899999999962 0 0 0.9664804469273743 0.9775910364145658
551 0.00530419999999987 0 0 0.9664804469273743 0.9775910364145658
552 0.005398100000000294 1 0 0.9720670391061452 0.9775910364145658
553 0.005235300000000276 1 0 0.9776536312849162 0.9775910364145658
554 0.005231800000000231 1 0 0.9832402234636871 0.9775910364145658
555 0.00539120000000004 1 1 0.9888268156424581 0.9803921568627451
556 0.005288499999999807 0 0 0.9888268156424581 0.9803921568627451
557 0.005407999999999635 0 0 0.9888268156424581 0.9803921568627451
558 0.005138000000000087 0 1 0.9888268156424581 0.9831932773109243
559 0.005320900000000073 0 1 0.9888268156424581 0.9859943977591037
560 0.005161199999999866 0 0 0.9888268156424581 0.9859943977591037
561 0.005843099999999879 1 0 0.994413407821229 0.9859943977591037
562 0.005535900000000371 0 0 0.994413407821229 0.9859943977591037
563 0.005508999999999986 0 2 0.994413407821229 0.9915966386554622
564 0.005713399999999869 1 1 1.0 0.9943977591036415
565 0.005287800000000065 0 0 1.0 0.9943977591036415
566 0.005161999999999889 0 0 1.0 0.9943977591036415
567 0.0051768000000000924 0 0 1.0 0.9943977591036415
568 0.005381400000000092 0 0 1.0 0.9943977591036415
569 0.005196199999999873 0 0 1.0 0.9943977591036415
570 0.005277799999999999 0 0 1.0 0.9943977591036415
571 0.005487200000000136 0 0 1.0 0.9943977591036415
572 0.0054563000000000805 0 0 1.0 0.9943977591036415
573 0.005212100000000053 0 0 1.0 0.9943977591036415
574 0.005473999999999979 0 0 1.0 0.9943977591036415
575 0.0053258999999998835 0 1 1.0 0.9971988795518207
576 0.005408099999999916 0 0 1.0 0.9971988795518207
577 0.005505400000000105 0 1 1.0 1.0
