120 0.5 0.3
1 0.0023361000000000076 0 0 0.0 0.5021097046413502
2 0.0025817999999999675 0 0 0.0 0.5021097046413502
3 0.002549899999999994 1 0 0.008403361344537815 0.5021097046413502
4 0.0025097000000000036 1 1 0.01680672268907563 0.5063291139240507
5 0.0025138000000000105 0 0 0.01680672268907563 0.5063291139240507
6 0.0024070999999999954 1 0 0.025210084033613446 0.5063291139240507
7 0.0024176000000000197 0 0 0.025210084033613446 0.5063291139240507
8 0.004428100000000046 0 0 0.025210084033613446 0.5063291139240507
9 0.0025219999999999687 1 0 0.03361344537815126 0.5063291139240507
10 0.0023788000000000142 1 0 0.04201680672268908 0.5063291139240507
11 0.0023547999999999902 0 0 0.04201680672268908 0.5063291139240507
12 0.00243709999999997 0 1 0.04201680672268908 0.510548523206751
13 0.0023303000000000074 0 1 0.04201680672268908 0.5147679324894515
14 0.0024020000000000152 0 0 0.04201680672268908 0.5147679324894515
15 0.002757200000000015 0 0 0.04201680672268908 0.5147679324894515
16 0.002426999999999957 0 0 0.04201680672268908 0.5147679324894515
17 0.0024724000000000412 1 1 0.05042016806722689 0.5189873417721519
18 0.002600900000000017 0 0 0.05042016806722689 0.5189873417721519
19 0.002485499999999974 0 0 0.05042016806722689 0.5189873417721519
20 0.0026126000000000205 0 0 0.05042016806722689 0.5189873417721519
21 0.0025884999999999936 1 0 0.058823529411764705 0.5189873417721519
22 0.002623500000000001 1 1 0.06722689075630252 0.5232067510548524
23 0.002484099999999989 1 0 0.07563025210084033 0.5232067510548524
24 0.0027212000000000347 1 1 0.08403361344537816 0.5274261603375527
25 0.002585000000000004 0 0 0.08403361344537816 0.5274261603375527
26 0.0024549000000000376 0 1 0.08403361344537816 0.5316455696202531
27 0.0025998999999999883 0 0 0.08403361344537816 0.5316455696202531
28 0.0028206000000000064 0 0 0.08403361344537816 0.5316455696202531
29 0.002559800000000001 0 0 0.08403361344537816 0.5316455696202531
30 0.002607299999999979 0 1 0.08403361344537816 0.5358649789029536
31 0.0027448999999999946 1 1 0.09243697478991597 0.540084388185654
32 0.0025526999999999633 0 0 0.09243697478991597 0.540084388185654
33 0.0025239000000000233 0 0 0.09243697478991597 0.540084388185654
34 0.002491000000000021 1 0 0.10084033613445378 0.540084388185654
35 0.0025075999999999987 1 0 0.1092436974789916 0.540084388185654
36 0.002507199999999987 0 0 0.1092436974789916 0.540084388185654
37 0.002553099999999975 0 0 0.1092436974789916 0.540084388185654
38 0.002432500000000004 0 0 0.1092436974789916 0.540084388185654
39 0.002511000000000041 0 0 0.1092436974789916 0.540084388185654
40 0.002640399999999987 0 0 0.1092436974789916 0.540084388185654
41 0.0026399000000000283 1 1 0.11764705882352941 0.5443037974683544
42 0.002781599999999995 0 1 0.11764705882352941 0.5485232067510548
43 0.0027851999999999877 0 1 0.11764705882352941 0.5527426160337553
44 0.002562999999999982 0 0 0.11764705882352941 0.5527426160337553
45 0.0024782000000000415 0 0 0.11764705882352941 0.5527426160337553
46 0.0025634999999999963 1 0 0.12605042016806722 0.5527426160337553
47 0.0025015999999999927 1 1 0.13445378151260504 0.5569620253164557
48 0.002798299999999976 0 0 0.13445378151260504 0.5569620253164557
49 0.002589800000000031 1 0 0.14285714285714285 0.5569620253164557
50 0.002599999999999991 0 1 0.14285714285714285 0.5611814345991561
51 0.0024762000000000395 0 1 0.14285714285714285 0.5654008438818565
52 0.0025669000000000386 1 0 0.15126050420168066 0.5654008438818565
53 0.00259539999999997 0 1 0.15126050420168066 0.569620253164557
54 0.002745500000000012 0 0 0.15126050420168066 0.569620253164557
55 0.002534700000000001 1 0 0.15966386554621848 0.569620253164557
56 0.0027681999999999984 0 1 0.15966386554621848 0.5738396624472574
57 0.0026277000000000106 1 1 0.16806722689075632 0.5780590717299579
58 0.002803999999999973 0 0 0.16806722689075632 0.5780590717299579
59 0.002867799999999976 1 1 0.17647058823529413 0.5822784810126582
60 0.002910999999999997 1 1 0.18487394957983194 0.5864978902953587
61 0.002640399999999987 1 1 0.19327731092436976 0.5907172995780591
62 0.0028421999999999614 1 1 0.20168067226890757 0.5949367088607594
63 0.002961899999999962 1 1 0.21008403361344538 0.5991561181434599
64 0.0025900000000000367 1 2 0.2184873949579832 0.6075949367088608
65 0.00283880000000003 0 0 0.2184873949579832 0.6075949367088608
66 0.0028156999999999766 1 0 0.226890756302521 0.6075949367088608
67 0.0028700999999999866 1 0 0.23529411764705882 0.6075949367088608
68 0.0031312000000000006 0 2 0.23529411764705882 0.6160337552742616
69 0.002704099999999987 1 0 0.24369747899159663 0.6160337552742616
70 0.002663799999999994 1 0 0.25210084033613445 0.6160337552742616
71 0.0026843000000000283 1 1 0.2605042016806723 0.620253164556962
72 0.0028854999999999853 1 0 0.2689075630252101 0.620253164556962
73 0.00284230000000002 1 3 0.2773109243697479 0.6329113924050633
74 0.00296550000000001 0 0 0.2773109243697479 0.6329113924050633
75 0.002892700000000026 1 0 0.2857142857142857 0.6329113924050633
76 0.0028415999999999997 1 1 0.29411764705882354 0.6371308016877637
77 0.003041399999999972 1 0 0.3025210084033613 0.6371308016877637
78 0.002953499999999998 1 0 0.31092436974789917 0.6371308016877637
79 0.0028138999999999803 1 0 0.31932773109243695 0.6371308016877637
80 0.002728200000000014 1 1 0.3277310924369748 0.6413502109704642
81 0.003179399999999999 0 0 0.3277310924369748 0.6413502109704642
82 0.002901700000000007 1 3 0.33613445378151263 0.6540084388185654
83 0.003090200000000043 0 1 0.33613445378151263 0.6582278481012658
84 0.002870499999999998 0 0 0.33613445378151263 0.6582278481012658
85 0.0030286999999999953 0 0 0.33613445378151263 0.6582278481012658
86 0.0026889999999999414 1 0 0.3445378151260504 0.6582278481012658
87 0.003018700000000041 1 0 0.35294117647058826 0.6582278481012658
88 0.002903800000000012 1 2 0.36134453781512604 0.6666666666666666
89 0.002932299999999999 1 1 0.3697478991596639 0.6708860759493671
90 0.00302990000000003 1 0 0.37815126050420167 0.6708860759493671
91 0.0031385999999999914 1 1 0.3865546218487395 0.6751054852320675
92 0.0028944000000000747 0 2 0.3865546218487395 0.6835443037974683
93 0.003225399999999934 0 1 0.3865546218487395 0.6877637130801688
94 0.003156099999999995 0 0 0.3865546218487395 0.6877637130801688
95 0.0032157000000000435 0 0 0.3865546218487395 0.6877637130801688
96 0.0030122999999999678 0 0 0.3865546218487395 0.6877637130801688
97 0.0029970000000000274 0 1 0.3865546218487395 0.6919831223628692
98 0.0030326999999999993 1 0 0.3949579831932773 0.6919831223628692
99 0.0030247999999999386 1 1 0.40336134453781514 0.6962025316455697
100 0.0032223999999999586 1 1 0.4117647058823529 0.70042194092827
101 0.0032060999999999895 0 0 0.4117647058823529 0.70042194092827
102 0.0030296000000000767 0 0 0.4117647058823529 0.70042194092827
103 0.002978199999999931 0 1 0.4117647058823529 0.7046413502109705
104 0.003140099999999979 0 0 0.4117647058823529 0.7046413502109705
105 0.002947300000000097 1 0 0.42016806722689076 0.7046413502109705
106 0.003293699999999955 0 1 0.42016806722689076 0.7088607594936709
107 0.0031344000000000927 1 0 0.42857142857142855 0.7088607594936709
108 0.0029810999999999588 0 0 0.42857142857142855 0.7088607594936709
109 0.003166800000000025 0 0 0.42857142857142855 0.7088607594936709
110 0.0029662999999999773 0 0 0.42857142857142855 0.7088607594936709
111 0.003157199999999971 0 0 0.42857142857142855 0.7088607594936709
112 0.003229700000000002 1 1 0.4369747899159664 0.7130801687763713
113 0.0031582999999999473 0 1 0.4369747899159664 0.7172995780590717
114 0.003100600000000009 1 0 0.44537815126050423 0.7172995780590717
115 0.0030984000000000567 0 0 0.44537815126050423 0.7172995780590717
116 0.0030550999999999773 0 0 0.44537815126050423 0.7172995780590717
117 0.00300060000000002 0 0 0.44537815126050423 0.7172995780590717
118 0.0031256000000000617 0 0 0.44537815126050423 0.7172995780590717
119 0.0029919999999999947 0 0 0.44537815126050423 0.7172995780590717
120 0.0032216000000000466 1 1 0.453781512605042 0.7215189873417721
121 0.0030042000000000124 0 1 0.453781512605042 0.7257383966244726
122 0.0032991999999999466 1 0 0.46218487394957986 0.7257383966244726
123 0.0031386000000001024 0 0 0.46218487394957986 0.7257383966244726
124 0.0031245000000000855 0 0 0.46218487394957986 0.7257383966244726
125 0.0031970000000000054 1 0 0.47058823529411764 0.7257383966244726
126 0.0032744000000000106 0 1 0.47058823529411764 0.729957805907173
127 0.00296989999999997 0 0 0.47058823529411764 0.729957805907173
128 0.0030610000000000914 1 1 0.4789915966386555 0.7341772151898734
129 0.0031158999999999493 0 0 0.4789915966386555 0.7341772151898734
130 0.0029697999999999114 1 0 0.48739495798319327 0.7341772151898734
131 0.0029318999999999873 0 0 0.48739495798319327 0.7341772151898734
132 0.0030129999999999324 1 1 0.4957983193277311 0.7383966244725738
133 0.0030860999999999805 1 0 0.5042016806722689 0.7383966244725738
134 0.00301640000000003 1 0 0.5126050420168067 0.7383966244725738
135 0.0030742999999999743 0 0 0.5126050420168067 0.7383966244725738
136 0.003127800000000014 1 0 0.5210084033613446 0.7383966244725738
137 0.003223599999999993 0 0 0.5210084033613446 0.7383966244725738
138 0.0031508999999999565 0 0 0.5210084033613446 0.7383966244725738
139 0.003341199999999933 0 1 0.5210084033613446 0.7426160337552743
140 0.0031716999999999995 0 0 0.5210084033613446 0.7426160337552743
141 0.0029959999999999987 0 1 0.5210084033613446 0.7468354430379747
142 0.003085699999999969 1 0 0.5294117647058824 0.7468354430379747
143 0.0028838999999999393 0 1 0.5294117647058824 0.7510548523206751
144 0.0029631999999999437 0 0 0.5294117647058824 0.7510548523206751
145 0.003137999999999974 1 1 0.5378151260504201 0.7552742616033755
146 0.002994200000000058 0 0 0.5378151260504201 0.7552742616033755
147 0.0031901000000000845 0 1 0.5378151260504201 0.759493670886076
148 0.0029454999999999343 0 0 0.5378151260504201 0.759493670886076
149 0.0031317000000000705 0 1 0.5378151260504201 0.7637130801687764
150 0.003121399999999941 1 0 0.5462184873949579 0.7637130801687764
151 0.0031714999999999938 1 2 0.5546218487394958 0.7721518987341772
152 0.0032910999999999913 1 0 0.5630252100840336 0.7721518987341772
153 0.0034499000000000057 1 1 0.5714285714285714 0.7763713080168776
154 0.003252599999999939 0 0 0.5714285714285714 0.7763713080168776
155 0.003102800000000072 1 1 0.5798319327731093 0.7805907172995781
156 0.0045192000000000565 1 1 0.5882352941176471 0.7848101265822784
157 0.004262199999999994 1 0 0.5966386554621849 0.7848101265822784
158 0.0045047999999999755 0 0 0.5966386554621849 0.7848101265822784
159 0.004243300000000061 1 1 0.6050420168067226 0.7890295358649789
160 0.004525699999999966 0 3 0.6050420168067226 0.8016877637130801
161 0.004502200000000012 1 0 0.6134453781512605 0.8016877637130801
162 0.004507900000000009 0 0 0.6134453781512605 0.8016877637130801
163 0.0047543999999999365 1 0 0.6218487394957983 0.8016877637130801
164 0.004646199999999934 0 0 0.6218487394957983 0.8016877637130801
165 0.0044528000000000345 0 1 0.6218487394957983 0.8059071729957806
166 0.0045311999999999575 1 0 0.6302521008403361 0.8059071729957806
167 0.003372599999999948 1 0 0.6386554621848739 0.8059071729957806
168 0.0032324999999999715 1 1 0.6470588235294118 0.810126582278481
169 0.0033927999999999736 0 2 0.6470588235294118 0.8185654008438819
170 0.0032647000000000093 1 0 0.6554621848739496 0.8185654008438819
171 0.0031861000000000805 1 0 0.6638655462184874 0.8185654008438819
172 0.0035095000000000542 1 0 0.6722689075630253 0.8185654008438819
173 0.003294800000000042 1 1 0.680672268907563 0.8227848101265823
174 0.003376600000000063 1 1 0.6890756302521008 0.8270042194092827
175 0.0034831999999999086 0 0 0.6890756302521008 0.8270042194092827
176 0.0032410999999999968 0 0 0.6890756302521008 0.8270042194092827
177 0.0031894999999999563 0 0 0.6890756302521008 0.8270042194092827
178 0.003454199999999963 0 1 0.6890756302521008 0.8312236286919831
179 0.0032341000000000175 1 0 0.6974789915966386 0.8312236286919831
180 0.003587600000000024 0 3 0.6974789915966386 0.8438818565400844
181 0.0035722000000000254 0 0 0.6974789915966386 0.8438818565400844
182 0.003290800000000038 0 1 0.6974789915966386 0.8481012658227848
183 0.003245999999999971 0 0 0.6974789915966386 0.8481012658227848
184 0.003348400000000029 0 0 0.6974789915966386 0.8481012658227848
185 0.003612599999999966 0 0 0.6974789915966386 0.8481012658227848
186 0.0035039000000000042 0 0 0.6974789915966386 0.8481012658227848
187 0.0036024000000000056 0 0 0.6974789915966386 0.8481012658227848
188 0.003512399999999971 0 0 0.6974789915966386 0.8481012658227848
189 0.003328100000000056 1 1 0.7058823529411765 0.8523206751054853
190 0.003425999999999929 0 0 0.7058823529411765 0.8523206751054853
191 0.0032604999999999995 1 0 0.7142857142857143 0.8523206751054853
192 0.0033984000000000236 1 0 0.7226890756302521 0.8523206751054853
193 0.0034119000000000232 1 1 0.7310924369747899 0.8565400843881856
194 0.003273400000000093 1 1 0.7394957983193278 0.8607594936708861
195 0.0034002000000000754 1 0 0.7478991596638656 0.8607594936708861
196 0.003157199999999971 1 1 0.7563025210084033 0.8649789029535865
197 0.0033353999999999884 0 0 0.7563025210084033 0.8649789029535865
198 0.0033103999999999356 1 1 0.7647058823529411 0.869198312236287
199 0.0033834999999999837 0 0 0.7647058823529411 0.869198312236287
200 0.003506999999999927 0 0 0.7647058823529411 0.869198312236287
201 0.0035173000000000565 1 0 0.773109243697479 0.869198312236287
202 0.0034296000000000326 1 0 0.7815126050420168 0.869198312236287
203 0.0033467000000000358 1 0 0.7899159663865546 0.869198312236287
204 0.003425400000000023 1 2 0.7983193277310925 0.8776371308016878
205 0.0033609 0 0 0.7983193277310925 0.8776371308016878
206 0.0036671999999999816 1 2 0.8067226890756303 0.8860759493670886
207 0.003640100000000035 0 1 0.8067226890756303 0.890295358649789
208 0.003620399999999968 0 1 0.8067226890756303 0.8945147679324894
209 0.003722499999999962 1 0 0.8151260504201681 0.8945147679324894
210 0.0037188999999999695 0 0 0.8151260504201681 0.8945147679324894
211 0.003694299999999928 1 1 0.8235294117647058 0.8987341772151899
212 0.0037641999999999953 0 2 0.8235294117647058 0.9071729957805907
213 0.003818199999999994 1 0 0.8319327731092437 0.9071729957805907
214 0.0034834999999999727 1 1 0.8403361344537815 0.9113924050632911
215 0.003974299999999986 0 0 0.8403361344537815 0.9113924050632911
216 0.003521200000000002 1 0 0.8487394957983193 0.9113924050632911
217 0.005213799999999935 1 0 0.8571428571428571 0.9113924050632911
218 0.004798999999999998 1 1 0.865546218487395 0.9156118143459916
219 0.004761400000000027 1 1 0.8739495798319328 0.919831223628692
220 0.004823000000000022 1 0 0.8823529411764706 0.919831223628692
221 0.005144999999999955 1 1 0.8907563025210085 0.9240506329113924
222 0.00492910000000002 0 1 0.8907563025210085 0.9282700421940928
223 0.004908399999999924 1 1 0.8991596638655462 0.9324894514767933
224 0.0037103000000000552 1 0 0.907563025210084 0.9324894514767933
225 0.004006800000000199 1 2 0.9159663865546218 0.9409282700421941
226 0.0035467000000000137 1 0 0.9243697478991597 0.9409282700421941
227 0.003744399999999981 1 1 0.9327731092436975 0.9451476793248945
228 0.0035686999999999802 1 1 0.9411764705882353 0.9493670886075949
229 0.003947000000000145 1 0 0.9495798319327731 0.9493670886075949
230 0.0036975999999999676 1 0 0.957983193277311 0.9493670886075949
231 0.003528099999999812 1 0 0.9663865546218487 0.9493670886075949
232 0.003672600000000026 0 1 0.9663865546218487 0.9535864978902954
233 0.003511599999999948 0 0 0.9663865546218487 0.9535864978902954
234 0.00388809999999995 1 2 0.9747899159663865 0.9620253164556962
235 0.0037503000000000952 1 1 0.9831932773109243 0.9662447257383966
236 0.00392389999999998 1 0 0.9915966386554622 0.9662447257383966
237 0.003530199999999928 1 1 1.0 0.9704641350210971
238 0.003937999999999997 0 0 1.0 0.9704641350210971
239 0.005440799999999912 0 1 1.0 0.9746835443037974
240 0.005327599999999988 0 2 1.0 0.9831223628691983
241 0.005038099999999934 0 0 1.0 0.9831223628691983
242 0.005272399999999955 0 0 1.0 0.9831223628691983
243 0.005343700000000062 0 0 1.0 0.9831223628691983
244 0.005360499999999879 0 1 1.0 0.9873417721518988
245 0.005214199999999947 0 0 1.0 0.9873417721518988
246 0.004784200000000016 0 0 1.0 0.9873417721518988
247 0.004244999999999832 0 1 1.0 0.9915611814345991
248 0.004104099999999944 0 0 1.0 0.9915611814345991
249 0.004193499999999961 0 0 1.0 0.9915611814345991
250 0.003911600000000126 0 1 1.0 0.9957805907172996
251 0.0039125000000002075 0 0 1.0 0.9957805907172996
252 0.004015799999999903 0 0 1.0 0.9957805907172996
253 0.004181400000000002 0 0 1.0 0.9957805907172996
254 0.00415489999999985 0 0 1.0 0.9957805907172996
255 0.0050578999999999485 0 0 1.0 0.9957805907172996
256 0.005147299999999966 0 0 1.0 0.9957805907172996
257 0.006910799999999995 0 0 1.0 0.9957805907172996
258 0.004210899999999906 0 0 1.0 0.9957805907172996
259 0.005683099999999941 0 1 1.0 1.0
