10 0.3 0.9
1 0.0004294999999999993 0 0 0.0 0.5294117647058824
2 0.00031990000000001184 0 0 0.0 0.5294117647058824
3 0.00027469999999998884 0 0 0.0 0.5294117647058824
4 0.0002562999999999871 1 0 0.1111111111111111 0.5294117647058824
5 0.00024739999999998097 0 0 0.1111111111111111 0.5294117647058824
6 0.0002752000000000032 0 0 0.1111111111111111 0.5294117647058824
7 0.0003327000000000191 0 0 0.1111111111111111 0.5294117647058824
8 0.00022429999999998285 0 0 0.1111111111111111 0.5294117647058824
9 0.0005425000000000013 0 0 0.1111111111111111 0.5294117647058824
10 0.0003308999999999951 0 0 0.1111111111111111 0.5294117647058824
11 0.00028929999999999234 0 0 0.1111111111111111 0.5294117647058824
12 0.00028310000000000834 1 1 0.2222222222222222 0.5882352941176471
13 0.00023679999999998147 0 0 0.2222222222222222 0.5882352941176471
14 0.0002792000000000072 0 0 0.2222222222222222 0.5882352941176471
15 0.00021440000000000348 0 0 0.2222222222222222 0.5882352941176471
16 0.0002459000000000211 0 0 0.2222222222222222 0.5882352941176471
17 0.0003293000000000046 0 0 0.2222222222222222 0.5882352941176471
18 0.00028489999999997684 1 1 0.3333333333333333 0.6470588235294118
19 0.00030789999999999984 0 0 0.3333333333333333 0.6470588235294118
20 0.00033919999999998396 1 1 0.4444444444444444 0.7058823529411765
21 0.0003031000000000006 1 1 0.5555555555555556 0.7647058823529411
22 0.000250200000000006 0 0 0.5555555555555556 0.7647058823529411
23 0.0003076999999999941 0 0 0.5555555555555556 0.7647058823529411
24 0.00039729999999998933 1 1 0.6666666666666666 0.8235294117647058
25 0.0004635000000000056 1 0 0.7777777777777778 0.8235294117647058
26 0.0003986999999999741 0 0 0.7777777777777778 0.8235294117647058
27 0.0003545000000000076 0 0 0.7777777777777778 0.8235294117647058
28 0.00040210000000001633 1 0 0.8888888888888888 0.8235294117647058
29 0.00035889999999999533 0 0 0.8888888888888888 0.8235294117647058
30 0.0003631000000000051 0 1 0.8888888888888888 0.8823529411764706
31 0.00033110000000000084 0 0 0.8888888888888888 0.8823529411764706
32 0.0002965000000000051 1 1 1.0 0.9411764705882353
33 0.0003540999999999961 0 0 1.0 0.9411764705882353
34 0.0007379000000000135 0 0 1.0 0.9411764705882353
35 0.0003364999999999896 0 0 1.0 0.9411764705882353
36 0.0003852000000000022 0 0 1.0 0.9411764705882353
37 0.0003994999999999971 0 0 1.0 0.9411764705882353
38 0.00030430000000000734 0 0 1.0 0.9411764705882353
39 0.0003342000000000067 0 0 1.0 0.9411764705882353
40 0.0004033999999999982 0 0 1.0 0.9411764705882353
41 0.00031239999999999046 0 0 1.0 0.9411764705882353
42 0.0004106999999999861 0 0 1.0 0.9411764705882353
43 0.0003383999999999887 0 0 1.0 0.9411764705882353
44 0.0003771000000000191 0 0 1.0 0.9411764705882353
45 0.0003721999999999892 0 0 1.0 0.9411764705882353
46 0.0011130000000000029 0 1 1.0 1.0
