80 1.0 1.0
1 0.0016571999999999976 1 0 0.012658227848101266 0.5031847133757962
2 0.001665799999999995 1 1 0.02531645569620253 0.5095541401273885
3 0.0016178000000000026 1 1 0.0379746835443038 0.5159235668789809
4 0.0016513999999999973 1 1 0.05063291139240506 0.5222929936305732
5 0.0016744000000000203 1 1 0.06329113924050633 0.5286624203821656
6 0.0016449999999999798 1 1 0.0759493670886076 0.535031847133758
7 0.0017560000000000076 1 1 0.08860759493670886 0.5414012738853503
8 0.0018104999999999927 1 1 0.10126582278481013 0.5477707006369427
9 0.001819000000000015 1 1 0.11392405063291139 0.554140127388535
10 0.0017127000000000114 1 1 0.12658227848101267 0.5605095541401274
11 0.002056300000000011 1 1 0.13924050632911392 0.5668789808917197
12 0.0018637999999999988 1 1 0.1518987341772152 0.5732484076433121
13 0.0019055000000000044 1 1 0.16455696202531644 0.5796178343949044
14 0.0018794999999999784 1 1 0.17721518987341772 0.5859872611464968
15 0.0018248999999999904 1 1 0.189873417721519 0.5923566878980892
16 0.001958299999999996 1 1 0.20253164556962025 0.5987261146496815
17 0.0019504000000000188 1 1 0.21518987341772153 0.6050955414012739
18 0.001804900000000026 1 1 0.22784810126582278 0.6114649681528662
19 0.0018019999999999703 1 1 0.24050632911392406 0.6178343949044586
20 0.0018756999999999802 1 1 0.25316455696202533 0.6242038216560509
21 0.0021575999999999818 1 1 0.26582278481012656 0.6305732484076433
22 0.002081400000000011 1 1 0.27848101265822783 0.6369426751592356
23 0.0020504000000000078 1 1 0.2911392405063291 0.643312101910828
24 0.001970300000000036 1 1 0.3037974683544304 0.6496815286624203
25 0.002066300000000021 1 1 0.31645569620253167 0.6560509554140127
26 0.0021538999999999864 1 1 0.3291139240506329 0.6624203821656051
27 0.002007900000000007 1 1 0.34177215189873417 0.6687898089171974
28 0.0021203999999999668 1 1 0.35443037974683544 0.6751592356687898
29 0.002100600000000008 1 1 0.3670886075949367 0.6815286624203821
30 0.0020883999999999903 1 1 0.379746835443038 0.6878980891719745
31 0.0022010000000000085 1 1 0.3924050632911392 0.6942675159235668
32 0.002115300000000042 1 1 0.4050632911392405 0.7006369426751592
33 0.002983500000000028 1 1 0.4177215189873418 0.7070063694267515
34 0.0021947999999999968 1 1 0.43037974683544306 0.7133757961783439
35 0.0021676999999999946 1 1 0.4430379746835443 0.7197452229299363
36 0.002198599999999995 1 1 0.45569620253164556 0.7261146496815286
37 0.0023170000000000135 1 1 0.46835443037974683 0.732484076433121
38 0.002418599999999993 1 1 0.4810126582278481 0.7388535031847133
39 0.0024371000000000254 1 1 0.4936708860759494 0.7452229299363057
40 0.002227699999999999 1 1 0.5063291139240507 0.7515923566878981
41 0.002340600000000026 1 1 0.5189873417721519 0.7579617834394905
42 0.002321699999999982 1 1 0.5316455696202531 0.7643312101910829
43 0.0022839000000000054 1 1 0.5443037974683544 0.7707006369426752
44 0.0023455000000000004 1 1 0.5569620253164557 0.7770700636942676
45 0.0025476000000000387 1 1 0.569620253164557 0.7834394904458599
46 0.0025238000000000205 1 1 0.5822784810126582 0.7898089171974523
47 0.003371299999999966 1 1 0.5949367088607594 0.7961783439490446
48 0.0033417999999999504 1 1 0.6075949367088608 0.802547770700637
49 0.002645300000000017 1 1 0.620253164556962 0.8089171974522293
50 0.002630100000000024 1 1 0.6329113924050633 0.8152866242038217
51 0.0024022999999999683 1 1 0.6455696202531646 0.821656050955414
52 0.0028013000000000066 1 1 0.6582278481012658 0.8280254777070064
53 0.002975899999999976 1 1 0.6708860759493671 0.8343949044585988
54 0.002588900000000005 1 1 0.6835443037974683 0.8407643312101911
55 0.0025110999999999883 1 1 0.6962025316455697 0.8471337579617835
56 0.0026205000000000256 1 1 0.7088607594936709 0.8535031847133758
57 0.002571999999999963 1 1 0.7215189873417721 0.8598726114649682
58 0.002666600000000019 1 1 0.7341772151898734 0.8662420382165605
59 0.0028536000000000117 1 1 0.7468354430379747 0.8726114649681529
60 0.0028308999999999696 1 1 0.759493670886076 0.8789808917197452
61 0.0026459999999999817 1 1 0.7721518987341772 0.8853503184713376
62 0.002764999999999962 1 1 0.7848101265822784 0.89171974522293
63 0.00270929999999997 1 1 0.7974683544303798 0.8980891719745223
64 0.0029244999999999965 1 1 0.810126582278481 0.9044585987261147
65 0.0028657000000000266 1 1 0.8227848101265823 0.910828025477707
66 0.0030225999999999864 1 1 0.8354430379746836 0.9171974522292994
67 0.0029457999999999984 1 1 0.8481012658227848 0.9235668789808917
68 0.003027999999999975 1 1 0.8607594936708861 0.9299363057324841
69 0.0029495999999999967 1 1 0.8734177215189873 0.9363057324840764
70 0.0028944999999999665 1 1 0.8860759493670886 0.9426751592356688
71 0.002935800000000044 1 1 0.8987341772151899 0.9490445859872612
72 0.0029686000000000434 1 1 0.9113924050632911 0.9554140127388535
73 0.0028619000000000283 1 1 0.9240506329113924 0.9617834394904459
74 0.0029372000000000287 1 1 0.9367088607594937 0.9681528662420382
75 0.002925999999999984 1 1 0.9493670886075949 0.9745222929936306
76 0.0029865999999999504 1 1 0.9620253164556962 0.9808917197452229
77 0.0029971000000000303 1 1 0.9746835443037974 0.9872611464968153
78 0.0031196 1 1 0.9873417721518988 0.9936305732484076
79 0.002926299999999993 1 1 1.0 1.0
