160 0.2 0.8
1 0.003245800000000021 0 0 0.0 0.501577287066246
2 0.003110099999999949 1 0 0.006289308176100629 0.501577287066246
3 0.0033555000000000113 1 1 0.012578616352201259 0.5047318611987381
4 0.003057000000000032 0 0 0.012578616352201259 0.5047318611987381
5 0.0032546999999999993 1 1 0.018867924528301886 0.5078864353312302
6 0.0030808999999999975 0 0 0.018867924528301886 0.5078864353312302
7 0.0032579000000000358 0 0 0.018867924528301886 0.5078864353312302
8 0.003140099999999979 0 0 0.018867924528301886 0.5078864353312302
9 0.003080499999999986 1 1 0.025157232704402517 0.5110410094637224
10 0.003402100000000019 1 0 0.031446540880503145 0.5110410094637224
11 0.003068599999999977 0 0 0.031446540880503145 0.5110410094637224
12 0.003073400000000004 0 0 0.031446540880503145 0.5110410094637224
13 0.003098400000000001 1 1 0.03773584905660377 0.5141955835962145
14 0.0030951999999999646 1 1 0.0440251572327044 0.5173501577287066
15 0.0031904000000000377 0 1 0.0440251572327044 0.5205047318611987
16 0.003117700000000001 1 1 0.050314465408805034 0.5236593059936908
17 0.0031634999999999858 0 0 0.050314465408805034 0.5236593059936908
18 0.0034171000000000062 1 1 0.05660377358490566 0.526813880126183
19 0.003412000000000026 1 1 0.06289308176100629 0.5299684542586751
20 0.0033232999999999735 1 1 0.06918238993710692 0.5331230283911672
21 0.003167399999999987 1 1 0.07547169811320754 0.5362776025236593
22 0.003213599999999983 1 1 0.08176100628930817 0.5394321766561514
23 0.003147700000000031 0 0 0.08176100628930817 0.5394321766561514
24 0.0031507000000000063 0 0 0.08176100628930817 0.5394321766561514
25 0.0031970000000000054 1 1 0.0880503144654088 0.5425867507886435
26 0.0031594999999999818 0 0 0.0880503144654088 0.5425867507886435
27 0.003493000000000024 0 0 0.0880503144654088 0.5425867507886435
28 0.0031262000000000234 0 0 0.0880503144654088 0.5425867507886435
29 0.0031544000000000016 0 0 0.0880503144654088 0.5425867507886435
30 0.0031413000000000135 0 0 0.0880503144654088 0.5425867507886435
31 0.003161999999999998 1 0 0.09433962264150944 0.5425867507886435
32 0.0035195000000000087 0 0 0.09433962264150944 0.5425867507886435
33 0.0031977000000000255 0 0 0.09433962264150944 0.5425867507886435
34 0.0031875000000000098 1 1 0.10062893081761007 0.5457413249211357
35 0.0033758999999999872 0 0 0.10062893081761007 0.5457413249211357
36 0.0032072999999999685 0 0 0.10062893081761007 0.5457413249211357
37 0.0032181000000000015 0 0 0.10062893081761007 0.5457413249211357
38 0.0035676999999999515 0 0 0.10062893081761007 0.5457413249211357
39 0.0031658999999999993 0 0 0.10062893081761007 0.5457413249211357
40 0.0033857999999999944 1 1 0.1069182389937107 0.5488958990536278
41 0.0033182999999999963 0 1 0.1069182389937107 0.5520504731861199
42 0.0036006999999999567 0 0 0.1069182389937107 0.5520504731861199
43 0.0032351999999999936 0 0 0.1069182389937107 0.5520504731861199
44 0.003413300000000008 1 1 0.11320754716981132 0.555205047318612
45 0.0032866999999999758 0 0 0.11320754716981132 0.555205047318612
46 0.0036570999999999687 0 0 0.11320754716981132 0.555205047318612
47 0.003600800000000015 0 0 0.11320754716981132 0.555205047318612
48 0.0036186000000000274 1 0 0.11949685534591195 0.555205047318612
49 0.0031983999999999346 0 0 0.11949685534591195 0.555205047318612
50 0.003664100000000059 0 0 0.11949685534591195 0.555205047318612
51 0.0036429000000000045 0 0 0.11949685534591195 0.555205047318612
52 0.00333159999999999 0 0 0.11949685534591195 0.555205047318612
53 0.0035625999999999713 0 0 0.11949685534591195 0.555205047318612
54 0.0035813000000000095 0 1 0.11949685534591195 0.5583596214511041
55 0.003434500000000007 0 0 0.11949685534591195 0.5583596214511041
56 0.0032558999999999783 1 1 0.12578616352201258 0.5615141955835962
57 0.0033291000000000848 0 0 0.12578616352201258 0.5615141955835962
58 0.003536099999999931 0 0 0.12578616352201258 0.5615141955835962
59 0.003615600000000052 1 1 0.1320754716981132 0.5646687697160884
60 0.003568899999999986 0 0 0.1320754716981132 0.5646687697160884
61 0.003644100000000039 0 0 0.1320754716981132 0.5646687697160884
62 0.0032202000000000064 0 0 0.1320754716981132 0.5646687697160884
63 0.003378500000000062 0 0 0.1320754716981132 0.5646687697160884
64 0.003331299999999926 0 0 0.1320754716981132 0.5646687697160884
65 0.003360099999999977 0 0 0.1320754716981132 0.5646687697160884
66 0.003294000000000019 0 0 0.1320754716981132 0.5646687697160884
67 0.0036372999999999545 0 0 0.1320754716981132 0.5646687697160884
68 0.0034440000000000026 0 0 0.1320754716981132 0.5646687697160884
69 0.003730000000000011 0 0 0.1320754716981132 0.5646687697160884
70 0.0034035000000000037 0 0 0.1320754716981132 0.5646687697160884
71 0.003255600000000025 0 0 0.1320754716981132 0.5646687697160884
72 0.003437199999999918 0 0 0.1320754716981132 0.5646687697160884
73 0.0032623000000000513 0 0 0.1320754716981132 0.5646687697160884
74 0.0036755000000000537 0 0 0.1320754716981132 0.5646687697160884
75 0.0035366999999999482 0 0 0.1320754716981132 0.5646687697160884
76 0.003251800000000027 0 0 0.1320754716981132 0.5646687697160884
77 0.00343020000000005 0 0 0.1320754716981132 0.5646687697160884
78 0.003278499999999962 0 0 0.1320754716981132 0.5646687697160884
79 0.0034674000000000094 0 0 0.1320754716981132 0.5646687697160884
80 0.0036599000000000492 0 0 0.1320754716981132 0.5646687697160884
81 0.003599000000000019 0 0 0.1320754716981132 0.5646687697160884
82 0.0036252999999999425 0 0 0.1320754716981132 0.5646687697160884
83 0.003652899999999959 0 0 0.1320754716981132 0.5646687697160884
84 0.0034954999999999847 0 0 0.1320754716981132 0.5646687697160884
85 0.0035819000000000267 0 0 0.1320754716981132 0.5646687697160884
86 0.003645999999999927 0 0 0.1320754716981132 0.5646687697160884
87 0.0035697999999999563 0 0 0.1320754716981132 0.5646687697160884
88 0.0036554000000000864 0 0 0.1320754716981132 0.5646687697160884
89 0.0033358999999999472 0 0 0.1320754716981132 0.5646687697160884
90 0.003655299999999917 0 0 0.1320754716981132 0.5646687697160884
91 0.0036401999999999823 1 0 0.13836477987421383 0.5646687697160884
92 0.003271000000000024 0 0 0.13836477987421383 0.5646687697160884
93 0.0036224000000000256 0 1 0.13836477987421383 0.5678233438485805
94 0.0034337999999999314 0 0 0.13836477987421383 0.5678233438485805
95 0.0035583999999999616 0 0 0.13836477987421383 0.5678233438485805
96 0.0036490000000000133 0 0 0.13836477987421383 0.5678233438485805
97 0.0035503999999999536 0 0 0.13836477987421383 0.5678233438485805
98 0.0034221000000000945 1 1 0.14465408805031446 0.5709779179810726
99 0.0037188999999999695 0 0 0.14465408805031446 0.5709779179810726
100 0.0036445000000000505 0 0 0.14465408805031446 0.5709779179810726
101 0.0036119000000000012 0 0 0.14465408805031446 0.5709779179810726
102 0.0034376000000000406 0 0 0.14465408805031446 0.5709779179810726
103 0.0036211000000000437 0 0 0.14465408805031446 0.5709779179810726
104 0.0035243000000000357 1 1 0.1509433962264151 0.5741324921135647
105 0.0033969999999999834 0 0 0.1509433962264151 0.5741324921135647
106 0.003609399999999985 0 0 0.1509433962264151 0.5741324921135647
107 0.0036472000000000726 0 0 0.1509433962264151 0.5741324921135647
108 0.00362679999999993 0 0 0.1509433962264151 0.5741324921135647
109 0.0035654999999999992 0 0 0.1509433962264151 0.5741324921135647
110 0.0033358999999999472 0 0 0.1509433962264151 0.5741324921135647
111 0.0037428999999999935 1 0 0.15723270440251572 0.5741324921135647
112 0.0034621000000000235 0 0 0.15723270440251572 0.5741324921135647
113 0.003582000000000085 0 1 0.15723270440251572 0.5772870662460567
114 0.003512600000000088 0 0 0.15723270440251572 0.5772870662460567
115 0.0035188999999999915 1 1 0.16352201257861634 0.580441640378549
116 0.0036469000000000085 0 0 0.16352201257861634 0.580441640378549
117 0.0035658000000000634 1 1 0.16981132075471697 0.583596214511041
118 0.0037292999999999354 1 1 0.1761006289308176 0.5867507886435331
119 0.003531300000000015 0 0 0.1761006289308176 0.5867507886435331
120 0.003581700000000021 0 0 0.1761006289308176 0.5867507886435331
121 0.0036577999999999333 0 0 0.1761006289308176 0.5867507886435331
122 0.0035036999999999985 0 0 0.1761006289308176 0.5867507886435331
123 0.003732100000000016 1 1 0.18238993710691823 0.5899053627760252
124 0.0037136000000000946 0 0 0.18238993710691823 0.5899053627760252
125 0.0036674999999999347 0 0 0.18238993710691823 0.5899053627760252
126 0.003427799999999981 0 0 0.18238993710691823 0.5899053627760252
127 0.0033868999999999705 1 1 0.18867924528301888 0.5930599369085173
128 0.0038329999999999753 0 0 0.18867924528301888 0.5930599369085173
129 0.0034872000000000236 0 0 0.18867924528301888 0.5930599369085173
130 0.003397199999999989 0 0 0.18867924528301888 0.5930599369085173
131 0.003578299999999923 0 0 0.18867924528301888 0.5930599369085173
132 0.0033793999999999214 0 0 0.18867924528301888 0.5930599369085173
133 0.0034907000000000687 0 0 0.18867924528301888 0.5930599369085173
134 0.0037756999999999374 0 0 0.18867924528301888 0.5930599369085173
135 0.0034674000000000094 0 0 0.18867924528301888 0.5930599369085173
136 0.003349400000000058 0 0 0.18867924528301888 0.5930599369085173
137 0.003399800000000064 1 1 0.1949685534591195 0.5962145110410094
138 0.0032859000000000638 0 0 0.1949685534591195 0.5962145110410094
139 0.0035062999999999622 0 0 0.1949685534591195 0.5962145110410094
140 0.0034318999999999322 0 0 0.1949685534591195 0.5962145110410094
141 0.003333200000000036 0 0 0.1949685534591195 0.5962145110410094
142 0.003416100000000033 0 0 0.1949685534591195 0.5962145110410094
143 0.0034239999999999826 1 0 0.20125786163522014 0.5962145110410094
144 0.003551799999999994 1 0 0.20754716981132076 0.5962145110410094
145 0.003433400000000031 1 2 0.2138364779874214 0.6025236593059937
146 0.0034746999999999417 0 0 0.2138364779874214 0.6025236593059937
147 0.005514200000000025 0 0 0.2138364779874214 0.6025236593059937
148 0.0034897999999999874 1 1 0.22012578616352202 0.6056782334384858
149 0.0035846999999999962 0 1 0.22012578616352202 0.6088328075709779
150 0.003735000000000044 0 0 0.22012578616352202 0.6088328075709779
151 0.0038775999999999256 1 1 0.22641509433962265 0.61198738170347
152 0.0036059000000000507 0 0 0.22641509433962265 0.61198738170347
153 0.003872099999999934 1 1 0.23270440251572327 0.6151419558359621
154 0.003646800000000061 0 0 0.23270440251572327 0.6151419558359621
155 0.003912899999999997 0 0 0.23270440251572327 0.6151419558359621
156 0.0034541000000000155 0 0 0.23270440251572327 0.6151419558359621
157 0.0037223000000000672 0 0 0.23270440251572327 0.6151419558359621
158 0.003882000000000052 0 0 0.23270440251572327 0.6151419558359621
159 0.0036418999999999757 0 0 0.23270440251572327 0.6151419558359621
160 0.003554999999999975 0 0 0.23270440251572327 0.6151419558359621
161 0.0034594999999999487 1 0 0.2389937106918239 0.6151419558359621
162 0.003854299999999977 1 0 0.24528301886792453 0.6151419558359621
163 0.003693500000000016 0 0 0.24528301886792453 0.6151419558359621
164 0.0037423000000000872 0 0 0.24528301886792453 0.6151419558359621
165 0.003500100000000006 0 2 0.24528301886792453 0.6214511041009464
166 0.0036604999999999555 0 0 0.24528301886792453 0.6214511041009464
167 0.00345899999999999 0 0 0.24528301886792453 0.6214511041009464
168 0.003762799999999955 0 0 0.24528301886792453 0.6214511041009464
169 0.0036557000000000395 0 0 0.24528301886792453 0.6214511041009464
170 0.003587099999999954 0 0 0.24528301886792453 0.6214511041009464
171 0.003746199999999922 0 0 0.24528301886792453 0.6214511041009464
172 0.0037756999999999374 1 1 0.25157232704402516 0.6246056782334385
173 0.003920600000000052 0 0 0.25157232704402516 0.6246056782334385
174 0.00384439999999997 1 1 0.2578616352201258 0.6277602523659306
175 0.00371979999999994 0 0 0.2578616352201258 0.6277602523659306
176 0.0038763000000000547 1 0 0.2641509433962264 0.6277602523659306
177 0.003710199999999997 0 0 0.2641509433962264 0.6277602523659306
178 0.00371419999999989 0 0 0.2641509433962264 0.6277602523659306
179 0.0036055999999999866 0 0 0.2641509433962264 0.6277602523659306
180 0.0035104000000001356 0 0 0.2641509433962264 0.6277602523659306
181 0.0034092999999999485 0 0 0.2641509433962264 0.6277602523659306
182 0.0034098000000000184 0 0 0.2641509433962264 0.6277602523659306
183 0.0033806999999999032 0 0 0.2641509433962264 0.6277602523659306
184 0.0035272000000001746 0 0 0.2641509433962264 0.6277602523659306
185 0.003632699999999822 0 1 0.2641509433962264 0.6309148264984227
186 0.003504699999999916 0 0 0.2641509433962264 0.6309148264984227
187 0.0037601999999998803 0 0 0.2641509433962264 0.6309148264984227
188 0.0038267000000000717 0 0 0.2641509433962264 0.6309148264984227
189 0.0037859000000000087 0 0 0.2641509433962264 0.6309148264984227
190 0.003942899999999971 0 0 0.2641509433962264 0.6309148264984227
191 0.0036163000000000167 0 0 0.2641509433962264 0.6309148264984227
192 0.0036506999999998957 0 0 0.2641509433962264 0.6309148264984227
193 0.003601399999999977 1 1 0.27044025157232704 0.6340694006309149
194 0.003853200000000001 1 1 0.27672955974842767 0.637223974763407
195 0.003729700000000058 0 0 0.27672955974842767 0.637223974763407
196 0.0035457999999999323 0 0 0.27672955974842767 0.637223974763407
197 0.0035597000000000545 0 0 0.27672955974842767 0.637223974763407
198 0.0035122000000000764 0 0 0.27672955974842767 0.637223974763407
199 0.003689700000000018 0 0 0.27672955974842767 0.637223974763407
200 0.0038666999999998897 0 0 0.27672955974842767 0.637223974763407
201 0.0034818999999999267 1 0 0.2830188679245283 0.637223974763407
202 0.0034613000000001115 0 1 0.2830188679245283 0.6403785488958991
203 0.003659099999999915 1 1 0.2893081761006289 0.6435331230283912
204 0.0034629000000001575 0 0 0.2893081761006289 0.6435331230283912
205 0.003641400000000017 0 0 0.2893081761006289 0.6435331230283912
206 0.003921700000000028 0 0 0.2893081761006289 0.6435331230283912
207 0.003549499999999872 1 1 0.29559748427672955 0.6466876971608833
208 0.0035423000000001093 0 0 0.29559748427672955 0.6466876971608833
209 0.0034586000000000894 1 1 0.3018867924528302 0.6498422712933754
210 0.003578199999999976 0 0 0.3018867924528302 0.6498422712933754
211 0.0036815999999999516 0 0 0.3018867924528302 0.6498422712933754
212 0.003618799999999922 1 1 0.3081761006289308 0.6529968454258676
213 0.003487099999999854 0 0 0.3081761006289308 0.6529968454258676
214 0.003633400000000009 0 0 0.3081761006289308 0.6529968454258676
215 0.003636900000000054 0 0 0.3081761006289308 0.6529968454258676
216 0.003771299999999922 1 1 0.31446540880503143 0.6561514195583596
217 0.003660400000000008 0 0 0.31446540880503143 0.6561514195583596
218 0.0035129999999998773 1 1 0.32075471698113206 0.6593059936908517
219 0.003512900000000041 0 0 0.32075471698113206 0.6593059936908517
220 0.003520599999999874 0 0 0.32075471698113206 0.6593059936908517
221 0.003911899999999857 1 1 0.3270440251572327 0.6624605678233438
222 0.003710000000000102 1 1 0.3333333333333333 0.6656151419558359
223 0.003532599999999997 0 0 0.3333333333333333 0.6656151419558359
224 0.00372439999999985 1 1 0.33962264150943394 0.668769716088328
225 0.003891899999999948 1 1 0.34591194968553457 0.6719242902208202
226 0.003706200000000104 0 0 0.34591194968553457 0.6719242902208202
227 0.003648600000000002 0 0 0.34591194968553457 0.6719242902208202
228 0.0035833999999999033 0 0 0.34591194968553457 0.6719242902208202
229 0.003629700000000069 1 0 0.3522012578616352 0.6719242902208202
230 0.003552599999999906 0 1 0.3522012578616352 0.6750788643533123
231 0.003603000000000023 0 0 0.3522012578616352 0.6750788643533123
232 0.007430899999999907 0 0 0.3522012578616352 0.6750788643533123
233 0.0035743999999999776 1 1 0.3584905660377358 0.6782334384858044
234 0.0036530999999999647 0 0 0.3584905660377358 0.6782334384858044
235 0.0036194999999998867 0 0 0.3584905660377358 0.6782334384858044
236 0.00359900000000013 0 0 0.3584905660377358 0.6782334384858044
237 0.003636399999999984 0 0 0.3584905660377358 0.6782334384858044
238 0.003617699999999946 1 1 0.36477987421383645 0.6813880126182965
239 0.003821999999999992 1 1 0.3710691823899371 0.6845425867507886
240 0.0036757000000000595 0 0 0.3710691823899371 0.6845425867507886
241 0.0036347000000001017 0 0 0.3710691823899371 0.6845425867507886
242 0.003618499999999969 1 1 0.37735849056603776 0.6876971608832808
243 0.004072999999999993 0 0 0.37735849056603776 0.6876971608832808
244 0.0036263999999999186 0 0 0.37735849056603776 0.6876971608832808
245 0.003605499999999928 0 0 0.37735849056603776 0.6876971608832808
246 0.0036236999999998964 0 0 0.37735849056603776 0.6876971608832808
247 0.003715599999999819 0 0 0.37735849056603776 0.6876971608832808
248 0.00410099999999991 1 1 0.3836477987421384 0.6908517350157729
249 0.0036730000000000373 0 0 0.3836477987421384 0.6908517350157729
250 0.004079600000000072 0 0 0.3836477987421384 0.6908517350157729
251 0.004204399999999886 1 0 0.389937106918239 0.6908517350157729
252 0.003851099999999885 0 0 0.389937106918239 0.6908517350157729
253 0.0037213000000000385 0 0 0.389937106918239 0.6908517350157729
254 0.003788600000000031 1 1 0.39622641509433965 0.694006309148265
255 0.0036575000000000912 0 0 0.39622641509433965 0.694006309148265
256 0.0040716999999999 0 0 0.39622641509433965 0.694006309148265
257 0.003909299999999893 1 0 0.4025157232704403 0.694006309148265
258 0.004027400000000014 0 0 0.4025157232704403 0.694006309148265
259 0.004184500000000035 1 1 0.4088050314465409 0.6971608832807571
260 0.0038671999999999596 0 0 0.4088050314465409 0.6971608832807571
261 0.003857499999999847 0 0 0.4088050314465409 0.6971608832807571
262 0.0039085000000000925 1 1 0.41509433962264153 0.7003154574132492
263 0.003919200000000123 0 0 0.41509433962264153 0.7003154574132492
264 0.004163399999999928 1 1 0.42138364779874216 0.7034700315457413
265 0.00406670000000009 0 0 0.42138364779874216 0.7034700315457413
266 0.0041968000000001116 0 0 0.42138364779874216 0.7034700315457413
267 0.004146000000000205 0 0 0.42138364779874216 0.7034700315457413
268 0.0041223999999999705 1 0 0.4276729559748428 0.7034700315457413
269 0.00397829999999999 0 0 0.4276729559748428 0.7034700315457413
270 0.004063399999999939 0 1 0.4276729559748428 0.7066246056782335
271 0.003768699999999958 0 0 0.4276729559748428 0.7066246056782335
272 0.004015099999999938 1 1 0.4339622641509434 0.7097791798107256
273 0.003897999999999957 0 0 0.4339622641509434 0.7097791798107256
274 0.0038514999999998967 0 1 0.4339622641509434 0.7129337539432177
275 0.004313000000000011 0 0 0.4339622641509434 0.7129337539432177
276 0.004077700000000073 0 0 0.4339622641509434 0.7129337539432177
277 0.004037200000000185 0 0 0.4339622641509434 0.7129337539432177
278 0.0039616000000000096 0 0 0.4339622641509434 0.7129337539432177
279 0.004128299999999863 0 0 0.4339622641509434 0.7129337539432177
280 0.004119500000000054 0 0 0.4339622641509434 0.7129337539432177
281 0.00419590000000003 0 1 0.4339622641509434 0.7160883280757098
282 0.004070800000000041 0 0 0.4339622641509434 0.7160883280757098
283 0.0038404999999999134 0 0 0.4339622641509434 0.7160883280757098
284 0.003860399999999986 0 0 0.4339622641509434 0.7160883280757098
285 0.0037135999999999836 0 0 0.4339622641509434 0.7160883280757098
286 0.003654000000000046 0 0 0.4339622641509434 0.7160883280757098
287 0.0036787000000000347 0 0 0.4339622641509434 0.7160883280757098
288 0.0038527000000001532 0 0 0.4339622641509434 0.7160883280757098
289 0.0036901000000000295 0 0 0.4339622641509434 0.7160883280757098
290 0.003696399999999933 0 0 0.4339622641509434 0.7160883280757098
291 0.003823799999999933 1 0 0.44025157232704404 0.7160883280757098
292 0.004142300000000043 0 0 0.44025157232704404 0.7160883280757098
293 0.004049200000000086 0 1 0.44025157232704404 0.7192429022082019
294 0.004045700000000041 0 0 0.44025157232704404 0.7192429022082019
295 0.003716900000000134 0 0 0.44025157232704404 0.7192429022082019
296 0.004221699999999995 0 0 0.44025157232704404 0.7192429022082019
297 0.00415270000000012 0 0 0.44025157232704404 0.7192429022082019
298 0.005091100000000015 0 0 0.44025157232704404 0.7192429022082019
299 0.003870199999999935 1 1 0.44654088050314467 0.722397476340694
300 0.003847099999999992 0 0 0.44654088050314467 0.722397476340694
301 0.0040477000000000984 0 0 0.44654088050314467 0.722397476340694
302 0.003849699999999956 0 0 0.44654088050314467 0.722397476340694
303 0.004126499999999922 1 1 0.4528301886792453 0.7255520504731862
304 0.004176699999999922 1 1 0.4591194968553459 0.7287066246056783
305 0.0039031999999998845 1 1 0.46540880503144655 0.7318611987381703
306 0.003909700000000127 1 1 0.4716981132075472 0.7350157728706624
307 0.0039383999999997865 0 0 0.4716981132075472 0.7350157728706624
308 0.003790799999999983 0 0 0.4716981132075472 0.7350157728706624
309 0.0037681999999998883 0 0 0.4716981132075472 0.7350157728706624
310 0.003835599999999939 0 0 0.4716981132075472 0.7350157728706624
311 0.003744100000000028 0 0 0.4716981132075472 0.7350157728706624
312 0.003968599999999878 0 0 0.4716981132075472 0.7350157728706624
313 0.003774000000000166 1 0 0.4779874213836478 0.7350157728706624
314 0.0038968000000001446 0 0 0.4779874213836478 0.7350157728706624
315 0.003724700000000025 0 0 0.4779874213836478 0.7350157728706624
316 0.0037810999999998707 0 0 0.4779874213836478 0.7350157728706624
317 0.004012099999999963 0 1 0.4779874213836478 0.7381703470031545
318 0.003850000000000131 0 0 0.4779874213836478 0.7381703470031545
319 0.00388860000000002 1 1 0.48427672955974843 0.7413249211356467
320 0.0037997000000000725 0 0 0.48427672955974843 0.7413249211356467
321 0.0038620999999998684 1 1 0.49056603773584906 0.7444794952681388
322 0.0038427000000000877 0 0 0.49056603773584906 0.7444794952681388
323 0.003716599999999959 0 0 0.49056603773584906 0.7444794952681388
324 0.003856900000000163 0 0 0.49056603773584906 0.7444794952681388
325 0.0038595000000001267 0 0 0.49056603773584906 0.7444794952681388
326 0.004071500000000006 0 0 0.49056603773584906 0.7444794952681388
327 0.0037711999999998636 0 0 0.49056603773584906 0.7444794952681388
328 0.0038224000000000036 0 0 0.49056603773584906 0.7444794952681388
329 0.003990600000000066 0 0 0.49056603773584906 0.7444794952681388
330 0.0038612999999998454 0 0 0.49056603773584906 0.7444794952681388
331 0.0038624000000000436 0 0 0.49056603773584906 0.7444794952681388
332 0.003826499999999955 0 0 0.49056603773584906 0.7444794952681388
333 0.003952399999999967 0 0 0.49056603773584906 0.7444794952681388
334 0.0042127999999999055 0 0 0.49056603773584906 0.7444794952681388
335 0.00411309999999987 1 1 0.4968553459119497 0.7476340694006309
336 0.003929999999999989 0 0 0.4968553459119497 0.7476340694006309
337 0.003913400000000067 1 1 0.5031446540880503 0.750788643533123
338 0.0039093000000001155 0 0 0.5031446540880503 0.750788643533123
339 0.0038042000000000353 0 0 0.5031446540880503 0.750788643533123
340 0.003844599999999865 1 1 0.5094339622641509 0.7539432176656151
341 0.004063599999999834 1 1 0.5157232704402516 0.7570977917981072
342 0.0038762999999999437 0 0 0.5157232704402516 0.7570977917981072
343 0.0038210999999999107 0 0 0.5157232704402516 0.7570977917981072
344 0.0039050999999998837 1 1 0.5220125786163522 0.7602523659305994
345 0.0039012999999998854 0 0 0.5220125786163522 0.7602523659305994
346 0.0038789000000001295 0 0 0.5220125786163522 0.7602523659305994
347 0.003873999999999933 0 0 0.5220125786163522 0.7602523659305994
348 0.003906200000000082 0 0 0.5220125786163522 0.7602523659305994
349 0.003890300000000124 0 0 0.5220125786163522 0.7602523659305994
350 0.004300200000000087 0 0 0.5220125786163522 0.7602523659305994
351 0.003868900000000064 0 0 0.5220125786163522 0.7602523659305994
352 0.0038287999999999656 0 0 0.5220125786163522 0.7602523659305994
353 0.0039184000000001 0 0 0.5220125786163522 0.7602523659305994
354 0.00441069999999999 0 0 0.5220125786163522 0.7602523659305994
355 0.004073999999999911 0 0 0.5220125786163522 0.7602523659305994
356 0.003966799999999937 1 1 0.5283018867924528 0.7634069400630915
357 0.0038103999999998805 0 0 0.5283018867924528 0.7634069400630915
358 0.003856700000000046 0 0 0.5283018867924528 0.7634069400630915
359 0.0038458999999999577 0 0 0.5283018867924528 0.7634069400630915
360 0.003877400000000142 1 1 0.5345911949685535 0.7665615141955836
361 0.0038202000000000513 1 1 0.5408805031446541 0.7697160883280757
362 0.004380300000000004 0 0 0.5408805031446541 0.7697160883280757
363 0.004007000000000094 1 1 0.5471698113207547 0.7728706624605678
364 0.004308300000000154 0 0 0.5471698113207547 0.7728706624605678
365 0.004115300000000044 1 1 0.5534591194968553 0.7760252365930599
366 0.0038929999999999243 0 0 0.5534591194968553 0.7760252365930599
367 0.0042205000000001824 0 0 0.5534591194968553 0.7760252365930599
368 0.004356599999999933 1 1 0.559748427672956 0.7791798107255521
369 0.003945899999999947 0 0 0.559748427672956 0.7791798107255521
370 0.0038599999999999746 0 0 0.559748427672956 0.7791798107255521
371 0.004305999999999921 0 0 0.559748427672956 0.7791798107255521
372 0.003868100000000041 0 0 0.559748427672956 0.7791798107255521
373 0.0038215999999999806 0 0 0.559748427672956 0.7791798107255521
374 0.004029300000000013 0 0 0.559748427672956 0.7791798107255521
375 0.0040000000000000036 1 1 0.5660377358490566 0.7823343848580442
376 0.003769499999999981 0 0 0.5660377358490566 0.7823343848580442
377 0.004334099999999896 0 0 0.5660377358490566 0.7823343848580442
378 0.00403690000000001 0 0 0.5660377358490566 0.7823343848580442
379 0.00408760000000008 0 0 0.5660377358490566 0.7823343848580442
380 0.0042344000000000825 0 0 0.5660377358490566 0.7823343848580442
381 0.00422100000000003 0 0 0.5660377358490566 0.7823343848580442
382 0.004367499999999858 0 0 0.5660377358490566 0.7823343848580442
383 0.00423259999999992 0 0 0.5660377358490566 0.7823343848580442
384 0.004332899999999862 1 0 0.5723270440251572 0.7823343848580442
385 0.0044832000000001315 1 1 0.5786163522012578 0.7854889589905363
386 0.004261499999999918 0 1 0.5786163522012578 0.7886435331230284
387 0.004336299999999849 0 0 0.5786163522012578 0.7886435331230284
388 0.005665599999999937 0 0 0.5786163522012578 0.7886435331230284
389 0.004435700000000153 0 0 0.5786163522012578 0.7886435331230284
390 0.004221100000000089 1 1 0.5849056603773585 0.7917981072555205
391 0.004102799999999851 1 1 0.5911949685534591 0.7949526813880127
392 0.004138799999999998 0 0 0.5911949685534591 0.7949526813880127
393 0.004518299999999975 1 1 0.5974842767295597 0.7981072555205048
394 0.004297200000000112 0 0 0.5974842767295597 0.7981072555205048
395 0.003971200000000064 0 0 0.5974842767295597 0.7981072555205048
396 0.003849400000000003 0 0 0.5974842767295597 0.7981072555205048
397 0.0043703999999999965 0 0 0.5974842767295597 0.7981072555205048
398 0.00406950000000017 0 0 0.5974842767295597 0.7981072555205048
399 0.003911800000000021 0 0 0.5974842767295597 0.7981072555205048
400 0.0038697999999999233 0 0 0.5974842767295597 0.7981072555205048
401 0.003911100000000056 0 0 0.5974842767295597 0.7981072555205048
402 0.00409550000000003 1 1 0.6037735849056604 0.8012618296529969
403 0.003985499999999975 1 1 0.610062893081761 0.804416403785489
404 0.004210000000000047 0 0 0.610062893081761 0.804416403785489
405 0.003919900000000087 0 0 0.610062893081761 0.804416403785489
406 0.003999400000000097 0 0 0.610062893081761 0.804416403785489
407 0.004138900000000056 0 0 0.610062893081761 0.804416403785489
408 0.004176200000000074 0 0 0.610062893081761 0.804416403785489
409 0.004027399999999792 0 0 0.610062893081761 0.804416403785489
410 0.00392339999999991 0 0 0.610062893081761 0.804416403785489
411 0.0041240000000000165 0 0 0.610062893081761 0.804416403785489
412 0.004056700000000024 1 1 0.6163522012578616 0.807570977917981
413 0.005703899999999873 0 0 0.6163522012578616 0.807570977917981
414 0.00579760000000018 0 0 0.6163522012578616 0.807570977917981
415 0.005855600000000294 1 0 0.6226415094339622 0.807570977917981
416 0.005865599999999915 0 0 0.6226415094339622 0.807570977917981
417 0.0057515000000001315 0 0 0.6226415094339622 0.807570977917981
418 0.005830000000000002 0 0 0.6226415094339622 0.807570977917981
419 0.005854399999999593 0 0 0.6226415094339622 0.807570977917981
420 0.0039805000000003865 1 1 0.6289308176100629 0.8107255520504731
421 0.004164999999999974 1 1 0.6352201257861635 0.8138801261829653
422 0.004191399999999845 0 0 0.6352201257861635 0.8138801261829653
423 0.005512700000000148 1 1 0.6415094339622641 0.8170347003154574
424 0.005865200000000126 0 0 0.6415094339622641 0.8170347003154574
425 0.005823899999999771 1 1 0.6477987421383647 0.8201892744479495
426 0.0056163000000002405 0 0 0.6477987421383647 0.8201892744479495
427 0.005825699999999934 0 1 0.6477987421383647 0.8233438485804416
428 0.005520100000000028 1 1 0.6540880503144654 0.8264984227129337
429 0.0059010999999999925 0 0 0.6540880503144654 0.8264984227129337
430 0.0057395000000002305 0 0 0.6540880503144654 0.8264984227129337
431 0.005897500000000111 0 0 0.6540880503144654 0.8264984227129337
432 0.004331899999999944 1 0 0.660377358490566 0.8264984227129337
433 0.004411399999999954 0 0 0.660377358490566 0.8264984227129337
434 0.004278799999999805 0 1 0.660377358490566 0.8296529968454258
435 0.0057227000000001915 0 0 0.660377358490566 0.8296529968454258
436 0.005927600000000144 1 1 0.6666666666666666 0.832807570977918
437 0.004460400000000142 0 0 0.6666666666666666 0.832807570977918
438 0.004414899999999999 0 0 0.6666666666666666 0.832807570977918
439 0.004462200000000305 0 0 0.6666666666666666 0.832807570977918
440 0.004419099999999787 0 0 0.6666666666666666 0.832807570977918
441 0.004093200000000241 0 0 0.6666666666666666 0.832807570977918
442 0.004471799999999693 0 0 0.6666666666666666 0.832807570977918
443 0.004433899999999991 0 0 0.6666666666666666 0.832807570977918
444 0.004434499999999897 0 0 0.6666666666666666 0.832807570977918
445 0.004547599999999985 0 0 0.6666666666666666 0.832807570977918
446 0.004242700000000266 0 0 0.6666666666666666 0.832807570977918
447 0.004145799999999866 0 0 0.6666666666666666 0.832807570977918
448 0.0042040000000000965 0 0 0.6666666666666666 0.832807570977918
449 0.0043112000000000705 0 0 0.6666666666666666 0.832807570977918
450 0.004243699999999961 0 0 0.6666666666666666 0.832807570977918
451 0.0040135999999999505 0 0 0.6666666666666666 0.832807570977918
452 0.004066599999999809 0 0 0.6666666666666666 0.832807570977918
453 0.005876400000000004 0 0 0.6666666666666666 0.832807570977918
454 0.005861200000000011 1 1 0.6729559748427673 0.8359621451104101
455 0.005866000000000149 0 0 0.6729559748427673 0.8359621451104101
456 0.004035000000000011 0 0 0.6729559748427673 0.8359621451104101
457 0.0040168000000000426 0 0 0.6729559748427673 0.8359621451104101
458 0.00418099999999999 1 1 0.6792452830188679 0.8391167192429022
459 0.0058682999999999375 1 1 0.6855345911949685 0.8422712933753943
460 0.0058682999999999375 0 0 0.6855345911949685 0.8422712933753943
461 0.005850499999999759 0 0 0.6855345911949685 0.8422712933753943
462 0.005634000000000139 0 0 0.6855345911949685 0.8422712933753943
463 0.005897500000000111 1 1 0.6918238993710691 0.8454258675078864
464 0.004452200000000239 0 0 0.6918238993710691 0.8454258675078864
465 0.004231100000000154 0 0 0.6918238993710691 0.8454258675078864
466 0.0056634999999998215 0 0 0.6918238993710691 0.8454258675078864
467 0.005936900000000023 0 0 0.6918238993710691 0.8454258675078864
468 0.004139699999999635 1 1 0.6981132075471698 0.8485804416403786
469 0.0045464000000001725 0 0 0.6981132075471698 0.8485804416403786
470 0.004422499999999996 1 1 0.7044025157232704 0.8517350157728707
471 0.004363100000000397 0 0 0.7044025157232704 0.8517350157728707
472 0.004270200000000113 1 1 0.710691823899371 0.8548895899053628
473 0.004234100000000129 0 0 0.710691823899371 0.8548895899053628
474 0.004482299999999828 1 1 0.7169811320754716 0.8580441640378549
475 0.004230600000000084 1 0 0.7232704402515723 0.8580441640378549
476 0.004304400000000097 0 0 0.7232704402515723 0.8580441640378549
477 0.0045016000000002165 0 0 0.7232704402515723 0.8580441640378549
478 0.004561900000000119 0 0 0.7232704402515723 0.8580441640378549
479 0.004481300000000132 0 0 0.7232704402515723 0.8580441640378549
480 0.004351000000000216 0 0 0.7232704402515723 0.8580441640378549
481 0.0041437000000001944 0 0 0.7232704402515723 0.8580441640378549
482 0.004054099999999838 0 0 0.7232704402515723 0.8580441640378549
483 0.004110700000000023 0 0 0.7232704402515723 0.8580441640378549
484 0.004195600000000077 0 0 0.7232704402515723 0.8580441640378549
485 0.0041383999999999865 0 0 0.7232704402515723 0.8580441640378549
486 0.004120200000000018 1 0 0.7295597484276729 0.8580441640378549
487 0.004407800000000073 1 2 0.7358490566037735 0.8643533123028391
488 0.00418039999999964 0 0 0.7358490566037735 0.8643533123028391
489 0.004205100000000073 0 0 0.7358490566037735 0.8643533123028391
490 0.006014899999999823 0 0 0.7358490566037735 0.8643533123028391
491 0.004295500000000008 0 0 0.7358490566037735 0.8643533123028391
492 0.004031600000000246 0 0 0.7358490566037735 0.8643533123028391
493 0.004277700000000273 0 0 0.7358490566037735 0.8643533123028391
494 0.004108100000000281 0 0 0.7358490566037735 0.8643533123028391
495 0.0042079999999997675 0 0 0.7358490566037735 0.8643533123028391
496 0.004099599999999981 0 0 0.7358490566037735 0.8643533123028391
497 0.0040624000000000215 0 0 0.7358490566037735 0.8643533123028391
498 0.004044700000000123 0 0 0.7358490566037735 0.8643533123028391
499 0.004124899999999876 1 2 0.7421383647798742 0.8706624605678234
500 0.004173100000000041 0 0 0.7421383647798742 0.8706624605678234
501 0.004019500000000065 0 0 0.7421383647798742 0.8706624605678234
502 0.004107900000000164 0 0 0.7421383647798742 0.8706624605678234
503 0.004178200000000132 1 1 0.7484276729559748 0.8738170347003155
504 0.004034199999999988 0 0 0.7484276729559748 0.8738170347003155
505 0.0042615999999999765 0 0 0.7484276729559748 0.8738170347003155
506 0.004115200000000208 0 0 0.7484276729559748 0.8738170347003155
507 0.004717100000000141 1 1 0.7547169811320755 0.8769716088328076
508 0.0043469000000002644 0 0 0.7547169811320755 0.8769716088328076
509 0.004210599999999953 0 0 0.7547169811320755 0.8769716088328076
510 0.004302500000000098 0 0 0.7547169811320755 0.8769716088328076
511 0.004806899999999725 1 1 0.7610062893081762 0.8801261829652997
512 0.00434050000000008 0 0 0.7610062893081762 0.8801261829652997
513 0.004372599999999949 0 0 0.7610062893081762 0.8801261829652997
514 0.004331300000000038 1 0 0.7672955974842768 0.8801261829652997
515 0.004231900000000177 0 0 0.7672955974842768 0.8801261829652997
516 0.0042549000000002835 0 0 0.7672955974842768 0.8801261829652997
517 0.004098599999999841 0 0 0.7672955974842768 0.8801261829652997
518 0.004191099999999892 0 0 0.7672955974842768 0.8801261829652997
519 0.004396299999999798 0 0 0.7672955974842768 0.8801261829652997
520 0.004244499999999984 1 1 0.7735849056603774 0.8832807570977917
521 0.004280399999999851 0 0 0.7735849056603774 0.8832807570977917
522 0.004586699999999944 0 0 0.7735849056603774 0.8832807570977917
523 0.004188200000000197 0 0 0.7735849056603774 0.8832807570977917
524 0.004358700000000049 1 0 0.779874213836478 0.8832807570977917
525 0.004126899999999711 0 2 0.779874213836478 0.889589905362776
526 0.0042237000000002745 0 0 0.779874213836478 0.889589905362776
527 0.004213900000000326 0 0 0.779874213836478 0.889589905362776
528 0.004281100000000038 1 1 0.7861635220125787 0.8927444794952681
529 0.004288299999999801 0 0 0.7861635220125787 0.8927444794952681
530 0.004254499999999606 0 0 0.7861635220125787 0.8927444794952681
531 0.004208100000000048 0 0 0.7861635220125787 0.8927444794952681
532 0.004749100000000173 0 0 0.7861635220125787 0.8927444794952681
533 0.0042680000000001606 1 1 0.7924528301886793 0.8958990536277602
534 0.004762500000000003 0 0 0.7924528301886793 0.8958990536277602
535 0.004622700000000091 0 0 0.7924528301886793 0.8958990536277602
536 0.004810099999999817 0 0 0.7924528301886793 0.8958990536277602
537 0.004288499999999917 0 0 0.7924528301886793 0.8958990536277602
538 0.0042093000000003045 0 0 0.7924528301886793 0.8958990536277602
539 0.004316599999999671 0 0 0.7924528301886793 0.8958990536277602
540 0.004272100000000112 0 0 0.7924528301886793 0.8958990536277602
541 0.004270199999999669 0 0 0.7924528301886793 0.8958990536277602
542 0.004481000000000179 1 1 0.7987421383647799 0.8990536277602523
543 0.0045383999999999425 0 0 0.7987421383647799 0.8990536277602523
544 0.004248200000000146 0 0 0.7987421383647799 0.8990536277602523
545 0.004318500000000114 0 0 0.7987421383647799 0.8990536277602523
546 0.0043912000000001505 0 0 0.7987421383647799 0.8990536277602523
547 0.004745300000000174 0 0 0.7987421383647799 0.8990536277602523
548 0.004198199999999819 0 0 0.7987421383647799 0.8990536277602523
549 0.00435640000000026 0 0 0.7987421383647799 0.8990536277602523
550 0.004516399999999976 1 0 0.8050314465408805 0.8990536277602523
551 0.0042525000000002144 0 0 0.8050314465408805 0.8990536277602523
552 0.004819700000000093 0 0 0.8050314465408805 0.8990536277602523
553 0.004213200000000139 0 0 0.8050314465408805 0.8990536277602523
554 0.004198900000000005 0 0 0.8050314465408805 0.8990536277602523
555 0.004457799999999956 0 0 0.8050314465408805 0.8990536277602523
556 0.004269699999999599 1 1 0.8113207547169812 0.9022082018927445
557 0.004766799999999627 0 1 0.8113207547169812 0.9053627760252366
558 0.004186699999999988 0 0 0.8113207547169812 0.9053627760252366
559 0.004626200000000136 0 0 0.8113207547169812 0.9053627760252366
560 0.004131699999999849 0 0 0.8113207547169812 0.9053627760252366
561 0.0044727999999998325 1 1 0.8176100628930818 0.9085173501577287
562 0.004465900000000023 0 0 0.8176100628930818 0.9085173501577287
563 0.00430620000000026 0 0 0.8176100628930818 0.9085173501577287
564 0.004296399999999867 1 0 0.8238993710691824 0.9085173501577287
565 0.0042959999999996334 0 0 0.8238993710691824 0.9085173501577287
566 0.004533900000000202 0 0 0.8238993710691824 0.9085173501577287
567 0.004263299999999859 1 0 0.8301886792452831 0.9085173501577287
568 0.004225499999999993 1 1 0.8364779874213837 0.9116719242902208
569 0.004263100000000186 0 0 0.8364779874213837 0.9116719242902208
570 0.00447059999999988 0 2 0.8364779874213837 0.917981072555205
571 0.0043679999999999275 0 0 0.8364779874213837 0.917981072555205
572 0.006068400000000196 0 0 0.8364779874213837 0.917981072555205
573 0.006120899999999985 0 0 0.8364779874213837 0.917981072555205
574 0.006245600000000184 1 1 0.8427672955974843 0.9211356466876972
575 0.0061157999999998935 0 0 0.8427672955974843 0.9211356466876972
576 0.006164500000000128 0 0 0.8427672955974843 0.9211356466876972
577 0.006317499999999754 0 0 0.8427672955974843 0.9211356466876972
578 0.006289499999999837 0 0 0.8427672955974843 0.9211356466876972
579 0.00634800000000002 0 0 0.8427672955974843 0.9211356466876972
580 0.006046500000000066 0 0 0.8427672955974843 0.9211356466876972
581 0.006280799999999864 0 0 0.8427672955974843 0.9211356466876972
582 0.007968400000000209 0 0 0.8427672955974843 0.9211356466876972
583 0.0047703999999999525 0 0 0.8427672955974843 0.9211356466876972
584 0.004391899999999893 0 0 0.8427672955974843 0.9211356466876972
585 0.0044599999999999085 0 0 0.8427672955974843 0.9211356466876972
586 0.004508099999999793 0 0 0.8427672955974843 0.9211356466876972
587 0.004258499999999721 0 0 0.8427672955974843 0.9211356466876972
588 0.0043991000000001 0 0 0.8427672955974843 0.9211356466876972
589 0.0062427000000000454 0 0 0.8427672955974843 0.9211356466876972
590 0.006569900000000128 1 1 0.8490566037735849 0.9242902208201893
591 0.006639299999999793 1 1 0.8553459119496856 0.9274447949526814
592 0.0063933999999998825 1 1 0.8616352201257862 0.9305993690851735
593 0.004804599999999937 0 0 0.8616352201257862 0.9305993690851735
594 0.004399800000000287 1 1 0.8679245283018868 0.9337539432176656
595 0.004575500000000066 0 0 0.8679245283018868 0.9337539432176656
596 0.00478199999999962 1 1 0.8742138364779874 0.9369085173501577
597 0.004407599999999956 0 0 0.8742138364779874 0.9369085173501577
598 0.004590799999999895 0 0 0.8742138364779874 0.9369085173501577
599 0.004687800000000131 0 0 0.8742138364779874 0.9369085173501577
600 0.004836799999999641 0 0 0.8742138364779874 0.9369085173501577
601 0.004410599999999931 1 1 0.8805031446540881 0.9400630914826499
602 0.004679099999999714 0 0 0.8805031446540881 0.9400630914826499
603 0.004826500000000067 0 0 0.8805031446540881 0.9400630914826499
604 0.004404300000000028 0 0 0.8805031446540881 0.9400630914826499
605 0.004683900000000296 1 0 0.8867924528301887 0.9400630914826499
606 0.004661199999999699 1 1 0.8930817610062893 0.943217665615142
607 0.004762599999999839 1 0 0.89937106918239 0.943217665615142
608 0.004483599999999921 1 1 0.9056603773584906 0.9463722397476341
609 0.004950599999999916 0 0 0.9056603773584906 0.9463722397476341
610 0.004482199999999992 1 1 0.9119496855345912 0.9495268138801262
611 0.004406900000000213 0 0 0.9119496855345912 0.9495268138801262
612 0.00460230000000017 1 1 0.9182389937106918 0.9526813880126183
613 0.004690999999999779 1 2 0.9245283018867925 0.9589905362776026
614 0.004726800000000253 0 0 0.9245283018867925 0.9589905362776026
615 0.005052500000000126 0 0 0.9245283018867925 0.9589905362776026
616 0.004559599999999886 0 0 0.9245283018867925 0.9589905362776026
617 0.004736599999999758 0 0 0.9245283018867925 0.9589905362776026
618 0.004995199999999755 0 0 0.9245283018867925 0.9589905362776026
619 0.004699999999999704 1 1 0.9308176100628931 0.9621451104100947
620 0.004734999999999712 0 0 0.9308176100628931 0.9621451104100947
621 0.004944300000000013 1 1 0.9371069182389937 0.9652996845425867
622 0.0050200000000000244 1 2 0.9433962264150944 0.9716088328075709
623 0.00461770000000028 1 1 0.949685534591195 0.9747634069400631
624 0.0051346999999997145 0 0 0.949685534591195 0.9747634069400631
625 0.0048960000000000115 0 0 0.949685534591195 0.9747634069400631
626 0.005043699999999873 0 0 0.949685534591195 0.9747634069400631
627 0.004564200000000351 1 1 0.9559748427672956 0.9779179810725552
628 0.0046816999999999 0 0 0.9559748427672956 0.9779179810725552
629 0.0046727999999998104 0 0 0.9559748427672956 0.9779179810725552
630 0.004871999999999765 0 0 0.9559748427672956 0.9779179810725552
631 0.004678199999999855 0 0 0.9559748427672956 0.9779179810725552
632 0.005130800000000324 0 0 0.9559748427672956 0.9779179810725552
633 0.0050593000000001 0 0 0.9559748427672956 0.9779179810725552
634 0.0045863999999999905 0 0 0.9559748427672956 0.9779179810725552
635 0.004629199999999667 1 1 0.9622641509433962 0.9810725552050473
636 0.00486310000000012 0 0 0.9622641509433962 0.9810725552050473
637 0.004918399999999767 0 0 0.9622641509433962 0.9810725552050473
638 0.0049962999999997315 0 0 0.9622641509433962 0.9810725552050473
639 0.004582599999999992 0 0 0.9622641509433962 0.9810725552050473
640 0.0049263999999999974 0 0 0.9622641509433962 0.9810725552050473
641 0.004629099999999831 0 0 0.9622641509433962 0.9810725552050473
642 0.004619499999999999 0 0 0.9622641509433962 0.9810725552050473
643 0.0050200000000000244 1 1 0.9685534591194969 0.9842271293375394
644 0.004733799999999899 0 0 0.9685534591194969 0.9842271293375394
645 0.0049736000000000224 1 0 0.9748427672955975 0.9842271293375394
646 0.0051114999999999355 1 1 0.9811320754716981 0.9873817034700315
647 0.005000600000000244 0 0 0.9811320754716981 0.9873817034700315
648 0.00469509999999973 0 0 0.9811320754716981 0.9873817034700315
649 0.004912200000000144 0 0 0.9811320754716981 0.9873817034700315
650 0.00473990000000013 0 0 0.9811320754716981 0.9873817034700315
651 0.004896900000000315 1 1 0.9874213836477987 0.9905362776025236
652 0.004953100000000266 0 0 0.9874213836477987 0.9905362776025236
653 0.005022700000000047 1 1 0.9937106918238994 0.9936908517350158
654 0.004427699999999923 0 0 0.9937106918238994 0.9936908517350158
655 0.004424399999999995 0 0 0.9937106918238994 0.9936908517350158
656 0.004586600000000107 1 1 1.0 0.9968454258675079
657 0.00468869999999999 0 1 1.0 1.0
