50 0.8 0.4
1 0.0012466999999999895 1 0 0.02040816326530612 0.5051546391752577
2 0.0012636999999999787 1 0 0.04081632653061224 0.5051546391752577
3 0.0011386999999999925 1 1 0.061224489795918366 0.5154639175257731
4 0.0021735999999999978 1 2 0.08163265306122448 0.5360824742268041
5 0.0011506000000000016 1 1 0.10204081632653061 0.5463917525773195
6 0.0010237000000000163 1 0 0.12244897959183673 0.5463917525773195
7 0.0011741999999999864 1 1 0.14285714285714285 0.5567010309278351
8 0.0010905999999999971 1 1 0.16326530612244897 0.5670103092783505
9 0.0014814999999999967 1 0 0.1836734693877551 0.5670103092783505
10 0.001557799999999998 1 2 0.20408163265306123 0.5876288659793815
11 0.0013070000000000026 1 1 0.22448979591836735 0.5979381443298969
12 0.0012667999999999846 1 2 0.24489795918367346 0.6185567010309279
13 0.001229900000000006 1 1 0.2653061224489796 0.6288659793814433
14 0.0012015999999999971 1 0 0.2857142857142857 0.6288659793814433
15 0.001218899999999995 1 0 0.30612244897959184 0.6288659793814433
16 0.0012669999999999904 1 1 0.32653061224489793 0.6391752577319587
17 0.0012194999999999845 1 1 0.3469387755102041 0.6494845360824743
18 0.0016410000000000036 1 1 0.3673469387755102 0.6597938144329897
19 0.0024289999999999867 1 2 0.3877551020408163 0.6804123711340206
20 0.001223099999999977 1 1 0.40816326530612246 0.6907216494845361
21 0.0019982999999999806 1 0 0.42857142857142855 0.6907216494845361
22 0.001983600000000002 0 1 0.42857142857142855 0.7010309278350515
23 0.0016208999999999807 1 2 0.4489795918367347 0.7216494845360825
24 0.0013572000000000028 1 0 0.46938775510204084 0.7216494845360825
25 0.002563900000000008 0 1 0.46938775510204084 0.7319587628865979
26 0.0013696000000000264 0 0 0.46938775510204084 0.7319587628865979
27 0.0013580999999999732 0 0 0.46938775510204084 0.7319587628865979
28 0.002173299999999989 0 0 0.46938775510204084 0.7319587628865979
29 0.0018895999999999913 1 0 0.4897959183673469 0.7319587628865979
30 0.0015436000000000338 1 1 0.5102040816326531 0.7422680412371134
31 0.001706299999999994 1 1 0.5306122448979592 0.7525773195876289
32 0.001314300000000046 1 1 0.5510204081632653 0.7628865979381443
33 0.0013818999999999915 1 1 0.5714285714285714 0.7731958762886598
34 0.0018774999999999764 0 1 0.5714285714285714 0.7835051546391752
35 0.0023037000000000196 1 0 0.5918367346938775 0.7835051546391752
36 0.0016276000000000068 0 1 0.5918367346938775 0.7938144329896907
37 0.001339099999999982 1 0 0.6122448979591837 0.7938144329896907
38 0.0017404999999999782 1 1 0.6326530612244898 0.8041237113402062
39 0.0016565000000000052 1 2 0.6530612244897959 0.8247422680412371
40 0.0018232000000000248 1 1 0.673469387755102 0.8350515463917526
41 0.0017351999999999923 1 0 0.6938775510204082 0.8350515463917526
42 0.0027289999999999814 1 1 0.7142857142857143 0.845360824742268
43 0.0014740999999999782 1 0 0.7346938775510204 0.845360824742268
44 0.0029713999999999574 0 1 0.7346938775510204 0.8556701030927835
45 0.001804299999999981 1 0 0.7551020408163265 0.8556701030927835
46 0.002043000000000017 1 2 0.7755102040816326 0.8762886597938144
47 0.0016863000000000294 1 0 0.7959183673469388 0.8762886597938144
48 0.0021709999999999785 0 1 0.7959183673469388 0.8865979381443299
49 0.001691900000000024 1 0 0.8163265306122449 0.8865979381443299
50 0.0015268999999999977 1 0 0.8367346938775511 0.8865979381443299
51 0.0016318000000000166 1 2 0.8571428571428571 0.9072164948453608
52 0.0018764000000000003 1 2 0.8775510204081632 0.9278350515463918
53 0.0021697999999999995 1 1 0.8979591836734694 0.9381443298969072
54 0.001612300000000011 1 0 0.9183673469387755 0.9381443298969072
55 0.001982499999999998 1 0 0.9387755102040817 0.9381443298969072
56 0.0016057999999999906 1 1 0.9591836734693877 0.9484536082474226
57 0.001585800000000026 1 2 0.9795918367346939 0.9690721649484536
58 0.0020598000000000005 1 1 1.0 0.979381443298969
59 0.002154099999999992 0 0 1.0 0.979381443298969
60 0.00158910000000001 0 0 1.0 0.979381443298969
61 0.002115699999999998 0 1 1.0 0.9896907216494846
62 0.0024623999999999757 0 0 1.0 0.9896907216494846
63 0.0021588999999999636 0 0 1.0 0.9896907216494846
64 0.002765200000000023 0 0 1.0 0.9896907216494846
65 0.0031239000000000128 0 0 1.0 0.9896907216494846
66 0.0016787999999999803 0 1 1.0 1.0
