60 0.6 0.6
1 0.0033860999999999475 1 0 0.01694915254237288 0.5042735042735043
2 0.0028591000000000033 1 0 0.03389830508474576 0.5042735042735043
3 0.002158300000000002 0 0 0.03389830508474576 0.5042735042735043
4 0.0012668000000000124 1 1 0.05084745762711865 0.5128205128205128
5 0.0020172999999999996 1 1 0.06779661016949153 0.5213675213675214
6 0.0013159000000000365 0 1 0.06779661016949153 0.5299145299145299
7 0.0012513000000000107 0 0 0.06779661016949153 0.5299145299145299
8 0.0014328999999999592 1 1 0.0847457627118644 0.5384615384615384
9 0.0023099999999999787 1 1 0.1016949152542373 0.5470085470085471
10 0.0037037999999999793 0 0 0.1016949152542373 0.5470085470085471
11 0.004083500000000018 1 0 0.11864406779661017 0.5470085470085471
12 0.0020603999999999623 1 1 0.13559322033898305 0.5555555555555556
13 0.0032279000000000058 0 1 0.13559322033898305 0.5641025641025641
14 0.0027170999999999723 0 0 0.13559322033898305 0.5641025641025641
15 0.002978499999999995 0 0 0.13559322033898305 0.5641025641025641
16 0.002052200000000004 0 0 0.13559322033898305 0.5641025641025641
17 0.0015465000000000062 0 0 0.13559322033898305 0.5641025641025641
18 0.002830300000000008 1 0 0.15254237288135594 0.5641025641025641
19 0.0013621000000000327 1 2 0.1694915254237288 0.5811965811965812
20 0.0013037000000000187 0 0 0.1694915254237288 0.5811965811965812
21 0.0034075000000000077 0 0 0.1694915254237288 0.5811965811965812
22 0.0024978999999999973 0 0 0.1694915254237288 0.5811965811965812
23 0.0017224999999999602 1 0 0.1864406779661017 0.5811965811965812
24 0.002550600000000014 0 1 0.1864406779661017 0.5897435897435898
25 0.001957299999999995 1 0 0.2033898305084746 0.5897435897435898
26 0.0027719999999999967 1 1 0.22033898305084745 0.5982905982905983
27 0.003152800000000011 1 1 0.23728813559322035 0.6068376068376068
28 0.002251000000000003 0 0 0.23728813559322035 0.6068376068376068
29 0.0015594999999999914 1 2 0.2542372881355932 0.6239316239316239
30 0.001522300000000032 1 0 0.2711864406779661 0.6239316239316239
31 0.001727799999999946 1 0 0.288135593220339 0.6239316239316239
32 0.002581999999999973 1 2 0.3050847457627119 0.6410256410256411
33 0.0017404000000000308 1 1 0.3220338983050847 0.6495726495726496
34 0.0021788999999999836 1 1 0.3389830508474576 0.6581196581196581
35 0.0020728000000000413 1 1 0.3559322033898305 0.6666666666666666
36 0.0016462999999999894 1 1 0.3728813559322034 0.6752136752136753
37 0.003189200000000003 0 1 0.3728813559322034 0.6837606837606838
38 0.0019100999999999702 1 1 0.3898305084745763 0.6923076923076923
39 0.0018404999999999672 0 0 0.3898305084745763 0.6923076923076923
40 0.003482099999999988 1 1 0.4067796610169492 0.7008547008547008
41 0.0022506999999999944 0 0 0.4067796610169492 0.7008547008547008
42 0.0028800999999999966 1 1 0.423728813559322 0.7094017094017094
43 0.001784999999999981 1 1 0.4406779661016949 0.717948717948718
44 0.001597000000000015 1 0 0.4576271186440678 0.717948717948718
45 0.0034500000000000086 1 2 0.4745762711864407 0.7350427350427351
46 0.004937899999999995 1 0 0.4915254237288136 0.7350427350427351
47 0.0017017000000000282 0 0 0.4915254237288136 0.7350427350427351
48 0.0042371999999999965 0 0 0.4915254237288136 0.7350427350427351
49 0.0018467999999999818 1 1 0.5084745762711864 0.7435897435897436
50 0.0016849000000000447 1 1 0.5254237288135594 0.7521367521367521
51 0.0037219 1 0 0.5423728813559322 0.7521367521367521
52 0.002677600000000002 1 1 0.559322033898305 0.7606837606837606
53 0.0037231000000000347 1 0 0.576271186440678 0.7606837606837606
54 0.0019855999999999763 1 3 0.5932203389830508 0.7863247863247863
55 0.0024929999999999675 0 0 0.5932203389830508 0.7863247863247863
56 0.0033787000000000122 0 0 0.5932203389830508 0.7863247863247863
57 0.002126700000000037 1 1 0.6101694915254238 0.7948717948717948
58 0.002066300000000021 1 1 0.6271186440677966 0.8034188034188035
59 0.002178599999999975 1 2 0.6440677966101694 0.8205128205128205
60 0.003581099999999948 1 1 0.6610169491525424 0.8290598290598291
61 0.0029439999999999467 0 0 0.6610169491525424 0.8290598290598291
62 0.001714199999999999 1 1 0.6779661016949152 0.8376068376068376
63 0.002752599999999994 1 1 0.6949152542372882 0.8461538461538461
64 0.002337900000000004 0 0 0.6949152542372882 0.8461538461538461
65 0.004450400000000021 0 0 0.6949152542372882 0.8461538461538461
66 0.0020723999999999743 1 1 0.711864406779661 0.8547008547008547
67 0.004760500000000001 0 0 0.711864406779661 0.8547008547008547
68 0.004558100000000009 0 0 0.711864406779661 0.8547008547008547
69 0.0031848999999999905 0 0 0.711864406779661 0.8547008547008547
70 0.004668999999999979 1 1 0.7288135593220338 0.8632478632478633
71 0.003036800000000006 1 1 0.7457627118644068 0.8717948717948718
72 0.0031496999999999775 1 1 0.7627118644067796 0.8803418803418803
73 0.002012999999999987 1 1 0.7796610169491526 0.8888888888888888
74 0.003753200000000012 0 0 0.7796610169491526 0.8888888888888888
75 0.0029165999999999914 0 0 0.7796610169491526 0.8888888888888888
76 0.00480769999999997 0 0 0.7796610169491526 0.8888888888888888
77 0.004831299999999983 1 0 0.7966101694915254 0.8888888888888888
78 0.0024583000000000244 1 1 0.8135593220338984 0.8974358974358975
79 0.004809100000000011 1 0 0.8305084745762712 0.8974358974358975
80 0.003234899999999985 0 2 0.8305084745762712 0.9145299145299145
81 0.003269399999999978 1 1 0.847457627118644 0.9230769230769231
82 0.002568599999999921 1 0 0.864406779661017 0.9230769230769231
83 0.005165500000000045 1 1 0.8813559322033898 0.9316239316239316
84 0.002960399999999974 1 1 0.8983050847457628 0.9401709401709402
85 0.0036745999999999723 0 0 0.8983050847457628 0.9401709401709402
86 0.0030546999999999658 0 1 0.8983050847457628 0.9487179487179487
87 0.0025441999999999965 1 1 0.9152542372881356 0.9572649572649573
88 0.0023271000000000264 1 0 0.9322033898305084 0.9572649572649573
89 0.005287599999999948 1 2 0.9491525423728814 0.9743589743589743
90 0.006052399999999958 1 0 0.9661016949152542 0.9743589743589743
91 0.004798199999999975 1 1 0.9830508474576272 0.9829059829059829
92 0.0033050999999999497 0 1 0.9830508474576272 0.9914529914529915
93 0.0028527999999999887 1 0 1.0 0.9914529914529915
94 0.0023279999999999967 0 1 1.0 1.0
