170 0.8 0.5
1 0.0035206000000000404 1 0 0.005917159763313609 0.5014836795252225
2 0.003424999999999956 1 0 0.011834319526627219 0.5014836795252225
3 0.0033953000000000455 0 0 0.011834319526627219 0.5014836795252225
4 0.006955899999999959 1 2 0.01775147928994083 0.5074183976261127
5 0.0035772000000000026 1 1 0.023668639053254437 0.5103857566765578
6 0.003945900000000002 0 0 0.023668639053254437 0.5103857566765578
7 0.003544600000000009 1 0 0.029585798816568046 0.5103857566765578
8 0.0036959000000000297 1 0 0.03550295857988166 0.5103857566765578
9 0.0036423000000000427 1 2 0.04142011834319527 0.516320474777448
10 0.003657699999999986 1 1 0.047337278106508875 0.5192878338278932
11 0.0036480999999999875 1 0 0.05325443786982249 0.5192878338278932
12 0.003686999999999996 1 2 0.05917159763313609 0.5252225519287834
13 0.0036511999999999656 1 0 0.0650887573964497 0.5252225519287834
14 0.004023999999999972 1 0 0.07100591715976332 0.5252225519287834
15 0.003939999999999999 1 4 0.07692307692307693 0.5370919881305638
16 0.004050900000000024 1 1 0.08284023668639054 0.5400593471810089
17 0.003620399999999968 1 1 0.08875739644970414 0.543026706231454
18 0.0036158000000000023 1 0 0.09467455621301775 0.543026706231454
19 0.0038852999999999804 1 1 0.10059171597633136 0.5459940652818991
20 0.0036316000000000126 1 0 0.10650887573964497 0.5459940652818991
21 0.003676699999999977 1 3 0.11242603550295859 0.5548961424332344
22 0.0036750999999999867 1 1 0.11834319526627218 0.5578635014836796
23 0.0037241999999999553 1 0 0.1242603550295858 0.5578635014836796
24 0.003753200000000012 1 1 0.1301775147928994 0.5608308605341247
25 0.0038689000000000084 0 0 0.1301775147928994 0.5608308605341247
26 0.0037484000000000406 1 0 0.13609467455621302 0.5608308605341247
27 0.004408599999999985 1 2 0.14201183431952663 0.5667655786350149
28 0.0038365000000000204 1 1 0.14792899408284024 0.56973293768546
29 0.0037992000000000026 1 1 0.15384615384615385 0.5727002967359051
30 0.003862499999999991 1 2 0.15976331360946747 0.5786350148367952
31 0.004282000000000008 0 0 0.15976331360946747 0.5786350148367952
32 0.0038040000000000296 0 0 0.15976331360946747 0.5786350148367952
33 0.004332100000000061 0 0 0.15976331360946747 0.5786350148367952
34 0.004287400000000052 1 0 0.16568047337278108 0.5786350148367952
35 0.003912699999999991 1 2 0.17159763313609466 0.5845697329376854
36 0.004184599999999983 0 0 0.17159763313609466 0.5845697329376854
37 0.004865000000000008 1 0 0.17751479289940827 0.5845697329376854
38 0.004949700000000057 0 0 0.17751479289940827 0.5845697329376854
39 0.005094799999999955 1 1 0.1834319526627219 0.5875370919881305
40 0.0048175999999999775 1 1 0.1893491124260355 0.5905044510385756
41 0.004342699999999922 1 0 0.1952662721893491 0.5905044510385756
42 0.004616899999999924 1 1 0.20118343195266272 0.5934718100890207
43 0.004188500000000039 1 1 0.20710059171597633 0.5964391691394659
44 0.0039559999999999595 1 1 0.21301775147928995 0.599406528189911
45 0.004275299999999982 1 2 0.21893491124260356 0.6053412462908012
46 0.004446300000000014 1 0 0.22485207100591717 0.6053412462908012
47 0.004015400000000002 1 1 0.23076923076923078 0.6083086053412463
48 0.004263000000000017 1 1 0.23668639053254437 0.6112759643916914
49 0.004172700000000029 1 1 0.24260355029585798 0.6142433234421365
50 0.0044663999999999815 1 2 0.2485207100591716 0.6201780415430267
51 0.004670799999999975 0 1 0.2485207100591716 0.6231454005934718
52 0.004541799999999929 1 1 0.25443786982248523 0.6261127596439169
53 0.0046856000000000675 1 1 0.2603550295857988 0.629080118694362
54 0.00408569999999997 1 1 0.26627218934911245 0.6320474777448071
55 0.0041080000000000005 1 0 0.27218934911242604 0.6320474777448071
56 0.004069700000000065 1 1 0.2781065088757396 0.6350148367952523
57 0.004079000000000055 1 0 0.28402366863905326 0.6350148367952523
58 0.004217800000000049 1 1 0.28994082840236685 0.6379821958456974
59 0.0044560000000000155 1 2 0.2958579881656805 0.6439169139465876
60 0.0044381 1 0 0.30177514792899407 0.6439169139465876
61 0.004173499999999941 1 2 0.3076923076923077 0.6498516320474778
62 0.004367400000000021 1 1 0.3136094674556213 0.6528189910979229
63 0.0042875 1 1 0.31952662721893493 0.655786350148368
64 0.004561999999999955 1 1 0.3254437869822485 0.658753709198813
65 0.004292299999999916 1 0 0.33136094674556216 0.658753709198813
66 0.004320299999999833 1 2 0.33727810650887574 0.6646884272997032
67 0.004163300000000092 1 0 0.3431952662721893 0.6646884272997032
68 0.0042767999999999695 1 1 0.34911242603550297 0.6676557863501483
69 0.00455630000000018 0 0 0.34911242603550297 0.6676557863501483
70 0.004442600000000185 1 1 0.35502958579881655 0.6706231454005934
71 0.0042784000000000155 1 2 0.3609467455621302 0.6765578635014837
72 0.004309099999999955 0 0 0.3609467455621302 0.6765578635014837
73 0.004298499999999983 1 1 0.3668639053254438 0.6795252225519288
74 0.004507499999999887 1 2 0.3727810650887574 0.685459940652819
75 0.00433249999999985 1 1 0.378698224852071 0.6884272997032641
76 0.004490300000000058 1 0 0.38461538461538464 0.6884272997032641
77 0.004521500000000067 1 1 0.3905325443786982 0.6913946587537092
78 0.00440599999999991 0 0 0.3905325443786982 0.6913946587537092
79 0.004378099999999829 1 2 0.39644970414201186 0.6973293768545994
80 0.005039000000000016 1 0 0.40236686390532544 0.6973293768545994
81 0.004510199999999909 1 0 0.40828402366863903 0.6973293768545994
82 0.004924499999999998 0 1 0.40828402366863903 0.7002967359050445
83 0.0049376000000000975 0 0 0.40828402366863903 0.7002967359050445
84 0.004484099999999991 1 1 0.41420118343195267 0.7032640949554896
85 0.004772999999999916 1 1 0.42011834319526625 0.7062314540059347
86 0.0046752000000001015 0 1 0.42011834319526625 0.7091988130563798
87 0.004442899999999916 1 1 0.4260355029585799 0.712166172106825
88 0.0046383999999999315 1 1 0.4319526627218935 0.7151335311572701
89 0.004918700000000165 1 1 0.4378698224852071 0.7181008902077152
90 0.0051531000000000216 1 0 0.4437869822485207 0.7181008902077152
91 0.005183399999999949 1 1 0.44970414201183434 0.7210682492581603
92 0.004821799999999987 1 0 0.4556213017751479 0.7210682492581603
93 0.004675599999999891 1 3 0.46153846153846156 0.7299703264094956
94 0.004982299999999995 1 0 0.46745562130177515 0.7299703264094956
95 0.005060100000000123 1 1 0.47337278106508873 0.7329376854599406
96 0.005215200000000086 0 1 0.47337278106508873 0.7359050445103857
97 0.005062299999999853 0 0 0.47337278106508873 0.7359050445103857
98 0.00512059999999992 1 1 0.47928994082840237 0.7388724035608308
99 0.005223300000000153 1 0 0.48520710059171596 0.7388724035608308
100 0.004752199999999984 1 1 0.4911242603550296 0.7418397626112759
101 0.0049263999999999974 1 2 0.4970414201183432 0.7477744807121661
102 0.005186600000000041 1 1 0.5029585798816568 0.7507418397626113
103 0.005335199999999984 0 0 0.5029585798816568 0.7507418397626113
104 0.005263899999999877 1 0 0.5088757396449705 0.7507418397626113
105 0.004886600000000074 1 0 0.514792899408284 0.7507418397626113
106 0.005061300000000157 1 2 0.5207100591715976 0.7566765578635015
107 0.005230600000000196 1 2 0.5266272189349113 0.7626112759643917
108 0.005324200000000001 0 0 0.5266272189349113 0.7626112759643917
109 0.00525730000000002 1 1 0.5325443786982249 0.7655786350148368
110 0.005237299999999889 0 0 0.5325443786982249 0.7655786350148368
111 0.005292700000000039 1 1 0.5384615384615384 0.7685459940652819
112 0.005293799999999793 0 0 0.5384615384615384 0.7685459940652819
113 0.005365500000000134 1 0 0.5443786982248521 0.7685459940652819
114 0.004863700000000026 1 1 0.5502958579881657 0.771513353115727
115 0.005332200000000009 0 0 0.5502958579881657 0.771513353115727
116 0.005433999999999939 1 2 0.5562130177514792 0.7774480712166172
117 0.0050987000000000116 1 1 0.5621301775147929 0.7804154302670623
118 0.005371599999999921 1 1 0.5680473372781065 0.7833827893175074
119 0.004850800000000044 0 0 0.5680473372781065 0.7833827893175074
120 0.004758199999999935 1 1 0.5739644970414202 0.7863501483679525
121 0.005187700000000017 1 1 0.5798816568047337 0.7893175074183977
122 0.004909700000000017 1 1 0.5857988165680473 0.7922848664688428
123 0.0047319999999999585 1 1 0.591715976331361 0.7952522255192879
124 0.004907999999999912 1 0 0.5976331360946746 0.7952522255192879
125 0.004841899999999955 1 1 0.6035502958579881 0.798219584569733
126 0.004751399999999961 1 0 0.6094674556213018 0.798219584569733
127 0.004983600000000088 0 1 0.6094674556213018 0.8011869436201781
128 0.00498529999999997 1 2 0.6153846153846154 0.8071216617210683
129 0.004880400000000007 1 0 0.621301775147929 0.8071216617210683
130 0.004922199999999988 1 0 0.6272189349112426 0.8071216617210683
131 0.005584699999999998 1 2 0.6331360946745562 0.8130563798219584
132 0.0049512000000000445 1 1 0.6390532544378699 0.8160237388724035
133 0.005464399999999925 1 1 0.6449704142011834 0.8189910979228486
134 0.004906399999999866 1 1 0.650887573964497 0.8219584569732937
135 0.005025000000000057 1 1 0.6568047337278107 0.8249258160237388
136 0.0050864000000001575 1 2 0.6627218934911243 0.8308605341246291
137 0.008710299999999949 1 1 0.6686390532544378 0.8338278931750742
138 0.005724000000000062 1 0 0.6745562130177515 0.8338278931750742
139 0.005190100000000086 1 1 0.6804733727810651 0.8367952522255193
140 0.005289300000000052 1 1 0.6863905325443787 0.8397626112759644
141 0.005105200000000032 1 2 0.6923076923076923 0.8456973293768546
142 0.0050570999999999255 0 0 0.6923076923076923 0.8456973293768546
143 0.004987700000000039 1 0 0.6982248520710059 0.8456973293768546
144 0.0051392000000001214 1 2 0.7041420118343196 0.8516320474777448
145 0.005269700000000155 0 0 0.7041420118343196 0.8516320474777448
146 0.00572079999999997 0 0 0.7041420118343196 0.8516320474777448
147 0.005142099999999816 1 1 0.7100591715976331 0.8545994065281899
148 0.005172399999999966 0 0 0.7100591715976331 0.8545994065281899
149 0.005829700000000049 1 1 0.7159763313609467 0.857566765578635
150 0.005343800000000121 1 1 0.7218934911242604 0.8605341246290801
151 0.00580449999999999 1 1 0.727810650887574 0.8635014836795252
152 0.0056346999999998815 1 1 0.7337278106508875 0.8664688427299704
153 0.005506999999999929 1 1 0.7396449704142012 0.8694362017804155
154 0.005680499999999977 0 0 0.7396449704142012 0.8694362017804155
155 0.005155599999999927 1 1 0.7455621301775148 0.8724035608308606
156 0.0053370999999999835 1 0 0.7514792899408284 0.8724035608308606
157 0.005458100000000021 1 1 0.757396449704142 0.8753709198813057
158 0.005265800000000098 1 1 0.7633136094674556 0.8783382789317508
159 0.0052552000000001264 0 1 0.7633136094674556 0.8813056379821959
160 0.005909199999999837 1 0 0.7692307692307693 0.8813056379821959
161 0.005244599999999933 1 2 0.7751479289940828 0.887240356083086
162 0.005298299999999978 1 0 0.7810650887573964 0.887240356083086
163 0.0053112000000001824 1 1 0.7869822485207101 0.8902077151335311
164 0.005656099999999942 0 0 0.7869822485207101 0.8902077151335311
165 0.005446800000000085 1 1 0.7928994082840237 0.8931750741839762
166 0.005307999999999868 1 0 0.7988165680473372 0.8931750741839762
167 0.005253199999999847 1 1 0.8047337278106509 0.8961424332344213
168 0.005411000000000055 1 1 0.8106508875739645 0.8991097922848664
169 0.005519800000000075 1 1 0.8165680473372781 0.9020771513353115
170 0.005767200000000194 1 2 0.8224852071005917 0.9080118694362018
171 0.0053843000000000085 1 0 0.8284023668639053 0.9080118694362018
172 0.005688899999999997 1 2 0.834319526627219 0.913946587537092
173 0.006165299999999929 0 0 0.834319526627219 0.913946587537092
174 0.006235299999999944 1 0 0.8402366863905325 0.913946587537092
175 0.0061982000000000426 1 2 0.8461538461538461 0.9198813056379822
176 0.0055458999999999925 1 1 0.8520710059171598 0.9228486646884273
177 0.005668199999999901 1 0 0.8579881656804734 0.9228486646884273
178 0.0062355000000000604 1 3 0.863905325443787 0.9317507418397626
179 0.006383400000000039 1 0 0.8698224852071006 0.9317507418397626
180 0.005968900000000055 1 0 0.8757396449704142 0.9317507418397626
181 0.00608439999999999 1 2 0.8816568047337278 0.9376854599406528
182 0.006170500000000079 1 2 0.8875739644970414 0.9436201780415431
183 0.005751400000000073 1 0 0.893491124260355 0.9436201780415431
184 0.005564099999999961 0 0 0.893491124260355 0.9436201780415431
185 0.006333200000000039 0 1 0.893491124260355 0.9465875370919882
186 0.0062565999999999455 0 0 0.893491124260355 0.9465875370919882
187 0.005764899999999962 1 1 0.8994082840236687 0.9495548961424333
188 0.005719999999999947 0 0 0.8994082840236687 0.9495548961424333
189 0.0058867000000000225 1 1 0.9053254437869822 0.9525222551928784
190 0.005775099999999922 1 1 0.9112426035502958 0.9554896142433235
191 0.0060811000000000615 1 0 0.9171597633136095 0.9554896142433235
192 0.006003399999999992 1 0 0.9230769230769231 0.9554896142433235
193 0.005611000000000033 0 0 0.9230769230769231 0.9554896142433235
194 0.006347899999999962 1 1 0.9289940828402367 0.9584569732937686
195 0.0061333999999999556 1 2 0.9349112426035503 0.9643916913946587
196 0.005774100000000004 1 2 0.9408284023668639 0.9703264094955489
197 0.005937300000000034 1 0 0.9467455621301775 0.9703264094955489
198 0.005911099999999836 0 0 0.9467455621301775 0.9703264094955489
199 0.006209700000000096 1 1 0.9526627218934911 0.973293768545994
200 0.006444399999999906 1 2 0.9585798816568047 0.9792284866468842
201 0.006120799999999926 1 1 0.9644970414201184 0.9821958456973294
202 0.006200499999999831 1 1 0.9704142011834319 0.9851632047477745
203 0.0063405999999999185 1 0 0.9763313609467456 0.9851632047477745
204 0.006515399999999838 1 0 0.9822485207100592 0.9851632047477745
205 0.006341900000000011 1 1 0.9881656804733728 0.9881305637982196
206 0.006331400000000098 1 2 0.9940828402366864 0.9940652818991098
207 0.006463399999999897 1 0 1.0 0.9940652818991098
208 0.006434499999999899 0 0 1.0 0.9940652818991098
209 0.00939129999999988 0 1 1.0 0.9970326409495549
210 0.006505800000000006 0 0 1.0 0.9970326409495549
211 0.006164000000000058 0 0 1.0 0.9970326409495549
212 0.00585659999999999 0 0 1.0 0.9970326409495549
213 0.006216600000000128 0 0 1.0 0.9970326409495549
214 0.00623370000000012 0 0 1.0 0.9970326409495549
215 0.006021400000000066 0 1 1.0 1.0
