30 0.6 0.2
1 0.0006174999999999931 1 0 0.034482758620689655 0.5087719298245614
2 0.0006543999999999994 0 0 0.034482758620689655 0.5087719298245614
3 0.0006243000000000221 0 0 0.034482758620689655 0.5087719298245614
4 0.0007724000000000064 1 0 0.06896551724137931 0.5087719298245614
5 0.0010444000000000009 1 0 0.10344827586206896 0.5087719298245614
6 0.0007730999999999988 0 0 0.10344827586206896 0.5087719298245614
7 0.0007882000000000167 1 1 0.13793103448275862 0.5263157894736842
8 0.0006695999999999924 0 0 0.13793103448275862 0.5263157894736842
9 0.0007245999999999919 1 0 0.1724137931034483 0.5263157894736842
10 0.0006436000000000219 1 0 0.20689655172413793 0.5263157894736842
11 0.0006374000000000102 0 0 0.20689655172413793 0.5263157894736842
12 0.0007589000000000068 1 1 0.2413793103448276 0.543859649122807
13 0.0007474999999999843 1 1 0.27586206896551724 0.5614035087719298
14 0.0007043999999999939 1 0 0.3103448275862069 0.5614035087719298
15 0.000692299999999979 1 0 0.3448275862068966 0.5614035087719298
16 0.0007049000000000083 0 0 0.3448275862068966 0.5614035087719298
17 0.0007266999999999968 0 1 0.3448275862068966 0.5789473684210527
18 0.0008389000000000035 1 1 0.3793103448275862 0.5964912280701754
19 0.0011491999999999891 1 1 0.41379310344827586 0.6140350877192983
20 0.000746500000000011 1 1 0.4482758620689655 0.631578947368421
21 0.0006449000000000038 0 0 0.4482758620689655 0.631578947368421
22 0.0007284000000000179 1 0 0.4827586206896552 0.631578947368421
23 0.0007524000000000142 1 1 0.5172413793103449 0.6491228070175439
24 0.0008256000000000097 1 1 0.5517241379310345 0.6666666666666666
25 0.0012778999999999985 1 1 0.5862068965517241 0.6842105263157895
26 0.0011415999999999926 0 2 0.5862068965517241 0.7192982456140351
27 0.0008442000000000172 1 1 0.6206896551724138 0.7368421052631579
28 0.0008792999999999995 0 0 0.6206896551724138 0.7368421052631579
29 0.0009337999999999846 1 0 0.6551724137931034 0.7368421052631579
30 0.000861500000000015 1 0 0.6896551724137931 0.7368421052631579
31 0.0009008999999999823 0 1 0.6896551724137931 0.7543859649122807
32 0.0007956000000000074 1 0 0.7241379310344828 0.7543859649122807
33 0.0008714999999999973 1 1 0.7586206896551724 0.7719298245614035
34 0.0010396000000000016 1 1 0.7931034482758621 0.7894736842105263
35 0.0009075000000000055 1 1 0.8275862068965517 0.8070175438596491
36 0.0009085000000000065 1 1 0.8620689655172413 0.8245614035087719
37 0.0008381000000000083 0 3 0.8620689655172413 0.8771929824561403
38 0.0009255000000000235 1 1 0.896551724137931 0.8947368421052632
39 0.000994899999999993 1 1 0.9310344827586207 0.9122807017543859
40 0.0015792000000000028 1 0 0.9655172413793104 0.9122807017543859
41 0.0010521000000000003 0 1 0.9655172413793104 0.9298245614035088
42 0.0011120000000000019 0 0 0.9655172413793104 0.9298245614035088
43 0.0009969999999999979 1 0 1.0 0.9298245614035088
44 0.000995700000000016 0 3 1.0 0.9824561403508771
45 0.000948300000000013 0 0 1.0 0.9824561403508771
46 0.0008618999999999988 0 0 1.0 0.9824561403508771
47 0.0009081999999999979 0 0 1.0 0.9824561403508771
48 0.0009103000000000028 0 0 1.0 0.9824561403508771
49 0.0010838999999999988 0 0 1.0 0.9824561403508771
50 0.0014419999999999988 0 0 1.0 0.9824561403508771
51 0.0009779000000000038 0 0 1.0 0.9824561403508771
52 0.0009633000000000003 0 1 1.0 1.0
