60 0.5 1.0
1 0.0012464000000000086 0 0 0.0 0.5042735042735043
2 0.0012332000000000176 1 0 0.01694915254237288 0.5042735042735043
3 0.0015297999999999978 0 0 0.01694915254237288 0.5042735042735043
4 0.0013920000000000043 0 0 0.01694915254237288 0.5042735042735043
5 0.0011998000000000009 0 0 0.01694915254237288 0.5042735042735043
6 0.0012337999999999794 1 1 0.03389830508474576 0.5128205128205128
7 0.0023214000000000012 1 1 0.05084745762711865 0.5213675213675214
8 0.0018476000000000048 0 0 0.05084745762711865 0.5213675213675214
9 0.001439899999999994 0 0 0.05084745762711865 0.5213675213675214
10 0.0013967000000000007 0 0 0.05084745762711865 0.5213675213675214
11 0.0012746000000000146 0 0 0.05084745762711865 0.5213675213675214
12 0.0012872000000000161 0 0 0.05084745762711865 0.5213675213675214
13 0.0012607000000000035 0 0 0.05084745762711865 0.5213675213675214
14 0.001295799999999958 1 1 0.06779661016949153 0.5299145299145299
15 0.0012693000000000287 0 0 0.06779661016949153 0.5299145299145299
16 0.0012384000000000284 0 0 0.06779661016949153 0.5299145299145299
17 0.0014909000000000172 0 0 0.06779661016949153 0.5299145299145299
18 0.0017574999999999674 0 0 0.06779661016949153 0.5299145299145299
19 0.003035999999999983 0 0 0.06779661016949153 0.5299145299145299
20 0.0013593000000000077 0 0 0.06779661016949153 0.5299145299145299
21 0.001232700000000031 0 0 0.06779661016949153 0.5299145299145299
22 0.001306699999999994 1 1 0.0847457627118644 0.5384615384615384
23 0.0012809000000000292 1 1 0.1016949152542373 0.5470085470085471
24 0.001298599999999983 0 0 0.1016949152542373 0.5470085470085471
25 0.001324700000000012 1 1 0.11864406779661017 0.5555555555555556
26 0.003502200000000011 1 1 0.13559322033898305 0.5641025641025641
27 0.002582199999999979 1 1 0.15254237288135594 0.5726495726495726
28 0.00164789999999998 1 1 0.1694915254237288 0.5811965811965812
29 0.001377900000000043 1 1 0.1864406779661017 0.5897435897435898
30 0.001287499999999997 0 0 0.1864406779661017 0.5897435897435898
31 0.0013832999999999762 1 1 0.2033898305084746 0.5982905982905983
32 0.0019589999999999885 0 0 0.2033898305084746 0.5982905982905983
33 0.0013500000000000179 0 0 0.2033898305084746 0.5982905982905983
34 0.0013172000000000184 0 0 0.2033898305084746 0.5982905982905983
35 0.0013329000000000257 1 1 0.22033898305084745 0.6068376068376068
36 0.002227900000000005 1 1 0.23728813559322035 0.6153846153846154
37 0.002379800000000043 0 0 0.23728813559322035 0.6153846153846154
38 0.0016820000000000168 1 1 0.2542372881355932 0.6239316239316239
39 0.001522599999999985 0 0 0.2542372881355932 0.6239316239316239
40 0.0013274999999999815 0 0 0.2542372881355932 0.6239316239316239
41 0.0014405000000000112 0 0 0.2542372881355932 0.6239316239316239
42 0.0014744999999999897 0 0 0.2542372881355932 0.6239316239316239
43 0.0014849000000000112 0 0 0.2542372881355932 0.6239316239316239
44 0.003700099999999984 0 0 0.2542372881355932 0.6239316239316239
45 0.0017108000000000123 1 1 0.2711864406779661 0.6324786324786325
46 0.00143660000000001 0 0 0.2711864406779661 0.6324786324786325
47 0.0014461000000000057 0 0 0.2711864406779661 0.6324786324786325
48 0.0014488999999999752 0 0 0.2711864406779661 0.6324786324786325
49 0.001369100000000012 0 0 0.2711864406779661 0.6324786324786325
50 0.002674999999999983 1 1 0.288135593220339 0.6410256410256411
51 0.00194869999999997 0 0 0.288135593220339 0.6410256410256411
52 0.001438700000000015 1 1 0.3050847457627119 0.6495726495726496
53 0.001471499999999959 0 0 0.3050847457627119 0.6495726495726496
54 0.0018382999999999594 1 1 0.3220338983050847 0.6581196581196581
55 0.0017298000000000036 1 1 0.3389830508474576 0.6666666666666666
56 0.0015157000000000087 0 0 0.3389830508474576 0.6666666666666666
57 0.001508300000000018 0 0 0.3389830508474576 0.6666666666666666
58 0.0015157000000000087 0 0 0.3389830508474576 0.6666666666666666
59 0.0014647999999999883 0 0 0.3389830508474576 0.6666666666666666
60 0.0013565000000000382 1 1 0.3559322033898305 0.6752136752136753
61 0.001681800000000011 0 0 0.3559322033898305 0.6752136752136753
62 0.0028634999999999633 1 1 0.3728813559322034 0.6837606837606838
63 0.0015196000000000098 1 1 0.3898305084745763 0.6923076923076923
64 0.0016029000000000182 1 1 0.4067796610169492 0.7008547008547008
65 0.00169229999999998 1 1 0.423728813559322 0.7094017094017094
66 0.0017253000000000407 0 0 0.423728813559322 0.7094017094017094
67 0.001566700000000032 1 1 0.4406779661016949 0.717948717948718
68 0.001705000000000012 0 0 0.4406779661016949 0.717948717948718
69 0.0023431999999999897 0 0 0.4406779661016949 0.717948717948718
70 0.0014807000000000015 0 0 0.4406779661016949 0.717948717948718
71 0.0015892000000000128 1 1 0.4576271186440678 0.7264957264957265
72 0.0018818000000000445 0 0 0.4576271186440678 0.7264957264957265
73 0.002038099999999987 0 0 0.4576271186440678 0.7264957264957265
74 0.0017551000000000094 0 0 0.4576271186440678 0.7264957264957265
75 0.0016720999999999542 0 0 0.4576271186440678 0.7264957264957265
76 0.0014202999999999855 1 1 0.4745762711864407 0.7350427350427351
77 0.0016461000000000392 1 1 0.4915254237288136 0.7435897435897436
78 0.001610200000000006 0 0 0.4915254237288136 0.7435897435897436
79 0.0037043999999999966 1 1 0.5084745762711864 0.7521367521367521
80 0.001987899999999987 1 1 0.5254237288135594 0.7606837606837606
81 0.0015856000000000203 0 0 0.5254237288135594 0.7606837606837606
82 0.0015356000000000258 0 0 0.5254237288135594 0.7606837606837606
83 0.0016049999999999676 0 0 0.5254237288135594 0.7606837606837606
84 0.001663899999999996 1 1 0.5423728813559322 0.7692307692307693
85 0.0018849000000000227 0 0 0.5423728813559322 0.7692307692307693
86 0.002211899999999989 1 1 0.559322033898305 0.7777777777777778
87 0.001654600000000006 1 1 0.576271186440678 0.7863247863247863
88 0.0017358000000000096 1 1 0.5932203389830508 0.7948717948717948
89 0.0023468000000000377 0 0 0.5932203389830508 0.7948717948717948
90 0.002011099999999988 0 0 0.5932203389830508 0.7948717948717948
91 0.0024176000000000197 0 0 0.5932203389830508 0.7948717948717948
92 0.0021868999999999916 1 1 0.6101694915254238 0.8034188034188035
93 0.0021347999999999923 0 0 0.6101694915254238 0.8034188034188035
94 0.0027118999999999893 1 1 0.6271186440677966 0.811965811965812
95 0.0017974000000000045 0 0 0.6271186440677966 0.811965811965812
96 0.004076999999999997 1 1 0.6440677966101694 0.8205128205128205
97 0.0018993999999999955 0 0 0.6440677966101694 0.8205128205128205
98 0.0018857000000000457 0 0 0.6440677966101694 0.8205128205128205
99 0.0020499999999999963 0 0 0.6440677966101694 0.8205128205128205
100 0.0022042999999999924 0 0 0.6440677966101694 0.8205128205128205
101 0.001661899999999994 0 0 0.6440677966101694 0.8205128205128205
102 0.0016319999999999668 0 0 0.6440677966101694 0.8205128205128205
103 0.003941099999999975 1 1 0.6610169491525424 0.8290598290598291
104 0.003000500000000017 1 1 0.6779661016949152 0.8376068376068376
105 0.002610000000000001 1 1 0.6949152542372882 0.8461538461538461
106 0.001956599999999975 1 1 0.711864406779661 0.8547008547008547
107 0.0023753000000000246 1 1 0.7288135593220338 0.8632478632478633
108 0.0028359999999999497 1 1 0.7457627118644068 0.8717948717948718
109 0.001993899999999993 1 1 0.7627118644067796 0.8803418803418803
110 0.0018471999999999933 0 0 0.7627118644067796 0.8803418803418803
111 0.001927100000000015 0 0 0.7627118644067796 0.8803418803418803
112 0.0025289000000000006 1 1 0.7796610169491526 0.8888888888888888
113 0.0033888999999999725 0 0 0.7796610169491526 0.8888888888888888
114 0.002407100000000051 1 1 0.7966101694915254 0.8974358974358975
115 0.0023782000000000525 0 0 0.7966101694915254 0.8974358974358975
116 0.002183500000000005 0 0 0.7966101694915254 0.8974358974358975
117 0.005206800000000011 0 0 0.7966101694915254 0.8974358974358975
118 0.0033672000000000146 1 1 0.8135593220338984 0.905982905982906
119 0.003541599999999978 0 0 0.8135593220338984 0.905982905982906
120 0.004011200000000048 0 0 0.8135593220338984 0.905982905982906
121 0.0035982999999999987 1 1 0.8305084745762712 0.9145299145299145
122 0.002218500000000012 1 1 0.847457627118644 0.9230769230769231
123 0.002054100000000003 1 1 0.864406779661017 0.9316239316239316
124 0.002374700000000063 0 0 0.864406779661017 0.9316239316239316
125 0.0022944000000000297 0 0 0.864406779661017 0.9316239316239316
126 0.0022212999999999816 0 0 0.864406779661017 0.9316239316239316
127 0.0019968000000000208 1 1 0.8813559322033898 0.9401709401709402
128 0.004809200000000069 1 1 0.8983050847457628 0.9487179487179487
129 0.0028039000000000813 0 0 0.8983050847457628 0.9487179487179487
130 0.0028978000000000614 1 1 0.9152542372881356 0.9572649572649573
131 0.0025855999999999657 1 1 0.9322033898305084 0.9658119658119658
132 0.004827499999999985 0 0 0.9322033898305084 0.9658119658119658
133 0.0022126999999999564 0 0 0.9322033898305084 0.9658119658119658
134 0.0020255000000000134 0 0 0.9322033898305084 0.9658119658119658
135 0.0018881000000000592 0 0 0.9322033898305084 0.9658119658119658
136 0.0020389000000000657 1 1 0.9491525423728814 0.9743589743589743
137 0.0019893000000000827 1 1 0.9661016949152542 0.9829059829059829
138 0.0018324000000000673 0 0 0.9661016949152542 0.9829059829059829
139 0.001909099999999997 0 0 0.9661016949152542 0.9829059829059829
140 0.0035023000000000692 1 1 0.9830508474576272 0.9914529914529915
141 0.0021692999999999296 0 0 0.9830508474576272 0.9914529914529915
142 0.0021236000000000033 1 1 1.0 1.0
