100 0.6 0.2
1 0.0028478000000000114 0 0 0.0 0.5025380710659898
2 0.0019173000000000107 1 0 0.010101010101010102 0.5025380710659898
3 0.002114999999999978 0 0 0.010101010101010102 0.5025380710659898
4 0.0024282999999999944 1 1 0.020202020202020204 0.5076142131979695
5 0.002040900000000012 0 0 0.020202020202020204 0.5076142131979695
6 0.0020287999999999973 0 0 0.020202020202020204 0.5076142131979695
7 0.0020658000000000065 0 0 0.020202020202020204 0.5076142131979695
8 0.0020878000000000285 1 1 0.030303030303030304 0.5126903553299492
9 0.0022577999999999765 0 0 0.030303030303030304 0.5126903553299492
10 0.0019910000000000205 1 0 0.04040404040404041 0.5126903553299492
11 0.0020859999999999768 0 0 0.04040404040404041 0.5126903553299492
12 0.0033191999999999666 1 0 0.050505050505050504 0.5126903553299492
13 0.0034862999999999977 1 1 0.06060606060606061 0.5177664974619289
14 0.0021555000000000324 1 0 0.0707070707070707 0.5177664974619289
15 0.001915 0 0 0.0707070707070707 0.5177664974619289
16 0.002426499999999998 1 0 0.08080808080808081 0.5177664974619289
17 0.002256099999999983 1 1 0.09090909090909091 0.5228426395939086
18 0.0033634000000000164 0 0 0.09090909090909091 0.5228426395939086
19 0.0019736000000000198 1 0 0.10101010101010101 0.5228426395939086
20 0.0024354999999999793 1 0 0.1111111111111111 0.5228426395939086
21 0.002703100000000014 1 0 0.12121212121212122 0.5228426395939086
22 0.002089300000000016 0 2 0.12121212121212122 0.5329949238578681
23 0.0020772000000000013 1 0 0.13131313131313133 0.5329949238578681
24 0.0022785000000000166 1 3 0.1414141414141414 0.5482233502538071
25 0.002058100000000007 1 1 0.15151515151515152 0.5532994923857868
26 0.002843299999999993 1 0 0.16161616161616163 0.5532994923857868
27 0.0019757000000000247 0 0 0.16161616161616163 0.5532994923857868
28 0.0023605999999999905 0 0 0.16161616161616163 0.5532994923857868
29 0.0026362999999999803 1 0 0.1717171717171717 0.5532994923857868
30 0.002094700000000005 0 0 0.1717171717171717 0.5532994923857868
31 0.0037358000000000113 0 3 0.1717171717171717 0.5685279187817259
32 0.0030000000000000027 1 1 0.18181818181818182 0.5736040609137056
33 0.003248899999999999 1 0 0.1919191919191919 0.5736040609137056
34 0.003147600000000028 1 0 0.20202020202020202 0.5736040609137056
35 0.0020898000000000305 0 0 0.20202020202020202 0.5736040609137056
36 0.0020637000000000016 1 1 0.21212121212121213 0.5786802030456852
37 0.002157499999999979 0 0 0.21212121212121213 0.5786802030456852
38 0.0031835000000000058 0 0 0.21212121212121213 0.5786802030456852
39 0.0021708999999999756 1 2 0.2222222222222222 0.5888324873096447
40 0.002495199999999975 0 1 0.2222222222222222 0.5939086294416244
41 0.0028329999999999744 1 1 0.23232323232323232 0.5989847715736041
42 0.003520499999999982 1 0 0.24242424242424243 0.5989847715736041
43 0.0024585999999999775 1 1 0.25252525252525254 0.6040609137055838
44 0.0024431000000000314 1 0 0.26262626262626265 0.6040609137055838
45 0.002727000000000035 1 0 0.2727272727272727 0.6040609137055838
46 0.0022520000000000318 1 0 0.2828282828282828 0.6040609137055838
47 0.0031133999999999884 0 0 0.2828282828282828 0.6040609137055838
48 0.0022527999999999992 0 1 0.2828282828282828 0.6091370558375635
49 0.0032290999999999848 0 0 0.2828282828282828 0.6091370558375635
50 0.002587000000000006 1 0 0.29292929292929293 0.6091370558375635
51 0.0023491999999999957 1 2 0.30303030303030304 0.6192893401015228
52 0.0026298000000000155 1 0 0.31313131313131315 0.6192893401015228
53 0.0022548000000000012 0 0 0.31313131313131315 0.6192893401015228
54 0.0037348999999999855 1 1 0.32323232323232326 0.6243654822335025
55 0.0023499999999999632 1 1 0.3333333333333333 0.6294416243654822
56 0.002401399999999998 0 0 0.3333333333333333 0.6294416243654822
57 0.002723399999999987 0 1 0.3333333333333333 0.6345177664974619
58 0.003037199999999962 0 2 0.3333333333333333 0.6446700507614214
59 0.002564999999999984 0 1 0.3333333333333333 0.649746192893401
60 0.0025318000000000285 1 0 0.3434343434343434 0.649746192893401
61 0.0030979999999999897 1 3 0.35353535353535354 0.6649746192893401
62 0.0030243000000000353 1 0 0.36363636363636365 0.6649746192893401
63 0.002510100000000015 0 1 0.36363636363636365 0.6700507614213198
64 0.002570799999999984 1 1 0.37373737373737376 0.6751269035532995
65 0.0039939999999999976 1 0 0.3838383838383838 0.6751269035532995
66 0.003690199999999977 1 0 0.3939393939393939 0.6751269035532995
67 0.002996999999999972 1 1 0.40404040404040403 0.6802030456852792
68 0.002996600000000016 1 0 0.41414141414141414 0.6802030456852792
69 0.0026625999999999594 1 2 0.42424242424242425 0.6903553299492385
70 0.0024290000000000145 0 2 0.42424242424242425 0.700507614213198
71 0.0039545000000000274 0 0 0.42424242424242425 0.700507614213198
72 0.0033692000000000166 1 0 0.43434343434343436 0.700507614213198
73 0.002932299999999999 0 0 0.43434343434343436 0.700507614213198
74 0.004537699999999978 1 1 0.4444444444444444 0.7055837563451777
75 0.0037309999999999843 1 0 0.45454545454545453 0.7055837563451777
76 0.002937499999999982 0 0 0.45454545454545453 0.7055837563451777
77 0.0026225000000000276 1 1 0.46464646464646464 0.7106598984771574
78 0.0036129999999999773 1 1 0.47474747474747475 0.7157360406091371
79 0.0027368999999999866 1 0 0.48484848484848486 0.7157360406091371
80 0.0028941000000000106 1 0 0.494949494949495 0.7157360406091371
81 0.0031497999999999804 1 1 0.5050505050505051 0.7208121827411168
82 0.003811500000000023 0 1 0.5050505050505051 0.7258883248730964
83 0.002741100000000052 1 0 0.5151515151515151 0.7258883248730964
84 0.003035800000000033 0 1 0.5151515151515151 0.7309644670050761
85 0.0030964999999999465 1 3 0.5252525252525253 0.7461928934010152
86 0.0028103999999999907 1 0 0.5353535353535354 0.7461928934010152
87 0.0028090000000000614 0 2 0.5353535353535354 0.7563451776649747
88 0.002749400000000013 1 0 0.5454545454545454 0.7563451776649747
89 0.003185699999999958 0 0 0.5454545454545454 0.7563451776649747
90 0.002574799999999988 1 0 0.5555555555555556 0.7563451776649747
91 0.003289199999999992 1 0 0.5656565656565656 0.7563451776649747
92 0.0026717000000000546 1 2 0.5757575757575758 0.766497461928934
93 0.004522599999999932 0 1 0.5757575757575758 0.7715736040609137
94 0.0028466000000000324 1 0 0.5858585858585859 0.7715736040609137
95 0.0032109000000000165 0 2 0.5858585858585859 0.7817258883248731
96 0.0032469000000000525 1 1 0.5959595959595959 0.7868020304568528
97 0.002611499999999989 0 0 0.5959595959595959 0.7868020304568528
98 0.002727799999999947 1 2 0.6060606060606061 0.7969543147208121
99 0.003473199999999954 0 0 0.6060606060606061 0.7969543147208121
100 0.0034024000000000276 0 0 0.6060606060606061 0.7969543147208121
101 0.0029533000000000476 1 0 0.6161616161616161 0.7969543147208121
102 0.0026853000000000016 0 0 0.6161616161616161 0.7969543147208121
103 0.003297699999999959 0 0 0.6161616161616161 0.7969543147208121
104 0.002776300000000065 1 0 0.6262626262626263 0.7969543147208121
105 0.0030776000000000137 0 1 0.6262626262626263 0.8020304568527918
106 0.0030257999999999674 0 0 0.6262626262626263 0.8020304568527918
107 0.003298000000000023 1 0 0.6363636363636364 0.8020304568527918
108 0.00267470000000003 1 1 0.6464646464646465 0.8071065989847716
109 0.0030621000000000675 0 0 0.6464646464646465 0.8071065989847716
110 0.0029287000000000063 1 0 0.6565656565656566 0.8071065989847716
111 0.003473700000000024 0 1 0.6565656565656566 0.8121827411167513
112 0.002748399999999984 1 1 0.6666666666666666 0.817258883248731
113 0.00337160000000003 1 1 0.6767676767676768 0.8223350253807107
114 0.002881399999999923 0 0 0.6767676767676768 0.8223350253807107
115 0.002885200000000032 1 2 0.6868686868686869 0.8324873096446701
116 0.003170800000000029 1 0 0.696969696969697 0.8324873096446701
117 0.003619899999999898 1 2 0.7070707070707071 0.8426395939086294
118 0.0026791000000000453 1 0 0.7171717171717171 0.8426395939086294
119 0.0032008000000000036 1 0 0.7272727272727273 0.8426395939086294
120 0.003264399999999945 0 0 0.7272727272727273 0.8426395939086294
121 0.004618899999999981 1 0 0.7373737373737373 0.8426395939086294
122 0.003226000000000062 1 1 0.7474747474747475 0.8477157360406091
123 0.003553199999999923 0 0 0.7474747474747475 0.8477157360406091
124 0.003168599999999966 0 0 0.7474747474747475 0.8477157360406091
125 0.0028850000000000264 0 0 0.7474747474747475 0.8477157360406091
126 0.0033119999999999816 1 0 0.7575757575757576 0.8477157360406091
127 0.002940399999999954 1 1 0.7676767676767676 0.8527918781725888
128 0.0027589000000000086 1 0 0.7777777777777778 0.8527918781725888
129 0.0032963000000000298 1 0 0.7878787878787878 0.8527918781725888
130 0.004257799999999978 1 3 0.797979797979798 0.868020304568528
131 0.0028976000000000557 1 2 0.8080808080808081 0.8781725888324873
132 0.00338039999999995 1 1 0.8181818181818182 0.883248730964467
133 0.003279000000000032 1 1 0.8282828282828283 0.8883248730964467
134 0.002965899999999966 0 0 0.8282828282828283 0.8883248730964467
135 0.0027679999999999927 0 0 0.8282828282828283 0.8883248730964467
136 0.0038677000000000294 0 0 0.8282828282828283 0.8883248730964467
137 0.0027422999999999753 0 1 0.8282828282828283 0.8934010152284264
138 0.003305400000000014 0 0 0.8282828282828283 0.8934010152284264
139 0.0035412999999999695 0 2 0.8282828282828283 0.9035532994923858
140 0.0035646999999999762 1 1 0.8383838383838383 0.9086294416243654
141 0.0029487000000000263 0 0 0.8383838383838383 0.9086294416243654
142 0.0033010999999999457 0 0 0.8383838383838383 0.9086294416243654
143 0.0032063999999999426 1 0 0.8484848484848485 0.9086294416243654
144 0.0034480000000000066 1 0 0.8585858585858586 0.9086294416243654
145 0.002989699999999984 1 0 0.8686868686868687 0.9086294416243654
146 0.0038312000000000346 1 0 0.8787878787878788 0.9086294416243654
147 0.0029798999999999243 1 1 0.8888888888888888 0.9137055837563451
148 0.0033854999999999302 0 0 0.8888888888888888 0.9137055837563451
149 0.004187700000000016 0 0 0.8888888888888888 0.9137055837563451
150 0.004236200000000023 1 1 0.898989898989899 0.9187817258883249
151 0.003575600000000012 1 1 0.9090909090909091 0.9238578680203046
152 0.0036872000000000016 1 0 0.9191919191919192 0.9238578680203046
153 0.0033590999999999482 1 1 0.9292929292929293 0.9289340101522843
154 0.00305130000000009 0 0 0.9292929292929293 0.9289340101522843
155 0.004739399999999949 1 0 0.9393939393939394 0.9289340101522843
156 0.003101100000000079 1 1 0.9494949494949495 0.934010152284264
157 0.002955799999999953 1 1 0.9595959595959596 0.9390862944162437
158 0.003634800000000049 1 2 0.9696969696969697 0.949238578680203
159 0.0032154999999999268 0 0 0.9696969696969697 0.949238578680203
160 0.003439599999999987 1 0 0.9797979797979798 0.949238578680203
161 0.0039050999999999947 0 0 0.9797979797979798 0.949238578680203
162 0.003800100000000084 1 1 0.98989898989899 0.9543147208121827
163 0.0039848000000000106 1 0 1.0 0.9543147208121827
164 0.003324899999999964 0 0 1.0 0.9543147208121827
165 0.0044655999999999585 0 2 1.0 0.9644670050761421
166 0.005069800000000013 0 0 1.0 0.9644670050761421
167 0.003645699999999974 0 1 1.0 0.9695431472081218
168 0.003356899999999996 0 1 1.0 0.9746192893401016
169 0.00464920000000002 0 0 1.0 0.9746192893401016
170 0.003390800000000027 0 2 1.0 0.9847715736040609
171 0.0030263999999999847 0 1 1.0 0.9898477157360406
172 0.0037722999999999507 0 0 1.0 0.9898477157360406
173 0.005474100000000037 0 0 1.0 0.9898477157360406
174 0.0031898000000000204 0 0 1.0 0.9898477157360406
175 0.00421909999999992 0 0 1.0 0.9898477157360406
176 0.003296399999999977 0 1 1.0 0.9949238578680203
177 0.0034631999999999996 0 0 1.0 0.9949238578680203
178 0.004316899999999957 0 0 1.0 0.9949238578680203
179 0.003710199999999997 0 0 1.0 0.9949238578680203
180 0.0037669000000000175 0 0 1.0 0.9949238578680203
181 0.0038744000000000556 0 0 1.0 0.9949238578680203
182 0.00435859999999999 0 0 1.0 0.9949238578680203
183 0.00522710000000004 0 0 1.0 0.9949238578680203
184 0.004932600000000065 0 0 1.0 0.9949238578680203
185 0.00485049999999998 0 1 1.0 1.0
