125 1.0 0.3
1 0.00386369999999997 1 0 0.008064516129032258 0.5020242914979757
2 0.003320600000000007 1 0 0.016129032258064516 0.5020242914979757
3 0.0037366000000000343 1 0 0.024193548387096774 0.5020242914979757
4 0.0035281999999999814 1 1 0.03225806451612903 0.5060728744939271
5 0.004244999999999999 1 0 0.04032258064516129 0.5060728744939271
6 0.004035700000000031 1 1 0.04838709677419355 0.5101214574898786
7 0.0028569999999999984 1 1 0.056451612903225805 0.5141700404858299
8 0.0041111999999999815 1 2 0.06451612903225806 0.5222672064777328
9 0.004008899999999982 1 1 0.07258064516129033 0.5263157894736842
10 0.0036605999999999583 1 1 0.08064516129032258 0.5303643724696356
11 0.004265399999999975 1 1 0.08870967741935484 0.5344129554655871
12 0.0046840000000000215 1 1 0.0967741935483871 0.5384615384615384
13 0.002939399999999981 1 0 0.10483870967741936 0.5384615384615384
14 0.0040555999999999925 1 1 0.11290322580645161 0.5425101214574899
15 0.0030106999999999773 1 0 0.12096774193548387 0.5425101214574899
16 0.004042099999999993 1 2 0.12903225806451613 0.5506072874493927
17 0.005075200000000002 1 0 0.13709677419354838 0.5506072874493927
18 0.004235699999999953 1 2 0.14516129032258066 0.5587044534412956
19 0.005138200000000037 1 1 0.1532258064516129 0.562753036437247
20 0.003923100000000013 1 2 0.16129032258064516 0.5708502024291497
21 0.0030282000000000364 1 2 0.1693548387096774 0.5789473684210527
22 0.005808599999999997 1 1 0.1774193548387097 0.582995951417004
23 0.004112300000000013 1 0 0.18548387096774194 0.582995951417004
24 0.004344099999999962 1 1 0.1935483870967742 0.5870445344129555
25 0.003157600000000038 1 0 0.20161290322580644 0.5870445344129555
26 0.004121600000000003 1 1 0.20967741935483872 0.5910931174089069
27 0.0030434999999999768 1 2 0.21774193548387097 0.5991902834008097
28 0.00447599999999998 1 0 0.22580645161290322 0.5991902834008097
29 0.0029621999999999704 1 0 0.23387096774193547 0.5991902834008097
30 0.003818199999999994 1 1 0.24193548387096775 0.6032388663967612
31 0.0037338999999999567 1 3 0.25 0.6153846153846154
32 0.003078000000000025 1 1 0.25806451612903225 0.6194331983805668
33 0.00462970000000007 1 1 0.2661290322580645 0.6234817813765182
34 0.004223000000000088 1 1 0.27419354838709675 0.6275303643724697
35 0.003564899999999982 1 0 0.28225806451612906 0.6275303643724697
36 0.00410149999999998 1 3 0.2903225806451613 0.6396761133603239
37 0.003135600000000016 1 1 0.29838709677419356 0.6437246963562753
38 0.004506100000000068 1 0 0.3064516129032258 0.6437246963562753
39 0.0034239999999999826 1 0 0.31451612903225806 0.6437246963562753
40 0.0033357000000000525 1 4 0.3225806451612903 0.659919028340081
41 0.0033045000000000435 1 0 0.33064516129032256 0.659919028340081
42 0.005678600000000089 1 0 0.3387096774193548 0.659919028340081
43 0.003788899999999984 1 1 0.3467741935483871 0.6639676113360324
44 0.005386299999999955 1 1 0.3548387096774194 0.6680161943319838
45 0.0036321999999999743 1 3 0.3629032258064516 0.680161943319838
46 0.003878500000000007 1 0 0.3709677419354839 0.680161943319838
47 0.006940100000000005 1 1 0.3790322580645161 0.6842105263157895
48 0.005312800000000006 1 1 0.3870967741935484 0.6882591093117408
49 0.0051354999999999595 1 0 0.3951612903225806 0.6882591093117408
50 0.003374999999999906 1 1 0.4032258064516129 0.6923076923076923
51 0.004724999999999979 1 0 0.4112903225806452 0.6923076923076923
52 0.0036460999999999855 1 0 0.41935483870967744 0.6923076923076923
53 0.004325200000000029 1 0 0.4274193548387097 0.6923076923076923
54 0.00475890000000001 1 1 0.43548387096774194 0.6963562753036437
55 0.004287700000000005 1 3 0.4435483870967742 0.708502024291498
56 0.0042240000000000055 1 1 0.45161290322580644 0.7125506072874493
57 0.004249099999999895 1 0 0.4596774193548387 0.7125506072874493
58 0.004295099999999996 1 2 0.46774193548387094 0.7206477732793523
59 0.0036201999999999623 1 3 0.47580645161290325 0.7327935222672065
60 0.004384199999999949 1 1 0.4838709677419355 0.7368421052631579
61 0.00562740000000006 1 0 0.49193548387096775 0.7368421052631579
62 0.0034602999999999717 1 0 0.5 0.7368421052631579
63 0.004123800000000011 1 1 0.5080645161290323 0.7408906882591093
64 0.005172999999999983 1 1 0.5161290322580645 0.7449392712550608
65 0.003855899999999912 1 2 0.5241935483870968 0.7530364372469636
66 0.004450900000000035 1 2 0.532258064516129 0.7611336032388664
67 0.004254700000000056 1 1 0.5403225806451613 0.7651821862348178
68 0.0038183999999999996 1 0 0.5483870967741935 0.7651821862348178
69 0.004589400000000077 1 1 0.5564516129032258 0.7692307692307693
70 0.003621199999999991 1 0 0.5645161290322581 0.7692307692307693
71 0.004227799999999893 1 0 0.5725806451612904 0.7692307692307693
72 0.004894799999999977 1 1 0.5806451612903226 0.7732793522267206
73 0.003542800000000068 1 2 0.5887096774193549 0.7813765182186235
74 0.004329499999999986 1 1 0.5967741935483871 0.7854251012145749
75 0.004165799999999997 1 1 0.6048387096774194 0.7894736842105263
76 0.004312699999999947 1 1 0.6129032258064516 0.7935222672064778
77 0.005521300000000062 1 2 0.6209677419354839 0.8016194331983806
78 0.004958599999999924 1 1 0.6290322580645161 0.805668016194332
79 0.004591299999999965 1 0 0.6370967741935484 0.805668016194332
80 0.0039002999999999677 1 0 0.6451612903225806 0.805668016194332
81 0.004370499999999944 1 0 0.6532258064516129 0.805668016194332
82 0.005757300000000076 1 3 0.6612903225806451 0.8178137651821862
83 0.0039424000000000126 1 1 0.6693548387096774 0.8218623481781376
84 0.004340099999999958 1 3 0.6774193548387096 0.8340080971659919
85 0.004087899999999922 1 0 0.6854838709677419 0.8340080971659919
86 0.003794999999999993 1 0 0.6935483870967742 0.8340080971659919
87 0.004064100000000015 1 1 0.7016129032258065 0.8380566801619433
88 0.004002900000000031 1 0 0.7096774193548387 0.8380566801619433
89 0.005452899999999983 1 3 0.717741935483871 0.8502024291497976
90 0.0038207999999999576 1 0 0.7258064516129032 0.8502024291497976
91 0.004757399999999912 1 1 0.7338709677419355 0.854251012145749
92 0.004595700000000091 1 0 0.7419354838709677 0.854251012145749
93 0.0038956999999999464 1 0 0.75 0.854251012145749
94 0.005840499999999915 1 3 0.7580645161290323 0.8663967611336032
95 0.005135999999999918 1 1 0.7661290322580645 0.8704453441295547
96 0.006337700000000002 1 2 0.7741935483870968 0.8785425101214575
97 0.004702100000000042 1 1 0.782258064516129 0.8825910931174089
98 0.006468099999999977 1 1 0.7903225806451613 0.8866396761133604
99 0.005990399999999951 1 1 0.7983870967741935 0.8906882591093117
100 0.005712500000000009 1 1 0.8064516129032258 0.8947368421052632
101 0.004883299999999924 1 0 0.8145161290322581 0.8947368421052632
102 0.005613700000000055 1 1 0.8225806451612904 0.8987854251012146
103 0.006053399999999987 1 1 0.8306451612903226 0.902834008097166
104 0.005816400000000055 1 2 0.8387096774193549 0.9109311740890689
105 0.00469799999999998 1 1 0.8467741935483871 0.9149797570850202
106 0.005026599999999992 1 1 0.8548387096774194 0.9190283400809717
107 0.004781499999999994 1 1 0.8629032258064516 0.9230769230769231
108 0.00555860000000008 1 1 0.8709677419354839 0.9271255060728745
109 0.0047512000000000665 1 0 0.8790322580645161 0.9271255060728745
110 0.006900099999999965 1 0 0.8870967741935484 0.9271255060728745
111 0.005297200000000002 1 2 0.8951612903225806 0.9352226720647774
112 0.007295999999999969 1 3 0.9032258064516129 0.9473684210526315
113 0.004734200000000022 1 0 0.9112903225806451 0.9473684210526315
114 0.00575519999999996 1 2 0.9193548387096774 0.9554655870445344
115 0.0050538999999999445 1 0 0.9274193548387096 0.9554655870445344
116 0.005632499999999929 1 0 0.9354838709677419 0.9554655870445344
117 0.004755900000000035 1 2 0.9435483870967742 0.9635627530364372
118 0.005190899999999998 1 1 0.9516129032258065 0.9676113360323887
119 0.006569700000000012 1 0 0.9596774193548387 0.9676113360323887
120 0.005988199999999999 1 0 0.967741935483871 0.9676113360323887
121 0.00539349999999994 1 3 0.9758064516129032 0.979757085020243
122 0.006510800000000039 1 1 0.9838709677419355 0.9838056680161943
123 0.006128000000000022 1 0 0.9919354838709677 0.9838056680161943
124 0.006558800000000087 1 1 1.0 0.9878542510121457
125 0.005003800000000003 0 1 1.0 0.9919028340080972
126 0.005940400000000068 0 1 1.0 0.9959514170040485
127 0.00455989999999995 0 0 1.0 0.9959514170040485
128 0.006488700000000125 0 0 1.0 0.9959514170040485
129 0.004846200000000023 0 0 1.0 0.9959514170040485
130 0.005198999999999954 0 0 1.0 0.9959514170040485
131 0.004749499999999962 0 1 1.0 1.0
