150 0.8 0.3
1 0.003043999999999991 0 0 0.0 0.5016835016835017
2 0.0029762999999999873 1 0 0.006711409395973154 0.5016835016835017
3 0.002968000000000026 1 1 0.013422818791946308 0.5050505050505051
4 0.0029326000000000074 1 0 0.020134228187919462 0.5050505050505051
5 0.0032287000000000288 1 0 0.026845637583892617 0.5050505050505051
6 0.003318000000000043 1 0 0.03355704697986577 0.5050505050505051
7 0.0030446000000000084 1 1 0.040268456375838924 0.5084175084175084
8 0.0030373000000000205 0 1 0.040268456375838924 0.5117845117845118
9 0.003270200000000001 0 1 0.040268456375838924 0.5151515151515151
10 0.00329649999999998 1 0 0.04697986577181208 0.5151515151515151
11 0.0032986999999999878 1 1 0.053691275167785234 0.5185185185185185
12 0.0033383999999999636 1 1 0.06040268456375839 0.5218855218855218
13 0.003241700000000014 0 0 0.06040268456375839 0.5218855218855218
14 0.003017600000000009 1 1 0.06711409395973154 0.5252525252525253
15 0.003513299999999997 1 1 0.0738255033557047 0.5286195286195287
16 0.00300990000000001 0 1 0.0738255033557047 0.531986531986532
17 0.003014899999999987 0 0 0.0738255033557047 0.531986531986532
18 0.003231400000000051 1 1 0.08053691275167785 0.5353535353535354
19 0.003027299999999955 0 0 0.08053691275167785 0.5353535353535354
20 0.0030788999999999955 1 0 0.087248322147651 0.5353535353535354
21 0.003173000000000037 1 1 0.09395973154362416 0.5387205387205387
22 0.003242899999999993 0 0 0.09395973154362416 0.5387205387205387
23 0.0030425000000000035 1 0 0.10067114093959731 0.5387205387205387
24 0.004491000000000023 1 2 0.10738255033557047 0.5454545454545454
25 0.004500999999999977 1 0 0.11409395973154363 0.5454545454545454
26 0.0046012000000000275 1 1 0.12080536912751678 0.5488215488215489
27 0.004393900000000006 1 2 0.12751677852348994 0.5555555555555556
28 0.004535700000000031 1 1 0.1342281879194631 0.5589225589225589
29 0.004564199999999963 1 0 0.14093959731543623 0.5589225589225589
30 0.004657699999999987 1 1 0.1476510067114094 0.5622895622895623
31 0.004601400000000033 0 1 0.1476510067114094 0.5656565656565656
32 0.004685899999999965 1 1 0.15436241610738255 0.569023569023569
33 0.0045199999999999685 1 0 0.1610738255033557 0.569023569023569
34 0.0046456000000000275 1 0 0.16778523489932887 0.569023569023569
35 0.003758299999999992 1 2 0.174496644295302 0.5757575757575758
36 0.003247600000000017 0 0 0.174496644295302 0.5757575757575758
37 0.0033558999999999672 1 1 0.18120805369127516 0.5791245791245792
38 0.003391700000000053 1 0 0.18791946308724833 0.5791245791245792
39 0.0032764000000000126 1 1 0.19463087248322147 0.5824915824915825
40 0.0033037000000000205 1 1 0.20134228187919462 0.5858585858585859
41 0.003251800000000027 0 0 0.20134228187919462 0.5858585858585859
42 0.003429599999999977 1 3 0.2080536912751678 0.5959595959595959
43 0.003277399999999986 1 1 0.21476510067114093 0.5993265993265994
44 0.0032578999999999803 1 0 0.2214765100671141 0.5993265993265994
45 0.003714400000000062 1 0 0.22818791946308725 0.5993265993265994
46 0.0034876999999999825 1 0 0.2348993288590604 0.5993265993265994
47 0.0033687999999999496 1 2 0.24161073825503357 0.6060606060606061
48 0.0034804999999999975 1 1 0.2483221476510067 0.6094276094276094
49 0.0033104000000000466 1 0 0.2550335570469799 0.6094276094276094
50 0.0034935999999999856 1 1 0.26174496644295303 0.6127946127946128
51 0.0036754999999999427 1 2 0.2684563758389262 0.6195286195286195
52 0.0036095999999999906 1 1 0.2751677852348993 0.622895622895623
53 0.003366199999999986 0 1 0.2751677852348993 0.6262626262626263
54 0.00340600000000002 0 1 0.2751677852348993 0.6296296296296297
55 0.004968699999999937 1 0 0.28187919463087246 0.6296296296296297
56 0.005032999999999954 0 1 0.28187919463087246 0.632996632996633
57 0.004814199999999991 1 0 0.28859060402684567 0.632996632996633
58 0.003571799999999903 1 1 0.2953020134228188 0.6363636363636364
59 0.0035937999999999803 1 2 0.30201342281879195 0.6430976430976431
60 0.0034034000000000564 0 0 0.30201342281879195 0.6430976430976431
61 0.00366679999999997 1 1 0.3087248322147651 0.6464646464646465
62 0.0036274000000000584 1 2 0.31543624161073824 0.6531986531986532
63 0.0035484999999999545 1 0 0.3221476510067114 0.6531986531986532
64 0.0035547000000000217 1 1 0.3288590604026846 0.6565656565656566
65 0.003719299999999981 1 0 0.33557046979865773 0.6565656565656566
66 0.0037424000000000346 1 1 0.3422818791946309 0.6599326599326599
67 0.003834799999999916 0 1 0.3422818791946309 0.6632996632996633
68 0.0037767000000000772 1 2 0.348993288590604 0.67003367003367
69 0.0035684999999999745 1 1 0.35570469798657717 0.6734006734006734
70 0.003587300000000071 1 1 0.3624161073825503 0.6767676767676768
71 0.003730000000000011 1 0 0.3691275167785235 0.6767676767676768
72 0.0036100999999999495 0 2 0.3691275167785235 0.6835016835016835
73 0.003586800000000001 1 0 0.37583892617449666 0.6835016835016835
74 0.003602499999999953 1 0 0.3825503355704698 0.6835016835016835
75 0.0037152000000000296 1 1 0.38926174496644295 0.6868686868686869
76 0.0036559000000000452 0 1 0.38926174496644295 0.6902356902356902
77 0.0036220999999999615 1 1 0.3959731543624161 0.6936026936026936
78 0.003953800000000007 1 0 0.40268456375838924 0.6936026936026936
79 0.0036178999999999517 1 0 0.40939597315436244 0.6936026936026936
80 0.003719600000000045 1 1 0.4161073825503356 0.696969696969697
81 0.0040968000000000115 1 1 0.4228187919463087 0.7003367003367004
82 0.003703099999999959 1 1 0.42953020134228187 0.7037037037037037
83 0.0038732999999999684 1 1 0.436241610738255 0.7070707070707071
84 0.003780099999999953 1 1 0.4429530201342282 0.7104377104377104
85 0.003820099999999993 0 0 0.4429530201342282 0.7104377104377104
86 0.0038257999999999903 1 0 0.44966442953020136 0.7104377104377104
87 0.0038281999999999483 1 1 0.4563758389261745 0.7138047138047138
88 0.0038375999999999966 1 4 0.46308724832214765 0.7272727272727273
89 0.0037592000000000736 1 1 0.4697986577181208 0.7306397306397306
90 0.003907400000000005 1 0 0.47651006711409394 0.7306397306397306
91 0.0038458999999999577 1 1 0.48322147651006714 0.734006734006734
92 0.0037725000000000675 1 0 0.4899328859060403 0.734006734006734
93 0.005737500000000062 1 3 0.4966442953020134 0.7441077441077442
94 0.005607699999999993 0 0 0.4966442953020134 0.7441077441077442
95 0.005648900000000068 1 0 0.5033557046979866 0.7441077441077442
96 0.0055883000000001015 1 0 0.5100671140939598 0.7441077441077442
97 0.004009299999999993 1 2 0.5167785234899329 0.7508417508417509
98 0.004062099999999957 1 1 0.5234899328859061 0.7542087542087542
99 0.004113299999999986 1 1 0.5302013422818792 0.7575757575757576
100 0.004127600000000009 1 2 0.5369127516778524 0.7643097643097643
101 0.004432900000000073 1 1 0.5436241610738255 0.7676767676767676
102 0.007916299999999987 1 1 0.5503355704697986 0.7710437710437711
103 0.004158300000000059 0 0 0.5503355704697986 0.7710437710437711
104 0.004489900000000047 1 1 0.5570469798657718 0.7744107744107744
105 0.004099799999999987 1 2 0.5637583892617449 0.7811447811447811
106 0.003915400000000013 1 0 0.5704697986577181 0.7811447811447811
107 0.004250899999999946 1 1 0.5771812080536913 0.7845117845117845
108 0.004120500000000082 1 0 0.5838926174496645 0.7845117845117845
109 0.004079500000000014 1 1 0.5906040268456376 0.7878787878787878
110 0.004188600000000098 1 2 0.5973154362416108 0.7946127946127947
111 0.004188299999999923 1 1 0.6040268456375839 0.797979797979798
112 0.0043663999999999925 1 0 0.610738255033557 0.797979797979798
113 0.004631800000000075 1 1 0.6174496644295302 0.8013468013468014
114 0.0040871999999999575 1 0 0.6241610738255033 0.8013468013468014
115 0.004079700000000019 1 0 0.6308724832214765 0.8013468013468014
116 0.004212199999999999 1 2 0.6375838926174496 0.8080808080808081
117 0.004220599999999908 0 0 0.6375838926174496 0.8080808080808081
118 0.004467300000000063 1 2 0.6442953020134228 0.8148148148148148
119 0.004255100000000067 1 1 0.6510067114093959 0.8181818181818182
120 0.0044279999999999875 1 1 0.6577181208053692 0.8215488215488216
121 0.004287099999999988 1 2 0.6644295302013423 0.8282828282828283
122 0.0048566000000001 0 1 0.6644295302013423 0.8316498316498316
123 0.004249700000000023 0 0 0.6644295302013423 0.8316498316498316
124 0.004314999999999958 1 0 0.6711409395973155 0.8316498316498316
125 0.004308300000000043 1 1 0.6778523489932886 0.835016835016835
126 0.004282800000000031 1 1 0.6845637583892618 0.8383838383838383
127 0.00436649999999994 1 0 0.6912751677852349 0.8383838383838383
128 0.0041839999999999655 1 0 0.697986577181208 0.8383838383838383
129 0.004339700000000057 1 1 0.7046979865771812 0.8417508417508418
130 0.004692299999999983 1 2 0.7114093959731543 0.8484848484848485
131 0.004440200000000005 1 1 0.7181208053691275 0.8518518518518519
132 0.004351100000000052 1 2 0.7248322147651006 0.8585858585858586
133 0.004630799999999935 1 1 0.7315436241610739 0.8619528619528619
134 0.00460830000000001 1 2 0.738255033557047 0.8686868686868687
135 0.004550000000000054 1 0 0.7449664429530202 0.8686868686868687
136 0.004618099999999958 1 0 0.7516778523489933 0.8686868686868687
137 0.0047943999999999765 1 0 0.7583892617449665 0.8686868686868687
138 0.00496949999999996 1 2 0.7651006711409396 0.8754208754208754
139 0.004674500000000026 1 0 0.7718120805369127 0.8754208754208754
140 0.004694299999999929 1 1 0.7785234899328859 0.8787878787878788
141 0.004995799999999995 0 2 0.7785234899328859 0.8855218855218855
142 0.0045703999999999745 1 0 0.785234899328859 0.8855218855218855
143 0.0050251000000000046 1 1 0.7919463087248322 0.8888888888888888
144 0.004590300000000047 0 0 0.7919463087248322 0.8888888888888888
145 0.00505370000000005 0 1 0.7919463087248322 0.8922558922558923
146 0.004689999999999972 0 0 0.7919463087248322 0.8922558922558923
147 0.004659599999999986 1 0 0.7986577181208053 0.8922558922558923
148 0.004544499999999951 0 1 0.7986577181208053 0.8956228956228957
149 0.005006000000000066 1 0 0.8053691275167785 0.8956228956228957
150 0.005012400000000028 1 0 0.8120805369127517 0.8956228956228957
151 0.004509399999999997 1 2 0.8187919463087249 0.9023569023569024
152 0.004538800000000065 1 1 0.825503355704698 0.9057239057239057
153 0.004560600000000026 0 1 0.825503355704698 0.9090909090909091
154 0.0045404 1 0 0.8322147651006712 0.9090909090909091
155 0.004463000000000106 1 0 0.8389261744966443 0.9090909090909091
156 0.004781699999999889 1 0 0.8456375838926175 0.9090909090909091
157 0.0045863999999999905 0 1 0.8456375838926175 0.9124579124579124
158 0.004556400000000016 1 0 0.8523489932885906 0.9124579124579124
159 0.004540699999999953 1 1 0.8590604026845637 0.9158249158249159
160 0.00457339999999995 1 0 0.8657718120805369 0.9158249158249159
161 0.004717400000000094 1 4 0.87248322147651 0.9292929292929293
162 0.004604599999999959 0 0 0.87248322147651 0.9292929292929293
163 0.004609099999999922 1 0 0.8791946308724832 0.9292929292929293
164 0.004758800000000063 0 0 0.8791946308724832 0.9292929292929293
165 0.004871899999999929 1 0 0.8859060402684564 0.9292929292929293
166 0.004904200000000136 1 1 0.8926174496644296 0.9326599326599326
167 0.00528240000000002 0 1 0.8926174496644296 0.936026936026936
168 0.004773499999999986 1 2 0.8993288590604027 0.9427609427609428
169 0.005201200000000128 0 0 0.8993288590604027 0.9427609427609428
170 0.005306199999999928 0 1 0.8993288590604027 0.9461279461279462
171 0.005223299999999931 1 1 0.9060402684563759 0.9494949494949495
172 0.005366599999999888 0 0 0.9060402684563759 0.9494949494949495
173 0.008510099999999854 1 0 0.912751677852349 0.9494949494949495
174 0.004892499999999966 1 1 0.9194630872483222 0.9528619528619529
175 0.004785999999999957 0 0 0.9194630872483222 0.9528619528619529
176 0.0049087999999999354 1 1 0.9261744966442953 0.9562289562289562
177 0.004605100000000029 1 0 0.9328859060402684 0.9562289562289562
178 0.005380600000000069 1 1 0.9395973154362416 0.9595959595959596
179 0.004833499999999935 1 0 0.9463087248322147 0.9595959595959596
180 0.0049144000000000965 0 0 0.9463087248322147 0.9595959595959596
181 0.00485509999999989 1 0 0.9530201342281879 0.9595959595959596
182 0.004708099999999993 1 3 0.959731543624161 0.9696969696969697
183 0.005328100000000058 1 2 0.9664429530201343 0.9764309764309764
184 0.004873399999999917 1 2 0.9731543624161074 0.9831649831649831
185 0.005140300000000098 1 1 0.9798657718120806 0.9865319865319865
186 0.005282999999999927 1 0 0.9865771812080537 0.9865319865319865
187 0.004806000000000088 1 0 0.9932885906040269 0.9865319865319865
188 0.005167400000000155 1 1 1.0 0.98989898989899
189 0.005240499999999981 0 1 1.0 0.9932659932659933
190 0.004857700000000076 0 2 1.0 1.0
