40 0.7 0.5
1 0.000867699999999999 1 0 0.02564102564102564 0.5064935064935064
2 0.0009108999999999923 0 0 0.02564102564102564 0.5064935064935064
3 0.0009610000000000174 1 1 0.05128205128205128 0.5194805194805194
4 0.0009442999999999813 1 0 0.07692307692307693 0.5194805194805194
5 0.0010660000000000114 1 2 0.10256410256410256 0.5454545454545454
6 0.000926100000000013 1 1 0.1282051282051282 0.5584415584415584
7 0.0009074000000000026 1 1 0.15384615384615385 0.5714285714285714
8 0.0012003999999999904 1 0 0.1794871794871795 0.5714285714285714
9 0.0008763999999999994 0 0 0.1794871794871795 0.5714285714285714
10 0.0008685999999999972 0 0 0.1794871794871795 0.5714285714285714
11 0.0009109999999999951 1 1 0.20512820512820512 0.5844155844155844
12 0.0009061999999999959 1 0 0.23076923076923078 0.5844155844155844
13 0.0008836999999999873 0 0 0.23076923076923078 0.5844155844155844
14 0.0008883999999999836 1 1 0.2564102564102564 0.5974025974025974
15 0.0016471999999999876 1 1 0.28205128205128205 0.6103896103896104
16 0.0010660000000000114 1 1 0.3076923076923077 0.6233766233766234
17 0.001079699999999989 1 2 0.3333333333333333 0.6493506493506493
18 0.002129800000000015 1 1 0.358974358974359 0.6623376623376623
19 0.001773799999999992 1 2 0.38461538461538464 0.6883116883116883
20 0.0012495999999999896 0 0 0.38461538461538464 0.6883116883116883
21 0.0010668000000000066 1 0 0.41025641025641024 0.6883116883116883
22 0.001796099999999995 0 0 0.41025641025641024 0.6883116883116883
23 0.0012272000000000116 0 0 0.41025641025641024 0.6883116883116883
24 0.0009954000000000074 1 1 0.4358974358974359 0.7012987012987013
25 0.000968500000000011 1 2 0.46153846153846156 0.7272727272727273
26 0.0010106000000000004 0 0 0.46153846153846156 0.7272727272727273
27 0.0012584999999999957 1 1 0.48717948717948717 0.7402597402597403
28 0.0013665999999999956 0 0 0.48717948717948717 0.7402597402597403
29 0.0012193000000000065 1 1 0.5128205128205128 0.7532467532467533
30 0.0012014999999999942 0 0 0.5128205128205128 0.7532467532467533
31 0.0011256000000000044 0 0 0.5128205128205128 0.7532467532467533
32 0.0010739999999999916 1 1 0.5384615384615384 0.7662337662337663
33 0.001432899999999987 1 1 0.5641025641025641 0.7792207792207793
34 0.0011066999999999882 1 1 0.5897435897435898 0.7922077922077922
35 0.0011900999999999995 1 0 0.6153846153846154 0.7922077922077922
36 0.0011652000000000051 1 2 0.6410256410256411 0.8181818181818182
37 0.0011448000000000014 1 1 0.6666666666666666 0.8311688311688312
38 0.002330899999999969 1 1 0.6923076923076923 0.8441558441558441
39 0.0012902999999999665 1 1 0.717948717948718 0.8571428571428571
40 0.0011573999999999751 1 1 0.7435897435897436 0.8701298701298701
41 0.0011768999999999807 1 1 0.7692307692307693 0.8831168831168831
42 0.0019183000000000394 0 0 0.7692307692307693 0.8831168831168831
43 0.0020060000000000078 1 0 0.7948717948717948 0.8831168831168831
44 0.002258299999999991 1 2 0.8205128205128205 0.9090909090909091
45 0.0017381999999999675 1 0 0.8461538461538461 0.9090909090909091
46 0.0013588999999999962 1 0 0.8717948717948718 0.9090909090909091
47 0.0012685000000000057 1 0 0.8974358974358975 0.9090909090909091
48 0.001277399999999984 0 2 0.8974358974358975 0.935064935064935
49 0.0024471999999999827 0 0 0.8974358974358975 0.935064935064935
50 0.0015671000000000435 1 2 0.9230769230769231 0.961038961038961
51 0.0019037000000000082 0 0 0.9230769230769231 0.961038961038961
52 0.002188499999999982 0 0 0.9230769230769231 0.961038961038961
53 0.0013988999999999807 0 0 0.9230769230769231 0.961038961038961
54 0.0012424999999999797 1 1 0.9487179487179487 0.974025974025974
55 0.0014242999999999895 1 0 0.9743589743589743 0.974025974025974
56 0.0024070999999999954 0 0 0.9743589743589743 0.974025974025974
57 0.0019992999999999816 0 0 0.9743589743589743 0.974025974025974
58 0.0015765999999999836 1 0 1.0 0.974025974025974
59 0.0013396999999999992 0 0 1.0 0.974025974025974
60 0.001257399999999964 0 1 1.0 0.987012987012987
61 0.0012927000000000355 0 0 1.0 0.987012987012987
62 0.0012261000000000077 0 1 1.0 1.0
