170 0.3 0.6
1 0.0034824999999999995 1 0 0.005917159763313609 0.5014836795252225
2 0.0037649000000000155 0 0 0.005917159763313609 0.5014836795252225
3 0.0038068999999999464 1 1 0.011834319526627219 0.5044510385756676
4 0.003703500000000026 0 0 0.011834319526627219 0.5044510385756676
5 0.007123099999999993 1 0 0.01775147928994083 0.5044510385756676
6 0.003455600000000003 0 0 0.01775147928994083 0.5044510385756676
7 0.003427400000000025 0 0 0.01775147928994083 0.5044510385756676
8 0.0036371000000000042 1 1 0.023668639053254437 0.5074183976261127
9 0.003364800000000001 0 0 0.023668639053254437 0.5074183976261127
10 0.003454199999999963 0 1 0.023668639053254437 0.5103857566765578
11 0.003466500000000039 1 1 0.029585798816568046 0.5133531157270029
12 0.003452899999999981 1 0 0.03550295857988166 0.5133531157270029
13 0.003788799999999981 0 0 0.03550295857988166 0.5133531157270029
14 0.003443999999999947 0 0 0.03550295857988166 0.5133531157270029
15 0.0035704999999999765 0 0 0.03550295857988166 0.5133531157270029
16 0.0034546999999999772 1 1 0.04142011834319527 0.516320474777448
17 0.003448099999999954 0 0 0.04142011834319527 0.516320474777448
18 0.003815700000000033 0 0 0.04142011834319527 0.516320474777448
19 0.003466999999999998 0 0 0.04142011834319527 0.516320474777448
20 0.003851300000000002 0 0 0.04142011834319527 0.516320474777448
21 0.0036602000000000023 0 0 0.04142011834319527 0.516320474777448
22 0.003915100000000005 1 2 0.047337278106508875 0.5222551928783383
23 0.0035310000000000064 1 0 0.05325443786982249 0.5222551928783383
24 0.003864100000000037 0 0 0.05325443786982249 0.5222551928783383
25 0.0035513999999999823 0 0 0.05325443786982249 0.5222551928783383
26 0.003445400000000043 0 0 0.05325443786982249 0.5222551928783383
27 0.0034927999999999626 0 0 0.05325443786982249 0.5222551928783383
28 0.003910699999999989 0 0 0.05325443786982249 0.5222551928783383
29 0.0035017999999999994 0 1 0.05325443786982249 0.5252225519287834
30 0.0034620000000000206 0 0 0.05325443786982249 0.5252225519287834
31 0.0038717000000000334 1 1 0.05917159763313609 0.5281899109792285
32 0.0034727999999999426 1 0 0.0650887573964497 0.5281899109792285
33 0.0034664000000000916 0 0 0.0650887573964497 0.5281899109792285
34 0.003588900000000006 1 1 0.07100591715976332 0.5311572700296736
35 0.0035401999999999934 1 1 0.07692307692307693 0.5341246290801187
36 0.0035587000000000257 0 0 0.07692307692307693 0.5341246290801187
37 0.003614800000000029 1 1 0.08284023668639054 0.5370919881305638
38 0.0037080000000000446 0 1 0.08284023668639054 0.5400593471810089
39 0.0039210999999999 0 0 0.08284023668639054 0.5400593471810089
40 0.003545399999999921 0 0 0.08284023668639054 0.5400593471810089
41 0.0035314000000000734 0 0 0.08284023668639054 0.5400593471810089
42 0.0035562999999999567 0 0 0.08284023668639054 0.5400593471810089
43 0.0035173000000000565 0 0 0.08284023668639054 0.5400593471810089
44 0.0036083000000000087 0 0 0.08284023668639054 0.5400593471810089
45 0.0036880000000000246 0 0 0.08284023668639054 0.5400593471810089
46 0.0038802999999999477 0 0 0.08284023668639054 0.5400593471810089
47 0.0035549000000000275 0 0 0.08284023668639054 0.5400593471810089
48 0.0036922000000000343 0 0 0.08284023668639054 0.5400593471810089
49 0.003809500000000021 1 1 0.08875739644970414 0.543026706231454
50 0.004045100000000024 0 0 0.08875739644970414 0.543026706231454
51 0.003946300000000069 0 0 0.08875739644970414 0.543026706231454
52 0.003641399999999906 1 1 0.09467455621301775 0.5459940652818991
53 0.003631799999999963 1 1 0.10059171597633136 0.5489614243323442
54 0.003619599999999945 0 0 0.10059171597633136 0.5489614243323442
55 0.003749400000000014 0 0 0.10059171597633136 0.5489614243323442
56 0.00354779999999999 0 0 0.10059171597633136 0.5489614243323442
57 0.0039725000000000454 1 1 0.10650887573964497 0.5519287833827893
58 0.003679600000000005 1 0 0.11242603550295859 0.5519287833827893
59 0.004086299999999987 0 0 0.11242603550295859 0.5519287833827893
60 0.0037868999999999264 0 0 0.11242603550295859 0.5519287833827893
61 0.0036235000000000017 1 1 0.11834319526627218 0.5548961424332344
62 0.003714800000000018 0 1 0.11834319526627218 0.5578635014836796
63 0.003862499999999991 0 0 0.11834319526627218 0.5578635014836796
64 0.0036327000000000442 0 0 0.11834319526627218 0.5578635014836796
65 0.0036775 1 0 0.1242603550295858 0.5578635014836796
66 0.004073399999999894 0 1 0.1242603550295858 0.5608308605341247
67 0.0037570000000000103 0 0 0.1242603550295858 0.5608308605341247
68 0.00361290000000003 0 0 0.1242603550295858 0.5608308605341247
69 0.0036556999999999285 1 1 0.1301775147928994 0.5637982195845698
70 0.00393280000000007 0 0 0.1301775147928994 0.5637982195845698
71 0.0036333000000000615 0 0 0.1301775147928994 0.5637982195845698
72 0.003606200000000004 1 0 0.13609467455621302 0.5637982195845698
73 0.003605399999999981 0 0 0.13609467455621302 0.5637982195845698
74 0.0036535000000000872 0 0 0.13609467455621302 0.5637982195845698
75 0.007185600000000014 0 0 0.13609467455621302 0.5637982195845698
76 0.004175400000000051 1 2 0.14201183431952663 0.56973293768546
77 0.004064199999999962 0 0 0.14201183431952663 0.56973293768546
78 0.00391930000000007 1 1 0.14792899408284024 0.5727002967359051
79 0.003998199999999952 0 0 0.14792899408284024 0.5727002967359051
80 0.003831299999999982 0 0 0.14792899408284024 0.5727002967359051
81 0.0039976000000000456 1 1 0.15384615384615385 0.5756676557863502
82 0.003700599999999943 1 1 0.15976331360946747 0.5786350148367952
83 0.0036450999999999567 0 0 0.15976331360946747 0.5786350148367952
84 0.0037098999999999327 0 0 0.15976331360946747 0.5786350148367952
85 0.0036799999999999056 0 0 0.15976331360946747 0.5786350148367952
86 0.003757199999999905 0 0 0.15976331360946747 0.5786350148367952
87 0.0037215999999999916 0 0 0.15976331360946747 0.5786350148367952
88 0.0036810000000000453 1 1 0.16568047337278108 0.5816023738872403
89 0.00375559999999997 0 0 0.16568047337278108 0.5816023738872403
90 0.004074199999999917 1 1 0.17159763313609466 0.5845697329376854
91 0.005191700000000021 1 0 0.17751479289940827 0.5845697329376854
92 0.005314399999999941 1 1 0.1834319526627219 0.5875370919881305
93 0.005222799999999972 0 0 0.1834319526627219 0.5875370919881305
94 0.003770300000000004 0 0 0.1834319526627219 0.5875370919881305
95 0.0038106999999999447 0 1 0.1834319526627219 0.5905044510385756
96 0.003913900000000026 0 0 0.1834319526627219 0.5905044510385756
97 0.003977299999999961 0 0 0.1834319526627219 0.5905044510385756
98 0.003853400000000007 0 0 0.1834319526627219 0.5905044510385756
99 0.0037161999999999473 1 1 0.1893491124260355 0.5934718100890207
100 0.003781400000000046 0 0 0.1893491124260355 0.5934718100890207
101 0.0037271000000000942 1 0 0.1952662721893491 0.5934718100890207
102 0.003757200000000016 1 1 0.20118343195266272 0.5964391691394659
103 0.004053799999999996 0 0 0.20118343195266272 0.5964391691394659
104 0.004186699999999988 0 0 0.20118343195266272 0.5964391691394659
105 0.003828400000000065 0 0 0.20118343195266272 0.5964391691394659
106 0.003839600000000054 0 0 0.20118343195266272 0.5964391691394659
107 0.005317699999999981 1 1 0.20710059171597633 0.599406528189911
108 0.00553809999999999 0 1 0.20710059171597633 0.6023738872403561
109 0.005483899999999986 1 1 0.21301775147928995 0.6053412462908012
110 0.0054826999999999515 0 0 0.21301775147928995 0.6053412462908012
111 0.005444600000000022 0 0 0.21301775147928995 0.6053412462908012
112 0.005246799999999996 0 0 0.21301775147928995 0.6053412462908012
113 0.003925600000000085 0 0 0.21301775147928995 0.6053412462908012
114 0.00377190000000005 1 1 0.21893491124260356 0.6083086053412463
115 0.004068399999999972 1 1 0.22485207100591717 0.6112759643916914
116 0.003817999999999988 0 0 0.22485207100591717 0.6112759643916914
117 0.003918700000000053 0 0 0.22485207100591717 0.6112759643916914
118 0.004095300000000024 0 0 0.22485207100591717 0.6112759643916914
119 0.003891300000000042 0 0 0.22485207100591717 0.6112759643916914
120 0.003798300000000032 1 1 0.23076923076923078 0.6142433234421365
121 0.0038356999999999974 0 0 0.23076923076923078 0.6142433234421365
122 0.0038610000000000033 0 0 0.23076923076923078 0.6142433234421365
123 0.003915400000000013 0 0 0.23076923076923078 0.6142433234421365
124 0.0038097999999999743 0 0 0.23076923076923078 0.6142433234421365
125 0.0039536000000000016 0 0 0.23076923076923078 0.6142433234421365
126 0.004200399999999993 0 0 0.23076923076923078 0.6142433234421365
127 0.003949100000000039 0 0 0.23076923076923078 0.6142433234421365
128 0.0038009999999999433 0 0 0.23076923076923078 0.6142433234421365
129 0.004238299999999917 0 0 0.23076923076923078 0.6142433234421365
130 0.003824099999999997 0 0 0.23076923076923078 0.6142433234421365
131 0.003823099999999968 0 0 0.23076923076923078 0.6142433234421365
132 0.00386490000000006 1 0 0.23668639053254437 0.6142433234421365
133 0.00400250000000002 0 0 0.23668639053254437 0.6142433234421365
134 0.0037941000000000225 0 0 0.23668639053254437 0.6142433234421365
135 0.004026799999999997 0 0 0.23668639053254437 0.6142433234421365
136 0.003808900000000004 1 0 0.24260355029585798 0.6142433234421365
137 0.0039495999999999976 0 1 0.24260355029585798 0.6172106824925816
138 0.003874299999999997 0 1 0.24260355029585798 0.6201780415430267
139 0.004049999999999998 1 1 0.2485207100591716 0.6231454005934718
140 0.007436599999999904 0 0 0.2485207100591716 0.6231454005934718
141 0.0040023999999998505 1 0 0.25443786982248523 0.6231454005934718
142 0.003934899999999963 0 0 0.25443786982248523 0.6231454005934718
143 0.004282700000000084 0 0 0.25443786982248523 0.6231454005934718
144 0.00391420000000009 0 1 0.25443786982248523 0.6261127596439169
145 0.004091200000000184 1 0 0.2603550295857988 0.6261127596439169
146 0.004000699999999968 1 1 0.26627218934911245 0.629080118694362
147 0.00411959999999989 1 1 0.27218934911242604 0.6320474777448071
148 0.004338500000000023 0 0 0.27218934911242604 0.6320474777448071
149 0.004035500000000081 0 0 0.27218934911242604 0.6320474777448071
150 0.00398670000000001 1 1 0.2781065088757396 0.6350148367952523
151 0.003923699999999863 0 1 0.2781065088757396 0.6379821958456974
152 0.004078499999999874 0 0 0.2781065088757396 0.6379821958456974
153 0.0038679000000001462 0 0 0.2781065088757396 0.6379821958456974
154 0.004070999999999936 0 0 0.2781065088757396 0.6379821958456974
155 0.004114100000000009 1 1 0.28402366863905326 0.6409495548961425
156 0.004298300000000088 0 0 0.28402366863905326 0.6409495548961425
157 0.00409729999999997 0 0 0.28402366863905326 0.6409495548961425
158 0.003943299999999983 0 0 0.28402366863905326 0.6409495548961425
159 0.00389980000000012 1 0 0.28994082840236685 0.6409495548961425
160 0.004172999999999982 1 1 0.2958579881656805 0.6439169139465876
161 0.0039232000000000156 1 0 0.30177514792899407 0.6439169139465876
162 0.0039903999999999495 0 0 0.30177514792899407 0.6439169139465876
163 0.003911100000000056 0 0 0.30177514792899407 0.6439169139465876
164 0.004272999999999971 0 0 0.30177514792899407 0.6439169139465876
165 0.003911699999999962 0 1 0.30177514792899407 0.6468842729970327
166 0.004003800000000002 1 1 0.3076923076923077 0.6498516320474778
167 0.003966400000000148 0 1 0.3076923076923077 0.6528189910979229
168 0.003878300000000001 0 0 0.3076923076923077 0.6528189910979229
169 0.004254599999999886 0 0 0.3076923076923077 0.6528189910979229
170 0.003945099999999924 1 0 0.3136094674556213 0.6528189910979229
171 0.003976199999999874 1 2 0.31952662721893493 0.658753709198813
172 0.004012899999999986 0 0 0.31952662721893493 0.658753709198813
173 0.003929200000000188 0 0 0.31952662721893493 0.658753709198813
174 0.003966499999999984 0 0 0.31952662721893493 0.658753709198813
175 0.004081800000000024 0 0 0.31952662721893493 0.658753709198813
176 0.00448129999999991 0 0 0.31952662721893493 0.658753709198813
177 0.004030300000000153 0 0 0.31952662721893493 0.658753709198813
178 0.003902000000000072 1 0 0.3254437869822485 0.658753709198813
179 0.0041071999999999775 0 0 0.3254437869822485 0.658753709198813
180 0.004197000000000006 0 0 0.3254437869822485 0.658753709198813
181 0.004426599999999947 0 0 0.3254437869822485 0.658753709198813
182 0.003966499999999984 1 0 0.33136094674556216 0.658753709198813
183 0.003972499999999934 0 0 0.33136094674556216 0.658753709198813
184 0.00396109999999994 0 0 0.33136094674556216 0.658753709198813
185 0.00390899999999994 0 0 0.33136094674556216 0.658753709198813
186 0.004146699999999948 0 0 0.33136094674556216 0.658753709198813
187 0.004005400000000048 0 0 0.33136094674556216 0.658753709198813
188 0.0040887999999998925 1 1 0.33727810650887574 0.6617210682492581
189 0.004260399999999942 1 1 0.3431952662721893 0.6646884272997032
190 0.003969899999999971 0 0 0.3431952662721893 0.6646884272997032
191 0.003977399999999909 0 0 0.3431952662721893 0.6646884272997032
192 0.004459099999999827 1 1 0.34911242603550297 0.6676557863501483
193 0.003945299999999818 0 0 0.34911242603550297 0.6676557863501483
194 0.004227299999999934 1 1 0.35502958579881655 0.6706231454005934
195 0.00397510000000012 0 0 0.35502958579881655 0.6706231454005934
196 0.004021300000000005 0 0 0.35502958579881655 0.6706231454005934
197 0.004114100000000009 0 1 0.35502958579881655 0.6735905044510386
198 0.00402939999999985 1 1 0.3609467455621302 0.6765578635014837
199 0.004157799999999989 0 0 0.3609467455621302 0.6765578635014837
200 0.004658999999999969 1 1 0.3668639053254438 0.6795252225519288
201 0.004043299999999972 0 0 0.3668639053254438 0.6795252225519288
202 0.004076499999999816 0 1 0.3668639053254438 0.6824925816023739
203 0.0042911999999999395 1 1 0.3727810650887574 0.685459940652819
204 0.004087900000000033 1 0 0.378698224852071 0.685459940652819
205 0.004081000000000001 0 0 0.378698224852071 0.685459940652819
206 0.004135400000000011 0 1 0.378698224852071 0.6884272997032641
207 0.004084100000000035 1 0 0.38461538461538464 0.6884272997032641
208 0.004043500000000089 1 0 0.3905325443786982 0.6884272997032641
209 0.004024699999999992 0 0 0.3905325443786982 0.6884272997032641
210 0.004081000000000001 1 1 0.39644970414201186 0.6913946587537092
211 0.00415589999999999 1 1 0.40236686390532544 0.6943620178041543
212 0.004124900000000098 0 0 0.40236686390532544 0.6943620178041543
213 0.0042487999999998305 1 1 0.40828402366863903 0.6973293768545994
214 0.004088599999999998 0 0 0.40828402366863903 0.6973293768545994
215 0.004124399999999806 1 0 0.41420118343195267 0.6973293768545994
216 0.004206900000000013 1 1 0.42011834319526625 0.7002967359050445
217 0.004351900000000075 0 0 0.42011834319526625 0.7002967359050445
218 0.004126199999999969 1 2 0.4260355029585799 0.7062314540059347
219 0.004448100000000066 1 0 0.4319526627218935 0.7062314540059347
220 0.004374300000000053 1 1 0.4378698224852071 0.7091988130563798
221 0.0040199999999999125 0 0 0.4378698224852071 0.7091988130563798
222 0.004139300000000068 0 1 0.4378698224852071 0.712166172106825
223 0.004151900000000097 1 1 0.4437869822485207 0.7151335311572701
224 0.004444700000000079 0 1 0.4437869822485207 0.7181008902077152
225 0.004281500000000049 1 2 0.44970414201183434 0.7240356083086054
226 0.004466599999999987 0 0 0.44970414201183434 0.7240356083086054
227 0.004297299999999948 0 0 0.44970414201183434 0.7240356083086054
228 0.004698599999999997 0 0 0.44970414201183434 0.7240356083086054
229 0.004483100000000073 1 0 0.4556213017751479 0.7240356083086054
230 0.0041295999999999555 0 0 0.4556213017751479 0.7240356083086054
231 0.004782000000000064 0 1 0.4556213017751479 0.7270029673590505
232 0.004309999999999814 0 0 0.4556213017751479 0.7270029673590505
233 0.004230000000000178 0 0 0.4556213017751479 0.7270029673590505
234 0.004571299999999834 0 0 0.4556213017751479 0.7270029673590505
235 0.0043767999999999585 1 1 0.46153846153846156 0.7299703264094956
236 0.004314999999999847 1 1 0.46745562130177515 0.7329376854599406
237 0.004722299999999846 0 0 0.46745562130177515 0.7329376854599406
238 0.004725499999999938 0 0 0.46745562130177515 0.7329376854599406
239 0.004594900000000068 1 1 0.47337278106508873 0.7359050445103857
240 0.004484399999999944 0 0 0.47337278106508873 0.7359050445103857
241 0.00439159999999994 1 1 0.47928994082840237 0.7388724035608308
242 0.004339099999999929 0 0 0.47928994082840237 0.7388724035608308
243 0.004649099999999962 1 1 0.48520710059171596 0.7418397626112759
244 0.004425000000000123 0 0 0.48520710059171596 0.7418397626112759
245 0.004429500000000086 0 0 0.48520710059171596 0.7418397626112759
246 0.004400299999999913 0 0 0.48520710059171596 0.7418397626112759
247 0.004374799999999901 0 0 0.48520710059171596 0.7418397626112759
248 0.004720400000000069 0 0 0.48520710059171596 0.7418397626112759
249 0.004332100000000061 0 0 0.48520710059171596 0.7418397626112759
250 0.0045920000000001515 0 0 0.48520710059171596 0.7418397626112759
251 0.004201799999999922 0 0 0.48520710059171596 0.7418397626112759
252 0.0046751999999998795 0 0 0.48520710059171596 0.7418397626112759
253 0.004387499999999989 0 0 0.48520710059171596 0.7418397626112759
254 0.004479099999999958 0 0 0.48520710059171596 0.7418397626112759
255 0.004269799999999879 1 1 0.4911242603550296 0.744807121661721
256 0.004163899999999998 0 0 0.4911242603550296 0.744807121661721
257 0.004374800000000123 0 0 0.4911242603550296 0.744807121661721
258 0.004511799999999955 1 1 0.4970414201183432 0.7477744807121661
259 0.004247700000000076 0 0 0.4970414201183432 0.7477744807121661
260 0.004152999999999851 0 0 0.4970414201183432 0.7477744807121661
261 0.004580699999999993 0 0 0.4970414201183432 0.7477744807121661
262 0.0042623999999999995 0 0 0.4970414201183432 0.7477744807121661
263 0.004395600000000055 0 0 0.4970414201183432 0.7477744807121661
264 0.0044952000000000325 0 0 0.4970414201183432 0.7477744807121661
265 0.00447810000000004 0 0 0.4970414201183432 0.7477744807121661
266 0.004495600000000044 0 0 0.4970414201183432 0.7477744807121661
267 0.004499699999999995 0 0 0.4970414201183432 0.7477744807121661
268 0.004811499999999969 0 0 0.4970414201183432 0.7477744807121661
269 0.004734699999999981 0 0 0.4970414201183432 0.7477744807121661
270 0.004807299999999959 0 0 0.4970414201183432 0.7477744807121661
271 0.004290299999999858 0 0 0.4970414201183432 0.7477744807121661
272 0.004654099999999994 1 1 0.5029585798816568 0.7507418397626113
273 0.008190099999999978 1 0 0.5088757396449705 0.7507418397626113
274 0.004254100000000038 0 0 0.5088757396449705 0.7507418397626113
275 0.0043896000000001045 0 0 0.5088757396449705 0.7507418397626113
276 0.004277300000000039 0 0 0.5088757396449705 0.7507418397626113
277 0.004237999999999964 0 0 0.5088757396449705 0.7507418397626113
278 0.004406199999999805 0 0 0.5088757396449705 0.7507418397626113
279 0.004412399999999872 0 0 0.5088757396449705 0.7507418397626113
280 0.004235099999999825 0 0 0.5088757396449705 0.7507418397626113
281 0.004310000000000036 1 0 0.514792899408284 0.7507418397626113
282 0.004535299999999909 1 1 0.5207100591715976 0.7537091988130564
283 0.004328599999999794 1 1 0.5266272189349113 0.7566765578635015
284 0.004289399999999999 1 0 0.5325443786982249 0.7566765578635015
285 0.004376399999999947 1 1 0.5384615384615384 0.7596439169139466
286 0.004413800000000023 0 1 0.5384615384615384 0.7626112759643917
287 0.004365800000000197 0 0 0.5384615384615384 0.7626112759643917
288 0.004356199999999921 0 0 0.5384615384615384 0.7626112759643917
289 0.004517700000000069 1 1 0.5443786982248521 0.7655786350148368
290 0.004346999999999879 1 2 0.5502958579881657 0.771513353115727
291 0.004403399999999946 0 0 0.5502958579881657 0.771513353115727
292 0.00485139999999995 0 0 0.5502958579881657 0.771513353115727
293 0.004585900000000143 1 1 0.5562130177514792 0.7744807121661721
294 0.004405500000000062 0 0 0.5562130177514792 0.7744807121661721
295 0.006824500000000011 1 0 0.5621301775147929 0.7744807121661721
296 0.004733099999999935 0 0 0.5621301775147929 0.7744807121661721
297 0.0049106999999999346 1 1 0.5680473372781065 0.7774480712166172
298 0.0047279999999998434 0 0 0.5680473372781065 0.7774480712166172
299 0.004432699999999956 0 0 0.5680473372781065 0.7774480712166172
300 0.004648999999999903 0 1 0.5680473372781065 0.7804154302670623
301 0.004648999999999903 0 0 0.5680473372781065 0.7804154302670623
302 0.004615800000000059 1 1 0.5739644970414202 0.7833827893175074
303 0.005000999999999811 0 0 0.5739644970414202 0.7833827893175074
304 0.004721799999999998 1 0 0.5798816568047337 0.7833827893175074
305 0.004825000000000079 1 1 0.5857988165680473 0.7863501483679525
306 0.005106099999999891 0 0 0.5857988165680473 0.7863501483679525
307 0.004925000000000068 1 1 0.591715976331361 0.7893175074183977
308 0.004791699999999954 0 0 0.591715976331361 0.7893175074183977
309 0.004474899999999948 0 0 0.591715976331361 0.7893175074183977
310 0.004536400000000107 1 1 0.5976331360946746 0.7922848664688428
311 0.004642299999999988 0 0 0.5976331360946746 0.7922848664688428
312 0.00442370000000003 1 0 0.6035502958579881 0.7922848664688428
313 0.004363599999999801 0 1 0.6035502958579881 0.7952522255192879
314 0.004386699999999966 0 0 0.6035502958579881 0.7952522255192879
315 0.004422499999999996 0 0 0.6035502958579881 0.7952522255192879
316 0.004397699999999949 1 0 0.6094674556213018 0.7952522255192879
317 0.004585300000000014 0 1 0.6094674556213018 0.798219584569733
318 0.005009599999999947 0 1 0.6094674556213018 0.8011869436201781
319 0.004422300000000101 0 0 0.6094674556213018 0.8011869436201781
320 0.004419300000000126 0 0 0.6094674556213018 0.8011869436201781
321 0.0047360000000000735 1 0 0.6153846153846154 0.8011869436201781
322 0.004394999999999927 1 0 0.621301775147929 0.8011869436201781
323 0.004494800000000021 0 0 0.621301775147929 0.8011869436201781
324 0.0046743999999998564 1 1 0.6272189349112426 0.8041543026706232
325 0.004798900000000161 0 0 0.6272189349112426 0.8041543026706232
326 0.004961800000000016 0 0 0.6272189349112426 0.8041543026706232
327 0.004471700000000078 0 1 0.6272189349112426 0.8071216617210683
328 0.0044887999999998485 1 2 0.6331360946745562 0.8130563798219584
329 0.004448199999999902 0 0 0.6331360946745562 0.8130563798219584
330 0.004523800000000078 1 1 0.6390532544378699 0.8160237388724035
331 0.00502479999999994 0 0 0.6390532544378699 0.8160237388724035
332 0.004406299999999863 0 1 0.6390532544378699 0.8189910979228486
333 0.004471700000000078 0 0 0.6390532544378699 0.8189910979228486
334 0.004497899999999833 0 0 0.6390532544378699 0.8189910979228486
335 0.004805299999999901 1 0 0.6449704142011834 0.8189910979228486
336 0.004480899999999899 0 1 0.6449704142011834 0.8219584569732937
337 0.005070499999999978 1 0 0.650887573964497 0.8219584569732937
338 0.004569299999999998 0 0 0.650887573964497 0.8219584569732937
339 0.004736199999999968 0 0 0.650887573964497 0.8219584569732937
340 0.004541699999999871 1 0 0.6568047337278107 0.8219584569732937
341 0.004642299999999988 1 0 0.6627218934911243 0.8219584569732937
342 0.004585400000000073 0 1 0.6627218934911243 0.8249258160237388
343 0.004958999999999936 1 1 0.6686390532544378 0.827893175074184
344 0.004529400000000017 0 0 0.6686390532544378 0.827893175074184
345 0.004546099999999997 1 1 0.6745562130177515 0.8308605341246291
346 0.004529400000000017 0 0 0.6745562130177515 0.8308605341246291
347 0.004608299999999899 0 0 0.6745562130177515 0.8308605341246291
348 0.0044687999999999395 0 1 0.6745562130177515 0.8338278931750742
349 0.004676200000000019 1 1 0.6804733727810651 0.8367952522255193
350 0.0045184000000002555 0 1 0.6804733727810651 0.8397626112759644
351 0.0050802999999999265 1 0 0.6863905325443787 0.8397626112759644
352 0.00466029999999984 0 0 0.6863905325443787 0.8397626112759644
353 0.004593900000000151 0 1 0.6863905325443787 0.8427299703264095
354 0.004749499999999962 0 0 0.6863905325443787 0.8427299703264095
355 0.004638800000000387 0 0 0.6863905325443787 0.8427299703264095
356 0.00467329999999988 0 0 0.6863905325443787 0.8427299703264095
357 0.004574300000000253 0 0 0.6863905325443787 0.8427299703264095
358 0.004614199999999791 0 0 0.6863905325443787 0.8427299703264095
359 0.0049738999999999756 0 0 0.6863905325443787 0.8427299703264095
360 0.0046890999999997796 0 0 0.6863905325443787 0.8427299703264095
361 0.004553999999999725 1 0 0.6923076923076923 0.8427299703264095
362 0.0045047999999998645 0 1 0.6923076923076923 0.8456973293768546
363 0.004600500000000007 0 0 0.6923076923076923 0.8456973293768546
364 0.004770099999999999 0 0 0.6923076923076923 0.8456973293768546
365 0.004687399999999897 0 0 0.6923076923076923 0.8456973293768546
366 0.004564199999999907 0 0 0.6923076923076923 0.8456973293768546
367 0.0047264000000000195 0 0 0.6923076923076923 0.8456973293768546
368 0.004544699999999846 0 0 0.6923076923076923 0.8456973293768546
369 0.004608500000000237 1 1 0.6982248520710059 0.8486646884272997
370 0.005029400000000184 0 0 0.6982248520710059 0.8486646884272997
371 0.004475599999999691 0 0 0.6982248520710059 0.8486646884272997
372 0.0045183999999998115 0 0 0.6982248520710059 0.8486646884272997
373 0.004719300000000093 0 0 0.6982248520710059 0.8486646884272997
374 0.004713999999999885 1 1 0.7041420118343196 0.8516320474777448
375 0.004580600000000157 1 0 0.7100591715976331 0.8516320474777448
376 0.004621900000000068 0 0 0.7100591715976331 0.8516320474777448
377 0.004590700000000059 1 0 0.7159763313609467 0.8516320474777448
378 0.00453030000000032 1 1 0.7218934911242604 0.8545994065281899
379 0.00471010000000005 1 1 0.727810650887574 0.857566765578635
380 0.004660599999999793 1 0 0.7337278106508875 0.857566765578635
381 0.004715000000000025 0 1 0.7337278106508875 0.8605341246290801
382 0.0048224000000001155 0 0 0.7337278106508875 0.8605341246290801
383 0.004732100000000017 1 0 0.7396449704142012 0.8605341246290801
384 0.005227199999999765 1 0 0.7455621301775148 0.8605341246290801
385 0.004678900000000041 0 1 0.7455621301775148 0.8635014836795252
386 0.005039299999999969 1 1 0.7514792899408284 0.8664688427299704
387 0.00515920000000003 0 1 0.7514792899408284 0.8694362017804155
388 0.004900099999999963 1 0 0.757396449704142 0.8694362017804155
389 0.0049048000000002645 1 1 0.7633136094674556 0.8724035608308606
390 0.004908700000000099 0 0 0.7633136094674556 0.8724035608308606
391 0.0047018999999997035 0 0 0.7633136094674556 0.8724035608308606
392 0.0049258999999999276 1 1 0.7692307692307693 0.8753709198813057
393 0.004576600000000042 1 1 0.7751479289940828 0.8783382789317508
394 0.004705500000000029 1 1 0.7810650887573964 0.8813056379821959
395 0.005316600000000005 0 1 0.7810650887573964 0.884272997032641
396 0.005201100000000292 0 0 0.7810650887573964 0.884272997032641
397 0.00505090000000008 1 1 0.7869822485207101 0.887240356083086
398 0.004941200000000201 1 1 0.7928994082840237 0.8902077151335311
399 0.005222400000000071 0 0 0.7928994082840237 0.8902077151335311
400 0.005149400000000082 0 1 0.7928994082840237 0.8931750741839762
401 0.0051627000000000756 0 0 0.7928994082840237 0.8931750741839762
402 0.005049500000000151 0 0 0.7928994082840237 0.8931750741839762
403 0.005071099999999884 0 0 0.7928994082840237 0.8931750741839762
404 0.005150899999999847 0 0 0.7928994082840237 0.8931750741839762
405 0.004898499999999917 0 1 0.7928994082840237 0.8961424332344213
406 0.008518700000000212 0 0 0.7928994082840237 0.8961424332344213
407 0.0053410999999998765 0 0 0.7928994082840237 0.8961424332344213
408 0.0047351999999998284 1 0 0.7988165680473372 0.8961424332344213
409 0.004863300000000237 1 0 0.8047337278106509 0.8961424332344213
410 0.004727100000000206 0 0 0.8047337278106509 0.8961424332344213
411 0.004773699999999881 0 0 0.8047337278106509 0.8961424332344213
412 0.005029299999999903 0 0 0.8047337278106509 0.8961424332344213
413 0.004785999999999735 0 0 0.8047337278106509 0.8961424332344213
414 0.005069999999999908 1 0 0.8106508875739645 0.8961424332344213
415 0.005326300000000117 1 2 0.8165680473372781 0.9020771513353115
416 0.004799300000000173 1 2 0.8224852071005917 0.9080118694362018
417 0.00500659999999975 0 1 0.8224852071005917 0.9109792284866469
418 0.005076700000000045 0 0 0.8224852071005917 0.9109792284866469
419 0.005193400000000015 0 0 0.8224852071005917 0.9109792284866469
420 0.005059399999999936 0 0 0.8224852071005917 0.9109792284866469
421 0.005172699999999697 0 0 0.8224852071005917 0.9109792284866469
422 0.005263400000000029 0 0 0.8224852071005917 0.9109792284866469
423 0.005036400000000274 0 0 0.8224852071005917 0.9109792284866469
424 0.005248400000000153 0 0 0.8224852071005917 0.9109792284866469
425 0.005249000000000059 0 0 0.8224852071005917 0.9109792284866469
426 0.004847500000000338 0 0 0.8224852071005917 0.9109792284866469
427 0.005023800000000023 0 0 0.8224852071005917 0.9109792284866469
428 0.005186999999999831 1 0 0.8284023668639053 0.9109792284866469
429 0.005012500000000308 0 1 0.8284023668639053 0.913946587537092
430 0.005267400000000144 1 0 0.834319526627219 0.913946587537092
431 0.004937599999999875 0 1 0.834319526627219 0.9169139465875371
432 0.004917800000000305 0 0 0.834319526627219 0.9169139465875371
433 0.005076399999999648 0 0 0.834319526627219 0.9169139465875371
434 0.0049784000000001605 0 0 0.834319526627219 0.9169139465875371
435 0.004958199999999913 0 0 0.834319526627219 0.9169139465875371
436 0.005103099999999916 0 0 0.834319526627219 0.9169139465875371
437 0.005453999999999848 0 0 0.834319526627219 0.9169139465875371
438 0.004770099999999999 0 0 0.834319526627219 0.9169139465875371
439 0.004890800000000084 1 1 0.8402366863905325 0.9198813056379822
440 0.005061500000000052 0 0 0.8402366863905325 0.9198813056379822
441 0.004922599999999999 0 0 0.8402366863905325 0.9198813056379822
442 0.005043300000000084 0 0 0.8402366863905325 0.9198813056379822
443 0.005074500000000093 1 1 0.8461538461538461 0.9228486646884273
444 0.004930499999999949 1 1 0.8520710059171598 0.9258160237388724
445 0.005127100000000162 0 0 0.8520710059171598 0.9258160237388724
446 0.005053699999999939 0 0 0.8520710059171598 0.9258160237388724
447 0.005008300000000077 0 0 0.8520710059171598 0.9258160237388724
448 0.005009999999999959 0 0 0.8520710059171598 0.9258160237388724
449 0.0053992000000002704 0 0 0.8520710059171598 0.9258160237388724
450 0.005104600000000126 1 1 0.8579881656804734 0.9287833827893175
451 0.005122000000000071 0 0 0.8579881656804734 0.9287833827893175
452 0.0050912000000002955 0 0 0.8579881656804734 0.9287833827893175
453 0.004919399999999907 0 0 0.8579881656804734 0.9287833827893175
454 0.0051282999999999745 0 0 0.8579881656804734 0.9287833827893175
455 0.0053088000000003355 1 0 0.863905325443787 0.9287833827893175
456 0.0047912000000001065 0 0 0.863905325443787 0.9287833827893175
457 0.004888400000000015 1 1 0.8698224852071006 0.9317507418397626
458 0.004808500000000215 1 1 0.8757396449704142 0.9347181008902077
459 0.00497190000000014 1 0 0.8816568047337278 0.9347181008902077
460 0.004812600000000167 0 0 0.8816568047337278 0.9347181008902077
461 0.004944099999999896 0 0 0.8816568047337278 0.9347181008902077
462 0.005152300000000221 1 1 0.8875739644970414 0.9376854599406528
463 0.007169199999999876 0 0 0.8875739644970414 0.9376854599406528
464 0.005200700000000058 1 1 0.893491124260355 0.9406528189910979
465 0.004932399999999948 0 0 0.893491124260355 0.9406528189910979
466 0.004962299999999864 0 0 0.893491124260355 0.9406528189910979
467 0.005014000000000074 1 1 0.8994082840236687 0.9436201780415431
468 0.004917799999999861 0 0 0.8994082840236687 0.9436201780415431
469 0.004919800000000141 0 1 0.8994082840236687 0.9465875370919882
470 0.005218399999999956 1 1 0.9053254437869822 0.9495548961424333
471 0.005145599999999639 0 0 0.9053254437869822 0.9495548961424333
472 0.005103400000000313 0 0 0.9053254437869822 0.9495548961424333
473 0.004993900000000107 0 0 0.9053254437869822 0.9495548961424333
474 0.0073224999999998985 1 1 0.9112426035502958 0.9525222551928784
475 0.004926900000000067 0 0 0.9112426035502958 0.9525222551928784
476 0.005087999999999759 0 0 0.9112426035502958 0.9525222551928784
477 0.0051058999999997745 0 0 0.9112426035502958 0.9525222551928784
478 0.005011699999999841 1 1 0.9171597633136095 0.9554896142433235
479 0.0053122999999999365 0 0 0.9171597633136095 0.9554896142433235
480 0.004835299999999876 0 0 0.9171597633136095 0.9554896142433235
481 0.00558140000000007 0 0 0.9171597633136095 0.9554896142433235
482 0.00502199999999986 0 1 0.9171597633136095 0.9584569732937686
483 0.004852499999999704 0 0 0.9171597633136095 0.9584569732937686
484 0.00495739999999989 1 1 0.9230769230769231 0.9614243323442137
485 0.00515420000000022 0 0 0.9230769230769231 0.9614243323442137
486 0.0055554999999998245 0 0 0.9230769230769231 0.9614243323442137
487 0.004845700000000175 0 0 0.9230769230769231 0.9614243323442137
488 0.006358399999999875 0 0 0.9230769230769231 0.9614243323442137
489 0.008446299999999685 0 0 0.9230769230769231 0.9614243323442137
490 0.005364199999999819 0 0 0.9230769230769231 0.9614243323442137
491 0.005316699999999841 0 0 0.9230769230769231 0.9614243323442137
492 0.005423299999999909 0 0 0.9230769230769231 0.9614243323442137
493 0.005165399999999654 1 1 0.9289940828402367 0.9643916913946587
494 0.004968700000000048 1 0 0.9349112426035503 0.9643916913946587
495 0.005137599999999853 0 1 0.9349112426035503 0.9673590504451038
496 0.005215900000000051 0 0 0.9349112426035503 0.9673590504451038
497 0.0050072000000001005 1 1 0.9408284023668639 0.9703264094955489
498 0.0056627000000002425 0 0 0.9408284023668639 0.9703264094955489
499 0.005099399999999754 1 1 0.9467455621301775 0.973293768545994
500 0.005566299999999913 1 0 0.9526627218934911 0.973293768545994
501 0.0056066999999999645 0 1 0.9526627218934911 0.9762611275964391
502 0.0051730999999999305 0 0 0.9526627218934911 0.9762611275964391
503 0.005291699999999899 1 0 0.9585798816568047 0.9762611275964391
504 0.005552499999999849 0 0 0.9585798816568047 0.9762611275964391
505 0.005462599999999984 0 0 0.9585798816568047 0.9762611275964391
506 0.005763600000000313 0 0 0.9585798816568047 0.9762611275964391
507 0.005234299999999692 1 1 0.9644970414201184 0.9792284866468842
508 0.005138100000000367 0 0 0.9644970414201184 0.9792284866468842
509 0.0051296000000000674 1 1 0.9704142011834319 0.9821958456973294
510 0.005545499999999759 0 0 0.9704142011834319 0.9821958456973294
511 0.005119199999999768 0 0 0.9704142011834319 0.9821958456973294
512 0.005329800000000162 1 2 0.9763313609467456 0.9881305637982196
513 0.005402899999999988 1 1 0.9822485207100592 0.9910979228486647
514 0.004953200000000102 0 0 0.9822485207100592 0.9910979228486647
515 0.005039500000000086 0 0 0.9822485207100592 0.9910979228486647
516 0.005154899999999962 1 1 0.9881656804733728 0.9940652818991098
517 0.0052560000000001494 0 0 0.9881656804733728 0.9940652818991098
518 0.00543439999999995 0 0 0.9881656804733728 0.9940652818991098
519 0.005301499999999848 0 0 0.9881656804733728 0.9940652818991098
520 0.005795800000000018 1 0 0.9940828402366864 0.9940652818991098
521 0.0056962999999998765 0 0 0.9940828402366864 0.9940652818991098
522 0.005213599999999818 1 0 1.0 0.9940652818991098
523 0.00503650000000011 0 1 1.0 0.9970326409495549
524 0.005517000000000216 0 0 1.0 0.9970326409495549
525 0.005339300000000158 0 0 1.0 0.9970326409495549
526 0.005560400000000243 0 0 1.0 0.9970326409495549
527 0.005732800000000093 0 0 1.0 0.9970326409495549
528 0.005570000000000075 0 0 1.0 0.9970326409495549
529 0.005241999999999969 0 0 1.0 0.9970326409495549
530 0.005544100000000274 0 0 1.0 0.9970326409495549
531 0.005261400000000194 0 0 1.0 0.9970326409495549
532 0.00579760000000018 0 0 1.0 0.9970326409495549
533 0.0051826999999997625 0 1 1.0 1.0
