100 0.2 0.4
1 0.0020757000000000136 1 0 0.010101010101010102 0.5025380710659898
2 0.0020921999999999885 1 0 0.020202020202020204 0.5025380710659898
3 0.0020140000000000158 0 1 0.020202020202020204 0.5076142131979695
4 0.0021135999999999933 1 0 0.030303030303030304 0.5076142131979695
5 0.0020953999999999973 0 0 0.030303030303030304 0.5076142131979695
6 0.0021605999999999848 0 0 0.030303030303030304 0.5076142131979695
7 0.00201599999999999 0 0 0.030303030303030304 0.5076142131979695
8 0.0020903999999999923 0 0 0.030303030303030304 0.5076142131979695
9 0.00197230000000001 0 0 0.030303030303030304 0.5076142131979695
10 0.0021316999999999864 0 0 0.030303030303030304 0.5076142131979695
11 0.002098600000000006 0 0 0.030303030303030304 0.5076142131979695
12 0.0020525999999999878 0 0 0.030303030303030304 0.5076142131979695
13 0.002028099999999977 0 0 0.030303030303030304 0.5076142131979695
14 0.0019962000000000035 0 0 0.030303030303030304 0.5076142131979695
15 0.0019627999999999868 0 0 0.030303030303030304 0.5076142131979695
16 0.0020183000000000284 0 0 0.030303030303030304 0.5076142131979695
17 0.001995500000000039 1 0 0.04040404040404041 0.5076142131979695
18 0.0019492999999999872 0 0 0.04040404040404041 0.5076142131979695
19 0.002058100000000007 0 0 0.04040404040404041 0.5076142131979695
20 0.002115800000000001 0 0 0.04040404040404041 0.5076142131979695
21 0.0021383999999999848 0 0 0.04040404040404041 0.5076142131979695
22 0.0021876000000000118 0 1 0.04040404040404041 0.5126903553299492
23 0.0021296000000000093 0 0 0.04040404040404041 0.5126903553299492
24 0.0021169000000000326 0 0 0.04040404040404041 0.5126903553299492
25 0.0021915999999999602 1 0 0.050505050505050504 0.5126903553299492
26 0.002170100000000008 0 0 0.050505050505050504 0.5126903553299492
27 0.002178900000000039 0 0 0.050505050505050504 0.5126903553299492
28 0.002165499999999987 0 0 0.050505050505050504 0.5126903553299492
29 0.0021212999999999926 0 0 0.050505050505050504 0.5126903553299492
30 0.0020574000000000425 0 0 0.050505050505050504 0.5126903553299492
31 0.0020444000000000018 0 0 0.050505050505050504 0.5126903553299492
32 0.002719499999999986 0 0 0.050505050505050504 0.5126903553299492
33 0.002134199999999975 0 0 0.050505050505050504 0.5126903553299492
34 0.0021677999999999975 1 1 0.06060606060606061 0.5177664974619289
35 0.002067299999999994 0 1 0.06060606060606061 0.5228426395939086
36 0.002024199999999976 1 1 0.0707070707070707 0.5279187817258884
37 0.0020742999999999734 0 0 0.0707070707070707 0.5279187817258884
38 0.002036199999999988 0 0 0.0707070707070707 0.5279187817258884
39 0.0020102000000000175 0 0 0.0707070707070707 0.5279187817258884
40 0.0021317999999999615 1 0 0.08080808080808081 0.5279187817258884
41 0.0025613999999999915 0 0 0.08080808080808081 0.5279187817258884
42 0.002237900000000015 1 0 0.09090909090909091 0.5279187817258884
43 0.0022599999999999842 1 2 0.10101010101010101 0.5380710659898477
44 0.0023213999999999735 1 0 0.1111111111111111 0.5380710659898477
45 0.0022870999999999864 0 0 0.1111111111111111 0.5380710659898477
46 0.003190599999999988 0 0 0.1111111111111111 0.5380710659898477
47 0.002163000000000026 0 0 0.1111111111111111 0.5380710659898477
48 0.002325899999999992 0 0 0.1111111111111111 0.5380710659898477
49 0.00418029999999997 0 0 0.1111111111111111 0.5380710659898477
50 0.002899700000000005 0 0 0.1111111111111111 0.5380710659898477
51 0.0022480000000000278 0 1 0.1111111111111111 0.5431472081218274
52 0.002062499999999967 0 0 0.1111111111111111 0.5431472081218274
53 0.0020717000000000096 1 0 0.12121212121212122 0.5431472081218274
54 0.0022140999999999966 0 0 0.12121212121212122 0.5431472081218274
55 0.0020638000000000045 0 0 0.12121212121212122 0.5431472081218274
56 0.002121300000000048 0 1 0.12121212121212122 0.5482233502538071
57 0.0020587000000000244 0 0 0.12121212121212122 0.5482233502538071
58 0.002059000000000033 0 0 0.12121212121212122 0.5482233502538071
59 0.0029296999999999795 0 0 0.12121212121212122 0.5482233502538071
60 0.0024487999999999732 0 0 0.12121212121212122 0.5482233502538071
61 0.002249299999999954 0 1 0.12121212121212122 0.5532994923857868
62 0.0022100999999999926 0 0 0.12121212121212122 0.5532994923857868
63 0.00220509999999996 1 1 0.13131313131313133 0.5583756345177665
64 0.0022292999999999896 1 0 0.1414141414141414 0.5583756345177665
65 0.0021895999999999582 0 0 0.1414141414141414 0.5583756345177665
66 0.0022160999999999986 1 2 0.15151515151515152 0.5685279187817259
67 0.0021799999999999597 0 0 0.15151515151515152 0.5685279187817259
68 0.0021404999999999896 0 0 0.15151515151515152 0.5685279187817259
69 0.0021817000000000086 0 0 0.15151515151515152 0.5685279187817259
70 0.002209799999999984 0 0 0.15151515151515152 0.5685279187817259
71 0.002302599999999988 0 0 0.15151515151515152 0.5685279187817259
72 0.0022232000000000363 0 0 0.15151515151515152 0.5685279187817259
73 0.0021725000000000216 0 1 0.15151515151515152 0.5736040609137056
74 0.0022926000000000335 0 0 0.15151515151515152 0.5736040609137056
75 0.00213260000000004 0 0 0.15151515151515152 0.5736040609137056
76 0.0021799000000000124 0 0 0.15151515151515152 0.5736040609137056
77 0.0023878999999999984 0 0 0.15151515151515152 0.5736040609137056
78 0.0021897000000000166 0 0 0.15151515151515152 0.5736040609137056
79 0.0022291000000000394 0 0 0.15151515151515152 0.5736040609137056
80 0.0029537000000000035 0 0 0.15151515151515152 0.5736040609137056
81 0.0023865000000000136 1 0 0.16161616161616163 0.5736040609137056
82 0.0022227999999999692 0 0 0.16161616161616163 0.5736040609137056
83 0.002221099999999976 0 0 0.16161616161616163 0.5736040609137056
84 0.0021177 0 0 0.16161616161616163 0.5736040609137056
85 0.0021195999999999993 1 0 0.1717171717171717 0.5736040609137056
86 0.00220210000000004 0 0 0.1717171717171717 0.5736040609137056
87 0.002332500000000015 0 0 0.1717171717171717 0.5736040609137056
88 0.002163399999999982 1 0 0.18181818181818182 0.5736040609137056
89 0.0022322000000000175 0 1 0.18181818181818182 0.5786802030456852
90 0.0022140999999999966 1 0 0.1919191919191919 0.5786802030456852
91 0.002313500000000024 0 1 0.1919191919191919 0.583756345177665
92 0.0023464000000000262 1 1 0.20202020202020202 0.5888324873096447
93 0.0023212000000000232 0 0 0.20202020202020202 0.5888324873096447
94 0.002471100000000004 1 1 0.21212121212121213 0.5939086294416244
95 0.0022028000000000048 0 0 0.21212121212121213 0.5939086294416244
96 0.002347700000000008 0 0 0.21212121212121213 0.5939086294416244
97 0.002675999999999956 0 0 0.21212121212121213 0.5939086294416244
98 0.0022941999999999685 1 0 0.2222222222222222 0.5939086294416244
99 0.002129800000000015 0 0 0.2222222222222222 0.5939086294416244
100 0.0023360000000000047 0 1 0.2222222222222222 0.5989847715736041
101 0.0022960999999999676 1 0 0.23232323232323232 0.5989847715736041
102 0.0022343000000000224 0 0 0.23232323232323232 0.5989847715736041
103 0.0023442000000000185 0 1 0.23232323232323232 0.6040609137055838
104 0.002243700000000015 1 1 0.24242424242424243 0.6091370558375635
105 0.002300699999999989 0 1 0.24242424242424243 0.6142131979695431
106 0.002666999999999975 1 0 0.25252525252525254 0.6142131979695431
107 0.0024391999999999747 0 0 0.25252525252525254 0.6142131979695431
108 0.0022595000000000254 0 0 0.25252525252525254 0.6142131979695431
109 0.002438600000000013 1 1 0.26262626262626265 0.6192893401015228
110 0.0023059999999999747 0 0 0.26262626262626265 0.6192893401015228
111 0.0023423000000000194 0 0 0.26262626262626265 0.6192893401015228
112 0.0022644999999998916 0 0 0.26262626262626265 0.6192893401015228
113 0.0024083999999999772 0 0 0.26262626262626265 0.6192893401015228
114 0.0023298000000000485 0 0 0.26262626262626265 0.6192893401015228
115 0.0021752000000000438 0 0 0.26262626262626265 0.6192893401015228
116 0.0023404000000000202 0 0 0.26262626262626265 0.6192893401015228
117 0.0024197000000000246 0 0 0.26262626262626265 0.6192893401015228
118 0.002352100000000079 0 0 0.26262626262626265 0.6192893401015228
119 0.002498200000000006 0 0 0.26262626262626265 0.6192893401015228
120 0.002189899999999967 0 1 0.26262626262626265 0.6243654822335025
121 0.002348899999999987 1 0 0.2727272727272727 0.6243654822335025
122 0.002282699999999971 0 0 0.2727272727272727 0.6243654822335025
123 0.002200900000000061 0 1 0.2727272727272727 0.6294416243654822
124 0.002434999999999965 1 0 0.2828282828282828 0.6294416243654822
125 0.002302200000000032 0 0 0.2828282828282828 0.6294416243654822
126 0.002469400000000066 0 0 0.2828282828282828 0.6294416243654822
127 0.0023741000000000456 0 0 0.2828282828282828 0.6294416243654822
128 0.002363000000000004 0 0 0.2828282828282828 0.6294416243654822
129 0.002292900000000042 0 0 0.2828282828282828 0.6294416243654822
130 0.0023480000000000167 0 0 0.2828282828282828 0.6294416243654822
131 0.0021617999999999915 0 0 0.2828282828282828 0.6294416243654822
132 0.0023731999999999642 0 1 0.2828282828282828 0.6345177664974619
133 0.0024191000000000074 0 0 0.2828282828282828 0.6345177664974619
134 0.0021567000000000114 0 0 0.2828282828282828 0.6345177664974619
135 0.0022516999999999676 1 1 0.29292929292929293 0.6395939086294417
136 0.002292900000000042 0 0 0.29292929292929293 0.6395939086294417
137 0.0022735999999999867 0 0 0.29292929292929293 0.6395939086294417
138 0.0024929999999999675 0 0 0.29292929292929293 0.6395939086294417
139 0.00235950000000007 0 0 0.29292929292929293 0.6395939086294417
140 0.0023047999999999957 0 0 0.29292929292929293 0.6395939086294417
141 0.0023068000000000533 1 0 0.30303030303030304 0.6395939086294417
142 0.0022915999999999492 0 0 0.30303030303030304 0.6395939086294417
143 0.0022818000000000005 0 0 0.30303030303030304 0.6395939086294417
144 0.0023698000000000885 0 0 0.30303030303030304 0.6395939086294417
145 0.0023511999999999977 0 0 0.30303030303030304 0.6395939086294417
146 0.002363800000000027 0 0 0.30303030303030304 0.6395939086294417
147 0.0024054999999999493 1 1 0.31313131313131315 0.6446700507614214
148 0.0023580000000000823 0 0 0.31313131313131315 0.6446700507614214
149 0.0024009999999999865 0 0 0.31313131313131315 0.6446700507614214
150 0.0023739999999999872 0 0 0.31313131313131315 0.6446700507614214
151 0.0022544000000001008 0 0 0.31313131313131315 0.6446700507614214
152 0.0024191000000000074 0 0 0.31313131313131315 0.6446700507614214
153 0.0023931999999999842 0 0 0.31313131313131315 0.6446700507614214
154 0.002801100000000001 0 0 0.31313131313131315 0.6446700507614214
155 0.002414999999999945 0 0 0.31313131313131315 0.6446700507614214
156 0.0023840000000000527 0 0 0.31313131313131315 0.6446700507614214
157 0.0022188000000000763 0 0 0.31313131313131315 0.6446700507614214
158 0.0022663000000000544 0 0 0.31313131313131315 0.6446700507614214
159 0.002515299999999998 1 0 0.32323232323232326 0.6446700507614214
160 0.0022136000000000378 0 0 0.32323232323232326 0.6446700507614214
161 0.002206999999999959 0 0 0.32323232323232326 0.6446700507614214
162 0.0025180999999999676 0 0 0.32323232323232326 0.6446700507614214
163 0.002256599999999942 0 1 0.32323232323232326 0.649746192893401
164 0.0021961999999999815 0 0 0.32323232323232326 0.649746192893401
165 0.002356099999999972 0 1 0.32323232323232326 0.6548223350253807
166 0.002354699999999932 0 0 0.32323232323232326 0.6548223350253807
167 0.0023364999999999636 1 1 0.3333333333333333 0.6598984771573604
168 0.0022583000000000464 0 0 0.3333333333333333 0.6598984771573604
169 0.002255000000000007 0 0 0.3333333333333333 0.6598984771573604
170 0.0023980000000000112 0 1 0.3333333333333333 0.6649746192893401
171 0.0023126999999999454 0 0 0.3333333333333333 0.6649746192893401
172 0.002316100000000043 0 0 0.3333333333333333 0.6649746192893401
173 0.0023056000000000187 0 0 0.3333333333333333 0.6649746192893401
174 0.0022045000000000536 0 0 0.3333333333333333 0.6649746192893401
175 0.0023370000000000335 0 0 0.3333333333333333 0.6649746192893401
176 0.002260099999999987 0 0 0.3333333333333333 0.6649746192893401
177 0.0022830999999999824 0 0 0.3333333333333333 0.6649746192893401
178 0.002228299999999961 0 0 0.3333333333333333 0.6649746192893401
179 0.002308899999999947 0 0 0.3333333333333333 0.6649746192893401
180 0.0022153999999999785 0 0 0.3333333333333333 0.6649746192893401
181 0.0022484000000000393 0 0 0.3333333333333333 0.6649746192893401
182 0.002396100000000012 0 0 0.3333333333333333 0.6649746192893401
183 0.0024308000000000662 0 0 0.3333333333333333 0.6649746192893401
184 0.002375799999999928 1 0 0.3434343434343434 0.6649746192893401
185 0.0022933000000000536 0 0 0.3434343434343434 0.6649746192893401
186 0.002498700000000076 1 0 0.35353535353535354 0.6649746192893401
187 0.0024901000000000506 0 1 0.35353535353535354 0.6700507614213198
188 0.0025050000000000905 0 0 0.35353535353535354 0.6700507614213198
189 0.0022056000000000298 0 0 0.35353535353535354 0.6700507614213198
190 0.002479499999999968 0 0 0.35353535353535354 0.6700507614213198
191 0.0024236000000000812 0 0 0.35353535353535354 0.6700507614213198
192 0.0022284000000000193 0 0 0.35353535353535354 0.6700507614213198
193 0.002473199999999953 1 0 0.36363636363636365 0.6700507614213198
194 0.0023737999999999815 0 1 0.36363636363636365 0.6751269035532995
195 0.002257399999999965 0 0 0.36363636363636365 0.6751269035532995
196 0.0024596999999999536 0 0 0.36363636363636365 0.6751269035532995
197 0.0023703999999999947 1 0 0.37373737373737376 0.6751269035532995
198 0.00245289999999998 0 0 0.37373737373737376 0.6751269035532995
199 0.002357399999999954 0 0 0.37373737373737376 0.6751269035532995
200 0.002420599999999995 0 1 0.37373737373737376 0.6802030456852792
201 0.0024899999999999922 0 0 0.37373737373737376 0.6802030456852792
202 0.0024408000000000207 0 0 0.37373737373737376 0.6802030456852792
203 0.00233899999999998 0 0 0.37373737373737376 0.6802030456852792
204 0.0024686999999999903 0 0 0.37373737373737376 0.6802030456852792
205 0.0023313999999999835 0 0 0.37373737373737376 0.6802030456852792
206 0.002451800000000004 0 0 0.37373737373737376 0.6802030456852792
207 0.002450200000000069 0 0 0.37373737373737376 0.6802030456852792
208 0.0023585999999999885 0 0 0.37373737373737376 0.6802030456852792
209 0.0023148000000000613 0 0 0.37373737373737376 0.6802030456852792
210 0.003840100000000013 1 0 0.3838383838383838 0.6802030456852792
211 0.0025184000000000317 1 0 0.3939393939393939 0.6802030456852792
212 0.0025063000000000724 0 0 0.3939393939393939 0.6802030456852792
213 0.0025670999999999333 0 0 0.3939393939393939 0.6802030456852792
214 0.002811800000000031 0 0 0.3939393939393939 0.6802030456852792
215 0.0023042000000000895 0 0 0.3939393939393939 0.6802030456852792
216 0.0022332000000000463 1 1 0.40404040404040403 0.6852791878172588
217 0.0023727000000000054 0 0 0.40404040404040403 0.6852791878172588
218 0.002530799999999944 1 1 0.41414141414141414 0.6903553299492385
219 0.0024062999999999723 0 0 0.41414141414141414 0.6903553299492385
220 0.0024367000000000694 0 0 0.41414141414141414 0.6903553299492385
221 0.0024849999999999595 0 0 0.41414141414141414 0.6903553299492385
222 0.002417900000000084 1 1 0.42424242424242425 0.6954314720812182
223 0.0023824000000000067 0 0 0.42424242424242425 0.6954314720812182
224 0.0023320000000000007 0 0 0.42424242424242425 0.6954314720812182
225 0.0024332999999999716 0 1 0.42424242424242425 0.700507614213198
226 0.002320299999999942 0 0 0.42424242424242425 0.700507614213198
227 0.0027300999999999576 1 0 0.43434343434343436 0.700507614213198
228 0.0025766999999999873 0 0 0.43434343434343436 0.700507614213198
229 0.0025228000000000472 0 0 0.43434343434343436 0.700507614213198
230 0.002523500000000012 0 0 0.43434343434343436 0.700507614213198
231 0.002554700000000021 0 0 0.43434343434343436 0.700507614213198
232 0.0025253000000000636 0 2 0.43434343434343436 0.7106598984771574
233 0.0023195999999999772 1 0 0.4444444444444444 0.7106598984771574
234 0.002566200000000074 0 0 0.4444444444444444 0.7106598984771574
235 0.0025418000000000385 1 0 0.45454545454545453 0.7106598984771574
236 0.0026753999999999944 0 0 0.45454545454545453 0.7106598984771574
237 0.002477900000000033 0 1 0.45454545454545453 0.7157360406091371
238 0.0023961999999999595 0 0 0.45454545454545453 0.7157360406091371
239 0.002652300000000052 0 0 0.45454545454545453 0.7157360406091371
240 0.0023845000000000116 0 1 0.45454545454545453 0.7208121827411168
241 0.0024343000000000004 0 0 0.45454545454545453 0.7208121827411168
242 0.002540100000000045 0 0 0.45454545454545453 0.7208121827411168
243 0.002437400000000034 1 0 0.46464646464646464 0.7208121827411168
244 0.002430500000000002 0 0 0.46464646464646464 0.7208121827411168
245 0.0025778000000000745 0 0 0.46464646464646464 0.7208121827411168
246 0.0022889999999999855 0 0 0.46464646464646464 0.7208121827411168
247 0.0024037000000000086 0 1 0.46464646464646464 0.7258883248730964
248 0.0023596000000000172 0 0 0.46464646464646464 0.7258883248730964
249 0.0024990999999999763 0 0 0.46464646464646464 0.7258883248730964
250 0.0024708999999999426 0 0 0.46464646464646464 0.7258883248730964
251 0.0024376000000000397 0 0 0.46464646464646464 0.7258883248730964
252 0.0023349000000000286 0 0 0.46464646464646464 0.7258883248730964
253 0.002460600000000035 0 0 0.46464646464646464 0.7258883248730964
254 0.002644100000000038 0 0 0.46464646464646464 0.7258883248730964
255 0.002573900000000018 0 0 0.46464646464646464 0.7258883248730964
256 0.002545400000000031 0 0 0.46464646464646464 0.7258883248730964
257 0.002506700000000084 0 0 0.46464646464646464 0.7258883248730964
258 0.002805100000000005 0 0 0.46464646464646464 0.7258883248730964
259 0.0026040000000000507 0 0 0.46464646464646464 0.7258883248730964
260 0.002504100000000009 0 1 0.46464646464646464 0.7309644670050761
261 0.0025382999999999933 1 1 0.47474747474747475 0.7360406091370558
262 0.0025799000000000794 1 0 0.48484848484848486 0.7360406091370558
263 0.0025100000000000122 1 1 0.494949494949495 0.7411167512690355
264 0.002382799999999907 1 1 0.5050505050505051 0.7461928934010152
265 0.002420100000000036 0 0 0.5050505050505051 0.7461928934010152
266 0.0024813000000000196 0 0 0.5050505050505051 0.7461928934010152
267 0.002871599999999974 0 0 0.5050505050505051 0.7461928934010152
268 0.0025167999999999857 1 0 0.5151515151515151 0.7461928934010152
269 0.0024584000000000827 0 0 0.5151515151515151 0.7461928934010152
270 0.002702500000000052 0 0 0.5151515151515151 0.7461928934010152
271 0.002496900000000024 0 0 0.5151515151515151 0.7461928934010152
272 0.0024872000000000227 0 1 0.5151515151515151 0.751269035532995
273 0.002507799999999949 0 0 0.5151515151515151 0.751269035532995
274 0.002380900000000019 0 0 0.5151515151515151 0.751269035532995
275 0.0025916999999999746 0 0 0.5151515151515151 0.751269035532995
276 0.002701899999999924 0 0 0.5151515151515151 0.751269035532995
277 0.0025620000000000642 0 0 0.5151515151515151 0.751269035532995
278 0.00231899999999996 0 0 0.5151515151515151 0.751269035532995
279 0.002670200000000067 1 0 0.5252525252525253 0.751269035532995
280 0.0024287999999998977 1 0 0.5353535353535354 0.751269035532995
281 0.0025332999999999606 1 1 0.5454545454545454 0.7563451776649747
282 0.0025340000000000362 0 0 0.5454545454545454 0.7563451776649747
283 0.002512100000000017 0 0 0.5454545454545454 0.7563451776649747
284 0.0027236999999999956 0 0 0.5454545454545454 0.7563451776649747
285 0.002680600000000033 1 1 0.5555555555555556 0.7614213197969543
286 0.0025797000000000736 0 1 0.5555555555555556 0.766497461928934
287 0.0026287000000000393 0 1 0.5555555555555556 0.7715736040609137
288 0.002612399999999959 0 0 0.5555555555555556 0.7715736040609137
289 0.002473199999999953 1 0 0.5656565656565656 0.7715736040609137
290 0.002526499999999987 0 0 0.5656565656565656 0.7715736040609137
291 0.002761399999999914 0 0 0.5656565656565656 0.7715736040609137
292 0.002763299999999913 0 0 0.5656565656565656 0.7715736040609137
293 0.0027430999999999983 0 0 0.5656565656565656 0.7715736040609137
294 0.0035028999999999755 0 0 0.5656565656565656 0.7715736040609137
295 0.0026912000000000047 1 1 0.5757575757575758 0.7766497461928934
296 0.0026057999999999915 0 0 0.5757575757575758 0.7766497461928934
297 0.002589699999999917 1 1 0.5858585858585859 0.7817258883248731
298 0.0035382999999999942 1 0 0.5959595959595959 0.7817258883248731
299 0.003672899999999979 0 0 0.5959595959595959 0.7817258883248731
300 0.0035528000000000226 0 1 0.5959595959595959 0.7868020304568528
301 0.002586999999999895 0 1 0.5959595959595959 0.7918781725888325
302 0.0025101000000000706 0 0 0.5959595959595959 0.7918781725888325
303 0.002515299999999998 0 0 0.5959595959595959 0.7918781725888325
304 0.002628900000000156 0 0 0.5959595959595959 0.7918781725888325
305 0.0027388999999999886 0 0 0.5959595959595959 0.7918781725888325
306 0.002671799999999891 0 0 0.5959595959595959 0.7918781725888325
307 0.0026599000000000483 1 1 0.6060606060606061 0.7969543147208121
308 0.0024916999999999856 0 0 0.6060606060606061 0.7969543147208121
309 0.0026885000000000936 0 0 0.6060606060606061 0.7969543147208121
310 0.00264540000000002 0 0 0.6060606060606061 0.7969543147208121
311 0.003632399999999869 0 0 0.6060606060606061 0.7969543147208121
312 0.0035222999999999782 0 0 0.6060606060606061 0.7969543147208121
313 0.002667599999999881 0 0 0.6060606060606061 0.7969543147208121
314 0.002684599999999815 0 0 0.6060606060606061 0.7969543147208121
315 0.002593199999999962 1 1 0.6161616161616161 0.8020304568527918
316 0.0025021000000000626 0 0 0.6161616161616161 0.8020304568527918
317 0.002464099999999858 0 0 0.6161616161616161 0.8020304568527918
318 0.002795500000000173 0 0 0.6161616161616161 0.8020304568527918
319 0.0027740999999998905 0 0 0.6161616161616161 0.8020304568527918
320 0.002489399999999975 0 0 0.6161616161616161 0.8020304568527918
321 0.003232899999999983 0 0 0.6161616161616161 0.8020304568527918
322 0.0027024000000002157 0 0 0.6161616161616161 0.8020304568527918
323 0.0026778999999999 0 0 0.6161616161616161 0.8020304568527918
324 0.002866799999999836 1 1 0.6262626262626263 0.8071065989847716
325 0.002812099999999873 0 0 0.6262626262626263 0.8071065989847716
326 0.0026904000000000927 1 0 0.6363636363636364 0.8071065989847716
327 0.0027272000000000407 0 0 0.6363636363636364 0.8071065989847716
328 0.002657899999999991 0 0 0.6363636363636364 0.8071065989847716
329 0.002604599999999957 0 0 0.6363636363636364 0.8071065989847716
330 0.002632900000000049 0 0 0.6363636363636364 0.8071065989847716
331 0.0026516000000000872 0 0 0.6363636363636364 0.8071065989847716
332 0.0028365000000001306 0 0 0.6363636363636364 0.8071065989847716
333 0.002719499999999986 0 0 0.6363636363636364 0.8071065989847716
334 0.0028260999999998315 0 0 0.6363636363636364 0.8071065989847716
335 0.0024920000000001608 0 0 0.6363636363636364 0.8071065989847716
336 0.0028360000000000607 0 0 0.6363636363636364 0.8071065989847716
337 0.002759500000000026 0 0 0.6363636363636364 0.8071065989847716
338 0.002769999999999939 1 2 0.6464646464646465 0.817258883248731
339 0.002818999999999905 0 0 0.6464646464646465 0.817258883248731
340 0.00306200000000012 0 0 0.6464646464646465 0.817258883248731
341 0.0026226000000000305 1 1 0.6565656565656566 0.8223350253807107
342 0.0028983999999998566 1 1 0.6666666666666666 0.8274111675126904
343 0.00507919999999995 0 0 0.6666666666666666 0.8274111675126904
344 0.00488489999999997 0 0 0.6666666666666666 0.8274111675126904
345 0.003063000000000038 0 0 0.6666666666666666 0.8274111675126904
346 0.00265979999999999 0 0 0.6666666666666666 0.8274111675126904
347 0.002871300000000021 0 0 0.6666666666666666 0.8274111675126904
348 0.0027397000000000116 0 1 0.6666666666666666 0.8324873096446701
349 0.0027871999999999897 0 0 0.6666666666666666 0.8324873096446701
350 0.002741099999999941 0 0 0.6666666666666666 0.8324873096446701
351 0.0027726999999999613 1 1 0.6767676767676768 0.8375634517766497
352 0.0026615000000000943 0 0 0.6767676767676768 0.8375634517766497
353 0.002625099999999936 0 0 0.6767676767676768 0.8375634517766497
354 0.0033927000000000263 0 0 0.6767676767676768 0.8375634517766497
355 0.00290250000000003 0 0 0.6767676767676768 0.8375634517766497
356 0.002762699999999896 0 0 0.6767676767676768 0.8375634517766497
357 0.0029662999999999773 0 0 0.6767676767676768 0.8375634517766497
358 0.00260590000000005 0 0 0.6767676767676768 0.8375634517766497
359 0.002775799999999995 0 0 0.6767676767676768 0.8375634517766497
360 0.0027540999999999816 0 0 0.6767676767676768 0.8375634517766497
361 0.003432600000000008 0 0 0.6767676767676768 0.8375634517766497
362 0.002947600000000161 0 0 0.6767676767676768 0.8375634517766497
363 0.003367300000000073 0 0 0.6767676767676768 0.8375634517766497
364 0.0027164999999997885 0 0 0.6767676767676768 0.8375634517766497
365 0.0026513999999999704 0 0 0.6767676767676768 0.8375634517766497
366 0.002648299999999937 0 0 0.6767676767676768 0.8375634517766497
367 0.002550200000000169 0 0 0.6767676767676768 0.8375634517766497
368 0.0029328000000001797 1 0 0.6868686868686869 0.8375634517766497
369 0.002753200000000122 1 0 0.696969696969697 0.8375634517766497
370 0.0026663000000000103 0 0 0.696969696969697 0.8375634517766497
371 0.0026142999999998473 0 0 0.696969696969697 0.8375634517766497
372 0.0025958999999999843 0 0 0.696969696969697 0.8375634517766497
373 0.00264120000000001 0 0 0.696969696969697 0.8375634517766497
374 0.002605700000000155 0 0 0.696969696969697 0.8375634517766497
375 0.0027071999999999097 0 1 0.696969696969697 0.8426395939086294
376 0.0026476000000001942 1 1 0.7070707070707071 0.8477157360406091
377 0.0027517000000001346 1 1 0.7171717171717171 0.8527918781725888
378 0.0026516000000000872 0 0 0.7171717171717171 0.8527918781725888
379 0.0027495999999997967 1 1 0.7272727272727273 0.8578680203045685
380 0.0028306000000000164 0 0 0.7272727272727273 0.8578680203045685
381 0.0026359999999998607 1 1 0.7373737373737373 0.8629441624365483
382 0.002575299999999947 1 0 0.7474747474747475 0.8629441624365483
383 0.002819600000000033 0 0 0.7474747474747475 0.8629441624365483
384 0.002778199999999842 0 0 0.7474747474747475 0.8629441624365483
385 0.002909400000000062 0 0 0.7474747474747475 0.8629441624365483
386 0.002639300000000011 0 0 0.7474747474747475 0.8629441624365483
387 0.0026169999999998694 0 1 0.7474747474747475 0.868020304568528
388 0.0037859000000000087 0 0 0.7474747474747475 0.868020304568528
389 0.0026663000000000103 0 0 0.7474747474747475 0.868020304568528
390 0.002936599999999956 0 0 0.7474747474747475 0.868020304568528
391 0.0028527000000000413 0 0 0.7474747474747475 0.868020304568528
392 0.002906800000000098 0 0 0.7474747474747475 0.868020304568528
393 0.002795300000000056 0 0 0.7474747474747475 0.868020304568528
394 0.0026383999999999297 0 0 0.7474747474747475 0.868020304568528
395 0.004512199999999966 0 0 0.7474747474747475 0.868020304568528
396 0.002898700000000032 1 1 0.7575757575757576 0.8730964467005076
397 0.0030822999999999823 0 0 0.7575757575757576 0.8730964467005076
398 0.002881899999999993 0 0 0.7575757575757576 0.8730964467005076
399 0.00299259999999979 1 1 0.7676767676767676 0.8781725888324873
400 0.002862200000000037 0 0 0.7676767676767676 0.8781725888324873
401 0.002993699999999988 0 0 0.7676767676767676 0.8781725888324873
402 0.0031087000000000753 0 0 0.7676767676767676 0.8781725888324873
403 0.0029429000000000816 0 0 0.7676767676767676 0.8781725888324873
404 0.0031162000000000134 0 0 0.7676767676767676 0.8781725888324873
405 0.002613399999999988 0 0 0.7676767676767676 0.8781725888324873
406 0.002763599999999977 0 1 0.7676767676767676 0.883248730964467
407 0.002737400000000001 1 0 0.7777777777777778 0.883248730964467
408 0.002785400000000049 1 1 0.7878787878787878 0.8883248730964467
409 0.0026493000000000766 1 1 0.797979797979798 0.8934010152284264
410 0.003776699999999966 0 0 0.797979797979798 0.8934010152284264
411 0.0036160999999999 0 0 0.797979797979798 0.8934010152284264
412 0.0034647000000000983 0 0 0.797979797979798 0.8934010152284264
413 0.003800100000000084 0 0 0.797979797979798 0.8934010152284264
414 0.0030135999999998386 0 0 0.797979797979798 0.8934010152284264
415 0.002679799999999899 0 0 0.797979797979798 0.8934010152284264
416 0.0026425999999999394 0 1 0.797979797979798 0.8984771573604061
417 0.002761199999999908 0 0 0.797979797979798 0.8984771573604061
418 0.002696099999999868 0 0 0.797979797979798 0.8984771573604061
419 0.0028501000000000776 1 0 0.8080808080808081 0.8984771573604061
420 0.0027775000000000993 1 2 0.8181818181818182 0.9086294416243654
421 0.0032910999999999913 1 1 0.8282828282828283 0.9137055837563451
422 0.0026184000000000207 0 0 0.8282828282828283 0.9137055837563451
423 0.0027695000000000913 0 0 0.8282828282828283 0.9137055837563451
424 0.0028345999999999094 0 0 0.8282828282828283 0.9137055837563451
425 0.00393179999999993 0 0 0.8282828282828283 0.9137055837563451
426 0.003752100000000036 0 0 0.8282828282828283 0.9137055837563451
427 0.0039527999999999786 0 0 0.8282828282828283 0.9137055837563451
428 0.0038162999999999947 0 0 0.8282828282828283 0.9137055837563451
429 0.0038685000000000525 0 0 0.8282828282828283 0.9137055837563451
430 0.0035746000000000944 0 0 0.8282828282828283 0.9137055837563451
431 0.003912399999999927 0 0 0.8282828282828283 0.9137055837563451
432 0.0028327999999999687 1 0 0.8383838383838383 0.9137055837563451
433 0.0030022999999999023 0 1 0.8383838383838383 0.9187817258883249
434 0.00394569999999983 0 0 0.8383838383838383 0.9187817258883249
435 0.0038553999999999533 1 0 0.8484848484848485 0.9187817258883249
436 0.003961899999999963 0 0 0.8484848484848485 0.9187817258883249
437 0.003797499999999898 0 0 0.8484848484848485 0.9187817258883249
438 0.003998699999999911 0 0 0.8484848484848485 0.9187817258883249
439 0.003879299999999919 0 0 0.8484848484848485 0.9187817258883249
440 0.0037707000000000157 0 0 0.8484848484848485 0.9187817258883249
441 0.0028649999999998954 0 0 0.8484848484848485 0.9187817258883249
442 0.002952100000000124 1 0 0.8585858585858586 0.9187817258883249
443 0.003015600000000118 1 0 0.8686868686868687 0.9187817258883249
444 0.0027956999999998455 0 0 0.8686868686868687 0.9187817258883249
445 0.0027772999999999826 0 0 0.8686868686868687 0.9187817258883249
446 0.0030541000000001706 1 1 0.8787878787878788 0.9238578680203046
447 0.0031521999999999384 0 2 0.8787878787878788 0.934010152284264
448 0.0030802999999999248 0 0 0.8787878787878788 0.934010152284264
449 0.002717999999999998 0 0 0.8787878787878788 0.934010152284264
450 0.0028466000000000324 0 1 0.8787878787878788 0.9390862944162437
451 0.002751799999999971 1 1 0.8888888888888888 0.9441624365482234
452 0.0028038999999999703 1 0 0.898989898989899 0.9441624365482234
453 0.0032654999999999212 0 0 0.898989898989899 0.9441624365482234
454 0.0029708999999999985 0 0 0.898989898989899 0.9441624365482234
455 0.003138000000000085 0 0 0.898989898989899 0.9441624365482234
456 0.002960300000000027 0 0 0.898989898989899 0.9441624365482234
457 0.0030305999999999944 1 0 0.9090909090909091 0.9441624365482234
458 0.0029223000000000443 1 0 0.9191919191919192 0.9441624365482234
459 0.002765699999999871 0 1 0.9191919191919192 0.949238578680203
460 0.003114999999999979 1 0 0.9292929292929293 0.949238578680203
461 0.0030943999999999416 0 1 0.9292929292929293 0.9543147208121827
462 0.002885100000000085 0 0 0.9292929292929293 0.9543147208121827
463 0.0030675000000000008 0 0 0.9292929292929293 0.9543147208121827
464 0.002908899999999992 1 1 0.9393939393939394 0.9593908629441624
465 0.002850000000000019 0 0 0.9393939393939394 0.9593908629441624
466 0.0030392000000001307 0 0 0.9393939393939394 0.9593908629441624
467 0.00296110000000005 0 0 0.9393939393939394 0.9593908629441624
468 0.002869199999999905 0 0 0.9393939393939394 0.9593908629441624
469 0.002835500000000213 0 0 0.9393939393939394 0.9593908629441624
470 0.002859799999999968 0 0 0.9393939393939394 0.9593908629441624
471 0.0028353999999999324 1 0 0.9494949494949495 0.9593908629441624
472 0.0028799999999999937 0 0 0.9494949494949495 0.9593908629441624
473 0.0031452999999999065 0 0 0.9494949494949495 0.9593908629441624
474 0.003155800000000042 1 1 0.9595959595959596 0.9644670050761421
475 0.00308110000000017 0 1 0.9595959595959596 0.9695431472081218
476 0.0030266999999999378 0 0 0.9595959595959596 0.9695431472081218
477 0.003186200000000028 1 2 0.9696969696969697 0.9796954314720813
478 0.002949999999999786 0 0 0.9696969696969697 0.9796954314720813
479 0.0034856000000000886 0 0 0.9696969696969697 0.9796954314720813
480 0.0031818999999999598 0 0 0.9696969696969697 0.9796954314720813
481 0.003095300000000023 0 0 0.9696969696969697 0.9796954314720813
482 0.003050999999999915 0 1 0.9696969696969697 0.9847715736040609
483 0.0034580999999997974 1 0 0.9797979797979798 0.9847715736040609
484 0.003038499999999944 1 1 0.98989898989899 0.9898477157360406
485 0.0037274999999998837 0 0 0.98989898989899 0.9898477157360406
486 0.002998800000000079 0 0 0.98989898989899 0.9898477157360406
487 0.0030970999999999638 0 0 0.98989898989899 0.9898477157360406
488 0.0031828999999998775 0 0 0.98989898989899 0.9898477157360406
489 0.0028207000000000093 0 0 0.98989898989899 0.9898477157360406
490 0.0029742999999999853 1 0 1.0 0.9898477157360406
491 0.002970000000000139 0 0 1.0 0.9898477157360406
492 0.0030314000000000174 0 0 1.0 0.9898477157360406
493 0.002959600000000062 0 1 1.0 0.9949238578680203
494 0.0030599000000000043 0 1 1.0 1.0
