50 0.6 1.0
1 0.0009891999999999956 0 0 0.0 0.5051546391752577
2 0.001982600000000001 0 0 0.0 0.5051546391752577
3 0.0009213000000000138 0 0 0.0 0.5051546391752577
4 0.0009212000000000109 1 0 0.02040816326530612 0.5051546391752577
5 0.0010842000000000074 0 0 0.02040816326530612 0.5051546391752577
6 0.0009601999999999944 0 0 0.02040816326530612 0.5051546391752577
7 0.0010888000000000009 1 1 0.04081632653061224 0.5154639175257731
8 0.0018269999999999953 0 0 0.04081632653061224 0.5154639175257731
9 0.0013818999999999915 0 0 0.04081632653061224 0.5154639175257731
10 0.001143299999999986 1 1 0.061224489795918366 0.5257731958762887
11 0.0010397000000000045 0 0 0.061224489795918366 0.5257731958762887
12 0.0014052999999999982 1 1 0.08163265306122448 0.5360824742268041
13 0.001134099999999999 0 0 0.08163265306122448 0.5360824742268041
14 0.0011009999999999909 1 1 0.10204081632653061 0.5463917525773195
15 0.0010965000000000003 1 1 0.12244897959183673 0.5567010309278351
16 0.0011665999999999899 1 1 0.14285714285714285 0.5670103092783505
17 0.0015065999999999968 1 1 0.16326530612244897 0.5773195876288659
18 0.0012291999999999859 1 1 0.1836734693877551 0.5876288659793815
19 0.0011627000000000165 1 1 0.20408163265306123 0.5979381443298969
20 0.0011493000000000198 0 0 0.20408163265306123 0.5979381443298969
21 0.0019480000000000053 1 1 0.22448979591836735 0.6082474226804123
22 0.0013958000000000026 1 1 0.24489795918367346 0.6185567010309279
23 0.0016824000000000006 1 1 0.2653061224489796 0.6288659793814433
24 0.0015178999999999887 0 0 0.2653061224489796 0.6288659793814433
25 0.002104600000000012 0 0 0.2653061224489796 0.6288659793814433
26 0.0014480000000000048 1 1 0.2857142857142857 0.6391752577319587
27 0.0011861000000000232 1 1 0.30612244897959184 0.6494845360824743
28 0.0010997000000000368 1 1 0.32653061224489793 0.6597938144329897
29 0.0013103999999999894 1 1 0.3469387755102041 0.6701030927835051
30 0.0015282999999999825 0 0 0.3469387755102041 0.6701030927835051
31 0.0015632999999999897 1 1 0.3673469387755102 0.6804123711340206
32 0.0012536999999999687 0 0 0.3673469387755102 0.6804123711340206
33 0.0012548000000000004 1 1 0.3877551020408163 0.6907216494845361
34 0.00221579999999999 1 1 0.40816326530612246 0.7010309278350515
35 0.0018395999999999968 1 1 0.42857142857142855 0.711340206185567
36 0.0016513000000000222 0 0 0.42857142857142855 0.711340206185567
37 0.0017120000000000468 1 1 0.4489795918367347 0.7216494845360825
38 0.002498599999999962 0 0 0.4489795918367347 0.7216494845360825
39 0.0014676000000000133 1 1 0.46938775510204084 0.7319587628865979
40 0.0013583000000000345 0 0 0.46938775510204084 0.7319587628865979
41 0.001290699999999978 1 1 0.4897959183673469 0.7422680412371134
42 0.0013378 1 1 0.5102040816326531 0.7525773195876289
43 0.0015379999999999838 1 1 0.5306122448979592 0.7628865979381443
44 0.0013064999999999882 0 0 0.5306122448979592 0.7628865979381443
45 0.0023393999999999915 1 1 0.5510204081632653 0.7731958762886598
46 0.0014932999999999752 1 1 0.5714285714285714 0.7835051546391752
47 0.0012988999999999917 1 1 0.5918367346938775 0.7938144329896907
48 0.0013772000000000229 1 1 0.6122448979591837 0.8041237113402062
49 0.0015930999999999584 1 1 0.6326530612244898 0.8144329896907216
50 0.001803499999999958 0 0 0.6326530612244898 0.8144329896907216
51 0.0014541000000000137 1 1 0.6530612244897959 0.8247422680412371
52 0.0022706000000000115 1 1 0.673469387755102 0.8350515463917526
53 0.001597399999999971 1 1 0.6938775510204082 0.845360824742268
54 0.0014296999999999782 1 1 0.7142857142857143 0.8556701030927835
55 0.0014827000000000035 1 1 0.7346938775510204 0.865979381443299
56 0.0014359999999999928 0 0 0.7346938775510204 0.865979381443299
57 0.0018072999999999562 1 1 0.7551020408163265 0.8762886597938144
58 0.002932099999999993 1 1 0.7755102040816326 0.8865979381443299
59 0.003046900000000019 0 0 0.7755102040816326 0.8865979381443299
60 0.002113099999999979 0 0 0.7755102040816326 0.8865979381443299
61 0.002570799999999984 0 0 0.7755102040816326 0.8865979381443299
62 0.0016579000000000454 0 0 0.7755102040816326 0.8865979381443299
63 0.0015948999999999547 1 1 0.7959183673469388 0.8969072164948454
64 0.002693000000000001 1 1 0.8163265306122449 0.9072164948453608
65 0.0022230000000000305 0 0 0.8163265306122449 0.9072164948453608
66 0.001663400000000037 1 1 0.8367346938775511 0.9175257731958762
67 0.003753599999999968 0 0 0.8367346938775511 0.9175257731958762
68 0.0017913999999999985 1 1 0.8571428571428571 0.9278350515463918
69 0.001642699999999997 0 0 0.8571428571428571 0.9278350515463918
70 0.0017467999999999928 0 0 0.8571428571428571 0.9278350515463918
71 0.0018624999999999892 1 1 0.8775510204081632 0.9381443298969072
72 0.0017025999999999986 0 0 0.8775510204081632 0.9381443298969072
73 0.002642499999999992 1 1 0.8979591836734694 0.9484536082474226
74 0.0028288999999999676 0 0 0.8979591836734694 0.9484536082474226
75 0.0015484000000000053 0 0 0.8979591836734694 0.9484536082474226
76 0.002018999999999993 0 0 0.8979591836734694 0.9484536082474226
77 0.0020587000000000244 1 1 0.9183673469387755 0.9587628865979382
78 0.0018528999999999907 0 0 0.9183673469387755 0.9587628865979382
79 0.0017735999999999863 1 1 0.9387755102040817 0.9690721649484536
80 0.0017611000000000154 1 1 0.9591836734693877 0.979381443298969
81 0.001729499999999995 1 1 0.9795918367346939 0.9896907216494846
82 0.0016339000000000214 0 0 0.9795918367346939 0.9896907216494846
83 0.0029537000000000035 1 1 1.0 1.0
