40 0.2 0.2
1 0.001202700000000001 1 0 0.02564102564102564 0.5064935064935064
2 0.00157980000000002 0 0 0.02564102564102564 0.5064935064935064
3 0.0011458000000000024 0 0 0.02564102564102564 0.5064935064935064
4 0.001073699999999983 0 0 0.02564102564102564 0.5064935064935064
5 0.0009644000000000041 0 0 0.02564102564102564 0.5064935064935064
6 0.001597299999999996 0 0 0.02564102564102564 0.5064935064935064
7 0.0011248000000000091 0 0 0.02564102564102564 0.5064935064935064
8 0.001602300000000001 0 0 0.02564102564102564 0.5064935064935064
9 0.0012506999999999935 0 0 0.02564102564102564 0.5064935064935064
10 0.00163350000000001 0 0 0.02564102564102564 0.5064935064935064
11 0.0013627999999999973 0 0 0.02564102564102564 0.5064935064935064
12 0.0009035000000000015 0 0 0.02564102564102564 0.5064935064935064
13 0.0016236000000000028 0 0 0.02564102564102564 0.5064935064935064
14 0.0020465999999999818 1 0 0.05128205128205128 0.5064935064935064
15 0.0015131000000000172 0 0 0.05128205128205128 0.5064935064935064
16 0.0007781000000000038 0 0 0.05128205128205128 0.5064935064935064
17 0.0009052999999999978 0 0 0.05128205128205128 0.5064935064935064
18 0.0015488000000000168 0 0 0.05128205128205128 0.5064935064935064
19 0.0012862000000000151 0 0 0.05128205128205128 0.5064935064935064
20 0.0011427999999999994 0 0 0.05128205128205128 0.5064935064935064
21 0.0009075999999999529 0 0 0.05128205128205128 0.5064935064935064
22 0.0008793000000000273 0 0 0.05128205128205128 0.5064935064935064
23 0.0008413999999999922 1 0 0.07692307692307693 0.5064935064935064
24 0.0015716000000000063 0 0 0.07692307692307693 0.5064935064935064
25 0.0021555000000000324 1 0 0.10256410256410256 0.5064935064935064
26 0.0010923999999999934 0 0 0.10256410256410256 0.5064935064935064
27 0.0014443000000000095 1 0 0.1282051282051282 0.5064935064935064
28 0.0020830000000000015 1 0 0.15384615384615385 0.5064935064935064
29 0.0017157999999999896 0 0 0.15384615384615385 0.5064935064935064
30 0.0008954999999999935 0 0 0.15384615384615385 0.5064935064935064
31 0.0019791000000000114 0 0 0.15384615384615385 0.5064935064935064
32 0.0015541000000000027 1 0 0.1794871794871795 0.5064935064935064
33 0.0007939999999999614 0 0 0.1794871794871795 0.5064935064935064
34 0.0008925000000000183 0 0 0.1794871794871795 0.5064935064935064
35 0.0009927999999999604 0 1 0.1794871794871795 0.5194805194805194
36 0.0008564999999999823 0 0 0.1794871794871795 0.5194805194805194
37 0.0012092999999999687 0 0 0.1794871794871795 0.5194805194805194
38 0.0010404999999999998 0 0 0.1794871794871795 0.5194805194805194
39 0.0009440000000000004 1 0 0.20512820512820512 0.5194805194805194
40 0.0009212999999999583 0 1 0.20512820512820512 0.5324675324675324
41 0.0008188000000000084 0 0 0.20512820512820512 0.5324675324675324
42 0.0010708999999999858 0 1 0.20512820512820512 0.5454545454545454
43 0.0012133000000000282 0 0 0.20512820512820512 0.5454545454545454
44 0.001163100000000028 0 1 0.20512820512820512 0.5584415584415584
45 0.0008573000000000053 0 0 0.20512820512820512 0.5584415584415584
46 0.0008852999999999778 0 0 0.20512820512820512 0.5584415584415584
47 0.0008312999999999793 0 0 0.20512820512820512 0.5584415584415584
48 0.0010971000000000175 0 0 0.20512820512820512 0.5584415584415584
49 0.0012778999999999985 0 0 0.20512820512820512 0.5584415584415584
50 0.0010718000000000116 0 0 0.20512820512820512 0.5584415584415584
51 0.0008998000000000062 0 1 0.20512820512820512 0.5714285714285714
52 0.0008598000000000217 0 1 0.20512820512820512 0.5844155844155844
53 0.0015321000000000362 0 0 0.20512820512820512 0.5844155844155844
54 0.0014653000000000027 0 0 0.20512820512820512 0.5844155844155844
55 0.0012479999999999714 1 0 0.23076923076923078 0.5844155844155844
56 0.0009731000000000045 0 0 0.23076923076923078 0.5844155844155844
57 0.0008167000000000035 0 0 0.23076923076923078 0.5844155844155844
58 0.0015571999999999808 0 0 0.23076923076923078 0.5844155844155844
59 0.0008579999999999699 1 0 0.2564102564102564 0.5844155844155844
60 0.0007789000000000268 0 0 0.2564102564102564 0.5844155844155844
61 0.0008120999999999823 0 0 0.2564102564102564 0.5844155844155844
62 0.0009072999999999998 0 0 0.2564102564102564 0.5844155844155844
63 0.0009642000000000261 0 0 0.2564102564102564 0.5844155844155844
64 0.001198300000000041 0 0 0.2564102564102564 0.5844155844155844
65 0.0014311999999999658 0 0 0.2564102564102564 0.5844155844155844
66 0.0012057999999999791 1 1 0.28205128205128205 0.5974025974025974
67 0.0011274000000000006 0 0 0.28205128205128205 0.5974025974025974
68 0.0009669999999999956 1 0 0.3076923076923077 0.5974025974025974
69 0.0011394000000000126 0 0 0.3076923076923077 0.5974025974025974
70 0.000980700000000001 0 0 0.3076923076923077 0.5974025974025974
71 0.0008226000000000067 0 0 0.3076923076923077 0.5974025974025974
72 0.0008669000000000038 0 0 0.3076923076923077 0.5974025974025974
73 0.000861500000000015 0 0 0.3076923076923077 0.5974025974025974
74 0.000809499999999963 0 0 0.3076923076923077 0.5974025974025974
75 0.0010394000000000236 0 0 0.3076923076923077 0.5974025974025974
76 0.0010252000000000039 0 0 0.3076923076923077 0.5974025974025974
77 0.000962300000000027 0 1 0.3076923076923077 0.6103896103896104
78 0.000872700000000004 0 0 0.3076923076923077 0.6103896103896104
79 0.0008920000000000039 0 0 0.3076923076923077 0.6103896103896104
80 0.0009305000000000008 0 0 0.3076923076923077 0.6103896103896104
81 0.0011415000000000175 0 0 0.3076923076923077 0.6103896103896104
82 0.0015662000000000176 0 1 0.3076923076923077 0.6233766233766234
83 0.001329899999999995 0 1 0.3076923076923077 0.6363636363636364
84 0.0009731000000000045 0 0 0.3076923076923077 0.6363636363636364
85 0.0009702999999999795 0 0 0.3076923076923077 0.6363636363636364
86 0.0015468999999999622 0 0 0.3076923076923077 0.6363636363636364
87 0.0010581000000000063 1 1 0.3333333333333333 0.6493506493506493
88 0.0011033999999999766 1 1 0.358974358974359 0.6623376623376623
89 0.0008922000000000097 0 0 0.358974358974359 0.6623376623376623
90 0.0009782999999999875 0 0 0.358974358974359 0.6623376623376623
91 0.0021599999999999953 0 0 0.358974358974359 0.6623376623376623
92 0.0011292999999999997 0 0 0.358974358974359 0.6623376623376623
93 0.0011655999999999889 1 1 0.38461538461538464 0.6753246753246753
94 0.0011882999999999755 1 1 0.41025641025641024 0.6883116883116883
95 0.001354299999999975 0 0 0.41025641025641024 0.6883116883116883
96 0.00151100000000004 0 0 0.41025641025641024 0.6883116883116883
97 0.0009976999999999903 0 0 0.41025641025641024 0.6883116883116883
98 0.0009791000000000105 0 0 0.41025641025641024 0.6883116883116883
99 0.000946300000000011 0 0 0.41025641025641024 0.6883116883116883
100 0.0010805999999999871 1 0 0.4358974358974359 0.6883116883116883
101 0.0010573000000000388 1 0 0.46153846153846156 0.6883116883116883
102 0.0010478999999999905 1 0 0.48717948717948717 0.6883116883116883
103 0.0013491000000000475 0 0 0.48717948717948717 0.6883116883116883
104 0.0010064000000000184 0 0 0.48717948717948717 0.6883116883116883
105 0.0010600999999999527 0 0 0.48717948717948717 0.6883116883116883
106 0.0010502000000000011 1 0 0.5128205128205128 0.6883116883116883
107 0.001231900000000008 0 0 0.5128205128205128 0.6883116883116883
108 0.0013000999999999707 0 0 0.5128205128205128 0.6883116883116883
109 0.0010555999999999899 0 0 0.5128205128205128 0.6883116883116883
110 0.0010106999999999755 0 0 0.5128205128205128 0.6883116883116883
111 0.0010763999999999774 0 0 0.5128205128205128 0.6883116883116883
112 0.001087500000000019 0 1 0.5128205128205128 0.7012987012987013
113 0.0009828000000000059 0 1 0.5128205128205128 0.7142857142857143
114 0.0009084999999999788 0 0 0.5128205128205128 0.7142857142857143
115 0.0009247000000000005 0 0 0.5128205128205128 0.7142857142857143
116 0.0008792000000000244 0 0 0.5128205128205128 0.7142857142857143
117 0.0010092999999999908 0 1 0.5128205128205128 0.7272727272727273
118 0.0020772000000000013 0 0 0.5128205128205128 0.7272727272727273
119 0.001148299999999991 0 0 0.5128205128205128 0.7272727272727273
120 0.001018800000000042 0 0 0.5128205128205128 0.7272727272727273
121 0.0010435000000000305 0 0 0.5128205128205128 0.7272727272727273
122 0.0014950999999999715 0 0 0.5128205128205128 0.7272727272727273
123 0.0017676000000000358 0 0 0.5128205128205128 0.7272727272727273
124 0.001511499999999999 0 0 0.5128205128205128 0.7272727272727273
125 0.000956699999999977 0 0 0.5128205128205128 0.7272727272727273
126 0.0009317999999999826 0 0 0.5128205128205128 0.7272727272727273
127 0.0010372999999999633 1 0 0.5384615384615384 0.7272727272727273
128 0.0011813000000000518 0 1 0.5384615384615384 0.7402597402597403
129 0.0010577999999999976 0 0 0.5384615384615384 0.7402597402597403
130 0.0009794000000000191 1 0 0.5641025641025641 0.7402597402597403
131 0.0010002000000000066 0 0 0.5641025641025641 0.7402597402597403
132 0.0010428000000000104 1 0 0.5897435897435898 0.7402597402597403
133 0.0011636999999999897 0 0 0.5897435897435898 0.7402597402597403
134 0.001049900000000048 0 0 0.5897435897435898 0.7402597402597403
135 0.000981600000000027 0 0 0.5897435897435898 0.7402597402597403
136 0.0012927999999999829 0 0 0.5897435897435898 0.7402597402597403
137 0.0019046999999999814 0 0 0.5897435897435898 0.7402597402597403
138 0.0010914000000000201 0 0 0.5897435897435898 0.7402597402597403
139 0.0010737000000000108 1 0 0.6153846153846154 0.7402597402597403
140 0.0009539000000000075 0 0 0.6153846153846154 0.7402597402597403
141 0.001311899999999977 0 0 0.6153846153846154 0.7402597402597403
142 0.0013391999999999848 0 0 0.6153846153846154 0.7402597402597403
143 0.0011931000000000025 0 0 0.6153846153846154 0.7402597402597403
144 0.0012286999999999715 0 0 0.6153846153846154 0.7402597402597403
145 0.0010449000000000153 0 0 0.6153846153846154 0.7402597402597403
146 0.00103629999999999 0 0 0.6153846153846154 0.7402597402597403
147 0.0016380999999999757 0 0 0.6153846153846154 0.7402597402597403
148 0.0009866000000000041 1 0 0.6410256410256411 0.7402597402597403
149 0.0009161000000000308 0 0 0.6410256410256411 0.7402597402597403
150 0.0010088999999999793 0 0 0.6410256410256411 0.7402597402597403
151 0.0009843999999999964 0 0 0.6410256410256411 0.7402597402597403
152 0.001308699999999996 0 1 0.6410256410256411 0.7532467532467533
153 0.0010788999999999938 0 0 0.6410256410256411 0.7532467532467533
154 0.0011161000000000088 0 0 0.6410256410256411 0.7532467532467533
155 0.001101099999999966 0 0 0.6410256410256411 0.7532467532467533
156 0.0009662999999999755 0 1 0.6410256410256411 0.7662337662337663
157 0.0012997000000000147 0 0 0.6410256410256411 0.7662337662337663
158 0.002010899999999982 1 2 0.6666666666666666 0.7922077922077922
159 0.0009387000000000145 0 0 0.6666666666666666 0.7922077922077922
160 0.0010792000000000024 0 0 0.6666666666666666 0.7922077922077922
161 0.0009559000000000095 0 0 0.6666666666666666 0.7922077922077922
162 0.0011237000000000053 1 0 0.6923076923076923 0.7922077922077922
163 0.0010548000000000224 1 0 0.717948717948718 0.7922077922077922
164 0.0011037999999999881 0 0 0.717948717948718 0.7922077922077922
165 0.0010439999999999894 0 0 0.717948717948718 0.7922077922077922
166 0.001029499999999961 0 1 0.717948717948718 0.8051948051948052
167 0.0011164999999999647 1 0 0.7435897435897436 0.8051948051948052
168 0.0011871999999999994 0 0 0.7435897435897436 0.8051948051948052
169 0.0010710000000000441 0 0 0.7435897435897436 0.8051948051948052
170 0.0009978000000000486 0 0 0.7435897435897436 0.8051948051948052
171 0.001059499999999991 0 0 0.7435897435897436 0.8051948051948052
172 0.0009450000000000292 1 0 0.7692307692307693 0.8051948051948052
173 0.001359100000000002 0 0 0.7692307692307693 0.8051948051948052
174 0.0011426999999999965 0 1 0.7692307692307693 0.8181818181818182
175 0.0009508000000000294 1 1 0.7948717948717948 0.8311688311688312
176 0.0010133999999999976 1 0 0.8205128205128205 0.8311688311688312
177 0.0010952000000000184 0 0 0.8205128205128205 0.8311688311688312
178 0.0010903999999999914 0 1 0.8205128205128205 0.8441558441558441
179 0.0015458000000000416 1 0 0.8461538461538461 0.8441558441558441
180 0.0012336000000000014 0 0 0.8461538461538461 0.8441558441558441
181 0.001287499999999997 0 0 0.8461538461538461 0.8441558441558441
182 0.0019371999999999723 0 0 0.8461538461538461 0.8441558441558441
183 0.0019778000000000295 0 0 0.8461538461538461 0.8441558441558441
184 0.0010496999999999868 0 0 0.8461538461538461 0.8441558441558441
185 0.0010211999999999999 1 0 0.8717948717948718 0.8441558441558441
186 0.0010543999999999554 0 0 0.8717948717948718 0.8441558441558441
187 0.0011374000000000106 0 0 0.8717948717948718 0.8441558441558441
188 0.0011520999999999892 0 0 0.8717948717948718 0.8441558441558441
189 0.001141100000000006 0 1 0.8717948717948718 0.8571428571428571
190 0.0010925999999999991 0 0 0.8717948717948718 0.8571428571428571
191 0.0010052999999999868 0 1 0.8717948717948718 0.8701298701298701
192 0.0010837999999999681 1 1 0.8974358974358975 0.8831168831168831
193 0.0010589000000000293 0 1 0.8974358974358975 0.8961038961038961
194 0.0012677999999999856 0 0 0.8974358974358975 0.8961038961038961
195 0.0012688999999999617 0 0 0.8974358974358975 0.8961038961038961
196 0.0014581000000000177 0 0 0.8974358974358975 0.8961038961038961
197 0.0012114999999999765 1 1 0.9230769230769231 0.9090909090909091
198 0.0013290000000000246 0 0 0.9230769230769231 0.9090909090909091
199 0.0014784999999999382 0 0 0.9230769230769231 0.9090909090909091
200 0.0013180000000000414 0 0 0.9230769230769231 0.9090909090909091
201 0.0013103999999999338 0 0 0.9230769230769231 0.9090909090909091
202 0.001166699999999965 0 0 0.9230769230769231 0.9090909090909091
203 0.0014703999999999828 1 0 0.9487179487179487 0.9090909090909091
204 0.0013876999999999917 0 0 0.9487179487179487 0.9090909090909091
205 0.0012441999999999176 0 0 0.9487179487179487 0.9090909090909091
206 0.0011503999999999959 1 2 0.9743589743589743 0.935064935064935
207 0.0015846999999999944 0 0 0.9743589743589743 0.935064935064935
208 0.0014956999999999887 0 0 0.9743589743589743 0.935064935064935
209 0.0014182999999999835 0 0 0.9743589743589743 0.935064935064935
210 0.0014159000000000255 0 0 0.9743589743589743 0.935064935064935
211 0.0012718999999999925 0 0 0.9743589743589743 0.935064935064935
212 0.0013900000000000023 1 1 1.0 0.948051948051948
213 0.0013161000000000422 0 0 1.0 0.948051948051948
214 0.001378700000000066 0 0 1.0 0.948051948051948
215 0.0013773000000000257 0 0 1.0 0.948051948051948
216 0.0015671999999999908 0 0 1.0 0.948051948051948
217 0.0016007999999999578 0 1 1.0 0.961038961038961
218 0.001492599999999955 0 0 1.0 0.961038961038961
219 0.0013606999999999925 0 0 1.0 0.961038961038961
220 0.0014863000000000515 0 0 1.0 0.961038961038961
221 0.0013466000000000866 0 0 1.0 0.961038961038961
222 0.0012185000000000112 0 0 1.0 0.961038961038961
223 0.0011052000000000284 0 1 1.0 0.974025974025974
224 0.00121950000000004 0 0 1.0 0.974025974025974
225 0.00128779999999995 0 0 1.0 0.974025974025974
226 0.001113100000000089 0 0 1.0 0.974025974025974
227 0.001047499999999979 0 0 1.0 0.974025974025974
228 0.0011388999999999427 0 0 1.0 0.974025974025974
229 0.001326999999999967 0 0 1.0 0.974025974025974
230 0.0016823000000000254 0 0 1.0 0.974025974025974
231 0.0010972000000000204 0 0 1.0 0.974025974025974
232 0.0010267999999999944 0 0 1.0 0.974025974025974
233 0.0011263999999999719 0 0 1.0 0.974025974025974
234 0.0012569000000000052 0 0 1.0 0.974025974025974
235 0.0013108000000000564 0 0 1.0 0.974025974025974
236 0.0013497000000000092 0 0 1.0 0.974025974025974
237 0.0012036999999999187 0 0 1.0 0.974025974025974
238 0.0011246999999999785 0 0 1.0 0.974025974025974
239 0.0019634000000000595 0 0 1.0 0.974025974025974
240 0.0011813999999999991 0 0 1.0 0.974025974025974
241 0.0010890000000000066 0 0 1.0 0.974025974025974
242 0.0015479999999999938 0 1 1.0 0.987012987012987
243 0.0015511000000000275 0 0 1.0 0.987012987012987
244 0.0011901000000000828 0 0 1.0 0.987012987012987
245 0.0017325000000000257 0 0 1.0 0.987012987012987
246 0.001116599999999912 0 0 1.0 0.987012987012987
247 0.0010633999999999366 0 0 1.0 0.987012987012987
248 0.00144220000000006 0 0 1.0 0.987012987012987
249 0.0011542999999999415 0 0 1.0 0.987012987012987
250 0.0011109999999999731 0 0 1.0 0.987012987012987
251 0.0011093999999999271 0 0 1.0 0.987012987012987
252 0.0011069000000000218 0 0 1.0 0.987012987012987
253 0.0011461999999999861 0 0 1.0 0.987012987012987
254 0.0011303000000000285 0 0 1.0 0.987012987012987
255 0.0010782999999999765 0 0 1.0 0.987012987012987
256 0.0011213000000001028 0 0 1.0 0.987012987012987
257 0.0011925999999999881 0 0 1.0 0.987012987012987
258 0.001281900000000058 0 0 1.0 0.987012987012987
259 0.0013942999999999595 0 0 1.0 0.987012987012987
260 0.0016474000000000766 0 0 1.0 0.987012987012987
261 0.0011177999999999466 0 0 1.0 0.987012987012987
262 0.0016076000000000423 0 0 1.0 0.987012987012987
263 0.001160300000000003 0 0 1.0 0.987012987012987
264 0.00154540000000003 0 0 1.0 0.987012987012987
265 0.0015815999999999608 0 0 1.0 0.987012987012987
266 0.0020455000000000334 0 0 1.0 0.987012987012987
267 0.0012716000000000394 0 0 1.0 0.987012987012987
268 0.0018574999999999564 0 0 1.0 0.987012987012987
269 0.0011848999999999332 0 0 1.0 0.987012987012987
270 0.001315799999999978 0 0 1.0 0.987012987012987
271 0.0013560000000000239 0 0 1.0 0.987012987012987
272 0.0015576999999999952 0 0 1.0 0.987012987012987
273 0.001486700000000063 0 0 1.0 0.987012987012987
274 0.0015216000000000118 0 0 1.0 0.987012987012987
275 0.0014986000000000166 0 0 1.0 0.987012987012987
276 0.0013387999999999733 0 0 1.0 0.987012987012987
277 0.0011788000000000354 0 0 1.0 0.987012987012987
278 0.0010702999999999685 0 0 1.0 0.987012987012987
279 0.0012493000000000087 0 0 1.0 0.987012987012987
280 0.0012421000000000237 0 0 1.0 0.987012987012987
281 0.0015643999999999103 0 0 1.0 0.987012987012987
282 0.0014324000000000003 0 0 1.0 0.987012987012987
283 0.0012265000000000192 0 0 1.0 0.987012987012987
284 0.0016579999999999373 0 0 1.0 0.987012987012987
285 0.0010936999999999752 0 0 1.0 0.987012987012987
286 0.0011967000000000505 0 0 1.0 0.987012987012987
287 0.0011303000000000285 0 0 1.0 0.987012987012987
288 0.001718200000000003 0 0 1.0 0.987012987012987
289 0.002050200000000002 0 0 1.0 0.987012987012987
290 0.0017456000000000138 0 0 1.0 0.987012987012987
291 0.0020092999999999916 0 0 1.0 0.987012987012987
292 0.001358199999999976 0 0 1.0 0.987012987012987
293 0.0010957999999999801 0 0 1.0 0.987012987012987
294 0.0010978000000000376 0 0 1.0 0.987012987012987
295 0.001101099999999966 0 0 1.0 0.987012987012987
296 0.0018196999999999797 0 0 1.0 0.987012987012987
297 0.00130269999999999 0 0 1.0 0.987012987012987
298 0.0010719999999999619 0 0 1.0 0.987012987012987
299 0.0010965000000000558 0 0 1.0 0.987012987012987
300 0.0010966000000000031 0 0 1.0 0.987012987012987
301 0.0014291999999999083 0 0 1.0 0.987012987012987
302 0.001306999999999947 0 0 1.0 0.987012987012987
303 0.0011751999999999319 0 0 1.0 0.987012987012987
304 0.0011176999999999992 0 0 1.0 0.987012987012987
305 0.0011974000000000151 0 0 1.0 0.987012987012987
306 0.0017713999999999785 0 0 1.0 0.987012987012987
307 0.0012318999999999525 0 0 1.0 0.987012987012987
308 0.0011596999999999857 0 0 1.0 0.987012987012987
309 0.0011859999999999093 0 0 1.0 0.987012987012987
310 0.001369100000000012 0 0 1.0 0.987012987012987
311 0.001577099999999998 0 0 1.0 0.987012987012987
312 0.00147660000000005 0 0 1.0 0.987012987012987
313 0.0010789999999999411 0 0 1.0 0.987012987012987
314 0.002090200000000042 0 0 1.0 0.987012987012987
315 0.0010797000000000168 0 0 1.0 0.987012987012987
316 0.0011976000000000209 0 0 1.0 0.987012987012987
317 0.0012569000000000052 0 0 1.0 0.987012987012987
318 0.0011162000000000116 0 0 1.0 0.987012987012987
319 0.0014863999999999988 0 0 1.0 0.987012987012987
320 0.0013052000000000064 0 0 1.0 0.987012987012987
321 0.0013801999999999426 0 0 1.0 0.987012987012987
322 0.0012229000000000267 0 0 1.0 0.987012987012987
323 0.001741400000000004 0 0 1.0 0.987012987012987
324 0.001141900000000029 0 0 1.0 0.987012987012987
325 0.0012440999999999702 0 0 1.0 0.987012987012987
326 0.0012308999999999237 0 0 1.0 0.987012987012987
327 0.0012313999999999936 0 0 1.0 0.987012987012987
328 0.001557900000000001 0 0 1.0 0.987012987012987
329 0.0015045000000000197 0 0 1.0 0.987012987012987
330 0.0011352000000000029 0 0 1.0 0.987012987012987
331 0.0011531999999999654 0 0 1.0 0.987012987012987
332 0.0014512999999999332 0 0 1.0 0.987012987012987
333 0.0017344000000000248 0 0 1.0 0.987012987012987
334 0.0017143000000000574 0 0 1.0 0.987012987012987
335 0.0015441000000000482 0 0 1.0 0.987012987012987
336 0.002335000000000087 0 0 1.0 0.987012987012987
337 0.0012169000000000763 0 0 1.0 0.987012987012987
338 0.0011957000000000217 0 0 1.0 0.987012987012987
339 0.0011383000000000365 0 0 1.0 0.987012987012987
340 0.0011483999999999384 0 0 1.0 0.987012987012987
341 0.002459800000000012 0 0 1.0 0.987012987012987
342 0.0017787999999999693 0 0 1.0 0.987012987012987
343 0.002159499999999981 0 0 1.0 0.987012987012987
344 0.0017205000000000137 0 0 1.0 0.987012987012987
345 0.001119200000000098 0 0 1.0 0.987012987012987
346 0.0011463999999999919 0 0 1.0 0.987012987012987
347 0.0011276999999999537 0 0 1.0 0.987012987012987
348 0.001269100000000023 0 0 1.0 0.987012987012987
349 0.0012593000000000742 0 0 1.0 0.987012987012987
350 0.00114510000000001 0 0 1.0 0.987012987012987
351 0.0011750999999999845 0 0 1.0 0.987012987012987
352 0.0011584999999999512 0 0 1.0 0.987012987012987
353 0.0011678999999999995 0 0 1.0 0.987012987012987
354 0.0016729000000000882 0 1 1.0 1.0
