10 0.1 0.7
1 0.00023989999999998735 0 0 0.0 0.5294117647058824
2 0.0002552999999999861 0 0 0.0 0.5294117647058824
3 0.00022219999999997797 0 0 0.0 0.5294117647058824
4 0.0002117000000000091 0 0 0.0 0.5294117647058824
5 0.0002919000000000116 0 0 0.0 0.5294117647058824
6 0.0003676999999999986 0 0 0.0 0.5294117647058824
7 0.0003650000000000042 0 0 0.0 0.5294117647058824
8 0.0004416000000000142 0 0 0.0 0.5294117647058824
9 0.00022540000000001448 0 0 0.0 0.5294117647058824
10 0.00027940000000001297 0 0 0.0 0.5294117647058824
11 0.0002449999999999952 0 0 0.0 0.5294117647058824
12 0.00022110000000000185 0 0 0.0 0.5294117647058824
13 0.00026759999999997897 0 0 0.0 0.5294117647058824
14 0.00037020000000001496 0 0 0.0 0.5294117647058824
15 0.00024930000000000785 0 0 0.0 0.5294117647058824
16 0.0002208999999999961 0 0 0.0 0.5294117647058824
17 0.00028250000000001885 0 0 0.0 0.5294117647058824
18 0.0002935999999999772 1 0 0.1111111111111111 0.5294117647058824
19 0.0002522999999999831 0 0 0.1111111111111111 0.5294117647058824
20 0.00022459999999999147 0 0 0.1111111111111111 0.5294117647058824
21 0.00028069999999999484 0 0 0.1111111111111111 0.5294117647058824
22 0.00025420000000001 0 0 0.1111111111111111 0.5294117647058824
23 0.00028629999999998934 0 0 0.1111111111111111 0.5294117647058824
24 0.0003423000000000176 0 0 0.1111111111111111 0.5294117647058824
25 0.0002978000000000147 1 0 0.2222222222222222 0.5294117647058824
26 0.0002218999999999971 0 0 0.2222222222222222 0.5294117647058824
27 0.00028200000000000447 0 0 0.2222222222222222 0.5294117647058824
28 0.00026280000000000747 0 0 0.2222222222222222 0.5294117647058824
29 0.00036360000000001946 0 1 0.2222222222222222 0.5882352941176471
30 0.0002864999999999951 0 0 0.2222222222222222 0.5882352941176471
31 0.00027910000000000434 1 1 0.3333333333333333 0.6470588235294118
32 0.00027800000000000047 1 1 0.4444444444444444 0.7058823529411765
33 0.000248200000000004 0 0 0.4444444444444444 0.7058823529411765
34 0.0002638999999999836 0 0 0.4444444444444444 0.7058823529411765
35 0.0003393999999999897 1 1 0.5555555555555556 0.7647058823529411
36 0.00027840000000001197 1 0 0.6666666666666666 0.7647058823529411
37 0.00032299999999998996 0 0 0.6666666666666666 0.7647058823529411
38 0.00031079999999999997 0 0 0.6666666666666666 0.7647058823529411
39 0.0003675999999999957 0 0 0.6666666666666666 0.7647058823529411
40 0.00025730000000001585 0 0 0.6666666666666666 0.7647058823529411
41 0.0002506999999999926 0 0 0.6666666666666666 0.7647058823529411
42 0.0002833999999999892 0 1 0.6666666666666666 0.8235294117647058
43 0.0002778999999999976 0 0 0.6666666666666666 0.8235294117647058
44 0.0002767000000000186 0 0 0.6666666666666666 0.8235294117647058
45 0.0002979999999999927 0 0 0.6666666666666666 0.8235294117647058
46 0.00025539999999998897 0 0 0.6666666666666666 0.8235294117647058
47 0.00029419999999999447 0 0 0.6666666666666666 0.8235294117647058
48 0.0002697999999999867 0 0 0.6666666666666666 0.8235294117647058
49 0.0002576999999999996 0 0 0.6666666666666666 0.8235294117647058
50 0.0004174000000000122 0 0 0.6666666666666666 0.8235294117647058
51 0.00030749999999998834 0 0 0.6666666666666666 0.8235294117647058
52 0.0005051999999999834 0 0 0.6666666666666666 0.8235294117647058
53 0.0004438999999999971 0 0 0.6666666666666666 0.8235294117647058
54 0.0005069999999999797 0 0 0.6666666666666666 0.8235294117647058
55 0.0005326999999999971 1 0 0.7777777777777778 0.8235294117647058
56 0.0003798999999999886 0 0 0.7777777777777778 0.8235294117647058
57 0.00030370000000001784 0 0 0.7777777777777778 0.8235294117647058
58 0.0003039999999999987 0 0 0.7777777777777778 0.8235294117647058
59 0.00030909999999997884 0 0 0.7777777777777778 0.8235294117647058
60 0.00028650000000002285 0 0 0.7777777777777778 0.8235294117647058
61 0.0003045999999999882 0 0 0.7777777777777778 0.8235294117647058
62 0.0002496999999999916 0 0 0.7777777777777778 0.8235294117647058
63 0.00032240000000000046 0 0 0.7777777777777778 0.8235294117647058
64 0.0002813999999999872 0 0 0.7777777777777778 0.8235294117647058
65 0.00025539999999998897 0 0 0.7777777777777778 0.8235294117647058
66 0.0003565000000000096 0 1 0.7777777777777778 0.8823529411764706
67 0.00030230000000000534 0 0 0.7777777777777778 0.8823529411764706
68 0.0002945000000000031 0 0 0.7777777777777778 0.8823529411764706
69 0.0002616000000000007 0 0 0.7777777777777778 0.8823529411764706
70 0.0002788999999999986 0 0 0.7777777777777778 0.8823529411764706
71 0.00028429999999998734 0 0 0.7777777777777778 0.8823529411764706
72 0.0002860999999999836 0 0 0.7777777777777778 0.8823529411764706
73 0.00026280000000000747 0 0 0.7777777777777778 0.8823529411764706
74 0.00036379999999999746 0 0 0.7777777777777778 0.8823529411764706
75 0.0002958000000000127 0 0 0.7777777777777778 0.8823529411764706
76 0.00025139999999998497 0 0 0.7777777777777778 0.8823529411764706
77 0.00033600000000000296 0 0 0.7777777777777778 0.8823529411764706
78 0.00030939999999998746 0 0 0.7777777777777778 0.8823529411764706
79 0.0002965999999999802 0 0 0.7777777777777778 0.8823529411764706
80 0.00027250000000000885 0 0 0.7777777777777778 0.8823529411764706
81 0.00025189999999999935 0 0 0.7777777777777778 0.8823529411764706
82 0.0003000999999999976 0 0 0.7777777777777778 0.8823529411764706
83 0.0005911000000000111 0 0 0.7777777777777778 0.8823529411764706
84 0.0006893999999999789 0 0 0.7777777777777778 0.8823529411764706
85 0.0003024000000000082 0 0 0.7777777777777778 0.8823529411764706
86 0.00032869999999998734 1 1 0.8888888888888888 0.9411764705882353
87 0.00028400000000000647 0 0 0.8888888888888888 0.9411764705882353
88 0.0003762999999999961 0 0 0.8888888888888888 0.9411764705882353
89 0.00030509999999997484 0 0 0.8888888888888888 0.9411764705882353
90 0.00028200000000000447 0 0 0.8888888888888888 0.9411764705882353
91 0.00031880000000000797 0 0 0.8888888888888888 0.9411764705882353
92 0.00030189999999999384 0 0 0.8888888888888888 0.9411764705882353
93 0.0003202999999999956 0 0 0.8888888888888888 0.9411764705882353
94 0.00028200000000000447 0 0 0.8888888888888888 0.9411764705882353
95 0.00030030000000000334 0 0 0.8888888888888888 0.9411764705882353
96 0.0003000999999999976 0 0 0.8888888888888888 0.9411764705882353
97 0.0002848000000000017 0 0 0.8888888888888888 0.9411764705882353
98 0.0005159999999999887 0 0 0.8888888888888888 0.9411764705882353
99 0.0003308999999999951 0 0 0.8888888888888888 0.9411764705882353
100 0.0003147000000000011 0 0 0.8888888888888888 0.9411764705882353
101 0.0004390999999999978 0 0 0.8888888888888888 0.9411764705882353
102 0.00033819999999998296 0 0 0.8888888888888888 0.9411764705882353
103 0.0003221999999999947 0 0 0.8888888888888888 0.9411764705882353
104 0.00030389999999999584 0 0 0.8888888888888888 0.9411764705882353
105 0.0002862000000000142 0 0 0.8888888888888888 0.9411764705882353
106 0.0003049999999999997 1 1 1.0 1.0
