110 0.9 0.2
1 0.0023309999999999997 1 0 0.009174311926605505 0.5023041474654378
2 0.0022824000000000177 1 1 0.01834862385321101 0.5069124423963134
3 0.0022698999999999914 1 0 0.027522935779816515 0.5069124423963134
4 0.002168299999999984 1 0 0.03669724770642202 0.5069124423963134
5 0.0023063999999999862 1 1 0.045871559633027525 0.511520737327189
6 0.002294100000000021 0 1 0.045871559633027525 0.5161290322580645
7 0.002358500000000041 1 0 0.05504587155963303 0.5161290322580645
8 0.0022353999999999985 1 1 0.06422018348623854 0.5207373271889401
9 0.004184599999999983 1 0 0.07339449541284404 0.5207373271889401
10 0.0023140999999999856 1 1 0.08256880733944955 0.5253456221198156
11 0.0022878000000000065 1 1 0.09174311926605505 0.5299539170506913
12 0.002357800000000021 1 1 0.10091743119266056 0.5345622119815668
13 0.0044820000000000415 1 0 0.11009174311926606 0.5345622119815668
14 0.003218899999999969 1 2 0.11926605504587157 0.543778801843318
15 0.002539400000000025 1 1 0.12844036697247707 0.5483870967741935
16 0.0023944000000000187 1 0 0.13761467889908258 0.5483870967741935
17 0.002517400000000003 1 1 0.14678899082568808 0.5529953917050692
18 0.0026823000000000263 1 2 0.1559633027522936 0.5622119815668203
19 0.0023836999999999886 1 2 0.1651376146788991 0.5714285714285714
20 0.0023880000000000012 1 0 0.1743119266055046 0.5714285714285714
21 0.0024181999999999815 0 1 0.1743119266055046 0.576036866359447
22 0.0026025000000000076 1 1 0.1834862385321101 0.5806451612903226
23 0.002540399999999998 1 2 0.1926605504587156 0.5898617511520737
24 0.0026305000000000356 1 1 0.2018348623853211 0.5944700460829493
25 0.002524399999999982 1 1 0.21100917431192662 0.5990783410138248
26 0.002434500000000006 1 0 0.22018348623853212 0.5990783410138248
27 0.0025568000000000257 1 0 0.22935779816513763 0.5990783410138248
28 0.0027134000000000325 0 1 0.22935779816513763 0.6036866359447005
29 0.0036551999999999696 1 0 0.23853211009174313 0.6036866359447005
30 0.002737299999999998 1 1 0.24770642201834864 0.6082949308755761
31 0.003151700000000035 1 0 0.25688073394495414 0.6082949308755761
32 0.0026348999999999956 1 0 0.26605504587155965 0.6082949308755761
33 0.002718300000000007 1 0 0.27522935779816515 0.6082949308755761
34 0.0027915000000000023 1 2 0.28440366972477066 0.6175115207373272
35 0.002823999999999993 1 1 0.29357798165137616 0.6221198156682027
36 0.0026451999999999587 0 1 0.29357798165137616 0.6267281105990783
37 0.002685700000000013 1 1 0.30275229357798167 0.631336405529954
38 0.0026190999999999853 1 0 0.3119266055045872 0.631336405529954
39 0.002743300000000004 1 2 0.3211009174311927 0.6405529953917051
40 0.002623199999999992 1 0 0.3302752293577982 0.6405529953917051
41 0.0029205999999999954 1 2 0.3394495412844037 0.6497695852534562
42 0.002805600000000019 1 1 0.3486238532110092 0.6543778801843319
43 0.002583000000000002 1 1 0.3577981651376147 0.6589861751152074
44 0.002928099999999989 1 1 0.3669724770642202 0.663594470046083
45 0.002870499999999998 1 0 0.3761467889908257 0.663594470046083
46 0.0029789000000000065 1 2 0.3853211009174312 0.6728110599078341
47 0.003257800000000033 1 0 0.3944954128440367 0.6728110599078341
48 0.0031670999999999783 1 1 0.4036697247706422 0.6774193548387096
49 0.002858599999999989 1 3 0.41284403669724773 0.6912442396313364
50 0.005066200000000021 1 1 0.42201834862385323 0.695852534562212
51 0.003126199999999968 1 1 0.43119266055045874 0.7004608294930875
52 0.0029309999999999614 1 0 0.44036697247706424 0.7004608294930875
53 0.002808199999999983 1 0 0.44954128440366975 0.7004608294930875
54 0.002934099999999995 0 0 0.44954128440366975 0.7004608294930875
55 0.0028751000000000193 1 3 0.45871559633027525 0.7142857142857143
56 0.002937299999999976 0 0 0.45871559633027525 0.7142857142857143
57 0.003048800000000018 1 1 0.46788990825688076 0.7188940092165899
58 0.0029711000000000043 1 0 0.47706422018348627 0.7188940092165899
59 0.003022099999999972 1 0 0.48623853211009177 0.7188940092165899
60 0.0031172999999999895 1 0 0.4954128440366973 0.7188940092165899
61 0.0030006999999999673 1 1 0.5045871559633027 0.7235023041474654
62 0.003027000000000002 1 0 0.5137614678899083 0.7235023041474654
63 0.0030893999999999644 1 1 0.5229357798165137 0.728110599078341
64 0.002916400000000041 1 0 0.5321100917431193 0.728110599078341
65 0.0031798000000000104 1 2 0.5412844036697247 0.7373271889400922
66 0.003418100000000035 1 1 0.5504587155963303 0.7419354838709677
67 0.0031751000000000418 1 1 0.5596330275229358 0.7465437788018433
68 0.0029829000000000105 0 1 0.5596330275229358 0.7511520737327189
69 0.003261199999999964 1 2 0.5688073394495413 0.7603686635944701
70 0.0032318999999999543 1 1 0.5779816513761468 0.7649769585253456
71 0.0030546000000000184 1 0 0.5871559633027523 0.7649769585253456
72 0.003042299999999998 1 0 0.5963302752293578 0.7649769585253456
73 0.003058399999999961 1 1 0.6055045871559633 0.7695852534562212
74 0.0035086999999999757 1 3 0.6146788990825688 0.783410138248848
75 0.0030274999999999608 1 1 0.6238532110091743 0.7880184331797235
76 0.0033023000000000358 1 1 0.6330275229357798 0.7926267281105991
77 0.003090499999999996 0 1 0.6330275229357798 0.7972350230414746
78 0.00305500000000003 1 2 0.6422018348623854 0.8064516129032258
79 0.0031666000000000194 1 2 0.6513761467889908 0.815668202764977
80 0.003297300000000003 1 0 0.6605504587155964 0.815668202764977
81 0.0033126999999999462 0 0 0.6605504587155964 0.815668202764977
82 0.0033654000000000184 1 1 0.6697247706422018 0.8202764976958525
83 0.0037062999999999957 1 2 0.6788990825688074 0.8294930875576036
84 0.0034815000000000262 0 0 0.6788990825688074 0.8294930875576036
85 0.0034250999999999587 1 1 0.6880733944954128 0.8341013824884793
86 0.003392599999999968 1 0 0.6972477064220184 0.8341013824884793
87 0.0031967999999999996 1 1 0.7064220183486238 0.8387096774193549
88 0.0033767999999999576 1 0 0.7155963302752294 0.8387096774193549
89 0.0033899000000000568 1 1 0.7247706422018348 0.8433179723502304
90 0.004196299999999931 1 2 0.7339449541284404 0.8525345622119815
91 0.0032898000000000094 1 1 0.7431192660550459 0.8571428571428571
92 0.003612400000000071 1 1 0.7522935779816514 0.8617511520737328
93 0.003525400000000012 1 0 0.7614678899082569 0.8617511520737328
94 0.0035431000000000212 1 2 0.7706422018348624 0.8709677419354839
95 0.003620100000000015 0 1 0.7706422018348624 0.8755760368663594
96 0.0033290999999999737 1 2 0.7798165137614679 0.8847926267281107
97 0.0033242999999999467 1 0 0.7889908256880734 0.8847926267281107
98 0.0033571000000000017 0 0 0.7889908256880734 0.8847926267281107
99 0.0035408000000000106 1 0 0.7981651376146789 0.8847926267281107
100 0.003465999999999969 1 1 0.8073394495412844 0.8894009216589862
101 0.003601700000000041 1 1 0.8165137614678899 0.8940092165898618
102 0.0036770000000000413 1 1 0.8256880733944955 0.8986175115207373
103 0.0034807000000000032 1 1 0.8348623853211009 0.9032258064516129
104 0.003701500000000024 1 1 0.8440366972477065 0.9078341013824884
105 0.003683300000000056 0 0 0.8440366972477065 0.9078341013824884
106 0.0035343999999999376 1 0 0.8532110091743119 0.9078341013824884
107 0.0037861000000000145 1 2 0.8623853211009175 0.9170506912442397
108 0.0038599999999999746 1 1 0.8715596330275229 0.9216589861751152
109 0.003673700000000002 1 1 0.8807339449541285 0.9262672811059908
110 0.003492599999999957 1 2 0.8899082568807339 0.9354838709677419
111 0.0033689999999999554 1 0 0.8990825688073395 0.9354838709677419
112 0.003813200000000072 1 0 0.908256880733945 0.9354838709677419
113 0.004024899999999998 1 1 0.9174311926605505 0.9400921658986175
114 0.0035865999999999953 1 1 0.926605504587156 0.9447004608294931
115 0.0037783999999999596 0 0 0.926605504587156 0.9447004608294931
116 0.0037698999999999927 0 1 0.926605504587156 0.9493087557603687
117 0.00380069999999999 1 0 0.9357798165137615 0.9493087557603687
118 0.0034564999999999735 1 1 0.944954128440367 0.9539170506912442
119 0.0037755000000000427 1 0 0.9541284403669725 0.9539170506912442
120 0.003756399999999993 1 1 0.963302752293578 0.9585253456221198
121 0.0037441999999999753 1 2 0.9724770642201835 0.967741935483871
122 0.0037667000000000117 1 1 0.981651376146789 0.9723502304147466
123 0.003661499999999984 1 3 0.9908256880733946 0.9861751152073732
124 0.003641200000000011 1 0 1.0 0.9861751152073732
125 0.0037650000000000183 0 0 1.0 0.9861751152073732
126 0.0038432000000000466 0 1 1.0 0.9907834101382489
127 0.0037154000000000353 0 0 1.0 0.9907834101382489
128 0.0036623999999999546 0 0 1.0 0.9907834101382489
129 0.0038171000000000177 0 0 1.0 0.9907834101382489
130 0.003588900000000006 0 1 1.0 0.9953917050691244
131 0.0037650999999999657 0 0 1.0 0.9953917050691244
132 0.0037897999999999543 0 0 1.0 0.9953917050691244
133 0.003949299999999933 0 0 1.0 0.9953917050691244
134 0.00375610000000004 0 1 1.0 1.0
