175 0.3 0.4
1 0.0256672 741 0 0.011117946255757776 0.045135263407688656
2 0.048531299999999944 1607 437 0.0352293357739801 0.06587565258661604
3 0.10006930000000003 4454 1457 0.102057045116956 0.13502610346464167
4 0.2796740000000001 11637 3781 0.2766583144533301 0.3144755576649264
5 0.5942795000000001 13594 3988 0.48062236492670557 0.5037494067394399
6 1.0460113 10155 2711 0.6329877417515641 0.6324157570004746
7 1.4938952000000003 7252 1853 0.7417965760926646 0.7203607024205031
8 1.8882801999999996 5079 1331 0.8180017704691743 0.7835310868533459
9 2.2310858000000007 3551 973 0.8712808894357005 0.8297104888467015
10 2.5029985000000003 2504 713 0.9088508454740506 0.8635500711912673
11 2.6830166 1806 573 0.9359480262269502 0.8907451352634077
12 2.8904784999999986 1261 441 0.9548680400306081 0.9116753678215472
13 2.9659131000000016 890 308 0.9682215787183603 0.9262933080208827
14 3.039995300000001 643 250 0.9778691353208601 0.9381585192216422
15 3.3172718000000003 433 207 0.9843658569520923 0.9479829140958709
16 3.1382413999999983 338 166 0.9894372008582274 0.9558614143331752
17 3.2352272999999983 223 137 0.9927830875181923 0.9623635500711912
18 3.2080325999999957 149 110 0.9950186799501868 0.9675842429995254
19 3.2872152000000057 114 104 0.9967291332203034 0.9725201708590413
20 3.5822866999999974 64 79 0.9976893876877373 0.9762695775984812
21 3.668977499999997 45 73 0.9983645666101517 0.979734219269103
22 3.4408049000000034 29 63 0.9987996819157077 0.9827242524916944
23 3.8472938000000028 22 58 0.9991297693888881 0.9854769814902705
24 3.524144199999995 14 43 0.9993398250536392 0.9875177978168012
25 3.8895336 16 34 0.9995798886704976 0.9891314665401044
26 3.8538744000000023 12 37 0.9997599363831415 0.9908875177978168
27 3.6681408999999974 2 18 0.9997899443352488 0.9917418130042714
28 3.388921599999989 6 17 0.9998799681915708 0.9925486473659231
29 4.071139299999999 1 21 0.9998949721676245 0.993545325106787
30 3.768174099999996 1 15 0.999909976143678 0.9942572377788325
31 3.8496212000000014 2 21 0.9999399840957853 0.9952539155196962
32 4.274627699999996 1 12 0.999954988071839 0.9958234456573327
33 4.128060000000005 0 6 0.999954988071839 0.996108210726151
34 4.110364399999995 1 8 0.9999699920478927 0.9964878974845752
35 3.862416499999995 0 9 0.9999699920478927 0.9969150450878026
36 3.571989700000003 1 11 0.9999849960239463 0.997437114380636
37 3.364151899999996 0 5 0.9999849960239463 0.9976744186046511
38 3.545136499999998 0 5 0.9999849960239463 0.9979117228286664
39 3.5105879999999985 0 6 0.9999849960239463 0.9981964878974846
40 3.6430620999999945 0 5 0.9999849960239463 0.9984337921214997
41 3.411447299999992 0 2 0.9999849960239463 0.9985287138111059
42 3.5069846999999896 0 2 0.9999849960239463 0.9986236355007119
43 3.6061995999999965 0 3 0.9999849960239463 0.998766018035121
44 3.3737496999999905 0 3 0.9999849960239463 0.9989084005695301
45 3.444823900000017 1 3 1.0 0.9990507831039392
46 3.377773200000007 0 0 1.0 0.9990507831039392
47 3.386975800000016 0 1 1.0 0.9990982439487422
48 3.456362499999983 0 3 1.0 0.9992406264831514
49 3.4727255999999898 0 2 1.0 0.9993355481727575
50 3.39225669999999 0 1 1.0 0.9993830090175605
51 3.418633399999976 0 0 1.0 0.9993830090175605
52 3.3791811999999766 0 1 1.0 0.9994304698623635
53 3.4216136000000006 0 2 1.0 0.9995253915519696
54 3.450380999999993 0 1 1.0 0.9995728523967726
55 3.417053299999992 0 0 1.0 0.9995728523967726
56 3.530603499999984 0 1 1.0 0.9996203132415757
57 3.3965790999999967 0 2 1.0 0.9997152349311818
58 3.4169220999999936 0 0 1.0 0.9997152349311818
59 3.39927449999999 0 0 1.0 0.9997152349311818
60 3.3792513000000213 0 0 1.0 0.9997152349311818
61 3.413672099999985 0 1 1.0 0.9997626957759849
62 3.382460299999991 0 0 1.0 0.9997626957759849
63 3.4380536000000177 0 0 1.0 0.9997626957759849
64 3.394036 0 2 1.0 0.9998576174655909
65 3.3836860000000115 0 0 1.0 0.9998576174655909
66 3.3936477999999966 0 0 1.0 0.9998576174655909
67 3.3806584000000157 0 0 1.0 0.9998576174655909
68 3.4069015999999976 0 0 1.0 0.9998576174655909
69 3.397811399999995 0 0 1.0 0.9998576174655909
70 3.6830729000000133 0 1 1.0 0.9999050783103939
71 3.8178346999999917 0 0 1.0 0.9999050783103939
72 4.325775399999998 0 0 1.0 0.9999050783103939
73 3.9457003999999927 0 0 1.0 0.9999050783103939
74 3.9027750000000196 0 0 1.0 0.9999050783103939
75 3.590913300000011 0 0 1.0 0.9999050783103939
76 4.055616400000019 0 0 1.0 0.9999050783103939
77 3.762625799999995 0 0 1.0 0.9999050783103939
78 4.159280600000017 0 0 1.0 0.9999050783103939
79 4.076469099999997 0 0 1.0 0.9999050783103939
80 4.134648699999985 0 0 1.0 0.9999050783103939
81 3.9658922999999504 0 0 1.0 0.9999050783103939
82 3.741040099999964 0 0 1.0 0.9999050783103939
83 3.953519599999993 0 0 1.0 0.9999050783103939
84 3.4979356000000053 0 0 1.0 0.9999050783103939
85 4.042961999999989 0 0 1.0 0.9999050783103939
86 3.3860884000000055 0 0 1.0 0.9999050783103939
87 3.3969551999999794 0 0 1.0 0.9999050783103939
88 3.447367999999983 0 0 1.0 0.9999050783103939
89 3.8226642999999854 0 0 1.0 0.9999050783103939
90 3.8791766999999595 0 1 1.0 0.999952539155197
91 3.8428100999999515 0 0 1.0 0.999952539155197
92 3.7206232999999997 0 1 1.0 1.0
