25 0.6 0.2
1 0.0038519999999999943 240 0 0.18461538461538463 0.34430379746835443
2 0.007729000000000014 417 50 0.5053846153846154 0.4708860759493671
3 0.01149130000000001 373 71 0.7923076923076923 0.6506329113924051
4 0.014339699999999983 171 58 0.9238461538461539 0.7974683544303798
5 0.014166399999999996 63 22 0.9723076923076923 0.8531645569620253
6 0.014743200000000012 24 19 0.9907692307692307 0.9012658227848102
7 0.015111700000000006 7 10 0.9961538461538462 0.9265822784810127
8 0.015009899999999993 1 8 0.9969230769230769 0.9468354430379747
9 0.01565909999999998 2 0 0.9984615384615385 0.9468354430379747
10 0.015478999999999965 1 6 0.9992307692307693 0.9620253164556962
11 0.015491299999999986 0 2 0.9992307692307693 0.9670886075949368
12 0.015347399999999956 0 1 0.9992307692307693 0.9696202531645569
13 0.015409100000000009 1 0 1.0 0.9696202531645569
14 0.015772000000000008 0 4 1.0 0.979746835443038
15 0.015886699999999976 0 3 1.0 0.9873417721518988
16 0.01627200000000001 0 1 1.0 0.9898734177215189
17 0.016030600000000006 0 0 1.0 0.9898734177215189
18 0.015811200000000025 0 0 1.0 0.9898734177215189
19 0.015835600000000005 0 1 1.0 0.9924050632911392
20 0.01704929999999999 0 1 1.0 0.9949367088607595
21 0.01701560000000002 0 0 1.0 0.9949367088607595
22 0.015985899999999997 0 0 1.0 0.9949367088607595
23 0.016736699999999993 0 1 1.0 0.9974683544303797
24 0.016711400000000043 0 0 1.0 0.9974683544303797
25 0.025654599999999972 0 1 1.0 1.0
