75 0.7 0.5
1 0.011555800000000005 602 0 0.05351111111111111 0.11148086522462562
2 0.036587099999999984 1975 645 0.22906666666666667 0.29034941763727123
3 0.1113284 4797 1505 0.6554666666666666 0.7077093732667776
4 0.18847939999999996 2717 669 0.8969777777777778 0.8932334997226844
5 0.23315619999999992 805 206 0.9685333333333334 0.9503605102606767
6 0.2565054 250 90 0.9907555555555555 0.9753189129229063
7 0.26153209999999993 75 44 0.9974222222222222 0.9875207986688852
8 0.2797726999999999 23 24 0.9994666666666666 0.9941763727121464
9 0.2626782999999999 6 6 1.0 0.9958402662229617
10 0.2696643999999999 0 5 1.0 0.9972268441486412
11 0.26489079999999987 0 5 1.0 0.9986134220743206
12 0.2758999000000002 0 3 1.0 0.9994453688297282
13 0.2639442000000001 0 0 1.0 0.9994453688297282
14 0.26912650000000005 0 1 1.0 0.9997226844148641
15 0.26423669999999966 0 0 1.0 0.9997226844148641
16 0.2797989000000003 0 0 1.0 0.9997226844148641
17 0.26424780000000014 0 0 1.0 0.9997226844148641
18 0.26922859999999993 0 1 1.0 1.0
