75 0.5 0.3
1 0.00898460000000001 456 0 0.04054054054054054 0.10134554823933581
2 0.01896690000000001 1044 231 0.13335704125177808 0.16747781276839394
3 0.046437799999999974 2423 591 0.34877311522048365 0.3366733466933868
4 0.0879299 2906 722 0.6071301564722618 0.5433724592041226
5 0.12510479999999996 2116 523 0.7952524893314367 0.693100486687661
6 0.16178499999999996 1128 327 0.8955369843527738 0.7867162897223018
7 0.1836179 599 226 0.9487908961593172 0.8514171199541941
8 0.2060303 292 119 0.9747510668563301 0.8854852562267392
9 0.20872769999999985 141 87 0.9872866287339972 0.9103922129974235
10 0.21323229999999982 72 79 0.9936877667140825 0.9330088748926424
11 0.22317830000000005 35 54 0.9967994310099573 0.9484683653020326
12 0.22944799999999987 15 31 0.9981330014224751 0.9573432579444604
13 0.22707089999999996 10 27 0.9990220483641536 0.9650730031491555
14 0.22626009999999974 6 21 0.9995554765291608 0.9710850271972516
15 0.22485709999999992 4 15 0.9999110953058321 0.9753793300887489
16 0.2317178000000002 1 15 1.0 0.9796736329802462
17 0.23342010000000002 0 11 1.0 0.9828227884340108
18 0.23405980000000026 0 16 1.0 0.9874033781849413
19 0.2284765000000002 0 3 1.0 0.9882622387632408
20 0.23476370000000024 0 7 1.0 0.9902662467792729
21 0.23886480000000043 0 7 1.0 0.9922702547953048
22 0.23194610000000004 0 7 1.0 0.9942742628113369
23 0.23537499999999945 0 3 1.0 0.9951331233896364
24 0.22996629999999918 0 1 1.0 0.9954194102490695
25 0.2529905000000001 0 3 1.0 0.996278270827369
26 0.23047800000000063 0 2 1.0 0.9968508445462353
27 0.23381829999999937 0 4 1.0 0.9979959919839679
28 0.2321268999999999 0 0 1.0 0.9979959919839679
29 0.22955720000000035 0 1 1.0 0.998282278843401
30 0.24116240000000033 0 1 1.0 0.9985685657028343
31 0.24734000000000034 0 1 1.0 0.9988548525622674
32 0.23801800000000028 0 1 1.0 0.9991411394217006
33 0.23005560000000003 0 0 1.0 0.9991411394217006
34 0.25544279999999997 0 0 1.0 0.9991411394217006
35 0.2317588000000006 0 1 1.0 0.9994274262811337
36 0.23335490000000014 0 2 1.0 1.0
