150 0.5 0.9
1 0.025155499999999997 912 0 0.020958290244743192 0.054697286012526096
2 0.06591840000000004 2463 1290 0.07755946225439504 0.1444676409185804
3 0.2578418 10540 5154 0.31977479030219463 0.5031315240083507
4 0.7238847 14489 4789 0.6527404343329887 0.8363952679192763
5 1.3352053 7475 1293 0.8245202803630932 0.9263743910925539
6 1.8457690999999996 3810 540 0.9120762955302769 0.9639526791927627
7 1.8146654 1925 252 0.956313914742043 0.9814892136395268
8 2.5217202000000007 964 118 0.9784671952200391 0.9897007654836465
9 2.243027699999999 482 64 0.9895438354590371 0.9941544885177453
10 2.357562099999999 233 42 0.9948983109272664 0.9970772442588727
11 2.244595200000001 116 18 0.9975640583706767 0.998329853862213
12 2.2937306 65 15 0.9990577961622429 0.9993736951983299
13 2.395806099999998 23 6 0.9995863495346432 0.9997912317327766
14 2.153077500000002 9 2 0.9997931747673217 0.9999304105775922
15 2.2656937 7 1 0.9999540388371826 1.0
16 1.991893300000001 1 0 0.9999770194185913 1.0
17 2.0878818000000017 0 0 0.9999770194185913 1.0
18 2.1064471000000005 1 0 1.0 1.0
