25 0.1 0.9
1 0.0017152999999999752 26 0 0.02459791863765374 0.332378223495702
2 0.002167299999999983 47 6 0.06906338694418164 0.3495702005730659
3 0.002559900000000004 37 14 0.10406811731315042 0.38968481375358166
4 0.002576999999999996 40 19 0.14191106906338694 0.44412607449856734
5 0.0035804000000000114 60 22 0.1986754966887417 0.5071633237822349
6 0.003757499999999997 60 15 0.2554399243140965 0.5501432664756447
7 0.004627999999999993 59 23 0.31125827814569534 0.6160458452722063
8 0.005058000000000007 67 15 0.37464522232734154 0.6590257879656161
9 0.005262500000000003 65 19 0.43614001892147586 0.7134670487106017
10 0.005330100000000004 59 13 0.49195837275307475 0.7507163323782235
11 0.005936500000000011 42 12 0.5316934720908231 0.7851002865329513
12 0.006518099999999999 52 13 0.5808893093661306 0.8223495702005731
13 0.00628490000000001 37 8 0.6158940397350994 0.8452722063037249
14 0.00658510000000001 35 8 0.6490066225165563 0.8681948424068768
15 0.007583199999999984 51 9 0.6972563859981078 0.8939828080229226
16 0.006895000000000012 28 8 0.7237464522232734 0.9169054441260746
17 0.007517200000000002 31 2 0.7530747398297067 0.9226361031518625
18 0.007407699999999989 18 2 0.7701040681173131 0.9283667621776505
19 0.007776599999999995 30 5 0.7984862819299905 0.9426934097421203
20 0.007810700000000004 28 3 0.8249763481551561 0.9512893982808023
21 0.008162200000000008 20 4 0.8438978240302744 0.9627507163323782
22 0.007939399999999985 14 2 0.8571428571428571 0.9684813753581661
23 0.008117299999999994 14 1 0.8703878902554399 0.9713467048710601
24 0.008151300000000028 16 1 0.8855250709555346 0.9742120343839542
25 0.00835319999999995 11 1 0.8959318826868495 0.9770773638968482
26 0.00806290000000004 8 1 0.9035004730368968 0.9799426934097422
27 0.008741700000000019 10 0 0.912961210974456 0.9799426934097422
28 0.008301399999999959 9 0 0.9214758751182592 0.9799426934097422
29 0.008367599999999975 7 2 0.9280983916745507 0.9856733524355301
30 0.008349599999999957 6 0 0.9337748344370861 0.9856733524355301
31 0.008431699999999986 11 0 0.9441816461684012 0.9856733524355301
32 0.008055000000000034 7 0 0.9508041627246925 0.9856733524355301
33 0.008907300000000007 4 0 0.9545884578997161 0.9856733524355301
34 0.008394000000000013 5 0 0.9593188268684958 0.9856733524355301
35 0.008262899999999962 7 1 0.9659413434247871 0.9885386819484241
36 0.008203399999999972 6 1 0.9716177861873226 0.9914040114613181
37 0.008109300000000041 4 1 0.9754020813623463 0.994269340974212
38 0.008924900000000013 4 0 0.97918637653737 0.994269340974212
39 0.008510399999999974 4 0 0.9829706717123936 0.994269340974212
40 0.008452999999999988 0 0 0.9829706717123936 0.994269340974212
41 0.008493000000000028 2 0 0.9848628192999054 0.994269340974212
42 0.008679800000000015 1 0 0.9858088930936613 0.994269340974212
43 0.008922399999999997 5 0 0.9905392620624409 0.994269340974212
44 0.008515600000000012 0 0 0.9905392620624409 0.994269340974212
45 0.008322599999999958 1 0 0.9914853358561968 0.994269340974212
46 0.009608000000000005 0 0 0.9914853358561968 0.994269340974212
47 0.00868260000000004 1 0 0.9924314096499527 0.994269340974212
48 0.00868469999999999 1 1 0.9933774834437086 0.997134670487106
49 0.00886549999999997 0 0 0.9933774834437086 0.997134670487106
50 0.008680099999999968 0 0 0.9933774834437086 0.997134670487106
51 0.008670200000000072 0 0 0.9933774834437086 0.997134670487106
52 0.008517699999999961 1 0 0.9943235572374646 0.997134670487106
53 0.008312100000000044 0 0 0.9943235572374646 0.997134670487106
54 0.009160100000000004 0 0 0.9943235572374646 0.997134670487106
55 0.00856009999999996 0 0 0.9943235572374646 0.997134670487106
56 0.008322599999999958 0 0 0.9943235572374646 0.997134670487106
57 0.008677900000000016 1 0 0.9952696310312205 0.997134670487106
58 0.009040300000000001 0 0 0.9952696310312205 0.997134670487106
59 0.008901699999999901 0 0 0.9952696310312205 0.997134670487106
60 0.00887899999999997 1 0 0.9962157048249763 0.997134670487106
61 0.008774700000000024 0 0 0.9962157048249763 0.997134670487106
62 0.008722699999999972 0 0 0.9962157048249763 0.997134670487106
63 0.008489999999999998 0 0 0.9962157048249763 0.997134670487106
64 0.008733899999999961 0 0 0.9962157048249763 0.997134670487106
65 0.009554699999999916 0 0 0.9962157048249763 0.997134670487106
66 0.008775399999999989 0 0 0.9962157048249763 0.997134670487106
67 0.008644100000000043 0 0 0.9962157048249763 0.997134670487106
68 0.009117700000000006 0 0 0.9962157048249763 0.997134670487106
69 0.008852699999999936 0 0 0.9962157048249763 0.997134670487106
70 0.00884790000000002 0 0 0.9962157048249763 0.997134670487106
71 0.008990500000000012 1 0 0.9971617786187322 0.997134670487106
72 0.008705500000000033 0 0 0.9971617786187322 0.997134670487106
73 0.008529699999999973 1 0 0.9981078524124882 0.997134670487106
74 0.009255699999999978 0 0 0.9981078524124882 0.997134670487106
75 0.009109499999999993 0 0 0.9981078524124882 0.997134670487106
76 0.009263299999999974 0 0 0.9981078524124882 0.997134670487106
77 0.008587400000000023 0 0 0.9981078524124882 0.997134670487106
78 0.008753699999999975 0 0 0.9981078524124882 0.997134670487106
79 0.008597000000000077 1 0 0.9990539262062441 0.997134670487106
80 0.009019500000000069 0 0 0.9990539262062441 0.997134670487106
81 0.008888600000000024 0 0 0.9990539262062441 0.997134670487106
82 0.008916099999999982 0 0 0.9990539262062441 0.997134670487106
83 0.008680200000000027 0 0 0.9990539262062441 0.997134670487106
84 0.008561700000000005 0 0 0.9990539262062441 0.997134670487106
85 0.008545899999999995 0 0 0.9990539262062441 0.997134670487106
86 0.008672199999999908 0 0 0.9990539262062441 0.997134670487106
87 0.008781099999999986 0 0 0.9990539262062441 0.997134670487106
88 0.008822899999999967 0 0 0.9990539262062441 0.997134670487106
89 0.00904450000000001 0 0 0.9990539262062441 0.997134670487106
90 0.008624900000000046 0 0 0.9990539262062441 0.997134670487106
91 0.00874050000000004 0 0 0.9990539262062441 0.997134670487106
92 0.009044399999999952 0 0 0.9990539262062441 0.997134670487106
93 0.008676200000000023 0 0 0.9990539262062441 0.997134670487106
94 0.008555700000000055 0 0 0.9990539262062441 0.997134670487106
95 0.008695599999999915 1 1 1.0 1.0
