175 0.4 0.3
1 0.023165300000000055 674 0 0.0124953652206155 0.0507707178104492
2 0.04126980000000002 1812 395 0.0460882461994809 0.07086534059113801
3 0.10348649999999993 5303 1411 0.14440118650352243 0.14264638551152262
4 0.29010080000000005 13270 3439 0.3904152762328513 0.3175967848603551
5 0.6196049000000001 12837 3421 0.6284019280682239 0.491631479879941
6 0.9541945999999999 7857 2323 0.7740637745643307 0.6098082108154855
7 1.2970926 4757 1759 0.8622543566926214 0.6992928727679707
8 1.5470416 2940 1151 0.9167593622543567 0.7578470773770158
9 1.842676 1666 904 0.9476455320726733 0.8038357836902884
10 1.9694764999999999 1135 670 0.9686874304783092 0.8379203337233555
11 2.0225737000000006 667 528 0.9810530218761587 0.8647809940479219
12 2.3000922999999993 420 484 0.9888394512421209 0.8894032660121076
13 2.2283551 233 343 0.9931590656284761 0.9068525207305286
14 2.2218607000000024 142 272 0.9957916203188728 0.9206898305946991
15 2.2872746 81 219 0.9972932888394512 0.9318308999338658
16 2.2899761000000005 59 199 0.9983870967741936 0.941954520018314
17 2.416888799999999 36 162 0.9990545050055617 0.9501958589815332
18 2.3557260999999983 23 142 0.9994809047089358 0.9574197486900341
19 2.4732275 8 113 0.9996292176492398 0.9631683369791931
20 2.3755890000000015 6 97 0.999740452354468 0.9681029658645776
21 2.3899740000000023 6 85 0.999851687059696 0.9724271251971308
22 2.409755099999998 5 74 0.9999443826473859 0.976191687439589
23 2.576518099999994 1 67 0.999962921764924 0.9796001424428956
24 2.603300500000003 1 58 0.999981460882462 0.982550745281579
25 2.4239743999999988 0 51 0.999981460882462 0.9851452408811111
26 2.4311429999999987 0 33 0.999981460882462 0.9868240321513965
27 2.588009800000002 1 32 1.0 0.9884519509589459
28 2.751768499999997 0 25 1.0 0.989723762527344
29 2.4629335999999995 0 27 1.0 0.9910973190212138
30 2.4610357999999977 0 17 1.0 0.9919621508877244
31 2.6076162000000025 0 21 1.0 0.9930304726051788
32 2.4493718000000015 0 20 1.0 0.9940479218598972
33 2.4652078000000017 0 10 1.0 0.9945566464872565
34 2.455174200000002 0 13 1.0 0.9952179885028234
35 2.59000309999999 0 11 1.0 0.9957775855929185
36 2.6277106999999944 0 10 1.0 0.9962863102202778
37 2.596180199999992 0 10 1.0 0.996795034847637
38 2.4565178000000003 0 5 1.0 0.9970493971613166
39 2.4638193000000115 0 9 1.0 0.9975072493259398
40 2.6181947999999977 0 10 1.0 0.9980159739532991
41 2.4619383 0 4 1.0 0.9982194638042428
42 2.6021544999999975 0 5 1.0 0.9984738261179223
43 2.4650709999999947 0 6 1.0 0.9987790608943379
44 2.6382270000000005 0 2 1.0 0.9988808058198098
45 2.4658119999999997 0 1 1.0 0.9989316782825457
46 2.607453899999996 0 1 1.0 0.9989825507452815
47 2.6053296999999986 0 2 1.0 0.9990842956707534
48 2.7262810999999942 0 1 1.0 0.9991351681334893
49 2.6297064000000034 0 1 1.0 0.9991860405962253
50 2.4713335 0 3 1.0 0.999338657984433
51 2.798622999999992 0 1 1.0 0.9993895304471689
52 2.674051899999995 0 5 1.0 0.9996438927608485
53 2.4709967999999947 0 0 1.0 0.9996438927608485
54 2.467554199999995 0 0 1.0 0.9996438927608485
55 2.4782016999999996 0 2 1.0 0.9997456376863204
56 2.4653437999999994 0 1 1.0 0.9997965101490563
57 2.6778309999999976 0 0 1.0 0.9997965101490563
58 2.472093700000002 0 0 1.0 0.9997965101490563
59 2.466101000000009 0 1 1.0 0.9998473826117923
60 2.4745136999999886 0 0 1.0 0.9998473826117923
61 2.580850199999986 0 0 1.0 0.9998473826117923
62 2.453309499999989 0 0 1.0 0.9998473826117923
63 2.5563439999999957 0 0 1.0 0.9998473826117923
64 2.462537400000002 0 0 1.0 0.9998473826117923
65 2.5608305000000087 0 0 1.0 0.9998473826117923
66 2.450936899999988 0 0 1.0 0.9998473826117923
67 2.519243500000016 0 0 1.0 0.9998473826117923
68 2.4610495000000014 0 0 1.0 0.9998473826117923
69 2.4875796999999977 0 0 1.0 0.9998473826117923
70 2.451108799999986 0 1 1.0 0.9998982550745281
71 2.5174550000000124 0 1 1.0 0.9999491275372641
72 2.463424599999996 0 0 1.0 0.9999491275372641
73 2.4741161000000034 0 0 1.0 0.9999491275372641
74 2.492375900000013 0 0 1.0 0.9999491275372641
75 2.4638327000000118 0 0 1.0 0.9999491275372641
76 2.4669992000000036 0 1 1.0 1.0
