125 0.7 0.5
1 0.021767800000000004 972 0 0.031109973114838048 0.059931673987310884
2 0.06980139999999996 3090 974 0.13000896172065035 0.15500244021473888
3 0.26284379999999996 11642 3751 0.5026245039047497 0.5211322596388482
4 0.6871109 10712 2996 0.8454743310715658 0.8135675939482675
5 1.1906412 3449 1027 0.955863525796953 0.9138116154221572
6 1.1631429 987 460 0.9874535910894892 0.9587115666178624
7 1.160949 252 189 0.9955191396748175 0.9771595900439238
8 1.1600188999999999 105 99 0.9988797849187044 0.986822840409956
9 1.2412222000000002 20 45 0.9995199078223019 0.9912152269399708
10 1.1862289000000006 14 40 0.9999679938548202 0.995119570522206
11 1.1665574000000003 1 20 1.0 0.9970717423133236
12 1.2308217 0 13 1.0 0.99834065397755
13 1.3339619000000003 0 2 1.0 0.9985358711566618
14 1.1687785999999996 0 5 1.0 0.9990239141044412
15 1.1980678999999999 0 4 1.0 0.9994143484626647
16 1.1636117000000006 0 1 1.0 0.9995119570522206
17 1.324238300000001 0 2 1.0 0.9997071742313324
18 1.251488000000002 0 1 1.0 0.9998047828208882
19 1.2324051000000011 0 1 1.0 0.9999023914104441
20 1.2911742000000004 0 0 1.0 0.9999023914104441
21 1.2828987999999981 0 1 1.0 1.0
