125 0.9 0.3
1 0.02033980000000002 1071 0 0.03991949010399195 0.06631499623210249
2 0.07417810000000002 4239 883 0.197920161019792 0.16137366777909354
3 0.32075 14145 3215 0.7251481605725149 0.507481967919044
4 0.6146687000000001 6508 2212 0.9677214953967721 0.7456130907525029
5 0.8840616000000001 782 1028 0.9968690595996869 0.8562816234255571
6 0.9001714000000001 77 525 0.9997390882999739 0.9128000861233717
7 0.9497423 5 260 0.9999254537999925 0.9407901819356228
8 1.1618080000000006 2 165 1.0 0.9585531273549359
9 1.0015681 0 127 1.0 0.972225212617074
10 1.0396210000000004 0 79 1.0 0.9807298955754118
11 1.1753370000000007 0 60 1.0 0.987189148455162
12 1.1598398999999997 0 29 1.0 0.9903111206803746
13 1.3082109000000006 0 34 1.0 0.9939713639788997
14 1.0821380000000005 0 18 1.0 0.9959091398428248
15 1.1698322 0 10 1.0 0.9969856819894499
16 1.0862234999999991 0 6 1.0 0.997631607277425
17 1.3133198999999998 0 5 1.0 0.9981698783507374
18 1.098761399999999 0 4 1.0 0.9986004952093874
19 1.0918208000000007 0 3 1.0 0.998923457853375
20 1.2441630000000004 0 1 1.0 0.9990311120680375
21 1.1905228 0 2 1.0 0.9992464204973625
22 1.317796099999999 0 2 1.0 0.9994617289266875
23 1.1930970999999992 0 1 1.0 0.99956938314135
24 1.123046800000001 0 3 1.0 0.9998923457853375
25 1.1642009000000009 0 1 1.0 1.0
