200 0.9 0.4
1 0.055894699999999964 2146 0 0.029781151556363534 0.04237075455914338
2 0.16191250000000013 8519 2123 0.14800371917456528 0.13116948301823658
3 0.9152520000000002 41273 10466 0.7207704797457639 0.5689309017901958
4 2.6001052 17996 6006 0.9705102763013641 0.8201438848920863
5 4.292176099999999 1910 2105 0.9970163338375498 0.9081897272879371
6 4.685571700000001 192 975 0.999680817108203 0.9489710557135687
7 4.592725800000002 22 457 0.9999861224829654 0.9680859963192237
8 4.458280299999998 1 285 1.0 0.9800066923205621
9 4.43244 0 167 1.0 0.9869918019073114
10 4.3911804 0 109 1.0 0.9915509452902794
11 4.5474703000000005 0 74 1.0 0.994646143550276
12 4.831599400000002 0 48 1.0 0.9966538397189225
13 4.526389300000005 0 28 1.0 0.9978249958172997
14 4.391134599999994 0 17 1.0 0.9985360548770286
15 4.801352000000001 0 16 1.0 0.9992052869332441
16 4.854934800000002 0 9 1.0 0.9995817299648653
17 5.093796500000003 0 3 1.0 0.9997072109754057
18 4.66266259999999 0 2 1.0 0.9997908649824326
19 4.741862900000001 0 1 1.0 0.9998326919859462
20 4.95767339999999 0 3 1.0 0.9999581729964865
21 4.807538699999995 0 0 1.0 0.9999581729964865
22 4.8745303000000035 0 1 1.0 1.0
