25 0.4 0.3
1 0.0018284000000000078 76 0 0.08180839612486544 0.25936599423631124
2 0.00276659999999998 111 22 0.20129171151776104 0.3227665706051873
3 0.003973100000000007 142 23 0.35414424111948334 0.38904899135446686
4 0.005470399999999986 186 49 0.5543595263724435 0.5302593659942363
5 0.007121099999999991 163 41 0.7298170075349839 0.6484149855907781
6 0.007585700000000001 96 29 0.8331539289558665 0.7319884726224783
7 0.00827219999999998 60 23 0.8977395048439182 0.7982708933717579
8 0.008664399999999989 37 13 0.93756727664155 0.8357348703170029
9 0.009456700000000012 28 7 0.9677072120559742 0.8559077809798271
10 0.008704600000000007 13 7 0.9817007534983854 0.8760806916426513
11 0.008950700000000006 5 8 0.9870828848223897 0.899135446685879
12 0.009514699999999987 6 5 0.9935414424111948 0.9135446685878963
13 0.009061000000000013 1 3 0.9946178686759957 0.9221902017291066
14 0.009334700000000029 1 4 0.9956942949407965 0.9337175792507204
15 0.009599099999999972 1 3 0.9967707212055974 0.9423631123919308
16 0.00949880000000003 2 4 0.9989235737351991 0.9538904899135446
17 0.009500500000000023 1 1 1.0 0.9567723342939481
18 0.009934200000000004 0 5 1.0 0.9711815561959655
19 0.009830400000000017 0 1 1.0 0.9740634005763689
20 0.009643100000000016 0 0 1.0 0.9740634005763689
21 0.009859099999999954 0 2 1.0 0.9798270893371758
22 0.010254100000000044 0 1 1.0 0.9827089337175793
23 0.009894799999999981 0 0 1.0 0.9827089337175793
24 0.009643000000000013 0 1 1.0 0.9855907780979827
25 0.009925300000000026 0 0 1.0 0.9855907780979827
26 0.009685600000000016 0 1 1.0 0.9884726224783862
27 0.010012099999999968 0 0 1.0 0.9884726224783862
28 0.013031199999999965 0 2 1.0 0.9942363112391931
29 0.010225600000000001 0 1 1.0 0.9971181556195965
30 0.014507800000000015 0 0 1.0 0.9971181556195965
31 0.01007410000000003 0 0 1.0 0.9971181556195965
32 0.010056400000000021 0 0 1.0 0.9971181556195965
33 0.00998159999999998 0 0 1.0 0.9971181556195965
34 0.009924299999999997 0 0 1.0 0.9971181556195965
35 0.015134499999999995 0 0 1.0 0.9971181556195965
36 0.009778300000000018 0 0 1.0 0.9971181556195965
37 0.010099599999999986 0 0 1.0 0.9971181556195965
38 0.009784999999999933 0 1 1.0 1.0
