200 0.3 0.5
1 0.029301699999999986 692 0 0.009262605576302721 0.041139774068453885
2 0.07475280000000017 1450 443 0.028671244428382123 0.05981284774911482
3 0.12177179999999987 3781 1450 0.0792809433937009 0.12093238914179734
4 0.3459293000000001 10423 3970 0.21879559356971717 0.2882734783341764
5 0.7112052 14799 5100 0.4168841772744917 0.5032456584049907
6 1.6210198 12569 3654 0.5851236129515854 0.6572669027145507
7 2.3541413 9170 2308 0.7078665221057704 0.7545523520485584
8 2.8889816 6633 1558 0.7966510059029033 0.8202242454897993
9 3.3041196999999993 4484 1039 0.8566705483944371 0.8640195582532456
10 3.9052422000000018 3238 719 0.9000120467413565 0.8943264205024448
11 4.146242000000001 2216 473 0.9296738010146033 0.9142640364188164
12 4.212823 1642 403 0.9516524113560615 0.9312510537851965
13 4.5007555 1061 306 0.965854180888514 0.9441493845894453
14 4.489989300000001 787 250 0.9763883869413323 0.9546872365537009
15 4.580908899999997 569 184 0.9840046045322518 0.962443095599393
16 4.6019729 358 137 0.9887965305384894 0.9682178384758051
17 4.854905300000006 269 134 0.9923971676772544 0.9738661271286461
18 4.634610899999998 163 91 0.9945789663895916 0.9777019052436351
19 4.734479800000003 136 91 0.9963993628612349 0.9815376833586241
20 4.4818785000000005 84 63 0.9975237253878382 0.9841932220536166
21 4.5406784999999985 55 63 0.9982599151373998 0.986848760748609
22 4.357892499999991 33 49 0.9987016289871368 0.9889141797336031
23 4.686491700000005 30 45 0.9991031870323522 0.9908109930871691
24 4.863498199999995 22 30 0.9993976629321768 0.9920755353228797
25 4.9001339 14 31 0.9995850566866107 0.9933822289664475
26 4.973771200000002 14 18 0.9997724504410446 0.9941409543078739
27 4.836865599999996 2 16 0.9997992209773923 0.9948153768335862
28 4.732659899999987 5 20 0.9998661473182615 0.9956584049907267
29 4.424311599999996 3 17 0.9999063031227831 0.996374978924296
30 4.791900900000002 3 12 0.9999464589273046 0.9968807958185804
31 4.613001299999993 2 17 0.9999732294636523 0.9975973697521497
32 4.5571701000000076 1 10 0.9999866147318262 0.9980188838307199
33 4.539558900000003 0 10 0.9999866147318262 0.9984403979092902
34 4.5612369000000115 0 3 0.9999866147318262 0.9985668521328612
35 4.5757487999999995 0 6 0.9999866147318262 0.9988197605800033
36 4.688262900000012 0 5 0.9999866147318262 0.9990305176192885
37 4.694327299999998 0 4 0.9999866147318262 0.9991991232507166
38 4.555938199999986 0 1 0.9999866147318262 0.9992412746585736
39 4.574866100000008 1 3 1.0 0.9993677288821446
40 5.001254299999999 0 3 1.0 0.9994941831057157
41 4.481133299999982 0 2 1.0 0.9995784859214297
42 5.400697699999995 0 3 1.0 0.9997049401450009
43 4.819063 0 2 1.0 0.9997892429607149
44 4.443972200000019 0 1 1.0 0.9998313943685719
45 4.423895899999991 0 2 1.0 0.999915697184286
46 4.464633499999991 0 1 1.0 0.999957848592143
47 4.467162699999989 0 0 1.0 0.999957848592143
48 4.45336180000001 0 0 1.0 0.999957848592143
49 4.500106999999986 0 0 1.0 0.999957848592143
50 4.518370500000003 0 0 1.0 0.999957848592143
51 4.604287499999998 0 0 1.0 0.999957848592143
52 4.55288010000001 0 0 1.0 0.999957848592143
53 4.5206486000000154 0 0 1.0 0.999957848592143
54 4.6331168000000105 0 0 1.0 0.999957848592143
55 4.398637100000002 0 0 1.0 0.999957848592143
56 4.594883400000015 0 0 1.0 0.999957848592143
57 4.410581199999996 0 0 1.0 0.999957848592143
58 4.53595390000001 0 0 1.0 0.999957848592143
59 4.598369199999979 0 0 1.0 0.999957848592143
60 4.5822828000000015 0 0 1.0 0.999957848592143
61 4.670345200000014 0 0 1.0 0.999957848592143
62 4.699290899999994 0 0 1.0 0.999957848592143
63 5.4809039000000155 0 0 1.0 0.999957848592143
64 4.738758299999972 0 0 1.0 0.999957848592143
65 4.470402199999967 0 0 1.0 0.999957848592143
66 4.401773300000002 0 0 1.0 0.999957848592143
67 4.617132599999991 0 0 1.0 0.999957848592143
68 4.488131799999962 0 1 1.0 1.0
