175 0.7 0.6
1 0.036596800000000096 1391 0 0.021431652902748673 0.043253480753480754
2 0.0915178000000001 4658 1679 0.09319918649081721 0.1291973791973792
3 0.4758338999999999 23219 8147 0.4509429310982374 0.5462223587223587
4 1.3156094 24532 6338 0.8289165536792802 0.8706490581490581
5 2.8189776 7754 1489 0.9483853075311229 0.9468673218673219
6 3.2533611999999996 2367 523 0.984854554418834 0.9736384111384111
7 3.3813651999999994 687 258 0.9954394182176753 0.9868447993447993
8 3.318981000000001 198 107 0.9984900776531492 0.9923218673218673
9 3.661499700000002 72 57 0.9995994083569579 0.9952395577395577
10 3.4360365 21 38 0.9999229631455688 0.9971846846846847
11 3.6481271 2 26 0.9999537778873413 0.998515561015561
12 3.380382000000001 1 18 0.9999691852582275 0.9994369369369369
13 3.457205300000002 2 4 1.0 0.9996416871416871
14 3.5183166000000057 0 3 1.0 0.9997952497952498
15 3.6809486999999947 0 1 1.0 0.9998464373464373
16 3.3096016000000006 0 1 1.0 0.9998976248976249
17 3.388972300000006 0 2 1.0 1.0
