200 1.0 0.4
1 0.06466830000000012 2813 0 0.032645908526466046 0.041794125234953745
2 0.32018499999999994 13508 2965 0.1894112595309109 0.15107065197361147
3 1.4374616 55625 13042 0.8349600194970233 0.6317399476652047
4 3.8214776 14203 6313 0.9997911033226177 0.864408653668964
5 5.6217287 18 1843 1.0 0.9323333210481701
6 6.1678315 0 878 1.0 0.9646924409390779
7 6.1813610000000025 0 387 1.0 0.9789555154240224
8 6.095667900000002 0 230 1.0 0.9874322780378137
9 6.1972533999999975 0 152 1.0 0.9930343124608411
10 6.193547500000001 0 76 1.0 0.9958353296723547
11 6.264486000000005 0 51 1.0 0.9977149596432389
12 6.199280200000004 0 28 1.0 0.9987469133527439
13 6.1171638 0 13 1.0 0.9992260347178712
14 6.252212999999998 0 5 1.0 0.9994103121659971
15 6.079454499999997 0 10 1.0 0.9997788670622489
16 6.53835149999999 0 3 1.0 0.9998894335311245
17 6.367881700000012 0 2 1.0 0.9999631445103748
18 6.4214562999999885 0 0 1.0 0.9999631445103748
19 6.115945999999994 0 1 1.0 1.0
