100 0.9 0.1
1 0.015740699999999996 965 0 0.06115335868187579 0.08543300517270148
2 0.0470836 3373 295 0.27490494296577944 0.1346570999499416
3 0.133237 7478 864 0.7487959442332066 0.27882529617887536
4 0.21498309999999998 3547 900 0.973574144486692 0.4290005005840147
5 0.269296 371 669 0.997084917617237 0.5406307358585016
6 0.30021980000000015 41 499 0.9996831432192649 0.6238945436342399
7 0.32414009999999993 4 405 0.999936628643853 0.6914733856165527
8 0.34563600000000005 1 318 1.0 0.7445352911730352
9 0.36601890000000004 0 225 1.0 0.78207909227432
10 0.3722365000000001 0 197 1.0 0.8149507759052228
11 0.40296049999999983 0 140 1.0 0.8383113632571333
12 0.3953595999999999 0 136 1.0 0.8610045052561321
13 0.39473709999999995 0 115 1.0 0.8801935591523444
14 0.40645679999999995 0 85 1.0 0.8943767729017187
15 0.5244685000000002 0 76 1.0 0.9070582346070416
16 0.5144689000000007 0 63 1.0 0.9175704989154013
17 0.4215605 0 62 1.0 0.9279159018855331
18 0.42473219999999934 0 50 1.0 0.9362589687969297
19 0.4137146999999999 0 46 1.0 0.9439345903554146
20 0.4247072000000003 0 36 1.0 0.9499415985316202
21 0.4309548999999997 0 29 1.0 0.9547805773402303
22 0.4464477000000002 0 44 1.0 0.9621224762222593
23 0.4557399000000011 0 25 1.0 0.9662940096779576
24 0.42286 0 28 1.0 0.9709661271483397
25 0.4306753999999984 0 17 1.0 0.9738027698982146
26 0.4374468999999994 0 14 1.0 0.9761388286334056
27 0.43801110000000065 0 23 1.0 0.9799766394126481
28 0.5522003000000009 0 14 1.0 0.9823126981478392
29 0.5977376000000003 0 5 1.0 0.9831470048389788
30 0.4383847999999997 0 7 1.0 0.9843150342065743
31 0.4770947999999997 0 14 1.0 0.9866510929417653
32 0.4329497 0 7 1.0 0.987819122309361
33 0.4479393999999992 0 10 1.0 0.9894877356916403
34 0.45906869999999955 0 6 1.0 0.9904889037210078
35 0.6584326999999988 0 5 1.0 0.9913232104121475
36 0.43654410000000077 0 5 1.0 0.9921575171032871
37 0.46906530000000046 0 9 1.0 0.9936592691473386
38 0.5322144000000009 0 3 1.0 0.9941598531620224
39 0.4707978000000015 0 4 1.0 0.9948272985149341
40 0.5954872999999985 0 4 1.0 0.9954947438678459
41 0.5099149000000018 0 0 1.0 0.9954947438678459
42 0.5023210999999996 0 3 1.0 0.9959953278825296
43 0.46663619999999995 0 2 1.0 0.9963290505589855
44 0.4558135000000014 0 2 1.0 0.9966627732354414
45 0.6299120999999985 0 3 1.0 0.9971633572501252
46 0.5347738999999976 0 1 1.0 0.997330218588353
47 0.5546652999999999 0 0 1.0 0.997330218588353
48 0.49755289999999874 0 2 1.0 0.997663941264809
49 0.4806843999999977 0 2 1.0 0.9979976639412648
50 0.627093900000002 0 1 1.0 0.9981645252794927
51 0.6136285000000008 0 3 1.0 0.9986651092941765
52 0.7563980000000008 0 1 1.0 0.9988319706324045
53 0.6227751999999995 0 1 1.0 0.9989988319706324
54 0.5622748999999985 0 1 1.0 0.9991656933088603
55 0.5603203999999984 0 0 1.0 0.9991656933088603
56 0.5724162000000028 0 0 1.0 0.9991656933088603
57 0.5345222000000014 0 0 1.0 0.9991656933088603
58 0.5165792000000025 0 0 1.0 0.9991656933088603
59 0.537762800000003 0 1 1.0 0.9993325546470883
60 0.5181007999999991 0 0 1.0 0.9993325546470883
61 0.5316465999999984 0 0 1.0 0.9993325546470883
62 0.5219546000000008 0 1 1.0 0.9994994159853162
63 0.5045964000000005 0 0 1.0 0.9994994159853162
64 0.5384171000000002 0 0 1.0 0.9994994159853162
65 0.492885900000001 0 0 1.0 0.9994994159853162
66 0.4918192999999995 0 0 1.0 0.9994994159853162
67 0.5518648999999982 0 1 1.0 0.9996662773235442
68 0.5781420999999973 0 0 1.0 0.9996662773235442
69 0.5524116999999968 0 0 1.0 0.9996662773235442
70 0.5351828000000012 0 0 1.0 0.9996662773235442
71 0.5210381999999996 0 0 1.0 0.9996662773235442
72 0.4910264999999967 0 1 1.0 0.999833138661772
73 0.513345000000001 0 0 1.0 0.999833138661772
74 0.4899466999999973 0 0 1.0 0.999833138661772
75 0.5086700000000022 0 0 1.0 0.999833138661772
76 0.5037603999999973 0 0 1.0 0.999833138661772
77 0.6673110999999992 0 0 1.0 0.999833138661772
78 0.6054359000000034 0 0 1.0 0.999833138661772
79 0.5963775999999967 0 0 1.0 0.999833138661772
80 0.6126925999999955 0 0 1.0 0.999833138661772
81 0.5233792999999949 0 0 1.0 0.999833138661772
82 0.5530577999999977 0 0 1.0 0.999833138661772
83 0.5867870000000011 0 0 1.0 0.999833138661772
84 0.5126236000000048 0 0 1.0 0.999833138661772
85 0.547146000000005 0 0 1.0 0.999833138661772
86 0.520987599999998 0 0 1.0 0.999833138661772
87 0.5761324999999999 0 1 1.0 1.0
