50 1.0 0.2
1 0.007683800000000018 522 0 0.11444858583643938 0.14438804286520024
2 0.027624900000000008 1801 289 0.509318131988599 0.3073886068809927
3 0.0547474 2002 468 0.9482569611927208 0.5713479977439369
4 0.07388889999999998 236 283 1.0 0.7309644670050761
5 0.08175779999999999 0 152 1.0 0.8166948674562888
6 0.09001150000000002 0 97 1.0 0.871404399323181
7 0.09280499999999992 0 68 1.0 0.9097574732092498
8 0.09314889999999998 0 39 1.0 0.9317540891144952
9 0.09242680000000003 0 33 1.0 0.9503666102650874
10 0.09416180000000007 0 22 1.0 0.9627749576988156
11 0.09316689999999994 0 11 1.0 0.9689791314156796
12 0.09627680000000005 0 15 1.0 0.9774393683023125
13 0.09745500000000007 0 10 1.0 0.9830795262267343
14 0.09505849999999993 0 6 1.0 0.9864636209813875
15 0.0955123 0 5 1.0 0.9892836999435984
16 0.09486039999999996 0 4 1.0 0.9915397631133672
17 0.09787730000000017 0 5 1.0 0.9943598420755781
18 0.09783530000000007 0 1 1.0 0.9949238578680203
19 0.09620790000000001 0 3 1.0 0.9966159052453468
20 0.09596090000000013 0 0 1.0 0.9966159052453468
21 0.0960588 0 2 1.0 0.9977439368302312
22 0.09957859999999985 0 0 1.0 0.9977439368302312
23 0.09454189999999985 0 1 1.0 0.9983079526226735
24 0.09565979999999996 0 1 1.0 0.9988719684151156
25 0.0979163999999999 0 1 1.0 0.9994359842075579
26 0.09514159999999983 0 1 1.0 1.0
