50 0.9 0.6
1 0.007708699999999985 440 0 0.08017492711370262 0.13721061547148503
2 0.025495899999999988 1308 420 0.3185131195335277 0.3743647656691135
3 0.06735319999999997 2757 783 0.8208819241982507 0.8164878599661208
4 0.10859990000000003 887 227 0.9825072886297376 0.9446640316205533
5 0.11700960000000005 83 62 0.997631195335277 0.9796725014116319
6 0.11961809999999995 13 23 1.0 0.9926595143986449
7 0.12204590000000004 0 7 1.0 0.9966120835686053
8 0.12099629999999995 0 3 1.0 0.9983060417843026
9 0.12023820000000007 0 2 1.0 0.9994353472614342
10 0.12535660000000004 0 0 1.0 0.9994353472614342
11 0.12262559999999989 0 0 1.0 0.9994353472614342
12 0.12485170000000001 0 1 1.0 1.0
