125 0.2 0.2
1 0.013525800000000032 282 0 0.008883568548387098 0.06155234657039711
2 0.017250899999999958 481 47 0.024036038306451613 0.0657942238267148
3 0.025253499999999984 870 141 0.05144279233870968 0.07851985559566788
4 0.03942759999999995 1592 301 0.10159400201612903 0.10568592057761733
5 0.07162550000000001 2696 537 0.1865234375 0.15415162454873646
6 0.11028450000000001 3874 798 0.30856224798387094 0.22617328519855595
7 0.1635375 4011 855 0.4349168346774194 0.3033393501805054
8 0.24422390000000005 3566 829 0.5472530241935484 0.37815884476534295
9 0.29893349999999996 2835 650 0.6365612399193549 0.4368231046931408
10 0.3637157 2328 616 0.7098979334677419 0.4924187725631769
11 0.48018910000000026 1818 548 0.7671685987903226 0.5418772563176896
12 0.5014037 1413 478 0.8116809475806451 0.5850180505415162
13 0.6215540000000002 1136 428 0.8474672379032258 0.6236462093862816
14 0.8438894000000001 976 380 0.8782132056451613 0.657942238267148
15 0.7640089999999997 835 353 0.9045173891129032 0.6898014440433213
16 0.8630696000000002 611 273 0.9237651209677419 0.7144404332129964
17 0.8638149999999998 470 260 0.9385710685483871 0.7379061371841156
18 0.8894868999999996 397 228 0.9510773689516129 0.7584837545126354
19 0.9213483000000009 297 195 0.9604334677419355 0.7760830324909748
20 0.9310193999999985 241 165 0.9680254536290323 0.7909747292418773
21 0.9918490999999996 200 158 0.9743258568548387 0.8052346570397112
22 1.0500498 157 170 0.9792716733870968 0.8205776173285199
23 1.0249203999999992 120 127 0.9830519153225806 0.8320397111913357
24 1.0985957000000006 95 122 0.9860446068548387 0.8430505415162455
25 1.0716881000000011 85 105 0.9887222782258065 0.8525270758122744
26 1.2881149 66 112 0.9908014112903226 0.8626353790613719
27 1.1450134999999992 57 103 0.9925970262096774 0.8719314079422382
28 1.1342928999999984 59 89 0.9944556451612904 0.8799638989169675
29 1.1559027999999998 32 83 0.9954637096774194 0.8874548736462093
30 1.1362436999999979 38 66 0.9966607862903226 0.8934115523465704
31 1.1308611000000006 16 69 0.9971648185483871 0.8996389891696751
32 1.1101475 21 78 0.9978263608870968 0.9066787003610108
33 1.0543693000000012 17 57 0.9983618951612904 0.9118231046931408
34 1.0682753999999974 10 73 0.9986769153225806 0.9184115523465703
35 1.083936399999999 8 54 0.9989289314516129 0.9232851985559567
36 1.1032985999999987 10 47 0.9992439516129032 0.9275270758122743
37 1.0756934999999999 5 42 0.9994014616935484 0.9313176895306859
38 1.0926069999999974 6 36 0.9995904737903226 0.9345667870036101
39 1.0808949000000005 3 41 0.9996849798387096 0.9382671480144404
40 1.1241056999999977 2 25 0.9997479838709677 0.9405234657039712
41 1.0870552999999994 1 29 0.9997794858870968 0.9431407942238267
42 1.1031376999999978 4 31 0.9999054939516129 0.9459386281588448
43 1.098196299999998 1 31 0.9999369959677419 0.9487364620938629
44 1.1057181999999983 0 30 0.9999369959677419 0.9514440433212996
45 1.1080939 1 31 0.999968497983871 0.9542418772563177
46 1.1404898999999986 0 20 0.999968497983871 0.9560469314079423
47 1.1344134999999937 0 29 0.999968497983871 0.9586642599277978
48 1.144576299999997 1 27 1.0 0.961101083032491
49 1.122190500000002 0 16 1.0 0.9625451263537906
50 1.106197200000004 0 13 1.0 0.9637184115523466
51 1.1227851000000015 0 27 1.0 0.9661552346570397
52 1.1165829999999985 0 22 1.0 0.9681407942238267
53 1.148251000000002 0 13 1.0 0.9693140794223827
54 1.0916305000000008 0 19 1.0 0.971028880866426
55 1.1137934999999999 0 13 1.0 0.972202166064982
56 1.1237443000000056 0 11 1.0 0.9731949458483754
57 1.1655027999999987 0 12 1.0 0.9742779783393501
58 1.144909300000002 0 13 1.0 0.9754512635379061
59 1.1480077000000009 0 11 1.0 0.9764440433212996
60 1.1373232000000044 0 11 1.0 0.9774368231046932
61 1.1726778000000024 0 11 1.0 0.9784296028880867
62 1.1888914999999969 0 13 1.0 0.9796028880866426
63 1.2505871999999982 0 12 1.0 0.9806859205776173
64 1.1959830000000053 0 11 1.0 0.9816787003610108
65 1.3594355999999976 0 12 1.0 0.9827617328519855
66 1.171162900000006 0 7 1.0 0.9833935018050541
67 1.1806904999999972 0 4 1.0 0.983754512635379
68 1.2931150000000002 0 1 1.0 0.9838447653429603
69 1.2390406999999968 0 6 1.0 0.9843862815884477
70 1.256072599999996 0 5 1.0 0.9848375451263538
71 1.2501340000000027 0 12 1.0 0.9859205776173285
72 1.16930889999999 0 3 1.0 0.9861913357400722
73 1.1771948999999893 0 6 1.0 0.9867328519855596
74 1.1786095999999873 0 8 1.0 0.9874548736462094
75 1.2177714999999978 0 4 1.0 0.9878158844765343
76 1.3004891000000072 0 5 1.0 0.9882671480144405
77 1.233153299999998 0 5 1.0 0.9887184115523465
78 1.262321099999994 0 6 1.0 0.9892599277978339
79 1.2447760999999957 0 3 1.0 0.9895306859205776
80 1.262384300000008 0 5 1.0 0.9899819494584837
81 1.2279748000000126 0 6 1.0 0.9905234657039711
82 1.2641864999999939 0 2 1.0 0.9907039711191336
83 1.4769740999999925 0 7 1.0 0.9913357400722022
84 1.354403700000006 0 4 1.0 0.9916967509025271
85 1.4172334000000006 0 6 1.0 0.9922382671480144
86 1.2998168999999962 0 3 1.0 0.9925090252707581
87 1.2023186999999922 0 7 1.0 0.9931407942238267
88 1.3079025999999914 0 1 1.0 0.993231046931408
89 1.3152431999999976 0 3 1.0 0.9935018050541516
90 1.2415835999999985 0 3 1.0 0.9937725631768953
91 1.1930588000000029 0 5 1.0 0.9942238267148015
92 1.1974354000000034 0 3 1.0 0.9944945848375452
93 1.1712046999999899 0 5 1.0 0.9949458483754513
94 1.2734166999999985 0 3 1.0 0.995216606498195
95 1.3023735000000016 0 0 1.0 0.995216606498195
96 1.2178725999999926 0 1 1.0 0.9953068592057762
97 1.202198100000004 0 0 1.0 0.9953068592057762
98 1.2923847999999936 0 2 1.0 0.9954873646209387
99 1.2291639999999973 0 1 1.0 0.9955776173285199
100 1.24981480000001 0 3 1.0 0.9958483754512636
101 1.1962326000000019 0 1 1.0 0.9959386281588448
102 1.2886296000000073 0 4 1.0 0.9962996389891696
103 1.2814639999999997 0 2 1.0 0.9964801444043321
104 1.1967830999999904 0 1 1.0 0.9965703971119133
105 1.2001471000000095 0 2 1.0 0.9967509025270758
106 1.203011900000007 0 2 1.0 0.9969314079422382
107 1.2093077999999906 0 1 1.0 0.9970216606498195
108 1.2851268999999945 0 1 1.0 0.9971119133574007
109 1.2036682000000098 0 2 1.0 0.9972924187725631
110 1.1998313999999937 0 1 1.0 0.9973826714801444
111 1.394761299999999 0 1 1.0 0.9974729241877256
112 1.3938918999999999 0 0 1.0 0.9974729241877256
113 1.5143278000000038 0 0 1.0 0.9974729241877256
114 1.2177721999999989 0 2 1.0 0.997653429602888
115 1.6296563000000077 0 0 1.0 0.997653429602888
116 1.3307061999999945 0 3 1.0 0.9979241877256317
117 1.4116772999999938 0 1 1.0 0.998014440433213
118 1.5002410000000026 0 2 1.0 0.9981949458483754
119 1.4075644999999923 0 2 1.0 0.9983754512635379
120 1.6082403999999997 0 0 1.0 0.9983754512635379
121 1.2062123999999983 0 0 1.0 0.9983754512635379
122 1.2006514999999922 0 1 1.0 0.9984657039711191
123 1.212789799999996 0 0 1.0 0.9984657039711191
124 1.1973726999999883 0 0 1.0 0.9984657039711191
125 1.2135717999999827 0 0 1.0 0.9984657039711191
126 1.1883387000000027 0 0 1.0 0.9984657039711191
127 1.2182209999999998 0 1 1.0 0.9985559566787003
128 1.2223782999999742 0 1 1.0 0.9986462093862816
129 1.2024772000000041 0 1 1.0 0.9987364620938628
130 1.1920852000000082 0 0 1.0 0.9987364620938628
131 1.200154700000013 0 0 1.0 0.9987364620938628
132 1.1982519000000025 0 1 1.0 0.998826714801444
133 1.2630617000000086 0 0 1.0 0.998826714801444
134 1.2058906999999977 0 1 1.0 0.9989169675090253
135 1.28119430000001 0 0 1.0 0.9989169675090253
136 1.1993359999999882 0 0 1.0 0.9989169675090253
137 1.429700099999991 0 0 1.0 0.9989169675090253
138 1.237622000000016 0 2 1.0 0.9990974729241877
139 1.2188691000000063 0 0 1.0 0.9990974729241877
140 1.207745100000011 0 0 1.0 0.9990974729241877
141 1.2058706999999913 0 1 1.0 0.9991877256317689
142 1.2304463000000112 0 0 1.0 0.9991877256317689
143 1.2008223999999927 0 1 1.0 0.9992779783393502
144 1.2044970000000035 0 1 1.0 0.9993682310469314
145 1.208906799999994 0 0 1.0 0.9993682310469314
146 1.4889584999999954 0 0 1.0 0.9993682310469314
147 1.761293199999983 0 1 1.0 0.9994584837545126
148 1.1258338000000094 0 0 1.0 0.9994584837545126
149 1.1676741999999933 0 0 1.0 0.9994584837545126
150 1.1702827999999954 0 0 1.0 0.9994584837545126
151 1.3548246000000006 0 0 1.0 0.9994584837545126
152 1.5230418000000157 0 0 1.0 0.9994584837545126
153 1.161238499999996 0 0 1.0 0.9994584837545126
154 1.3759947000000068 0 0 1.0 0.9994584837545126
155 1.3115236000000152 0 0 1.0 0.9994584837545126
156 1.1127245999999786 0 0 1.0 0.9994584837545126
157 1.115279600000008 0 0 1.0 0.9994584837545126
158 1.484427199999999 0 1 1.0 0.9995487364620939
159 1.1104839999999854 0 0 1.0 0.9995487364620939
160 1.1071598999999992 0 0 1.0 0.9995487364620939
161 1.111853999999994 0 0 1.0 0.9995487364620939
162 1.2111606999999935 0 2 1.0 0.9997292418772563
163 1.1434566000000075 0 0 1.0 0.9997292418772563
164 1.1966808999999898 0 0 1.0 0.9997292418772563
165 1.1374658999999951 0 0 1.0 0.9997292418772563
166 1.1120631000000003 0 0 1.0 0.9997292418772563
167 1.103209899999996 0 0 1.0 0.9997292418772563
168 1.1431386000000145 0 0 1.0 0.9997292418772563
169 1.1140682999999854 0 1 1.0 0.9998194945848375
170 1.1983729000000096 0 0 1.0 0.9998194945848375
171 1.1189817000000062 0 0 1.0 0.9998194945848375
172 1.1188834999999813 0 1 1.0 0.9999097472924188
173 1.113065000000006 0 0 1.0 0.9999097472924188
174 1.1153152999999918 0 0 1.0 0.9999097472924188
175 1.1149621999999795 0 0 1.0 0.9999097472924188
176 1.106811399999998 0 0 1.0 0.9999097472924188
177 1.3618481000000031 0 0 1.0 0.9999097472924188
178 1.2287084000000164 0 0 1.0 0.9999097472924188
179 1.4044812999999863 0 0 1.0 0.9999097472924188
180 1.3684231000000011 0 0 1.0 0.9999097472924188
181 1.106488100000007 0 0 1.0 0.9999097472924188
182 1.151633099999998 0 0 1.0 0.9999097472924188
183 1.1473320000000058 0 0 1.0 0.9999097472924188
184 1.113001099999991 0 0 1.0 0.9999097472924188
185 1.1117424999999912 0 0 1.0 0.9999097472924188
186 1.1139972 0 0 1.0 0.9999097472924188
187 1.1053951000000097 0 0 1.0 0.9999097472924188
188 1.1075322000000085 0 0 1.0 0.9999097472924188
189 1.1072776999999974 0 0 1.0 0.9999097472924188
190 1.1104766999999924 0 0 1.0 0.9999097472924188
191 1.1118878999999993 0 0 1.0 0.9999097472924188
192 1.108377900000022 0 0 1.0 0.9999097472924188
193 1.1109321000000136 0 0 1.0 0.9999097472924188
194 1.1459791999999993 0 0 1.0 0.9999097472924188
195 1.14672520000002 0 0 1.0 0.9999097472924188
196 1.1039986000000113 0 0 1.0 0.9999097472924188
197 1.1045593999999994 0 0 1.0 0.9999097472924188
198 1.1130296999999985 0 0 1.0 0.9999097472924188
199 1.1074428000000012 0 0 1.0 0.9999097472924188
200 1.1464316999999937 0 0 1.0 0.9999097472924188
201 1.1081307999999979 0 1 1.0 1.0
