100 0.9 0.7
1 0.0230244 1288 0 0.05398382161867639 0.07545829188574676
2 0.09806849999999995 5057 1562 0.2659373821199547 0.29742788119937474
3 0.3719856 14548 4190 0.8756863238191039 0.8928520676424613
4 0.8269958 2635 593 0.9861268284504799 0.9771209322154327
5 0.8625317999999997 303 117 0.9988264386604636 0.9937473355122922
6 0.8443578 24 23 0.9998323483800662 0.9970157737672304
7 0.8621876000000004 4 12 1.0 0.9987210459002416
8 0.8592956999999997 0 5 1.0 0.9994315759556629
9 0.9414918000000005 0 2 1.0 0.9997157879778314
10 0.8846046000000003 0 1 1.0 0.9998578939889158
11 1.0868273999999998 0 1 1.0 1.0
