50 0.1 0.1
1 0.003746100000000002 64 0 0.018396090830698476 0.22609340252038548
2 0.004643899999999979 80 4 0.04139120436907157 0.229058561897702
3 0.005236699999999983 89 8 0.06697326818051164 0.23498888065233506
4 0.0058566999999999925 115 8 0.10002874389192297 0.24091919940696813
5 0.006554699999999997 136 13 0.13912043690715722 0.25055596738324687
6 0.008144999999999986 172 19 0.18855993101465937 0.26464047442550037
7 0.008665599999999996 182 15 0.24087381431445817 0.27575982209043737
8 0.009848200000000001 212 21 0.30181086519114686 0.29132690882134915
9 0.010375900000000021 191 16 0.35671169876401265 0.3031875463306153
10 0.010730099999999965 195 32 0.41276228801379705 0.3269088213491475
11 0.011834100000000014 181 22 0.4647887323943662 0.34321719792438843
12 0.013027999999999984 168 21 0.5130784708249497 0.3587842846553002
13 0.013859600000000027 136 18 0.5521701638401839 0.37212750185322463
14 0.01494989999999996 144 12 0.5935613682092555 0.3810229799851742
15 0.015133399999999964 123 16 0.6289163552745042 0.39288361749444034
16 0.01621290000000003 108 12 0.6599597585513078 0.4017790956263899
17 0.017193300000000022 112 22 0.6921529175050302 0.41808747220163084
18 0.017179800000000023 101 18 0.7211842483472262 0.4314306893995552
19 0.020247999999999988 114 14 0.7539522851394079 0.44180874722016306
20 0.02016239999999997 74 16 0.775222765162403 0.4536693847294292
21 0.019744399999999995 79 25 0.7979304397815464 0.47220163083765754
22 0.02044589999999996 65 13 0.8166139695314746 0.48183839881393625
23 0.020670299999999975 69 19 0.8364472549583214 0.49592290585618976
24 0.02154659999999997 60 13 0.8536935901121012 0.5055596738324685
25 0.0331591 49 17 0.8677780971543547 0.5181616011860638
26 0.03336359999999994 52 18 0.8827249209542972 0.5315048183839881
27 0.022893399999999953 29 18 0.8910606496119574 0.5448480355819125
28 0.02337149999999999 31 16 0.899971256108077 0.5567086730911787
29 0.024027299999999974 44 17 0.9126185685541822 0.5693106004447739
30 0.025389800000000018 32 11 0.9218166139695315 0.5774647887323944
31 0.025561500000000015 30 14 0.9304397815464214 0.5878428465530022
32 0.025572800000000062 28 5 0.938488071284852 0.5915492957746479
33 0.025781799999999966 28 10 0.9465363610232825 0.5989621942179392
34 0.025774799999999987 14 12 0.9505605058924979 0.6078576723498889
35 0.02644040000000003 16 7 0.9551595286001725 0.6130467012601928
36 0.027261800000000003 12 11 0.9586087956309284 0.6212008895478132
37 0.02859160000000005 18 13 0.9637826961770624 0.6308376575240919
38 0.027934400000000026 14 11 0.9678068410462777 0.6389918458117124
39 0.02793469999999998 17 5 0.972693302673182 0.6426982950333581
40 0.028297400000000028 13 9 0.9764300086231675 0.6493699036323203
41 0.028458399999999995 10 7 0.9793043978154642 0.6545589325426242
42 0.02876639999999997 5 8 0.9807415924116125 0.6604892512972572
43 0.02959059999999991 5 8 0.9821787870077608 0.6664195700518903
44 0.030136200000000057 10 5 0.9850531762000575 0.670126019273536
45 0.028996199999999916 5 7 0.9864903707962058 0.6753150481838399
46 0.04390500000000008 7 6 0.9885024432308135 0.6797627872498146
47 0.030471499999999985 2 8 0.9890773210692728 0.6856931060044478
48 0.044855099999999926 5 6 0.9905145156654211 0.6901408450704225
49 0.030509499999999967 3 5 0.9913768324231101 0.6938472942920682
50 0.030452299999999877 5 9 0.9928140270192584 0.7005189028910304
51 0.030293499999999973 2 13 0.9933889048577177 0.7101556708673091
52 0.030614099999999977 2 4 0.993963782696177 0.7131208302446257
53 0.03076000000000012 3 7 0.994826099453866 0.7183098591549296
54 0.03054789999999996 0 5 0.994826099453866 0.7220163083765753
55 0.03217190000000003 2 5 0.9954009772923254 0.7257227575982209
56 0.03238099999999999 2 8 0.9959758551307847 0.7316530763528539
57 0.031005200000000066 1 5 0.9962632940500143 0.7353595255744997
58 0.03296129999999997 2 6 0.9968381718884737 0.7398072646404744
59 0.03211160000000013 1 5 0.9971256108077033 0.7435137138621201
60 0.03153740000000016 0 6 0.9971256108077033 0.7479614529280949
61 0.03303959999999995 0 5 0.9971256108077033 0.7516679021497406
62 0.032014100000000045 1 6 0.997413049726933 0.7561156412157154
63 0.032811399999999935 1 5 0.9977004886461627 0.759822090437361
64 0.033501900000000084 1 4 0.9979879275653923 0.7627872498146775
65 0.03332819999999992 0 7 0.9979879275653923 0.7679762787249814
66 0.03297259999999991 0 3 0.9979879275653923 0.7702001482579689
67 0.03297909999999993 1 4 0.998275366484622 0.7731653076352853
68 0.03241990000000006 2 5 0.9988502443230813 0.7768717568569311
69 0.03401149999999986 0 2 0.9988502443230813 0.7783543365455893
70 0.03473919999999997 1 5 0.999137683242311 0.782060785767235
71 0.03398940000000006 0 4 0.999137683242311 0.7850259451445515
72 0.03400089999999989 0 6 0.999137683242311 0.7894736842105263
73 0.03391689999999992 0 2 0.999137683242311 0.7909562638991846
74 0.0341838000000001 1 5 0.9994251221615407 0.7946627131208303
75 0.033609199999999895 0 5 0.9994251221615407 0.7983691623424759
76 0.03414839999999986 1 5 0.9997125610807703 0.8020756115641215
77 0.034123899999999985 0 5 0.9997125610807703 0.8057820607857672
78 0.03486779999999978 0 5 0.9997125610807703 0.809488510007413
79 0.03474509999999986 1 5 1.0 0.8131949592290586
80 0.03566909999999979 0 3 1.0 0.815418828762046
81 0.03609929999999961 0 8 1.0 0.821349147516679
82 0.035514000000000046 0 3 1.0 0.8235730170496665
83 0.035276000000000085 0 3 1.0 0.8257968865826538
84 0.035323199999999666 0 2 1.0 0.8272794662713121
85 0.04630970000000012 0 2 1.0 0.8287620459599704
86 0.05508759999999979 0 4 1.0 0.8317272053372868
87 0.036812100000000125 0 2 1.0 0.8332097850259451
88 0.03569919999999982 0 5 1.0 0.8369162342475908
89 0.035420999999999925 0 2 1.0 0.838398813936249
90 0.03552140000000037 0 3 1.0 0.8406226834692365
91 0.036283500000000135 0 2 1.0 0.8421052631578947
92 0.03597380000000028 0 2 1.0 0.843587842846553
93 0.035750499999999796 0 2 1.0 0.8450704225352113
94 0.03586419999999979 0 4 1.0 0.8480355819125278
95 0.055103799999999925 0 2 1.0 0.8495181616011861
96 0.05464279999999988 0 2 1.0 0.8510007412898444
97 0.03633469999999983 0 7 1.0 0.8561897702001483
98 0.03637279999999965 0 2 1.0 0.8576723498888065
99 0.03632409999999986 0 0 1.0 0.8576723498888065
100 0.03629989999999994 0 1 1.0 0.8584136397331357
101 0.036219900000000305 0 3 1.0 0.860637509266123
102 0.03633419999999976 0 2 1.0 0.8621200889547813
103 0.036654500000000034 0 2 1.0 0.8636026686434396
104 0.03577129999999995 0 6 1.0 0.8680504077094143
105 0.03624319999999992 0 2 1.0 0.8695329873980726
106 0.03698239999999986 0 3 1.0 0.8717568569310601
107 0.03657280000000007 0 5 1.0 0.8754633061527057
108 0.05585869999999993 0 1 1.0 0.8762045959970348
109 0.036626099999999884 0 2 1.0 0.8776871756856931
110 0.04875659999999993 0 1 1.0 0.8784284655300222
111 0.03759330000000016 0 3 1.0 0.8806523350630097
112 0.03745649999999978 0 1 1.0 0.8813936249073387
113 0.037508499999999945 0 5 1.0 0.8851000741289844
114 0.037523399999999985 0 4 1.0 0.888065233506301
115 0.03808670000000003 0 5 1.0 0.8917716827279466
116 0.03746629999999973 0 1 1.0 0.8925129725722758
117 0.037825200000000336 0 2 1.0 0.8939955522609341
118 0.03824249999999996 0 2 1.0 0.8954781319495922
119 0.03707760000000038 0 3 1.0 0.8977020014825797
120 0.038781900000000036 0 1 1.0 0.8984432913269088
121 0.038355600000000045 0 2 1.0 0.8999258710155671
122 0.03842119999999971 0 1 1.0 0.9006671608598962
123 0.03815930000000023 0 2 1.0 0.9021497405485545
124 0.0381159000000002 0 1 1.0 0.9028910303928837
125 0.03812779999999982 0 2 1.0 0.9043736100815419
126 0.03916379999999986 0 0 1.0 0.9043736100815419
127 0.037730700000000006 0 1 1.0 0.905114899925871
128 0.03923730000000081 0 0 1.0 0.905114899925871
129 0.03796930000000032 0 0 1.0 0.905114899925871
130 0.03789290000000012 0 2 1.0 0.9065974796145293
131 0.03797039999999985 0 3 1.0 0.9088213491475167
132 0.038695600000000496 0 4 1.0 0.9117865085248332
133 0.03803279999999987 0 0 1.0 0.9117865085248332
134 0.03810169999999946 0 2 1.0 0.9132690882134915
135 0.03968569999999971 0 2 1.0 0.9147516679021498
136 0.04048050000000014 0 1 1.0 0.9154929577464789
137 0.04004850000000015 0 1 1.0 0.916234247590808
138 0.038376500000000036 0 0 1.0 0.916234247590808
139 0.04291860000000014 0 4 1.0 0.9191994069681245
140 0.03813590000000033 0 0 1.0 0.9191994069681245
141 0.03920039999999947 0 0 1.0 0.9191994069681245
142 0.03890050000000045 0 1 1.0 0.9199406968124537
143 0.04015630000000048 0 3 1.0 0.9221645663454411
144 0.03837889999999966 0 2 1.0 0.9236471460340994
145 0.03870050000000003 0 0 1.0 0.9236471460340994
146 0.03825069999999986 0 2 1.0 0.9251297257227576
147 0.03828539999999947 0 2 1.0 0.9266123054114158
148 0.040328699999999884 0 1 1.0 0.927353595255745
149 0.03858329999999999 0 0 1.0 0.927353595255745
150 0.03853259999999992 0 0 1.0 0.927353595255745
151 0.038646599999999864 0 2 1.0 0.9288361749444033
152 0.03843540000000001 0 4 1.0 0.9318013343217197
153 0.05896920000000083 0 0 1.0 0.9318013343217197
154 0.059981599999999524 0 2 1.0 0.933283914010378
155 0.059791200000000266 0 0 1.0 0.933283914010378
156 0.059943899999999495 0 1 1.0 0.9340252038547072
157 0.05918820000000036 0 1 1.0 0.9347664936990363
158 0.040490599999999155 0 0 1.0 0.9347664936990363
159 0.04318760000000044 0 2 1.0 0.9362490733876946
160 0.040146000000000015 0 1 1.0 0.9369903632320237
161 0.04043750000000035 0 0 1.0 0.9369903632320237
162 0.039684799999999854 0 0 1.0 0.9369903632320237
163 0.03893770000000085 0 0 1.0 0.9369903632320237
164 0.03889919999999947 0 1 1.0 0.9377316530763529
165 0.039386900000000225 0 0 1.0 0.9377316530763529
166 0.03878009999999943 0 0 1.0 0.9377316530763529
167 0.03854299999999977 0 1 1.0 0.938472942920682
168 0.039781399999999856 0 0 1.0 0.938472942920682
169 0.040924000000000404 0 2 1.0 0.9399555226093402
170 0.04078720000000047 0 3 1.0 0.9421793921423276
171 0.04083669999999984 0 1 1.0 0.9429206819866568
172 0.03958999999999957 0 0 1.0 0.9429206819866568
173 0.05999739999999942 0 0 1.0 0.9429206819866568
174 0.0393378000000002 0 1 1.0 0.9436619718309859
175 0.03996279999999963 0 0 1.0 0.9436619718309859
176 0.04016019999999987 0 3 1.0 0.9458858413639734
177 0.03916469999999972 0 1 1.0 0.9466271312083024
178 0.039851999999999776 0 2 1.0 0.9481097108969607
179 0.039793200000000084 0 1 1.0 0.9488510007412898
180 0.03943220000000025 0 0 1.0 0.9488510007412898
181 0.040559400000000245 0 0 1.0 0.9488510007412898
182 0.04032949999999946 0 2 1.0 0.9503335804299481
183 0.04124709999999965 0 0 1.0 0.9503335804299481
184 0.04095129999999969 0 0 1.0 0.9503335804299481
185 0.040590200000000465 0 0 1.0 0.9503335804299481
186 0.04876349999999974 0 1 1.0 0.9510748702742773
187 0.03960899999999956 0 1 1.0 0.9518161601186064
188 0.04068380000000005 0 1 1.0 0.9525574499629355
189 0.04041210000000017 0 1 1.0 0.9532987398072647
190 0.04009170000000051 0 3 1.0 0.955522609340252
191 0.03957930000000065 0 0 1.0 0.955522609340252
192 0.04507890000000003 0 0 1.0 0.955522609340252
193 0.039795200000000364 0 1 1.0 0.9562638991845812
194 0.03980780000000017 0 0 1.0 0.9562638991845812
195 0.04070170000000051 0 0 1.0 0.9562638991845812
196 0.04000059999999994 0 1 1.0 0.9570051890289103
197 0.04005109999999945 0 1 1.0 0.9577464788732394
198 0.03955920000000024 0 2 1.0 0.9592290585618977
199 0.03972779999999965 0 0 1.0 0.9592290585618977
200 0.0405837 0 3 1.0 0.9614529280948851
201 0.04019300000000037 0 0 1.0 0.9614529280948851
202 0.03981980000000007 0 1 1.0 0.9621942179392142
203 0.03962600000000016 0 0 1.0 0.9621942179392142
204 0.040852399999999456 0 0 1.0 0.9621942179392142
205 0.04015039999999992 0 1 1.0 0.9629355077835434
206 0.040574300000000285 0 0 1.0 0.9629355077835434
207 0.04006929999999986 0 1 1.0 0.9636767976278725
208 0.04452299999999987 0 0 1.0 0.9636767976278725
209 0.040081199999999484 0 0 1.0 0.9636767976278725
210 0.040157999999999916 0 2 1.0 0.9651593773165308
211 0.04002609999999951 0 0 1.0 0.9651593773165308
212 0.04080899999999943 0 1 1.0 0.9659006671608599
213 0.04003910000000044 0 0 1.0 0.9659006671608599
214 0.04042039999999947 0 0 1.0 0.9659006671608599
215 0.04050730000000069 0 0 1.0 0.9659006671608599
216 0.0397741000000007 0 1 1.0 0.9666419570051891
217 0.0402755000000008 0 0 1.0 0.9666419570051891
218 0.04117580000000043 0 0 1.0 0.9666419570051891
219 0.03997589999999995 0 0 1.0 0.9666419570051891
220 0.04016220000000015 0 0 1.0 0.9666419570051891
221 0.039923600000000725 0 0 1.0 0.9666419570051891
222 0.041119800000000595 0 0 1.0 0.9666419570051891
223 0.040930300000001196 0 0 1.0 0.9666419570051891
224 0.040935799999999745 0 0 1.0 0.9666419570051891
225 0.039837000000000344 0 1 1.0 0.9673832468495182
226 0.03979759999999999 0 0 1.0 0.9673832468495182
227 0.04023240000000072 0 0 1.0 0.9673832468495182
228 0.040576099999999116 0 2 1.0 0.9688658265381764
229 0.04096239999999973 0 1 1.0 0.9696071163825055
230 0.040765099999999777 0 0 1.0 0.9696071163825055
231 0.04085289999999908 0 1 1.0 0.9703484062268347
232 0.04477879999999956 0 0 1.0 0.9703484062268347
233 0.040742999999999086 0 0 1.0 0.9703484062268347
234 0.04190070000000112 0 1 1.0 0.9710896960711638
235 0.04090929999999915 0 1 1.0 0.971830985915493
236 0.04039859999999962 0 1 1.0 0.9725722757598221
237 0.040450899999999734 0 0 1.0 0.9725722757598221
238 0.04071669999999905 0 0 1.0 0.9725722757598221
239 0.04129000000000005 0 2 1.0 0.9740548554484804
240 0.04085840000000118 0 0 1.0 0.9740548554484804
241 0.04095669999999885 0 0 1.0 0.9740548554484804
242 0.040388300000000044 0 1 1.0 0.9747961452928094
243 0.04144209999999937 0 1 1.0 0.9755374351371386
244 0.04087200000000024 0 1 1.0 0.9762787249814677
245 0.040469699999999165 0 1 1.0 0.9770200148257969
246 0.04024320000000081 0 1 1.0 0.977761304670126
247 0.06145800000000001 0 0 1.0 0.977761304670126
248 0.040972399999999354 0 0 1.0 0.977761304670126
249 0.040387600000000745 0 0 1.0 0.977761304670126
250 0.04167340000000053 0 0 1.0 0.977761304670126
251 0.04030039999999957 0 0 1.0 0.977761304670126
252 0.04185399999999895 0 0 1.0 0.977761304670126
253 0.04087590000000141 0 0 1.0 0.977761304670126
254 0.040722399999999936 0 0 1.0 0.977761304670126
255 0.04048919999999967 0 1 1.0 0.9785025945144552
256 0.042149000000000214 0 0 1.0 0.9785025945144552
257 0.04107090000000113 0 0 1.0 0.9785025945144552
258 0.04114120000000021 0 0 1.0 0.9785025945144552
259 0.04126720000000006 0 0 1.0 0.9785025945144552
260 0.04136669999999931 0 0 1.0 0.9785025945144552
261 0.04085770000000011 0 1 1.0 0.9792438843587843
262 0.04102089999999947 0 0 1.0 0.9792438843587843
263 0.041130299999998954 0 1 1.0 0.9799851742031134
264 0.04216580000000114 0 0 1.0 0.9799851742031134
265 0.040677399999999864 0 0 1.0 0.9799851742031134
266 0.04078189999999893 0 0 1.0 0.9799851742031134
267 0.04065199999999969 0 0 1.0 0.9799851742031134
268 0.04033019999999965 0 0 1.0 0.9799851742031134
269 0.04085620000000034 0 0 1.0 0.9799851742031134
270 0.0409594000000002 0 0 1.0 0.9799851742031134
271 0.05637139999999974 0 0 1.0 0.9799851742031134
272 0.04047929999999944 0 0 1.0 0.9799851742031134
273 0.04050129999999896 0 0 1.0 0.9799851742031134
274 0.040165699999999305 0 0 1.0 0.9799851742031134
275 0.04108620000000052 0 0 1.0 0.9799851742031134
276 0.04068040000000117 0 0 1.0 0.9799851742031134
277 0.04099959999999925 0 0 1.0 0.9799851742031134
278 0.040490100000001306 0 1 1.0 0.9807264640474426
279 0.03987140000000089 0 0 1.0 0.9807264640474426
280 0.040874399999999866 0 0 1.0 0.9807264640474426
281 0.04262500000000102 0 0 1.0 0.9807264640474426
282 0.04158920000000066 0 0 1.0 0.9807264640474426
283 0.04190979999999911 0 0 1.0 0.9807264640474426
284 0.041037199999999885 0 0 1.0 0.9807264640474426
285 0.04076899999999917 0 2 1.0 0.9822090437361009
286 0.04107549999999982 0 0 1.0 0.9822090437361009
287 0.06150899999999915 0 0 1.0 0.9822090437361009
288 0.040505599999999475 0 1 1.0 0.9829503335804299
289 0.03973240000000011 0 0 1.0 0.9829503335804299
290 0.040096300000000085 0 0 1.0 0.9829503335804299
291 0.061814699999999334 0 0 1.0 0.9829503335804299
292 0.06250020000000056 0 0 1.0 0.9829503335804299
293 0.04204960000000035 0 0 1.0 0.9829503335804299
294 0.04164070000000031 0 1 1.0 0.9836916234247591
295 0.042326799999999665 0 0 1.0 0.9836916234247591
296 0.0418971999999993 0 0 1.0 0.9836916234247591
297 0.0420032999999993 0 1 1.0 0.9844329132690882
298 0.04172499999999957 0 0 1.0 0.9844329132690882
299 0.04086900000000071 0 1 1.0 0.9851742031134173
300 0.040803900000000226 0 0 1.0 0.9851742031134173
301 0.04076339999999945 0 0 1.0 0.9851742031134173
302 0.04147679999999987 0 0 1.0 0.9851742031134173
303 0.043159299999999234 0 0 1.0 0.9851742031134173
304 0.04228460000000034 0 0 1.0 0.9851742031134173
305 0.04163320000000148 0 0 1.0 0.9851742031134173
306 0.04036060000000141 0 0 1.0 0.9851742031134173
307 0.04118139999999926 0 1 1.0 0.9859154929577465
308 0.04127779999999959 0 0 1.0 0.9859154929577465
309 0.04112469999999924 0 0 1.0 0.9859154929577465
310 0.04115909999999978 0 0 1.0 0.9859154929577465
311 0.053509399999999374 0 0 1.0 0.9859154929577465
312 0.04169180000000061 0 0 1.0 0.9859154929577465
313 0.041458600000000345 0 0 1.0 0.9859154929577465
314 0.04072159999999947 0 0 1.0 0.9859154929577465
315 0.04086349999999861 0 1 1.0 0.9866567828020756
316 0.04048249999999953 0 1 1.0 0.9873980726464048
317 0.04218570000000099 0 0 1.0 0.9873980726464048
318 0.040570199999999446 0 0 1.0 0.9873980726464048
319 0.04134379999999993 0 0 1.0 0.9873980726464048
320 0.04118700000000075 0 0 1.0 0.9873980726464048
321 0.04038279999999972 0 0 1.0 0.9873980726464048
322 0.042696700000000476 0 0 1.0 0.9873980726464048
323 0.04209749999999879 0 0 1.0 0.9873980726464048
324 0.041307700000000835 0 0 1.0 0.9873980726464048
325 0.04125639999999997 0 0 1.0 0.9873980726464048
326 0.04160800000000009 0 1 1.0 0.9881393624907339
327 0.043070099999999556 0 0 1.0 0.9881393624907339
328 0.042194900000000146 0 0 1.0 0.9881393624907339
329 0.04120550000000023 0 0 1.0 0.9881393624907339
330 0.04107280000000024 0 1 1.0 0.9888806523350631
331 0.04154280000000021 0 0 1.0 0.9888806523350631
332 0.04203670000000059 0 0 1.0 0.9888806523350631
333 0.040781699999998366 0 0 1.0 0.9888806523350631
334 0.04079250000000023 0 0 1.0 0.9888806523350631
335 0.04080049999999957 0 1 1.0 0.9896219421793921
336 0.04106340000000053 0 0 1.0 0.9896219421793921
337 0.04166369999999908 0 0 1.0 0.9896219421793921
338 0.06194980000000072 0 0 1.0 0.9896219421793921
339 0.0407706000000001 0 0 1.0 0.9896219421793921
340 0.04081629999999947 0 1 1.0 0.9903632320237212
341 0.040515299999999144 0 0 1.0 0.9903632320237212
342 0.04198360000000001 0 0 1.0 0.9903632320237212
343 0.04168449999999879 0 1 1.0 0.9911045218680504
344 0.041251799999999506 0 0 1.0 0.9911045218680504
345 0.04094170000000119 0 0 1.0 0.9911045218680504
346 0.0420019000000007 0 1 1.0 0.9918458117123795
347 0.0416793000000002 0 0 1.0 0.9918458117123795
348 0.04209589999999963 0 1 1.0 0.9925871015567087
349 0.04242969999999957 0 0 1.0 0.9925871015567087
350 0.04199850000000005 0 1 1.0 0.9933283914010378
351 0.04334020000000116 0 0 1.0 0.9933283914010378
352 0.04197700000000104 0 0 1.0 0.9933283914010378
353 0.05608090000000132 0 0 1.0 0.9933283914010378
354 0.04106339999999875 0 0 1.0 0.9933283914010378
355 0.04338369999999969 0 0 1.0 0.9933283914010378
356 0.04108460000000136 0 0 1.0 0.9933283914010378
357 0.041127900000001105 0 0 1.0 0.9933283914010378
358 0.0410730000000008 0 0 1.0 0.9933283914010378
359 0.040841399999999695 0 0 1.0 0.9933283914010378
360 0.04143719999999895 0 0 1.0 0.9933283914010378
361 0.04120460000000037 0 0 1.0 0.9933283914010378
362 0.04102149999999938 0 0 1.0 0.9933283914010378
363 0.04105170000000058 0 0 1.0 0.9933283914010378
364 0.04054930000000034 0 0 1.0 0.9933283914010378
365 0.06362709999999971 0 0 1.0 0.9933283914010378
366 0.04086769999999973 0 0 1.0 0.9933283914010378
367 0.041828999999999894 0 0 1.0 0.9933283914010378
368 0.04105170000000058 0 0 1.0 0.9933283914010378
369 0.041190500000000796 0 0 1.0 0.9933283914010378
370 0.04100180000000009 0 0 1.0 0.9933283914010378
371 0.042214700000000605 0 0 1.0 0.9933283914010378
372 0.04146070000000002 0 0 1.0 0.9933283914010378
373 0.04211129999999841 0 0 1.0 0.9933283914010378
374 0.04156199999999899 0 0 1.0 0.9933283914010378
375 0.05951850000000114 0 0 1.0 0.9933283914010378
376 0.041940300000000263 0 0 1.0 0.9933283914010378
377 0.04189170000000075 0 1 1.0 0.994069681245367
378 0.04109760000000051 0 1 1.0 0.9948109710896961
379 0.041353899999998944 0 0 1.0 0.9948109710896961
380 0.040716600000001435 0 0 1.0 0.9948109710896961
381 0.047864099999999965 0 0 1.0 0.9948109710896961
382 0.04051269999999896 0 0 1.0 0.9948109710896961
383 0.04055179999999936 0 0 1.0 0.9948109710896961
384 0.0407636999999994 0 0 1.0 0.9948109710896961
385 0.040796499999999014 0 0 1.0 0.9948109710896961
386 0.04056300000000057 0 0 1.0 0.9948109710896961
387 0.04056210000000071 0 0 1.0 0.9948109710896961
388 0.040670499999999166 0 0 1.0 0.9948109710896961
389 0.042061600000000254 0 0 1.0 0.9948109710896961
390 0.04141710000000032 0 0 1.0 0.9948109710896961
391 0.04162409999999994 0 0 1.0 0.9948109710896961
392 0.04074370000000016 0 0 1.0 0.9948109710896961
393 0.042065299999999084 0 0 1.0 0.9948109710896961
394 0.04135379999999955 0 0 1.0 0.9948109710896961
395 0.0412227000000005 0 0 1.0 0.9948109710896961
396 0.041926399999999475 0 0 1.0 0.9948109710896961
397 0.04154079999999993 0 0 1.0 0.9948109710896961
398 0.04584859999999935 0 0 1.0 0.9948109710896961
399 0.04199039999999954 0 0 1.0 0.9948109710896961
400 0.04208790000000029 0 0 1.0 0.9948109710896961
401 0.04167849999999973 0 0 1.0 0.9948109710896961
402 0.04200349999999986 0 0 1.0 0.9948109710896961
403 0.040903799999998824 0 0 1.0 0.9948109710896961
404 0.04165740000000007 0 0 1.0 0.9948109710896961
405 0.04163449999999891 0 0 1.0 0.9948109710896961
406 0.041329400000000405 0 1 1.0 0.9955522609340252
407 0.041555999999999926 0 0 1.0 0.9955522609340252
408 0.042250600000000915 0 0 1.0 0.9955522609340252
409 0.04167080000000034 0 0 1.0 0.9955522609340252
410 0.04194590000000176 0 0 1.0 0.9955522609340252
411 0.041065500000001975 0 0 1.0 0.9955522609340252
412 0.04108450000000019 0 0 1.0 0.9955522609340252
413 0.04148259999999837 0 0 1.0 0.9955522609340252
414 0.04083269999999928 0 0 1.0 0.9955522609340252
415 0.04204870000000227 0 0 1.0 0.9955522609340252
416 0.041177999999998605 0 1 1.0 0.9962935507783544
417 0.04196019999999834 0 0 1.0 0.9962935507783544
418 0.05981009999999998 0 0 1.0 0.9962935507783544
419 0.06299350000000103 0 0 1.0 0.9962935507783544
420 0.06390500000000188 0 0 1.0 0.9962935507783544
421 0.06406379999999956 0 0 1.0 0.9962935507783544
422 0.055002200000000556 0 0 1.0 0.9962935507783544
423 0.04164649999999881 0 0 1.0 0.9962935507783544
424 0.04105849999999833 0 0 1.0 0.9962935507783544
425 0.040794800000000464 0 0 1.0 0.9962935507783544
426 0.042185100000001086 0 0 1.0 0.9962935507783544
427 0.0424104000000014 0 0 1.0 0.9962935507783544
428 0.041334500000001384 0 0 1.0 0.9962935507783544
429 0.041748199999997126 0 0 1.0 0.9962935507783544
430 0.04163830000000246 0 0 1.0 0.9962935507783544
431 0.04141789999999901 0 0 1.0 0.9962935507783544
432 0.04115669999999838 0 1 1.0 0.9970348406226834
433 0.04160990000000098 0 0 1.0 0.9970348406226834
434 0.04085319999999726 0 0 1.0 0.9970348406226834
435 0.040833299999999184 0 0 1.0 0.9970348406226834
436 0.040540700000001095 0 0 1.0 0.9970348406226834
437 0.041644099999999185 0 0 1.0 0.9970348406226834
438 0.0415422999999997 0 0 1.0 0.9970348406226834
439 0.041075100000000475 0 0 1.0 0.9970348406226834
440 0.040614300000001435 0 0 1.0 0.9970348406226834
441 0.04096219999999917 0 1 1.0 0.9977761304670126
442 0.04140250000000023 0 0 1.0 0.9977761304670126
443 0.04198539999999795 0 0 1.0 0.9977761304670126
444 0.04611930000000086 0 0 1.0 0.9977761304670126
445 0.041822400000000926 0 1 1.0 0.9985174203113417
446 0.04139170000000192 0 0 1.0 0.9985174203113417
447 0.041492500000000376 0 0 1.0 0.9985174203113417
448 0.04103500000000082 0 0 1.0 0.9985174203113417
449 0.04104329999999834 0 0 1.0 0.9985174203113417
450 0.0415106999999999 0 0 1.0 0.9985174203113417
451 0.042064199999998664 0 0 1.0 0.9985174203113417
452 0.04206880000000268 0 0 1.0 0.9985174203113417
453 0.04310170000000113 0 0 1.0 0.9985174203113417
454 0.04180630000000107 0 0 1.0 0.9985174203113417
455 0.04191549999999822 0 0 1.0 0.9985174203113417
456 0.041044899999999274 0 0 1.0 0.9985174203113417
457 0.04124889999999937 0 0 1.0 0.9985174203113417
458 0.040922499999997086 0 0 1.0 0.9985174203113417
459 0.04152919999999938 0 0 1.0 0.9985174203113417
460 0.04068080000000052 0 0 1.0 0.9985174203113417
461 0.04178969999999893 0 0 1.0 0.9985174203113417
462 0.04137580000000085 0 0 1.0 0.9985174203113417
463 0.04245390000000171 0 0 1.0 0.9985174203113417
464 0.04195779999999871 0 0 1.0 0.9985174203113417
465 0.04113590000000045 0 0 1.0 0.9985174203113417
466 0.04135600000000039 0 0 1.0 0.9985174203113417
467 0.040792100000000886 0 0 1.0 0.9985174203113417
468 0.0625144000000013 0 0 1.0 0.9985174203113417
469 0.04727550000000136 0 0 1.0 0.9985174203113417
470 0.04468470000000124 0 0 1.0 0.9985174203113417
471 0.0451055000000018 0 0 1.0 0.9985174203113417
472 0.06479180000000184 0 0 1.0 0.9985174203113417
473 0.06284880000000115 0 0 1.0 0.9985174203113417
474 0.06499910000000142 0 0 1.0 0.9985174203113417
475 0.04526219999999981 0 0 1.0 0.9985174203113417
476 0.04453110000000038 0 0 1.0 0.9985174203113417
477 0.04374010000000084 0 0 1.0 0.9985174203113417
478 0.04265339999999895 0 0 1.0 0.9985174203113417
479 0.04317299999999946 0 0 1.0 0.9985174203113417
480 0.04270679999999771 0 0 1.0 0.9985174203113417
481 0.042057700000000864 0 0 1.0 0.9985174203113417
482 0.04302849999999836 0 0 1.0 0.9985174203113417
483 0.042756800000002926 0 0 1.0 0.9985174203113417
484 0.04515740000000079 0 0 1.0 0.9985174203113417
485 0.042290599999997625 0 0 1.0 0.9985174203113417
486 0.0412505000000003 0 0 1.0 0.9985174203113417
487 0.042195599999999445 0 0 1.0 0.9985174203113417
488 0.0417266000000005 0 0 1.0 0.9985174203113417
489 0.04896439999999913 0 0 1.0 0.9985174203113417
490 0.0422830999999988 0 0 1.0 0.9985174203113417
491 0.041442599999999885 0 0 1.0 0.9985174203113417
492 0.04193640000000087 0 0 1.0 0.9985174203113417
493 0.04147339999999744 0 0 1.0 0.9985174203113417
494 0.051339800000000935 0 0 1.0 0.9985174203113417
495 0.07347609999999705 0 0 1.0 0.9985174203113417
496 0.04678990000000027 0 0 1.0 0.9985174203113417
497 0.0460261000000024 0 0 1.0 0.9985174203113417
498 0.04539670000000129 0 0 1.0 0.9985174203113417
499 0.04536020000000107 0 0 1.0 0.9985174203113417
500 0.04530910000000077 0 0 1.0 0.9985174203113417
501 0.045539999999999026 0 0 1.0 0.9985174203113417
502 0.04445650000000256 0 0 1.0 0.9985174203113417
503 0.04518030000000195 0 0 1.0 0.9985174203113417
504 0.04337190000000035 0 0 1.0 0.9985174203113417
505 0.06475550000000041 0 0 1.0 0.9985174203113417
506 0.04247580000000184 0 0 1.0 0.9985174203113417
507 0.0407870999999993 0 0 1.0 0.9985174203113417
508 0.04135910000000109 0 0 1.0 0.9985174203113417
509 0.04162159999999915 0 0 1.0 0.9985174203113417
510 0.04293350000000018 0 0 1.0 0.9985174203113417
511 0.04581489999999988 0 0 1.0 0.9985174203113417
512 0.0419154000000006 0 0 1.0 0.9985174203113417
513 0.051851400000000325 0 0 1.0 0.9985174203113417
514 0.042151799999999184 0 0 1.0 0.9985174203113417
515 0.041811899999999014 0 0 1.0 0.9985174203113417
516 0.04198260000000076 0 0 1.0 0.9985174203113417
517 0.041728200000001436 0 0 1.0 0.9985174203113417
518 0.04245420000000166 0 0 1.0 0.9985174203113417
519 0.041336999999998625 0 0 1.0 0.9985174203113417
520 0.04164989999999946 0 0 1.0 0.9985174203113417
521 0.042098299999999256 0 0 1.0 0.9985174203113417
522 0.04209639999999837 0 0 1.0 0.9985174203113417
523 0.042141599999997226 0 0 1.0 0.9985174203113417
524 0.06284080000000003 0 0 1.0 0.9985174203113417
525 0.04184150000000031 0 0 1.0 0.9985174203113417
526 0.04182910000000106 0 0 1.0 0.9985174203113417
527 0.04183620000000232 0 0 1.0 0.9985174203113417
528 0.04162849999999807 0 0 1.0 0.9985174203113417
529 0.042766400000001425 0 1 1.0 0.9992587101556709
530 0.041245399999997545 0 0 1.0 0.9992587101556709
531 0.04116189999999875 0 0 1.0 0.9992587101556709
532 0.04133820000000199 0 0 1.0 0.9992587101556709
533 0.044347699999999435 0 0 1.0 0.9992587101556709
534 0.04545870000000107 0 0 1.0 0.9992587101556709
535 0.04249799999999837 0 0 1.0 0.9992587101556709
536 0.040770599999998325 0 0 1.0 0.9992587101556709
537 0.04173450000000045 0 0 1.0 0.9992587101556709
538 0.04137890000000155 0 1 1.0 1.0
