175 0.6 0.7
1 0.040112499999999995 1509 0 0.02240734141126158 0.047324792765636774
2 0.10037639999999992 4930 1888 0.09561356616773581 0.142175332830947
3 0.5391323 23589 8756 0.4458897600380138 0.5820648078372268
4 1.3759876 22268 5546 0.7765502494654312 0.8606882692790756
5 2.4400364000000003 8979 1507 0.9098806129722025 0.9363978899773926
6 2.9652057000000003 3620 598 0.9636344737467332 0.9664405928158754
7 3.178896 1494 288 0.9858190781658351 0.9809093192665159
8 3.2370461000000006 584 174 0.9944909717272511 0.9896508414971112
9 3.3454441000000017 230 84 0.9979062722736992 0.9938708867118814
10 3.3752029000000014 83 47 0.9991387502969826 0.9962321024868124
11 3.369799999999998 42 40 0.9997624138750297 0.9982416478271791
12 3.3761113000000016 11 13 0.9999257543359468 0.9988947500627983
13 3.4220951 5 7 1.0 0.9992464204973625
14 3.396741500000001 0 5 1.0 0.9994976136649083
15 3.402657699999999 0 7 1.0 0.9998492840994725
16 3.3623349000000005 0 1 1.0 0.9998995227329817
17 3.384019500000001 0 1 1.0 0.9999497613664908
18 4.3129603 0 1 1.0 1.0
