50 0.5 0.8
1 0.006129300000000004 258 0 0.055412371134020616 0.13877307921381773
2 0.014075399999999988 593 256 0.18277491408934707 0.2912447885646218
3 0.03372739999999999 1257 551 0.4527491408934708 0.6194163192376414
4 0.05441250000000003 1211 394 0.7128436426116839 0.8540798094103633
5 0.07191530000000002 673 133 0.8573883161512027 0.9332936271590232
6 0.07987549999999999 342 55 0.9308419243986255 0.9660512209648601
7 0.08974310000000002 162 23 0.9656357388316151 0.9797498511018463
8 0.08691369999999998 95 17 0.9860395189003437 0.9898749255509232
9 0.08773009999999992 33 10 0.993127147766323 0.9958308516974389
10 0.0873874 16 1 0.9965635738831615 0.9964264443120905
11 0.09083890000000006 11 4 0.998926116838488 0.9988088147706968
12 0.08773210000000009 2 1 0.9993556701030928 0.9994044073853484
13 0.08700540000000001 0 0 0.9993556701030928 0.9994044073853484
14 0.0864478999999998 3 0 1.0 0.9994044073853484
15 0.08805320000000005 0 0 1.0 0.9994044073853484
16 0.08760889999999999 0 0 1.0 0.9994044073853484
17 0.08769650000000007 0 1 1.0 1.0
