75 0.5 0.1
1 0.009114800000000006 444 0 0.04223744292237443 0.11914774320156994
2 0.019506899999999994 1235 92 0.1597222222222222 0.14493972525932156
3 0.0427978 2487 241 0.3963089802130898 0.21250350434538828
4 0.0738683 2666 326 0.649923896499239 0.303896832071769
5 0.08947679999999997 1710 307 0.8125951293759512 0.38996355480796185
6 0.10578090000000001 1008 270 0.9084855403348554 0.4656574151948416
7 0.12459799999999999 488 215 0.9549086757990868 0.5259321558732829
8 0.1391428 237 175 0.9774543378995434 0.5749929913092234
9 0.14743970000000006 118 166 0.988679604261796 0.6215306980656014
10 0.15360790000000002 60 151 0.9943873668188736 0.6638631903560415
11 0.16346660000000002 28 126 0.9970509893455098 0.6991869918699187
12 0.2103655000000002 16 98 0.9985730593607306 0.7266610597140454
13 0.17288000000000014 10 97 0.9995243531202436 0.7538547799271096
14 0.1855061 4 69 0.9999048706240488 0.7731987664704233
15 0.1805184000000002 0 64 0.9999048706240488 0.7911410148584245
16 0.18902280000000005 1 54 1.0 0.8062797869358004
17 0.1959546000000003 0 36 1.0 0.8163723016540511
18 0.18827529999999992 0 50 1.0 0.8303896832071769
19 0.1906106000000003 0 52 1.0 0.8449677600224278
20 0.20229419999999987 0 37 1.0 0.8553406223717409
21 0.19472100000000037 0 41 1.0 0.8668348752453042
22 0.23174720000000004 0 45 1.0 0.8794505186431175
23 0.24780789999999975 0 33 1.0 0.8887019904681805
24 0.19948950000000032 0 32 1.0 0.8976731146621811
25 0.3182469000000001 0 25 1.0 0.904681805438744
26 0.2627693999999998 0 26 1.0 0.9119708438463695
27 0.20866329999999955 0 21 1.0 0.9178581440986824
28 0.2052391 0 17 1.0 0.9226240538267452
29 0.21207139999999924 0 19 1.0 0.927950658816933
30 0.20640440000000027 0 13 1.0 0.9315951780207458
31 0.211735 0 12 1.0 0.9349593495934959
32 0.2235769000000003 0 21 1.0 0.9408466498458088
33 0.21096789999999999 0 13 1.0 0.9444911690496215
34 0.21584629999999994 0 15 1.0 0.9486963835155593
35 0.21483019999999975 0 7 1.0 0.9506588169329969
36 0.21311789999999942 0 18 1.0 0.9557050742921223
37 0.2184822999999998 0 12 1.0 0.9590692458648724
38 0.21474300000000035 0 2 1.0 0.9596299411269975
39 0.25355730000000065 0 15 1.0 0.9638351555929352
40 0.2691511999999996 0 1 1.0 0.9641155032239977
41 0.23836630000000003 0 9 1.0 0.9666386319035604
42 0.24018080000000097 0 3 1.0 0.967479674796748
43 0.2187494000000001 0 11 1.0 0.9705634987384356
44 0.22514709999999916 0 9 1.0 0.9730866274179983
45 0.22354010000000102 0 4 1.0 0.9742080179422484
46 0.24872670000000063 0 4 1.0 0.9753294084664984
47 0.2985407999999996 0 3 1.0 0.976170451359686
48 0.27418360000000064 0 5 1.0 0.9775721895149986
49 0.2588007999999995 0 9 1.0 0.9800953181945613
50 0.29921299999999995 0 4 1.0 0.9812167087188113
51 0.3265291999999995 0 1 1.0 0.9814970563498738
52 0.2409163000000003 0 4 1.0 0.9826184468741239
53 0.23445189999999982 0 4 1.0 0.983739837398374
54 0.2823931000000002 0 3 1.0 0.9845808802915615
55 0.2576742000000003 0 3 1.0 0.9854219231847491
56 0.27539979999999886 0 1 1.0 0.9857022708158116
57 0.2891236999999993 0 3 1.0 0.9865433137089992
58 0.2493698999999996 0 0 1.0 0.9865433137089992
59 0.24207860000000103 0 3 1.0 0.9873843566021867
60 0.2240821000000004 0 3 1.0 0.9882253994953742
61 0.2696702999999996 0 4 1.0 0.9893467900196243
62 0.29119479999999953 0 3 1.0 0.9901878329128119
63 0.32929369999999913 0 1 1.0 0.9904681805438744
64 0.2271529000000001 0 2 1.0 0.9910288758059994
65 0.219603600000001 0 3 1.0 0.991869918699187
66 0.2349236999999995 0 1 1.0 0.9921502663302495
67 0.22439689999999857 0 2 1.0 0.9927109615923746
68 0.22812870000000096 0 2 1.0 0.9932716568544996
69 0.22150419999999826 0 0 1.0 0.9932716568544996
70 0.2195633000000008 0 3 1.0 0.9941126997476871
71 0.24206610000000062 0 0 1.0 0.9941126997476871
72 0.2370403999999997 0 1 1.0 0.9943930473787497
73 0.22298660000000048 0 3 1.0 0.9952340902719372
74 0.2219918000000014 0 0 1.0 0.9952340902719372
75 0.22895119999999736 0 0 1.0 0.9952340902719372
76 0.23396960000000178 0 2 1.0 0.9957947855340622
77 0.22720759999999984 0 0 1.0 0.9957947855340622
78 0.22677369999999897 0 0 1.0 0.9957947855340622
79 0.22125359999999716 0 1 1.0 0.9960751331651247
80 0.2298940000000016 0 0 1.0 0.9960751331651247
81 0.2643880000000003 0 0 1.0 0.9960751331651247
82 0.2385684000000019 0 1 1.0 0.9963554807961873
83 0.24107389999999995 0 0 1.0 0.9963554807961873
84 0.23746429999999918 0 1 1.0 0.9966358284272497
85 0.25131019999999893 0 0 1.0 0.9966358284272497
86 0.22132660000000115 0 1 1.0 0.9969161760583123
87 0.23034540000000092 0 0 1.0 0.9969161760583123
88 0.22909999999999897 0 0 1.0 0.9969161760583123
89 0.25776249999999834 0 1 1.0 0.9971965236893748
90 0.22320199999999701 0 1 1.0 0.9974768713204374
91 0.23797250000000147 0 1 1.0 0.9977572189514998
92 0.34148310000000137 0 0 1.0 0.9977572189514998
93 0.22762859999999918 0 1 1.0 0.9980375665825624
94 0.22873870000000096 0 1 1.0 0.9983179142136249
95 0.2243510999999998 0 0 1.0 0.9983179142136249
96 0.22531950000000123 0 0 1.0 0.9983179142136249
97 0.22345520000000008 0 0 1.0 0.9983179142136249
98 0.23327959999999948 0 0 1.0 0.9983179142136249
99 0.24767530000000093 0 0 1.0 0.9983179142136249
100 0.23148720000000012 0 0 1.0 0.9983179142136249
101 0.24490480000000048 0 0 1.0 0.9983179142136249
102 0.22580440000000124 0 0 1.0 0.9983179142136249
103 0.2341692000000002 0 0 1.0 0.9983179142136249
104 0.24841720000000223 0 1 1.0 0.9985982618446874
105 0.2399780999999983 0 1 1.0 0.9988786094757499
106 0.2671746000000006 0 0 1.0 0.9988786094757499
107 0.23133320000000168 0 0 1.0 0.9988786094757499
108 0.2309788000000026 0 0 1.0 0.9988786094757499
109 0.222969599999999 0 0 1.0 0.9988786094757499
110 0.2255395 0 0 1.0 0.9988786094757499
111 0.23278149999999798 0 0 1.0 0.9988786094757499
112 0.2508449000000006 0 1 1.0 0.9991589571068125
113 0.22305899999999923 0 0 1.0 0.9991589571068125
114 0.22696420000000117 0 1 1.0 0.999439304737875
115 0.24578299999999942 0 0 1.0 0.999439304737875
116 0.22899599999999865 0 0 1.0 0.999439304737875
117 0.2254132999999996 0 0 1.0 0.999439304737875
118 0.22995149999999853 0 0 1.0 0.999439304737875
119 0.22859340000000117 0 0 1.0 0.999439304737875
120 0.23303579999999968 0 0 1.0 0.999439304737875
121 0.22198159999999945 0 0 1.0 0.999439304737875
122 0.2241642000000006 0 0 1.0 0.999439304737875
123 0.22771789999999825 0 0 1.0 0.999439304737875
124 0.22486800000000073 0 0 1.0 0.999439304737875
125 0.2354023000000005 0 0 1.0 0.999439304737875
126 0.22657150000000215 0 0 1.0 0.999439304737875
127 0.278603099999998 0 0 1.0 0.999439304737875
128 0.22150800000000004 0 0 1.0 0.999439304737875
129 0.22803850000000025 0 0 1.0 0.999439304737875
130 0.22090350000000214 0 0 1.0 0.999439304737875
131 0.2233438999999997 0 0 1.0 0.999439304737875
132 0.24258730000000028 0 0 1.0 0.999439304737875
133 0.22358549999999866 0 0 1.0 0.999439304737875
134 0.2270306999999967 0 0 1.0 0.999439304737875
135 0.21888369999999924 0 1 1.0 0.9997196523689375
136 0.22765599999999964 0 0 1.0 0.9997196523689375
137 0.22217330000000146 0 0 1.0 0.9997196523689375
138 0.2199573000000008 0 0 1.0 0.9997196523689375
139 0.22855779999999726 0 0 1.0 0.9997196523689375
140 0.24292170000000013 0 0 1.0 0.9997196523689375
141 0.23772789999999944 0 0 1.0 0.9997196523689375
142 0.22757199999999855 0 0 1.0 0.9997196523689375
143 0.22408080000000297 0 0 1.0 0.9997196523689375
144 0.22301470000000023 0 0 1.0 0.9997196523689375
145 0.23910890000000506 0 1 1.0 1.0
