150 0.3 0.4
1 0.020626400000000045 640 0 0.01491007361848849 0.057902056950442864
2 0.03403909999999999 1349 343 0.046337713167458765 0.08301002854842252
3 0.0797795 3447 1068 0.12664243779703663 0.1611887855940268
4 0.2474012000000001 7634 2324 0.30449165967756964 0.3313081033599297
5 0.3541901999999999 8619 2452 0.5052884167365577 0.510797159797965
6 0.5629489999999999 6324 1825 0.652618581679247 0.644389136959227
7 0.7515372 4475 1127 0.7568726120585221 0.7268867579240172
8 0.9574144000000002 3079 803 0.828604044357469 0.7856672278749726
9 1.0871326 2251 635 0.8810455689124965 0.8321499158187541
10 1.1708907000000002 1559 415 0.9173655763675334 0.8625283654198083
11 1.2554371 1068 356 0.942246761718386 0.8885879511016763
12 1.3477239 779 287 0.96039511695089 0.9095966620305981
13 1.3747539 522 216 0.9725561457459696 0.9254080960398214
14 1.4470676999999998 355 171 0.9808265772062249 0.9379254812971232
15 1.4438000000000013 245 134 0.9865343397633026 0.9477344264695118
16 1.4972139999999996 182 108 0.9907743919485602 0.9556401434741234
17 1.4808602000000004 112 82 0.9933836548317957 0.9616426323109583
18 1.5092292 96 68 0.995620165874569 0.9666203059805285
19 1.512216500000001 51 67 0.9968083123660423 0.9715247785667228
20 1.6139901000000023 46 40 0.9978799739073712 0.9744528219017642
21 1.5810288999999997 28 39 0.9985322896281801 0.9773076641534295
22 1.5375303999999979 20 48 0.9989982294287578 0.9808213161554791
23 1.5389850999999979 15 36 0.9993476842791911 0.9834565551570164
24 1.5470855000000014 11 27 0.999603951169509 0.9854329844081693
25 1.5633640999999976 6 28 0.9997437331096822 0.9874826147426982
26 1.5903640999999986 4 19 0.9998369210697978 0.9888734353268428
27 1.5810673000000008 4 13 0.9999301090299133 0.9898250494107312
28 1.5609623 1 10 0.9999534060199422 0.9905570602444916
29 1.568419200000001 1 16 0.9999767030099711 0.9917282775785081
30 1.5570215000000047 0 13 0.9999767030099711 0.9926798916623966
31 1.6376214999999945 0 10 0.9999767030099711 0.993411902496157
32 1.6424200000000013 0 9 0.9999767030099711 0.9940707122465412
33 1.5674168000000037 0 4 0.9999767030099711 0.9943635165800454
34 1.7683507000000063 1 10 1.0 0.9950955274138057
35 1.6190855999999982 0 15 1.0 0.9961935436644462
36 1.5782203999999993 0 3 1.0 0.9964131469145744
37 1.743495799999998 0 6 1.0 0.9968523534148306
38 1.5879892999999967 0 7 1.0 0.9973647609984628
39 1.6285513999999992 0 5 1.0 0.997730766415343
40 1.7374782999999994 0 7 1.0 0.9982431739989752
41 1.824292800000002 0 5 1.0 0.9986091794158554
42 1.5931572000000003 0 0 1.0 0.9986091794158554
43 1.740284899999999 0 2 1.0 0.9987555815826075
44 1.7900769999999966 0 2 1.0 0.9989019837493595
45 1.8154751000000005 0 1 1.0 0.9989751848327355
46 1.6827216000000007 0 1 1.0 0.9990483859161116
47 1.5761764000000014 0 0 1.0 0.9990483859161116
48 1.8045723999999979 0 2 1.0 0.9991947880828637
49 1.6493971000000016 0 1 1.0 0.9992679891662397
50 1.5690480000000093 0 1 1.0 0.9993411902496157
51 1.8576783000000034 0 0 1.0 0.9993411902496157
52 1.5752762000000047 0 0 1.0 0.9993411902496157
53 1.7436599000000115 0 1 1.0 0.9994143913329917
54 1.6033338999999955 0 2 1.0 0.9995607934997438
55 1.5705837999999943 0 1 1.0 0.9996339945831199
56 1.7729993999999891 0 0 1.0 0.9996339945831199
57 1.5592881999999975 0 0 1.0 0.9996339945831199
58 1.9864237000000031 0 1 1.0 0.9997071956664959
59 1.9736063000000001 0 0 1.0 0.9997071956664959
60 2.0008602999999994 0 2 1.0 0.9998535978332479
61 1.9582070999999956 0 0 1.0 0.9998535978332479
62 1.6063898000000023 0 0 1.0 0.9998535978332479
63 1.5721683000000013 0 0 1.0 0.9998535978332479
64 1.5743755000000021 0 1 1.0 0.999926798916624
65 1.564333099999999 0 0 1.0 0.999926798916624
66 1.6115461999999923 0 0 1.0 0.999926798916624
67 1.560363300000006 0 0 1.0 0.999926798916624
68 1.5772288000000003 0 0 1.0 0.999926798916624
69 1.6256422000000015 0 0 1.0 0.999926798916624
70 1.6220828000000012 0 0 1.0 0.999926798916624
71 1.6086798999999985 0 0 1.0 0.999926798916624
72 1.5679816000000102 0 0 1.0 0.999926798916624
73 1.5748223000000081 0 0 1.0 0.999926798916624
74 1.6258645999999999 0 1 1.0 1.0
