75 0.6 0.4
1 0.013193300000000019 519 0 0.050738097565744454 0.10108003323179175
2 0.03567499999999996 1435 424 0.19102551569068335 0.21849903073940738
3 0.08667170000000002 3724 1082 0.5550884739466223 0.5181390196621435
4 0.15798680000000004 2686 760 0.8176752370710725 0.7286070340625865
5 0.17976420000000004 1109 372 0.9260924821585688 0.8316255884796455
6 0.2247772 438 231 0.9689119170984456 0.8955967875934644
7 0.21665429999999997 173 137 0.9858246162870271 0.9335364165051232
8 0.22800160000000003 79 74 0.9935477563789227 0.9540293547493769
9 0.24269810000000014 39 42 0.9973604457913775 0.9656604818609803
10 0.22814489999999998 14 34 0.9987291035291818 0.9750761561894212
11 0.24021619999999988 6 19 0.9993156711310979 0.9803378565494323
12 0.2341915000000001 3 18 0.9996089549320559 0.985322625311548
13 0.2379374999999997 2 18 0.999804477466028 0.9903073940736639
14 0.2395879999999999 2 11 1.0 0.9933536416505123
15 0.23321609999999993 0 6 1.0 0.9950152312378843
16 0.23826880000000017 0 6 1.0 0.9966768208252562
17 0.2468562999999997 0 5 1.0 0.9980614788147327
18 0.23518090000000003 0 4 1.0 0.999169205206314
19 0.35574810000000046 0 0 1.0 0.999169205206314
20 0.23574610000000007 0 1 1.0 0.9994461368042094
21 0.24760749999999998 0 0 1.0 0.9994461368042094
22 0.26814660000000057 0 2 1.0 1.0
