150 0.1 1.0
1 0.01585189999999992 151 0 0.0033332597514403655 0.055412371134020616
2 0.017154899999999973 219 67 0.008167590119423413 0.06020904925544101
3 0.021506899999999995 336 174 0.015584644930575485 0.07266609392898053
4 0.03202650000000007 566 369 0.028078850356504273 0.0990836197021764
5 0.05518089999999998 1052 726 0.051301295777135165 0.15105956471935852
6 0.0883583 1936 1316 0.09403765921282091 0.24527491408934707
7 0.15362660000000006 2937 1858 0.15887066510673054 0.37829324169530354
8 0.2384872 3385 1813 0.23359307741550958 0.5080899198167239
9 0.34588679999999994 3261 1373 0.3055782433058873 0.6063860252004581
10 0.4443465999999998 3102 1057 0.37405355290170195 0.6820589919816724
11 0.6721137000000001 2715 759 0.43398600472395754 0.736397479954181
12 0.6598812999999999 2471 553 0.4885322619809717 0.7759879725085911
13 0.7191502000000005 2240 453 0.5379792940553189 0.8084192439862543
14 0.994002 1936 326 0.5807156574910046 0.8317583046964491
15 0.9595587999999999 1771 284 0.6198097172247853 0.85209049255441
16 0.9327651000000001 1676 274 0.6568066930089843 0.8717067583046965
17 1.0354317000000002 1603 273 0.692192225337189 0.8912514318442154
18 1.0814818000000006 1402 202 0.7231407695194366 0.905713058419244
19 1.4005805000000002 1261 153 0.7509767996291472 0.9166666666666666
20 1.190506000000001 1144 139 0.7762301052956888 0.9266179839633448
21 1.2451232999999995 1087 151 0.8002251605924814 0.9374284077892325
22 1.283789800000001 887 108 0.8198053023112073 0.9451603665521191
23 1.3556551 827 95 0.8380609699565131 0.9519616265750286
24 1.378569800000001 693 78 0.8533586455045142 0.9575458190148912
25 1.395506000000001 642 70 0.8675305180901084 0.962557273768614
26 1.4862218000000027 615 67 0.8811063773426635 0.9673539518900344
27 1.4652125999999974 540 48 0.8930266440034437 0.9707903780068728
28 1.4871862999999976 499 39 0.9040418533807201 0.9735824742268041
29 1.5063551000000004 431 34 0.9135559921414538 0.976016609392898
30 1.5309308000000001 373 25 0.9217898059645483 0.9778064146620847
31 1.5751607000000014 355 28 0.9296262775656167 0.9798109965635738
32 1.5818966000000003 348 33 0.9373082271914527 0.9821735395189003
33 1.8241034999999997 283 25 0.9435553299044172 0.983963344788087
34 1.7356404000000012 272 20 0.9495596123705878 0.9853951890034365
35 1.8314953000000003 232 23 0.9546809121211453 0.9870418098510882
36 1.6301799000000017 221 23 0.959559391624909 0.98868843069874
37 1.6392239999999987 165 12 0.963201695326814 0.9895475372279496
38 1.6665647999999962 153 14 0.966579104214035 0.9905498281786942
39 1.7931416999999996 144 11 0.9697578419902431 0.9913373424971363
40 1.6716853 140 12 0.9728482814948898 0.992196449026346
41 1.748373199999996 128 17 0.9756738261848524 0.9934135166093929
42 1.8917536999999953 109 10 0.9780799540848988 0.9941294387170676
43 1.6813330000000022 87 6 0.9800004414913578 0.9945589919816724
44 1.6936985999999976 87 6 0.9819209288978168 0.9949885452462772
45 1.7602426999999992 86 8 0.9838193417363855 0.995561282932417
46 1.7051031999999964 84 7 0.9856736054391735 0.9960624284077892
47 1.716722599999997 61 7 0.9870201540804838 0.9965635738831615
48 1.7037502000000018 48 4 0.9880797333392198 0.9968499427262314
49 1.7179999000000024 48 4 0.9891393125979558 0.9971363115693013
50 1.7164113999999984 53 6 0.9903092646961436 0.9975658648339061
51 1.7256002000000024 48 7 0.9913688439548796 0.9980670103092784
52 1.7398322000000022 40 2 0.9922518266704929 0.9982101947308133
53 1.8085993000000045 38 1 0.9930906602503256 0.9982817869415808
54 1.7352506000000005 41 4 0.9939957175338293 0.9985681557846506
55 1.933548700000003 26 2 0.994569656298978 0.9987113402061856
56 1.757199500000013 22 1 0.9950552967925653 0.998782932416953
57 1.7533265 19 1 0.9954747135824816 0.9988545246277205
58 1.76784210000001 24 4 0.9960045032118496 0.9991408934707904
59 1.8076498000000072 19 1 0.9964239200017659 0.9992124856815578
60 1.7275945000000092 12 0 0.99668881481645 0.9992124856815578
61 1.7347204999999946 18 0 0.9970861570384759 0.9992124856815578
62 2.0519940000000076 15 0 0.997417275556831 0.9992124856815578
63 1.913409999999999 13 3 0.9977042449394053 0.9994272623138603
64 2.0588936000000047 14 1 0.99801328888987 0.9994988545246277
65 1.7418361999999945 8 1 0.9981898854329927 0.9995704467353952
66 1.778131700000003 9 0 0.9983885565440056 0.9995704467353952
67 1.7361286999999948 4 0 0.998476854815567 0.9995704467353952
68 1.7350586000000021 5 0 0.9985872276550186 0.9995704467353952
69 1.8377162999999967 6 0 0.9987196750623607 0.9995704467353952
70 1.7926723999999865 7 1 0.998874197037593 0.9996420389461627
71 1.7419240999999914 4 1 0.9989624953091544 0.9997136311569301
72 1.7419062000000025 7 2 0.9991170172843866 0.9998568155784651
73 1.78374740000001 5 1 0.9992273901238383 0.9999284077892325
74 1.7601022999999998 5 0 0.99933776296329 0.9999284077892325
75 1.7443296000000004 4 0 0.9994260612348513 0.9999284077892325
76 1.7382352999999995 2 0 0.999470210370632 0.9999284077892325
77 1.7450867999999957 4 0 0.9995585086421933 0.9999284077892325
78 1.7562037999999944 3 0 0.9996247323458644 0.9999284077892325
79 1.7405942000000039 3 0 0.9996909560495353 0.9999284077892325
80 1.7397722999999985 3 0 0.9997571797532063 0.9999284077892325
81 1.75094390000001 1 0 0.9997792543210967 0.9999284077892325
82 1.7728562000000068 2 0 0.9998234034568774 0.9999284077892325
83 1.7543598000000031 3 0 0.9998896271605483 0.9999284077892325
84 1.735953500000008 1 1 0.9999117017284387 1.0
85 1.7513292000000007 0 0 0.9999117017284387 1.0
86 1.7553726999999952 1 0 0.999933776296329 1.0
87 1.7544373000000064 1 0 0.9999558508642193 1.0
88 1.7503231000000028 0 0 0.9999558508642193 1.0
89 1.817536699999991 0 0 0.9999558508642193 1.0
90 1.752802800000012 0 0 0.9999558508642193 1.0
91 1.7476578000000131 0 0 0.9999558508642193 1.0
92 1.7807982999999865 1 0 0.9999779254321096 1.0
93 1.7541511000000014 0 0 0.9999779254321096 1.0
94 1.7452226000000053 0 0 0.9999779254321096 1.0
95 1.7545082000000036 0 0 0.9999779254321096 1.0
96 1.7684913000000222 0 0 0.9999779254321096 1.0
97 1.7443116999999972 0 0 0.9999779254321096 1.0
98 1.7595484 0 0 0.9999779254321096 1.0
99 1.7422534000000098 0 0 0.9999779254321096 1.0
100 1.7426123999999845 0 0 0.9999779254321096 1.0
101 1.7440983999999844 1 0 1.0 1.0
