100 0.6 0.3
1 0.015421500000000032 787 0 0.03988040944562684 0.093459523407132
2 0.041649800000000015 2354 506 0.15916692003648525 0.17897583234747338
3 0.1291522 6602 1530 0.4937164284990372 0.437552813925976
4 0.23959770000000002 5790 1321 0.7871186784230263 0.6608078418117289
5 0.3591746 2537 760 0.9156785243741765 0.7892513097853642
6 0.4968336 981 422 0.9653896827809871 0.8605712354233565
7 0.5213952000000002 437 257 0.9875342049255093 0.9040054081460199
8 0.5456897 150 148 0.9951352994831256 0.9290180834882542
9 0.5634037000000003 68 103 0.9985811290159117 0.9464255534899443
10 0.5754079999999999 17 92 0.9994425863991081 0.9619739732972791
11 0.5137649999999998 5 56 0.9996959562176954 0.9714382288321785
12 0.5365888999999999 3 35 0.9998479781088476 0.9773533885414907
13 0.5247287000000007 3 32 1.0 0.9827615345614331
14 0.5535000999999999 0 18 1.0 0.9858036166976508
15 0.5505500999999997 0 13 1.0 0.9880006760182525
16 0.5444209999999998 0 15 1.0 0.9905357444651005
17 0.5109771999999992 0 9 1.0 0.9920567855332094
18 0.5202109000000013 0 14 1.0 0.9944228494169343
19 0.6668148000000009 0 3 1.0 0.9949298631063038
20 0.5639872000000015 0 4 1.0 0.9956058813587967
21 0.5438943999999992 0 5 1.0 0.9964509041744127
22 0.6590161999999999 0 4 1.0 0.9971269224269055
23 0.5473975000000006 0 6 1.0 0.9981409498056447
24 0.5256638999999996 0 1 1.0 0.9983099543687679
25 0.5511758999999987 0 2 1.0 0.9986479634950144
26 0.5224695999999991 0 3 1.0 0.999154977184384
27 0.5301687000000008 0 2 1.0 0.9994929863106304
28 0.6945284999999988 0 0 1.0 0.9994929863106304
29 0.5250994999999996 0 1 1.0 0.9996619908737536
30 0.5374580000000009 0 0 1.0 0.9996619908737536
31 0.5228318000000005 0 0 1.0 0.9996619908737536
32 0.5395862000000005 0 0 1.0 0.9996619908737536
33 0.5448070000000023 0 0 1.0 0.9996619908737536
34 0.5485536999999994 0 0 1.0 0.9996619908737536
35 0.5505125 0 0 1.0 0.9996619908737536
36 0.5554564000000006 0 0 1.0 0.9996619908737536
37 0.5582902999999995 0 0 1.0 0.9996619908737536
38 0.5888080000000002 0 1 1.0 0.9998309954368768
39 0.6709169999999993 0 0 1.0 0.9998309954368768
40 0.6566104999999993 0 0 1.0 0.9998309954368768
41 0.6658273000000001 0 1 1.0 1.0
