100 0.9 0.5
1 0.018601499999999993 1056 0 0.05151973459530663 0.08129175946547884
2 0.0765576 3910 1074 0.24227935795482267 0.2521476296531976
3 0.23526350000000001 10845 2888 0.7713811777333268 0.7115812917594655
4 0.4653659000000001 4148 1225 0.97375225642777 0.9064587973273942
5 0.5998929 475 333 0.9969263794701664 0.9594336621062679
6 0.6655289 59 134 0.9998048494901693 0.9807508749602291
7 0.6457630999999999 4 54 1.0 0.9893413935730194
8 0.6995990999999999 0 22 1.0 0.9928412344893414
9 0.6748702 0 18 1.0 0.9957047406936048
10 0.6674223999999995 0 12 1.0 0.9976137448297805
11 0.6792986000000001 0 5 1.0 0.9984091632198536
12 0.6621382000000002 0 6 1.0 0.9993636652879414
13 0.6640943000000004 0 3 1.0 0.9998409163219854
14 0.6445621999999993 0 1 1.0 1.0
