175 0.4 0.1
1 0.02245969999999997 748 0 0.013791068992219477 0.04603814128391082
2 0.04205440000000005 1737 145 0.04581658615730669 0.05382755842062852
3 0.0753725999999999 4496 434 0.12871049817471145 0.07714208971259737
4 0.1659039 9813 1082 0.3096353110365426 0.1352672575879667
5 0.31827969999999994 12926 1519 0.5479553080865813 0.21686811710985765
6 0.48888489999999996 9583 1465 0.7246395516058852 0.2955680902497986
7 0.6790544999999999 5906 1325 0.8335299974187839 0.36674724684394305
8 0.8538707999999997 3656 1174 0.9009366127069582 0.4298146655922643
9 1.0354081999999996 2133 1030 0.940263284044397 0.4851463873220521
10 1.1589605999999995 1297 851 0.9641764076846492 0.5308622078968573
11 1.2701064999999998 765 746 0.9782809100630554 0.5709374160623153
12 1.3997981 460 659 0.9867620487481101 0.6063389739457427
13 1.629118 294 615 0.9921826026033408 0.6393768466290626
14 1.8275311999999992 166 510 0.995243187433165 0.6667741069030352
15 2.0151163000000007 100 433 0.9970869132342638 0.6900349180768197
16 1.8876749999999998 72 445 0.998414395811055 0.7139403706688154
17 1.9195789999999988 32 392 0.9990043880674067 0.7349986569970454
18 2.0172931 17 343 0.9993178214535934 0.7534246575342466
19 1.9473535999999996 17 299 0.9996312548397802 0.7694869728713403
20 2.067412000000001 7 292 0.9997603156458571 0.7851732473811442
21 2.091659400000001 6 245 0.9998709391939231 0.798334676336288
22 2.1668528999999985 3 236 0.9999262509679561 0.8110126242277733
23 1.9945493000000027 1 227 0.999944688225967 0.8232070910556003
24 2.0082337999999993 1 204 0.999963125483978 0.8341659951651894
25 2.2420500000000025 1 192 0.999981562741989 0.8444802578565673
26 2.2856019999999972 1 165 1.0 0.8533440773569702
27 2.491991899999995 0 163 1.0 0.8621004566210045
28 2.287382899999997 0 132 1.0 0.8691915122213268
29 2.5237026 0 116 1.0 0.8754230459307011
30 2.601230000000001 0 110 1.0 0.8813322589309697
31 2.2174251 0 132 1.0 0.888423314531292
32 2.1163217000000003 0 106 1.0 0.8941176470588236
33 2.1457975000000005 0 109 1.0 0.8999731399409079
34 2.135135599999998 0 92 1.0 0.9049153908138597
35 2.1481958999999975 0 88 1.0 0.9096427612140747
36 2.152318799999996 0 75 1.0 0.9136717700778941
37 2.1650404999999964 0 66 1.0 0.9172172978780553
38 2.2009558000000027 0 74 1.0 0.9211925866236905
39 2.2207479000000063 0 65 1.0 0.9246843943056675
40 2.1857471999999945 0 75 1.0 0.9287134031694869
41 2.1912034000000062 0 55 1.0 0.9316680096696213
42 2.373110600000004 0 60 1.0 0.9348912167606769
43 2.3644408000000112 0 55 1.0 0.9378458232608112
44 2.3673 0 63 1.0 0.9412301907064196
45 2.2299633000000085 0 63 1.0 0.9446145581520279
46 2.319110100000003 0 40 1.0 0.9467633628793983
47 2.2765509000000037 0 45 1.0 0.94918076819769
48 2.2519186000000104 0 49 1.0 0.9518130539887187
49 2.248347800000005 0 37 1.0 0.9538006983615364
50 2.2488653999999997 0 47 1.0 0.9563255439161966
51 2.2887625999999983 0 36 1.0 0.95825946817083
52 2.3025116999999966 0 34 1.0 0.9600859521890949
53 2.50926969999999 0 37 1.0 0.9620735965619124
54 2.859357700000004 0 37 1.0 0.96406124093473
55 2.5636220999999892 0 36 1.0 0.9659951651893635
56 2.784076600000006 0 28 1.0 0.9674993284985227
57 2.3481510999999955 0 24 1.0 0.968788611334945
58 2.2974391999999995 0 21 1.0 0.9699167338168144
59 2.599753000000007 0 23 1.0 0.9711522965350524
60 2.2890060999999946 0 20 1.0 0.9722266988987376
61 2.3573333000000076 0 18 1.0 0.9731936610260542
62 2.306904899999992 0 21 1.0 0.9743217835079238
63 2.339023400000002 0 22 1.0 0.9755036261079775
64 2.299346 0 20 1.0 0.9765780284716626
65 2.3111019000000113 0 22 1.0 0.9777598710717164
66 2.3388717999999926 0 18 1.0 0.9787268331990331
67 2.3075611999999808 0 20 1.0 0.9798012355627183
68 2.345294800000005 0 15 1.0 0.9806070373354822
69 2.3567349999999863 0 14 1.0 0.9813591189900618
70 2.347889500000008 0 13 1.0 0.9820574805264571
71 2.425968299999994 0 12 1.0 0.9827021219446683
72 2.319098299999979 0 13 1.0 0.9834004834810637
73 2.325547300000011 0 16 1.0 0.9842600053720119
74 2.3204120000000046 0 14 1.0 0.9850120870265915
75 2.5499248000000136 0 14 1.0 0.9857641686811711
76 2.3837039000000004 0 8 1.0 0.9861939296266452
77 2.3246090000000095 0 11 1.0 0.986784850926672
78 2.338293599999986 0 15 1.0 0.9875906526994359
79 2.351956699999988 0 9 1.0 0.9880741337630943
80 2.3367781999999977 0 9 1.0 0.9885576148267526
81 2.357531300000005 0 6 1.0 0.9888799355358582
82 2.338513699999993 0 13 1.0 0.9895782970722535
83 2.3398733999999877 0 6 1.0 0.9899006177813591
84 2.3392361999999878 0 5 1.0 0.9901692183722804
85 2.397735800000021 0 9 1.0 0.9906526994359388
86 2.3642103000000247 0 8 1.0 0.9910824603814128
87 2.3452123000000142 0 8 1.0 0.9915122213268869
88 2.3635855999999933 0 7 1.0 0.9918882621541767
89 2.3788245000000074 0 5 1.0 0.9921568627450981
90 2.3428481999999917 0 8 1.0 0.9925866236905722
91 2.3755212000000085 0 8 1.0 0.9930163846360462
92 2.341231300000004 0 2 1.0 0.9931238248724147
93 2.3986481000000026 0 5 1.0 0.9933924254633361
94 2.3476629000000173 0 3 1.0 0.9935535858178888
95 2.3388934999999833 0 6 1.0 0.9938759065269943
96 2.377440799999988 0 6 1.0 0.9941982272361
97 2.347784499999989 0 7 1.0 0.9945742680633898
98 2.3836967000000016 0 6 1.0 0.9948965887724953
99 2.3445495999999935 0 3 1.0 0.995057749127048
100 2.786883700000004 0 2 1.0 0.9951651893634166
101 2.718475600000005 0 1 1.0 0.9952189094816009
102 2.5478290000000072 0 5 1.0 0.9954875100725221
103 2.3658205000000123 0 1 1.0 0.9955412301907064
104 2.349957900000021 0 1 1.0 0.9955949503088907
105 2.3446726999999896 0 0 1.0 0.9955949503088907
106 2.373104600000005 0 3 1.0 0.9957561106634435
107 2.3548714000000075 0 3 1.0 0.9959172710179962
108 2.4368523999999923 0 3 1.0 0.996078431372549
109 2.4538056000000097 0 1 1.0 0.9961321514907333
110 2.3500702999999987 0 3 1.0 0.996293311845286
111 2.3875216000000137 0 3 1.0 0.9964544721998388
112 2.5283838000000003 0 0 1.0 0.9964544721998388
113 2.4665112000000136 0 4 1.0 0.9966693526725758
114 2.346596699999992 0 2 1.0 0.9967767929089444
115 2.3987032 0 3 1.0 0.9969379532634972
116 2.3672751999999946 0 2 1.0 0.9970453934998657
117 2.358220799999998 0 2 1.0 0.9971528337362342
118 2.548659299999997 0 2 1.0 0.9972602739726028
119 2.361590699999965 0 8 1.0 0.9976900349180768
120 2.392752499999972 0 1 1.0 0.9977437550362611
121 2.459037099999989 0 1 1.0 0.9977974751544454
122 2.3463679000000184 0 1 1.0 0.9978511952726296
123 2.397073799999987 0 0 1.0 0.9978511952726296
124 2.401656600000024 0 3 1.0 0.9980123556271824
125 2.403084799999988 0 2 1.0 0.9981197958635509
126 2.3523883000000296 0 2 1.0 0.9982272360999194
127 2.4126450999999633 0 2 1.0 0.9983346763362879
128 2.365863900000022 0 3 1.0 0.9984958366908407
129 2.3559356000000093 0 1 1.0 0.998549556809025
130 2.392699200000038 0 0 1.0 0.998549556809025
131 2.412670100000014 0 1 1.0 0.9986032769272093
132 2.5904749999999694 0 1 1.0 0.9986569970453935
133 2.373259599999983 0 1 1.0 0.9987107171635777
134 2.3605653999999845 0 1 1.0 0.998764437281762
135 2.395928099999992 0 1 1.0 0.9988181573999463
136 2.3527751000000308 0 0 1.0 0.9988181573999463
137 2.3732036000000107 0 1 1.0 0.9988718775181306
138 2.3767846000000077 0 0 1.0 0.9988718775181306
139 2.3727124000000117 0 1 1.0 0.9989255976363148
140 2.3870509999999854 0 2 1.0 0.9990330378726833
141 2.3520915999999943 0 0 1.0 0.9990330378726833
142 2.3697793000000047 0 2 1.0 0.9991404781090518
143 2.363459299999988 0 2 1.0 0.9992479183454204
144 2.3693799000000126 0 0 1.0 0.9992479183454204
145 2.3707223000000113 0 0 1.0 0.9992479183454204
146 2.391346599999963 0 2 1.0 0.9993553585817889
147 2.3621890999999664 0 0 1.0 0.9993553585817889
148 2.3643208999999956 0 2 1.0 0.9994627988181574
149 2.3658187999999996 0 0 1.0 0.9994627988181574
150 2.402447900000027 0 0 1.0 0.9994627988181574
151 2.352486199999987 0 2 1.0 0.9995702390545259
152 2.3898848000000044 0 0 1.0 0.9995702390545259
153 2.3817412000000218 0 1 1.0 0.9996239591727102
154 2.491954900000053 0 1 1.0 0.9996776792908945
155 2.507496500000002 0 0 1.0 0.9996776792908945
156 2.4088775999999825 0 0 1.0 0.9996776792908945
157 2.3562565999999947 0 0 1.0 0.9996776792908945
158 2.445638900000006 0 0 1.0 0.9996776792908945
159 2.358701499999995 0 2 1.0 0.999785119527263
160 2.4138553999999885 0 0 1.0 0.999785119527263
161 2.3609871000000453 0 0 1.0 0.999785119527263
162 2.374594600000023 0 0 1.0 0.999785119527263
163 2.628393899999992 0 0 1.0 0.999785119527263
164 2.3535438000000113 0 1 1.0 0.9998388396454472
165 2.3891143999999827 0 0 1.0 0.9998388396454472
166 2.351178500000003 0 0 1.0 0.9998388396454472
167 2.355126499999983 0 0 1.0 0.9998388396454472
168 2.6408682 0 0 1.0 0.9998388396454472
169 2.357598800000005 0 0 1.0 0.9998388396454472
170 2.6182840999999826 0 0 1.0 0.9998388396454472
171 2.366941899999972 0 0 1.0 0.9998388396454472
172 2.362718299999983 0 0 1.0 0.9998388396454472
173 2.356197599999973 0 0 1.0 0.9998388396454472
174 2.3879997999999887 0 0 1.0 0.9998388396454472
175 2.3701540999999793 0 0 1.0 0.9998388396454472
176 2.3605866000000333 0 0 1.0 0.9998388396454472
177 2.367603699999961 0 0 1.0 0.9998388396454472
178 2.3643652999999745 0 0 1.0 0.9998388396454472
179 2.4129414000000224 0 0 1.0 0.9998388396454472
180 2.397240399999987 0 0 1.0 0.9998388396454472
181 2.3559612000000243 0 0 1.0 0.9998388396454472
182 2.3552525999999716 0 1 1.0 0.9998925597636314
183 2.3599549999999567 0 0 1.0 0.9998925597636314
184 2.4026228000000174 0 0 1.0 0.9998925597636314
185 2.3796204999999873 0 1 1.0 0.9999462798818157
186 2.356171099999983 0 0 1.0 0.9999462798818157
187 2.362237099999959 0 0 1.0 0.9999462798818157
188 2.3608370000000036 0 0 1.0 0.9999462798818157
189 2.3849314000000277 0 0 1.0 0.9999462798818157
190 2.348508899999956 0 0 1.0 0.9999462798818157
191 2.38969689999999 0 0 1.0 0.9999462798818157
192 2.3536048999999934 0 0 1.0 0.9999462798818157
193 2.356155000000001 0 0 1.0 0.9999462798818157
194 2.4156690000000367 0 0 1.0 0.9999462798818157
195 2.3520963999999935 0 0 1.0 0.9999462798818157
196 2.3485420999999747 0 0 1.0 0.9999462798818157
197 2.3488285999999903 0 0 1.0 0.9999462798818157
198 2.3728712999999857 0 0 1.0 0.9999462798818157
199 2.46416320000003 0 0 1.0 0.9999462798818157
200 2.3696890999999596 0 0 1.0 0.9999462798818157
201 2.3518024000000537 0 0 1.0 0.9999462798818157
202 2.358933900000011 0 0 1.0 0.9999462798818157
203 2.361180300000001 0 0 1.0 0.9999462798818157
204 2.3945109 0 0 1.0 0.9999462798818157
205 2.3500622999999905 0 0 1.0 0.9999462798818157
206 2.364871999999991 0 0 1.0 0.9999462798818157
207 2.3516066999999907 0 0 1.0 0.9999462798818157
208 2.3667295000000195 0 0 1.0 0.9999462798818157
209 2.3927269000000138 0 0 1.0 0.9999462798818157
210 2.366247499999986 0 0 1.0 0.9999462798818157
211 2.357678300000032 0 0 1.0 0.9999462798818157
212 2.3599457999999913 0 0 1.0 0.9999462798818157
213 2.368308499999955 0 0 1.0 0.9999462798818157
214 2.399084099999982 0 0 1.0 0.9999462798818157
215 2.504506000000049 0 0 1.0 0.9999462798818157
216 2.37358260000002 0 0 1.0 0.9999462798818157
217 2.3908663000000274 0 0 1.0 0.9999462798818157
218 2.384711600000003 0 0 1.0 0.9999462798818157
219 2.360682200000042 0 0 1.0 0.9999462798818157
220 2.3578668000000107 0 0 1.0 0.9999462798818157
221 2.380577599999981 0 0 1.0 0.9999462798818157
222 2.403712799999994 0 0 1.0 0.9999462798818157
223 2.360188600000015 0 0 1.0 0.9999462798818157
224 2.3849394000000075 0 0 1.0 0.9999462798818157
225 2.3554955000000177 0 0 1.0 0.9999462798818157
226 2.3534294000000386 0 0 1.0 0.9999462798818157
227 2.3560335999999893 0 0 1.0 0.9999462798818157
228 2.4198100999999497 0 0 1.0 0.9999462798818157
229 2.357626699999969 0 0 1.0 0.9999462798818157
230 2.3846680000000333 0 0 1.0 0.9999462798818157
231 2.3450560999999652 0 0 1.0 0.9999462798818157
232 2.350609899999995 0 0 1.0 0.9999462798818157
233 2.3913132000000132 0 0 1.0 0.9999462798818157
234 2.359235099999978 0 0 1.0 0.9999462798818157
235 2.355359499999963 0 1 1.0 1.0
