200 0.9 0.2
1 0.05261009999999999 2285 0 0.028353041902942015 0.04524439878294543
2 0.18466309999999997 10665 1647 0.16068791800573265 0.11032520646461454
3 0.9563957999999999 44398 7353 0.7115931059299425 0.4008772276445252
4 2.2516817 20081 5989 0.9607648496730404 0.6375311178725254
5 3.5407764000000004 2859 3119 0.996240274968669 0.7607776504524439
6 4.326186399999999 268 1789 0.9995657083297143 0.8314695538783736
7 4.582119800000001 34 1156 0.9999875916665633 0.8771486150077054
8 4.857845900000001 1 805 1.0 0.9089579958114355
9 5.594833399999999 0 554 1.0 0.9308491721658039
10 5.247233399999995 0 387 1.0 0.9461413838068519
11 5.276627400000002 0 305 1.0 0.9581933852293831
12 5.403116699999998 0 218 1.0 0.9668076026395859
13 5.250284200000003 0 179 1.0 0.9738807444580551
14 6.012390599999996 0 150 1.0 0.9798079582724147
15 5.322367399999997 0 113 1.0 0.9842731260125657
16 5.942447899999991 0 80 1.0 0.9874343067135575
17 5.277063499999997 0 73 1.0 0.9903188841032126
18 5.62626800000001 0 50 1.0 0.9922946220413325
19 5.699832799999996 0 34 1.0 0.993638123839254
20 5.3647098 0 21 1.0 0.9944679337732644
21 5.550972299999998 0 26 1.0 0.9954953175010867
22 5.455560199999994 0 28 1.0 0.9966017307464338
23 5.426995699999992 0 14 1.0 0.9971549373691073
24 5.5319942 0 13 1.0 0.9976686292330186
25 5.403928100000002 0 11 1.0 0.9981032915794049
26 5.545906800000012 0 10 1.0 0.9984984391670289
27 5.203206800000004 0 5 1.0 0.9986960129608409
28 5.295424800000006 0 5 1.0 0.9988935867546529
29 5.42429580000001 0 4 1.0 0.9990516457897024
30 5.592137099999974 0 0 1.0 0.9990516457897024
31 5.398564899999997 0 6 1.0 0.9992887343422768
32 5.649714799999998 0 7 1.0 0.9995653376536137
33 5.046372399999996 0 3 1.0 0.9996838819299008
34 5.710792800000007 0 2 1.0 0.9997629114474256
35 6.052066999999994 0 0 1.0 0.9997629114474256
36 5.518531199999984 0 1 1.0 0.999802426206188
37 5.31465399999999 0 0 1.0 0.999802426206188
38 5.156722799999983 0 0 1.0 0.999802426206188
39 5.630318399999993 0 1 1.0 0.9998419409649504
40 5.254791099999977 0 0 1.0 0.9998419409649504
41 5.297072700000001 0 0 1.0 0.9998419409649504
42 5.217470200000008 0 0 1.0 0.9998419409649504
43 5.5309709 0 1 1.0 0.9998814557237128
44 5.740538700000002 0 0 1.0 0.9998814557237128
45 5.852598499999999 0 1 1.0 0.9999209704824752
46 5.407365100000021 0 0 1.0 0.9999209704824752
47 5.361426000000023 0 0 1.0 0.9999209704824752
48 5.592189899999994 0 0 1.0 0.9999209704824752
49 5.5563559 0 0 1.0 0.9999209704824752
50 5.464309700000001 0 2 1.0 1.0
