75 0.7 0.6
1 0.011342600000000008 584 0 0.04994868286007526 0.09932523616734143
2 0.03571010000000002 1887 646 0.2113410879233664 0.2736842105263158
3 0.1160274 4936 1656 0.6335100923708519 0.7206477732793523
4 0.2023301 2965 727 0.8871022921655833 0.9168690958164643
5 0.2563078000000001 947 175 0.9680978446801232 0.9641025641025641
6 0.2886531 256 72 0.9899931577146767 0.9835357624831309
7 0.3113342000000001 86 32 0.997348614437222 0.9921727395411606
8 0.3212123 23 12 0.9993157714676703 0.9954116059379218
9 0.2889215999999999 4 6 0.9996578857338351 0.9970310391363023
10 0.2901604 2 4 0.9998289428669176 0.998110661268556
11 0.2847708999999998 2 5 1.0 0.9994601889338731
12 0.296373 0 1 1.0 0.9997300944669366
13 0.2895178999999999 0 1 1.0 1.0
