125 0.4 0.2
1 0.012948799999999983 441 0 0.017403314917127072 0.06103235580564874
2 0.02150249999999998 968 129 0.055603788476716653 0.07499188399523861
3 0.0448943 2306 381 0.14660615627466456 0.11622118818309707
4 0.10110859999999999 4934 945 0.34131807419100235 0.21848284817660427
5 0.17487279999999994 6213 1353 0.5865035516969218 0.36489557407207013
6 0.2765642999999999 4154 1088 0.7504340962904499 0.48263174981062656
7 0.35539619999999994 2542 861 0.8507498026835043 0.5758034844713775
8 0.43647689999999995 1565 671 0.912509865824783 0.6484146737366085
9 0.4950143 880 497 0.9472375690607735 0.7021967319554161
10 0.5632546999999999 548 410 0.968863456985004 0.7465642246510118
11 0.5904389000000001 336 337 0.9821231254932913 0.7830321393788551
12 0.6083484999999995 181 285 0.9892659826361484 0.8138729574721351
13 0.6401206999999998 106 220 0.9934490923441199 0.8376799047722108
14 0.6513296000000004 63 224 0.9959352801894238 0.8619197056595607
15 0.7244190000000001 46 167 0.997750591949487 0.8799913429282545
16 0.7537343000000005 32 155 0.9990134175217048 0.8967644194351261
17 0.6963517000000001 12 116 0.9994869771112865 0.9093171734660751
18 0.7042368000000003 5 109 0.9996842936069456 0.9211124337192944
19 0.7164573000000001 5 65 0.9998816101026046 0.9281463045124987
20 0.7182446999999996 1 74 0.9999210734017364 0.9361540958770695
21 0.7152349999999998 0 76 0.9999210734017364 0.9443783140352776
22 0.7371672 0 52 0.9999210734017364 0.9500054106698409
23 0.7570411999999997 0 49 0.9999210734017364 0.9553078671139487
24 0.7378248999999997 1 31 0.9999605367008682 0.958662482415323
25 0.7329930999999998 0 30 0.9999605367008682 0.9619088843198788
26 0.7435228000000009 1 41 1.0 0.9663456335894384
27 0.7444223000000001 0 29 1.0 0.9694838220971757
28 0.750178 0 24 1.0 0.9720809436208202
29 0.7437863999999994 0 17 1.0 0.9739205713667352
30 0.7485710000000019 0 23 1.0 0.9764094794935613
31 0.772286600000001 0 18 1.0 0.9783573206362948
32 0.7465153000000022 0 18 1.0 0.9803051617790283
33 0.7458491999999985 0 13 1.0 0.981711935937669
34 0.7556146999999989 0 21 1.0 0.9839844172708582
35 0.7584461999999981 0 10 1.0 0.9850665512390434
36 0.7549348000000009 0 17 1.0 0.9869061789849584
37 0.7505705999999996 0 10 1.0 0.9879883129531436
38 0.7817311000000018 0 10 1.0 0.9890704469213288
39 0.7549754000000028 0 12 1.0 0.9903690076831512
40 0.757468799999998 0 8 1.0 0.9912347148576994
41 0.7501633000000005 0 6 1.0 0.9918839952386106
42 0.762678600000001 0 3 1.0 0.9922086354290661
43 0.7694471000000007 0 9 1.0 0.9931825560004328
44 0.7741445999999996 0 7 1.0 0.9939400497781625
45 0.7796067999999998 0 8 1.0 0.9948057569527108
46 0.8769737999999982 0 4 1.0 0.9952386105399849
47 0.9320602999999998 0 5 1.0 0.9957796775240775
48 0.8999889999999979 0 3 1.0 0.996104317714533
49 0.866443400000005 0 1 1.0 0.9962125311113516
50 0.8731821000000011 0 1 1.0 0.9963207445081701
51 0.7949016000000029 0 1 1.0 0.9964289579049886
52 0.7549317999999943 0 1 1.0 0.9965371713018072
53 0.9931778000000051 0 3 1.0 0.9968618114922627
54 0.9555348000000023 0 2 1.0 0.9970782382858998
55 0.763028999999996 0 0 1.0 0.9970782382858998
56 0.7746473999999992 0 1 1.0 0.9971864516827184
57 0.7648956999999967 0 0 1.0 0.9971864516827184
58 0.7540527999999966 0 2 1.0 0.9974028784763553
59 0.7576223999999954 0 3 1.0 0.997727518666811
60 0.7910114000000021 0 0 1.0 0.997727518666811
61 0.8140051000000028 0 3 1.0 0.9980521588572665
62 0.7667172000000022 0 2 1.0 0.9982685856509036
63 0.7543638000000001 0 1 1.0 0.9983767990477221
64 0.8539111000000048 0 0 1.0 0.9983767990477221
65 0.7653384999999986 0 0 1.0 0.9983767990477221
66 0.7683528999999965 0 2 1.0 0.9985932258413591
67 0.7658730000000062 0 1 1.0 0.9987014392381777
68 0.7800168999999997 0 0 1.0 0.9987014392381777
69 0.7637458000000024 0 2 1.0 0.9989178660318148
70 0.7732016999999942 0 1 1.0 0.9990260794286333
71 0.7635223999999994 0 0 1.0 0.9990260794286333
72 0.7575113999999985 0 0 1.0 0.9990260794286333
73 0.765763800000002 0 0 1.0 0.9990260794286333
74 0.8405671000000012 0 2 1.0 0.9992425062222703
75 0.7881014999999962 0 0 1.0 0.9992425062222703
76 0.7710463999999959 0 0 1.0 0.9992425062222703
77 0.7607240000000033 0 1 1.0 0.9993507196190888
78 0.7676546000000002 0 1 1.0 0.9994589330159074
79 0.7669426000000001 0 1 1.0 0.9995671464127259
80 0.7652445000000014 0 0 1.0 0.9995671464127259
81 0.7574494999999999 0 0 1.0 0.9995671464127259
82 0.7921034999999961 0 0 1.0 0.9995671464127259
83 0.7661878999999985 0 0 1.0 0.9995671464127259
84 0.7681180000000012 0 1 1.0 0.9996753598095445
85 0.757553300000005 0 0 1.0 0.9996753598095445
86 0.7831094000000007 0 0 1.0 0.9996753598095445
87 0.7669523999999939 0 0 1.0 0.9996753598095445
88 0.7665612999999993 0 1 1.0 0.9997835732063629
89 1.0104948999999976 0 0 1.0 0.9997835732063629
90 0.8163170999999991 0 0 1.0 0.9997835732063629
91 0.7697648999999984 0 0 1.0 0.9997835732063629
92 0.7662514999999956 0 0 1.0 0.9997835732063629
93 0.7651322000000107 0 0 1.0 0.9997835732063629
94 0.7658299 0 0 1.0 0.9997835732063629
95 0.7608951999999931 0 0 1.0 0.9997835732063629
96 0.7665582000000057 0 0 1.0 0.9997835732063629
97 0.7937823999999978 0 0 1.0 0.9997835732063629
98 0.7731478000000038 0 0 1.0 0.9997835732063629
99 0.7633331000000112 0 0 1.0 0.9997835732063629
100 0.768679199999994 0 0 1.0 0.9997835732063629
101 0.7679758000000021 0 1 1.0 0.9998917866031815
102 0.7639764999999983 0 0 1.0 0.9998917866031815
103 0.7583568999999954 0 0 1.0 0.9998917866031815
104 0.7591364999999968 0 0 1.0 0.9998917866031815
105 0.7946068999999909 0 0 1.0 0.9998917866031815
106 0.7681486000000035 0 0 1.0 0.9998917866031815
107 0.7625031000000035 0 0 1.0 0.9998917866031815
108 0.7548637000000014 0 0 1.0 0.9998917866031815
109 0.7687910000000073 0 0 1.0 0.9998917866031815
110 0.8088757999999956 0 0 1.0 0.9998917866031815
111 0.9470469000000037 0 0 1.0 0.9998917866031815
112 0.7934522999999984 0 0 1.0 0.9998917866031815
113 0.7580518999999981 0 0 1.0 0.9998917866031815
114 0.7667914000000025 0 0 1.0 0.9998917866031815
115 0.7683265000000006 0 0 1.0 0.9998917866031815
116 0.7637934000000115 0 0 1.0 0.9998917866031815
117 0.761072200000001 0 0 1.0 0.9998917866031815
118 0.7695569999999918 0 0 1.0 0.9998917866031815
119 0.8430048999999968 0 0 1.0 0.9998917866031815
120 0.7928962000000013 0 0 1.0 0.9998917866031815
121 0.8382591000000019 0 0 1.0 0.9998917866031815
122 0.752807599999997 0 0 1.0 0.9998917866031815
123 0.7648322999999948 0 0 1.0 0.9998917866031815
124 0.7704990000000009 0 0 1.0 0.9998917866031815
125 0.846318999999994 0 0 1.0 0.9998917866031815
126 0.7712348999999961 0 0 1.0 0.9998917866031815
127 0.784695499999998 0 0 1.0 0.9998917866031815
128 0.8509729000000021 0 0 1.0 0.9998917866031815
129 0.7666019999999918 0 0 1.0 0.9998917866031815
130 0.7672423000000066 0 0 1.0 0.9998917866031815
131 0.7640909999999934 0 1 1.0 1.0
