50 0.9 0.1
1 0.0075239 519 0 0.12036178107606679 0.1926605504587156
2 0.023959200000000014 1646 144 0.50208719851577 0.29428369795342274
3 0.042232099999999995 1754 220 0.9088589981447124 0.44954128440366975
4 0.05182419999999999 352 173 0.990491651205937 0.5716302046577276
5 0.056663799999999986 40 124 0.9997680890538033 0.6591390261115032
6 0.060591000000000006 1 97 1.0 0.7275935074100212
7 0.06995090000000004 0 81 1.0 0.784756527875794
8 0.06701429999999997 0 61 1.0 0.8278052223006351
9 0.07196329999999995 0 46 1.0 0.8602681721947777
10 0.07246339999999996 0 40 1.0 0.8884968242766408
11 0.07128690000000004 0 23 1.0 0.9047282992237121
12 0.07104279999999996 0 25 1.0 0.9223712067748765
13 0.0725247 0 18 1.0 0.9350741002117149
14 0.07253569999999998 0 10 1.0 0.9421312632321807
15 0.07293059999999996 0 7 1.0 0.9470712773465068
16 0.07394480000000003 0 8 1.0 0.9527170077628794
17 0.07292849999999995 0 8 1.0 0.958362738179252
18 0.07325019999999993 0 6 1.0 0.9625970359915315
19 0.0740356000000002 0 4 1.0 0.9654199011997178
20 0.0742615000000002 0 4 1.0 0.9682427664079041
21 0.07461249999999997 0 3 1.0 0.9703599153140438
22 0.07351160000000001 0 5 1.0 0.9738884968242767
23 0.07870739999999987 0 3 1.0 0.9760056457304164
24 0.0853820999999999 0 5 1.0 0.9795342272406493
25 0.0973579 0 1 1.0 0.9802399435426958
26 0.07485459999999988 0 6 1.0 0.9844742413549753
27 0.07590889999999995 0 1 1.0 0.9851799576570219
28 0.07504949999999999 0 1 1.0 0.9858856739590685
29 0.07442110000000035 0 4 1.0 0.9887085391672548
30 0.07906900000000006 0 3 1.0 0.9908256880733946
31 0.0749282 0 4 1.0 0.9936485532815809
32 0.07496839999999994 0 0 1.0 0.9936485532815809
33 0.07463759999999997 0 0 1.0 0.9936485532815809
34 0.07530219999999987 0 2 1.0 0.995059985885674
35 0.07859550000000004 0 0 1.0 0.995059985885674
36 0.0744205 0 0 1.0 0.995059985885674
37 0.07465300000000008 0 0 1.0 0.995059985885674
38 0.07384259999999987 0 0 1.0 0.995059985885674
39 0.07415439999999984 0 2 1.0 0.9964714184897672
40 0.07480339999999996 0 0 1.0 0.9964714184897672
41 0.0746910999999999 0 0 1.0 0.9964714184897672
42 0.07580469999999995 0 0 1.0 0.9964714184897672
43 0.07545629999999992 0 1 1.0 0.9971771347918137
44 0.07445189999999968 0 1 1.0 0.9978828510938603
45 0.07462970000000002 0 1 1.0 0.9985885673959068
46 0.0744218000000001 0 0 1.0 0.9985885673959068
47 0.07520529999999992 0 0 1.0 0.9985885673959068
48 0.07516560000000005 0 0 1.0 0.9985885673959068
49 0.07863379999999998 0 0 1.0 0.9985885673959068
50 0.07622660000000003 0 1 1.0 0.9992942836979535
51 0.07491230000000026 0 0 1.0 0.9992942836979535
52 0.07505940000000022 0 0 1.0 0.9992942836979535
53 0.07476720000000014 0 0 1.0 0.9992942836979535
54 0.07464179999999976 0 0 1.0 0.9992942836979535
55 0.07476089999999935 0 0 1.0 0.9992942836979535
56 0.0748413999999995 0 0 1.0 0.9992942836979535
57 0.07597729999999991 0 1 1.0 1.0
