125 0.5 0.4
1 0.015730399999999978 588 0 0.021652673442333185 0.06435849448949886
2 0.033646399999999965 1693 481 0.08399617027544558 0.11436889166146808
3 0.11026880000000006 5407 1669 0.2831050228310502 0.2878976918278228
4 0.26498619999999995 8583 2539 0.5991677713949035 0.5518818881264296
5 0.4802286000000001 5489 1634 0.801296214464575 0.7217716781035558
6 0.6358557 2626 932 0.8979967594638386 0.818673320856727
7 0.8474826000000002 1411 519 0.9499558108705258 0.8726346433770015
8 0.8282432000000002 713 369 0.976211518633083 0.9110002079434394
9 0.9084246 322 210 0.9880689350419797 0.9328342690788106
10 0.9547107000000006 150 161 0.9935925762262483 0.9495737159492618
11 0.9174765000000003 96 114 0.9971277065841803 0.9614264919941776
12 0.9421694 41 89 0.9986375018412137 0.9706799750467873
13 0.9301287 22 62 0.9994476358815731 0.9771262216677064
14 0.9597990000000003 7 47 0.9997054058035056 0.9820128924932419
15 0.9936518000000003 6 36 0.9999263514508764 0.9857558744021626
16 0.9758282999999999 1 27 0.9999631757254382 0.9885631108338532
17 0.9664447000000003 1 23 1.0 0.9909544603867748
18 0.965895999999999 0 19 1.0 0.9929299230609274
19 0.9646513999999993 0 8 1.0 0.9937616968184654
20 0.9619692999999998 0 11 1.0 0.99490538573508
21 0.965535599999999 0 8 1.0 0.995737159492618
22 1.0194090999999972 0 8 1.0 0.9965689332501559
23 0.9601320999999992 0 8 1.0 0.9974007070076939
24 0.9553183999999995 0 5 1.0 0.9979205656061552
25 1.000213800000001 0 5 1.0 0.9984404242046163
26 0.9684576000000007 0 6 1.0 0.9990642545227698
27 1.0940656000000004 0 1 1.0 0.999168226242462
28 1.0209693000000009 0 5 1.0 0.9996880848409233
29 0.9897843000000002 0 1 1.0 0.9997920565606155
30 0.9963194999999985 0 0 1.0 0.9997920565606155
31 1.0128594999999976 0 0 1.0 0.9997920565606155
32 1.036194700000003 0 0 1.0 0.9997920565606155
33 1.124076200000001 0 0 1.0 0.9997920565606155
34 0.9892555000000023 0 0 1.0 0.9997920565606155
35 0.9863891000000002 0 0 1.0 0.9997920565606155
36 0.9225643000000012 0 0 1.0 0.9997920565606155
37 0.9179698999999957 0 0 1.0 0.9997920565606155
38 0.9152784999999994 0 0 1.0 0.9997920565606155
39 0.9555354000000023 0 0 1.0 0.9997920565606155
40 0.9190122000000045 0 1 1.0 0.9998960282803078
41 0.9703726000000046 0 0 1.0 0.9998960282803078
42 0.9134983000000005 0 0 1.0 0.9998960282803078
43 0.8924244999999971 0 0 1.0 0.9998960282803078
44 0.9593058000000028 0 0 1.0 0.9998960282803078
45 0.9439041000000046 0 0 1.0 0.9998960282803078
46 0.9195712 0 1 1.0 1.0
