25 0.4 1.0
1 0.0024828000000000072 78 0 0.08333333333333333 0.343980343980344
2 0.004714499999999983 152 78 0.24572649572649571 0.5356265356265356
3 0.008147199999999993 220 88 0.4807692307692308 0.7518427518427518
4 0.01072099999999998 197 61 0.6912393162393162 0.9017199017199017
5 0.011410799999999999 118 21 0.8173076923076923 0.9533169533169533
6 0.011849700000000019 63 8 0.8846153846153846 0.972972972972973
7 0.01252640000000002 38 4 0.9252136752136753 0.9828009828009828
8 0.012788800000000017 31 2 0.9583333333333334 0.9877149877149877
9 0.012684700000000021 14 3 0.9732905982905983 0.995085995085995
10 0.012186499999999989 13 0 0.9871794871794872 0.995085995085995
11 0.012750299999999992 6 2 0.9935897435897436 1.0
12 0.019071100000000007 3 0 0.9967948717948718 1.0
13 0.012380800000000025 1 0 0.9978632478632479 1.0
14 0.01277250000000002 1 0 0.9989316239316239 1.0
15 0.01418170000000002 1 0 1.0 1.0
