25 0.6 0.1
1 0.002314499999999997 107 0 0.11732456140350878 0.3059360730593607
2 0.004229499999999997 213 13 0.3508771929824561 0.3356164383561644
3 0.006171099999999985 261 28 0.6370614035087719 0.3995433789954338
4 0.008025600000000022 176 24 0.8300438596491229 0.454337899543379
5 0.009223399999999993 101 34 0.9407894736842105 0.5319634703196348
6 0.009284100000000017 36 28 0.9802631578947368 0.5958904109589042
7 0.014178600000000013 13 20 0.9945175438596491 0.6415525114155252
8 0.014823400000000014 2 18 0.9967105263157895 0.682648401826484
9 0.014861700000000005 2 12 0.9989035087719298 0.7100456621004566
10 0.01632729999999999 0 15 0.9989035087719298 0.7442922374429224
11 0.012300299999999986 1 10 1.0 0.7671232876712328
12 0.013590099999999994 0 16 1.0 0.8036529680365296
13 0.010824600000000018 0 12 1.0 0.8310502283105022
14 0.010933099999999973 0 5 1.0 0.8424657534246576
15 0.016812099999999996 0 6 1.0 0.8561643835616438
16 0.011196499999999998 0 4 1.0 0.865296803652968
17 0.011249700000000029 0 5 1.0 0.8767123287671232
18 0.011380900000000027 0 4 1.0 0.8858447488584474
19 0.011222200000000015 0 2 1.0 0.8904109589041096
20 0.011056799999999978 0 3 1.0 0.8972602739726028
21 0.011875100000000027 0 4 1.0 0.906392694063927
22 0.012134000000000034 0 2 1.0 0.910958904109589
23 0.011292999999999997 0 2 1.0 0.9155251141552512
24 0.011904199999999976 0 3 1.0 0.9223744292237442
25 0.011775599999999997 0 1 1.0 0.9246575342465754
26 0.011808900000000011 0 1 1.0 0.9269406392694064
27 0.012111700000000003 0 0 1.0 0.9269406392694064
28 0.012044500000000014 0 5 1.0 0.9383561643835616
29 0.012348099999999973 0 3 1.0 0.9452054794520548
30 0.01210249999999996 0 0 1.0 0.9452054794520548
31 0.012191700000000028 0 2 1.0 0.9497716894977168
32 0.01177869999999992 0 2 1.0 0.954337899543379
33 0.01201719999999995 0 0 1.0 0.954337899543379
34 0.011939299999999986 0 0 1.0 0.954337899543379
35 0.011836600000000086 0 2 1.0 0.958904109589041
36 0.012389700000000059 0 2 1.0 0.9634703196347032
37 0.01774500000000001 0 2 1.0 0.9680365296803652
38 0.011678999999999995 0 0 1.0 0.9680365296803652
39 0.011816499999999897 0 1 1.0 0.9703196347031964
40 0.012068599999999985 0 3 1.0 0.9771689497716894
41 0.01869260000000006 0 0 1.0 0.9771689497716894
42 0.012052400000000074 0 0 1.0 0.9771689497716894
43 0.012387999999999955 0 0 1.0 0.9771689497716894
44 0.011986900000000023 0 0 1.0 0.9771689497716894
45 0.011946200000000018 0 0 1.0 0.9771689497716894
46 0.011897399999999947 0 0 1.0 0.9771689497716894
47 0.011697999999999986 0 3 1.0 0.9840182648401826
48 0.011996600000000024 0 1 1.0 0.9863013698630136
49 0.012395500000000004 0 0 1.0 0.9863013698630136
50 0.012452300000000083 0 0 1.0 0.9863013698630136
51 0.0123660000000001 0 0 1.0 0.9863013698630136
52 0.012077000000000004 0 0 1.0 0.9863013698630136
53 0.01204840000000007 0 1 1.0 0.9885844748858448
54 0.012287600000000065 0 1 1.0 0.9908675799086758
55 0.012215199999999982 0 1 1.0 0.9931506849315068
56 0.01203399999999999 0 0 1.0 0.9931506849315068
57 0.012269599999999992 0 0 1.0 0.9931506849315068
58 0.012306000000000039 0 1 1.0 0.9954337899543378
59 0.012003700000000062 0 0 1.0 0.9954337899543378
60 0.013423199999999968 0 1 1.0 0.997716894977169
61 0.012088699999999952 0 0 1.0 0.997716894977169
62 0.01852379999999998 0 0 1.0 0.997716894977169
63 0.01817460000000004 0 0 1.0 0.997716894977169
64 0.01852789999999993 0 0 1.0 0.997716894977169
65 0.011785800000000068 0 0 1.0 0.997716894977169
66 0.011961499999999958 0 0 1.0 0.997716894977169
67 0.01243060000000007 0 0 1.0 0.997716894977169
68 0.01256069999999987 0 0 1.0 0.997716894977169
69 0.0122367000000001 0 0 1.0 0.997716894977169
70 0.012263799999999936 0 1 1.0 1.0
