100 0.3 0.5
1 0.017178700000000047 364 0 0.020077220077220077 0.0881201044386423
2 0.019858200000000048 734 226 0.06056260341974628 0.125
3 0.04256890000000002 1641 635 0.15107556536127964 0.22862271540469975
4 0.1257583 3159 1105 0.32531715388858246 0.4089425587467363
5 0.17360280000000006 3393 1095 0.512465526751241 0.5876305483028721
6 0.22433840000000005 2608 766 0.656315499172642 0.7126305483028721
7 0.32734070000000004 1919 481 0.7621621621621621 0.7911227154046997
8 0.3650053 1236 296 0.8303364589078874 0.839425587467363
9 0.39621110000000015 968 221 0.8837286265857695 0.8754895561357703
10 0.4288449999999999 636 164 0.9188086045228903 0.9022519582245431
11 0.5451766 401 111 0.9409266409266409 0.9203655352480418
12 0.4751829999999999 302 112 0.9575841147269719 0.9386422976501305
13 0.4972823000000002 251 80 0.9714285714285714 0.9516971279373369
14 0.5036022 162 43 0.9803640375068946 0.9587140992167101
15 0.5768905999999996 106 45 0.9862107004964148 0.9660574412532638
16 0.5169772999999998 76 30 0.9904026475455047 0.9709530026109661
17 0.5699888 53 36 0.9933259790402648 0.9768276762402088
18 0.5425889000000002 34 17 0.9952013237727524 0.9796018276762402
19 0.534065 24 22 0.9965250965250966 0.9831919060052219
20 0.5475342999999997 13 14 0.9972421400992829 0.985476501305483
21 0.5326367999999997 14 10 0.9980143408714838 0.9871083550913838
22 0.5461605000000009 9 16 0.9985107556536128 0.9897193211488251
23 0.5334819999999993 8 8 0.9989520132377275 0.9910248041775457
24 0.5455164000000003 4 9 0.9991726420297848 0.9924934725848564
25 0.5357536000000014 2 7 0.9992829564258136 0.993635770234987
26 0.5574487999999995 4 7 0.999503585217871 0.9947780678851175
27 0.6542880000000011 2 3 0.9996138996138996 0.9952676240208878
28 0.5617953999999994 1 3 0.999669056811914 0.9957571801566579
29 0.602554099999999 1 4 0.9997242140099283 0.9964099216710183
30 0.5378051999999993 1 6 0.9997793712079427 0.9973890339425587
31 0.5477039000000001 2 1 0.9998896856039713 0.9975522193211488
32 0.5937353000000005 0 3 0.9998896856039713 0.9980417754569191
33 0.5850857999999999 0 1 0.9998896856039713 0.9982049608355091
34 0.5423194999999996 0 0 0.9998896856039713 0.9982049608355091
35 0.5754913000000013 2 1 1.0 0.9983681462140992
36 0.5443020999999995 0 3 1.0 0.9988577023498695
37 0.5381205999999992 0 1 1.0 0.9990208877284595
38 0.5493310999999999 0 2 1.0 0.9993472584856397
39 0.5682408999999993 0 0 1.0 0.9993472584856397
40 0.5517058999999982 0 0 1.0 0.9993472584856397
41 0.5366876000000005 0 0 1.0 0.9993472584856397
42 0.5443616999999996 0 0 1.0 0.9993472584856397
43 0.5371312999999986 0 0 1.0 0.9993472584856397
44 0.548317400000002 0 1 1.0 0.9995104438642297
45 0.5407559999999982 0 0 1.0 0.9995104438642297
46 0.5454869000000002 0 0 1.0 0.9995104438642297
47 0.5428467999999995 0 0 1.0 0.9995104438642297
48 0.5468848000000008 0 2 1.0 0.9998368146214099
49 0.5541412999999977 0 1 1.0 1.0
