200 0.6 0.2
1 0.03617680000000001 1414 0 0.0173863859925241 0.03869769557307459
2 0.08437960000000011 4479 721 0.0724596694865237 0.06602486355366889
3 0.2965419 16612 3005 0.27671896517804445 0.1799196482716798
4 0.922118 31058 5919 0.6586046626008263 0.40426015767131596
5 1.8574906000000002 16489 4284 0.861351564036986 0.5666312916919345
6 2.9641336000000003 6774 2880 0.9446439110761361 0.6757883565797453
7 3.5418058000000006 2702 1927 0.9778674011410584 0.7488250454821104
8 4.077380199999999 1076 1437 0.9910977769034035 0.803289872650091
9 4.474321500000002 429 1020 0.9963727129647846 0.841949666464524
10 4.447129700000001 165 808 0.9984015345268542 0.8725742874469375
11 4.832613300000002 79 599 0.9993729096989966 0.8952774408732566
12 5.0869671000000025 30 464 0.9997417863466457 0.9128638568829593
13 4.9239867 13 351 0.9999016328939603 0.9261673741661614
14 5.1397069 4 295 0.9999508164469801 0.9373483929654336
15 5.390963900000003 3 251 0.999987704111745 0.9468617343844754
16 5.552021599999996 0 244 0.999987704111745 0.9561097634930261
17 5.149053199999997 1 171 1.0 0.9625909642207399
18 5.218435800000002 0 136 1.0 0.9677456033959976
19 5.1875208000000015 0 115 1.0 0.9721043056397817
20 5.11767540000001 0 109 1.0 0.9762355973317162
21 5.095271299999993 0 80 1.0 0.9792677380230442
22 5.386847700000004 0 67 1.0 0.9818071558520315
23 5.107888499999987 0 65 1.0 0.9842707701637355
24 5.405095599999996 0 44 1.0 0.9859384475439661
25 5.325858199999999 0 49 1.0 0.9877956337174045
26 5.262687700000001 0 38 1.0 0.9892359005457854
27 5.465265400000007 0 41 1.0 0.990789872650091
28 5.208299000000011 0 37 1.0 0.9921922377198302
29 5.155563599999994 0 28 1.0 0.993253486961795
30 5.150438600000001 0 23 1.0 0.9941252274105519
31 5.3156161 0 22 1.0 0.9949590661006671
32 5.255826500000012 0 17 1.0 0.9956033959975743
33 5.246991799999989 0 17 1.0 0.9962477258944815
34 5.075874999999996 0 16 1.0 0.9968541540327471
35 5.347251900000003 0 12 1.0 0.9973089751364463
36 5.44230970000001 0 11 1.0 0.997725894481504
37 5.456828200000018 0 8 1.0 0.9980291085506368
38 5.433244999999999 0 8 1.0 0.9983323226197696
39 5.3338415000000055 0 4 1.0 0.998483929654336
40 5.254907199999991 0 9 1.0 0.9988250454821104
41 5.312922599999979 0 2 1.0 0.9989008489993936
42 5.404287900000014 0 1 1.0 0.9989387507580352
43 5.696303599999993 0 3 1.0 0.99905245603396
44 5.386780899999991 0 3 1.0 0.9991661613098848
45 5.198705099999984 0 2 1.0 0.999241964827168
46 5.343319600000001 0 1 1.0 0.9992798665858096
47 5.279132599999997 0 1 1.0 0.9993177683444512
48 5.318704300000007 0 2 1.0 0.9993935718617344
49 5.444068000000016 0 1 1.0 0.999431473620376
50 5.500432999999987 0 0 1.0 0.999431473620376
51 5.589173099999982 0 0 1.0 0.999431473620376
52 5.417509300000006 0 3 1.0 0.9995451788963008
53 5.31304639999999 0 4 1.0 0.9996967859308672
54 5.740753500000011 0 0 1.0 0.9996967859308672
55 5.895564799999988 0 0 1.0 0.9996967859308672
56 5.304449799999986 0 2 1.0 0.9997725894481504
57 5.310784699999999 0 0 1.0 0.9997725894481504
58 5.108570900000018 0 3 1.0 0.9998862947240752
59 4.9674252000000365 0 0 1.0 0.9998862947240752
60 5.090889699999991 0 0 1.0 0.9998862947240752
61 5.201586999999961 0 0 1.0 0.9998862947240752
62 5.078384299999982 0 1 1.0 0.9999241964827168
63 5.424800000000005 0 0 1.0 0.9999241964827168
64 5.25365579999999 0 1 1.0 0.9999620982413584
65 5.291654499999993 0 0 1.0 0.9999620982413584
66 4.990587399999981 0 0 1.0 0.9999620982413584
67 5.041347599999995 0 0 1.0 0.9999620982413584
68 5.137149600000043 0 0 1.0 0.9999620982413584
69 5.294558300000006 0 0 1.0 0.9999620982413584
70 5.11659370000001 0 0 1.0 0.9999620982413584
71 5.2865787999999725 0 0 1.0 0.9999620982413584
72 5.090732000000003 0 0 1.0 0.9999620982413584
73 5.0742179999999735 0 0 1.0 0.9999620982413584
74 5.0964693999999895 0 0 1.0 0.9999620982413584
75 4.978235999999981 0 0 1.0 0.9999620982413584
76 4.948315799999989 0 0 1.0 0.9999620982413584
77 5.005253799999991 0 0 1.0 0.9999620982413584
78 5.0132224999999835 0 0 1.0 0.9999620982413584
79 4.9492513000000145 0 0 1.0 0.9999620982413584
80 5.214402200000052 0 0 1.0 0.9999620982413584
81 5.044878199999971 0 0 1.0 0.9999620982413584
82 5.2249863999999775 0 0 1.0 0.9999620982413584
83 5.126189699999998 0 1 1.0 1.0
