100 0.6 0.7
1 0.015605000000000036 600 0 0.03220784797895754 0.08236873007884583
2 0.0430643 1846 753 0.13130066026088358 0.20868981714477436
3 0.15180750000000004 6237 2427 0.4661012400021472 0.6158362690823688
4 0.31543319999999997 5804 1509 0.7776584894519298 0.8689817144774367
5 0.46818100000000007 2505 445 0.9121262547640775 0.9436336185203825
6 0.5520921000000001 1023 174 0.9670406355682001 0.9728233517866129
7 0.5603908999999998 378 69 0.9873315797949433 0.984398590840463
8 0.5790593999999998 155 43 0.9956519405228408 0.9916121456131521
9 0.6126046999999999 51 21 0.9983896076010521 0.9951350444556283
10 0.5967088999999999 19 13 0.9994095227870524 0.9973158865962087
11 0.6091619000000001 5 11 0.9996779215202104 0.9991612145613152
12 0.5980324000000001 4 2 0.9998926405067368 0.9994967287367891
13 0.6335351999999999 1 1 0.9999463202533684 0.999664485824526
14 0.6609747000000006 1 1 1.0 0.999832242912263
15 0.6055130000000002 0 0 1.0 0.999832242912263
16 0.7351320999999995 0 0 1.0 0.999832242912263
17 0.7586130000000004 0 1 1.0 1.0
