75 0.3 0.5
1 0.008063100000000017 290 0 0.02375102375102375 0.10134578412524031
2 0.014565300000000003 567 183 0.0701883701883702 0.15160670145564406
3 0.031028800000000023 1249 440 0.17248157248157248 0.27245262290579514
4 0.06269060000000004 2302 775 0.36101556101556104 0.48530623455094757
5 0.1147164 2269 633 0.5468468468468468 0.6591595715462785
6 0.14471349999999994 1624 390 0.6798525798525799 0.7662730019225488
7 0.17671009999999998 1187 255 0.777067977067977 0.8363087063993409
8 0.20450899999999994 829 165 0.844963144963145 0.8816259269431475
9 0.22482230000000003 527 107 0.8881244881244881 0.9110134578412524
10 0.2917289999999999 432 73 0.9235053235053235 0.9310628948091184
11 0.2551576 274 52 0.9459459459459459 0.9453446855259544
12 0.2984709999999997 211 42 0.9632268632268632 0.9568799780280143
13 0.26482740000000016 128 31 0.9737100737100737 0.9653941224938204
14 0.3024640999999999 102 24 0.9820638820638821 0.9719857182092831
15 0.28700630000000027 65 18 0.9873873873873874 0.9769294149958803
16 0.2918384999999999 46 14 0.9911547911547911 0.9807745124965669
17 0.28350500000000034 34 12 0.9939393939393939 0.9840703103542983
18 0.3126523999999997 22 9 0.9957411957411958 0.9865421587475968
19 0.30335170000000033 17 5 0.9971334971334971 0.9879154078549849
20 0.3049873999999999 6 10 0.9976248976248976 0.990661906069761
21 0.29654749999999996 11 4 0.9985257985257985 0.9917605053556715
22 0.3091064000000001 4 8 0.9988533988533989 0.9939577039274925
23 0.29739890000000013 4 4 0.9991809991809992 0.9950563032134029
24 0.29694850000000006 3 1 0.9994266994266994 0.9953309530348805
25 0.28674540000000004 0 1 0.9994266994266994 0.9956056028563581
26 0.29970560000000024 1 1 0.9995085995085995 0.9958802526778358
27 0.2961323 4 3 0.9998361998361999 0.9967042021422686
28 0.2908892000000005 1 0 0.9999180999180999 0.9967042021422686
29 0.2922576999999995 0 5 0.9999180999180999 0.9980774512496566
30 0.2912505000000003 0 1 0.9999180999180999 0.9983521010711343
31 0.3663503000000006 1 1 1.0 0.9986267508926119
32 0.29785970000000095 0 1 1.0 0.9989014007140895
33 0.30855679999999985 0 0 1.0 0.9989014007140895
34 0.3580585000000003 0 0 1.0 0.9989014007140895
35 0.30803150000000024 0 0 1.0 0.9989014007140895
36 0.2934062999999991 0 0 1.0 0.9989014007140895
37 0.30676479999999984 0 1 1.0 0.9991760505355671
38 0.3674058000000002 0 0 1.0 0.9991760505355671
39 0.2994669999999999 0 0 1.0 0.9991760505355671
40 0.4171938999999991 0 0 1.0 0.9991760505355671
41 0.3093519000000011 0 1 1.0 0.9994507003570448
42 0.2917795000000005 0 0 1.0 0.9994507003570448
43 0.27941900000000075 0 1 1.0 0.9997253501785224
44 0.30331120000000134 0 1 1.0 1.0
