50 0.4 0.5
1 0.005170599999999997 204 0 0.04381443298969072 0.13159567705022251
2 0.008963899999999997 362 96 0.12156357388316151 0.1926255562619199
3 0.0172292 727 264 0.2777061855670103 0.3604577240940877
4 0.030505199999999982 1069 325 0.5073024054982818 0.5670692943420216
5 0.043413400000000046 880 276 0.6963058419243986 0.7425301970756516
6 0.05240100000000003 530 146 0.8101374570446735 0.8353464717101081
7 0.06017499999999998 351 64 0.8855240549828178 0.8760330578512396
8 0.06558710000000001 210 51 0.930627147766323 0.9084551811824539
9 0.06702049999999993 143 42 0.961340206185567 0.9351557533375715
10 0.06805439999999996 63 21 0.9748711340206185 0.9485060394151303
11 0.076044 46 24 0.9847508591065293 0.9637635092180546
12 0.07111480000000003 28 11 0.9907646048109966 0.9707565162110616
13 0.07174530000000001 15 7 0.9939862542955327 0.9752066115702479
14 0.07406240000000008 9 6 0.9959192439862543 0.9790209790209791
15 0.07269840000000005 5 6 0.9969931271477663 0.9828353464717101
16 0.07219679999999995 9 3 0.998926116838488 0.9847425301970757
17 0.0721906000000001 3 6 0.9995704467353952 0.9885568976478067
18 0.0734785 0 2 0.9995704467353952 0.9898283534647171
19 0.07373319999999994 2 2 1.0 0.9910998092816274
20 0.08623160000000007 0 3 1.0 0.993006993006993
21 0.07503389999999999 0 2 1.0 0.9942784488239034
22 0.07415470000000002 0 2 1.0 0.9955499046408137
23 0.07407129999999995 0 0 1.0 0.9955499046408137
24 0.0744129 0 2 1.0 0.9968213604577241
25 0.07365189999999999 0 0 1.0 0.9968213604577241
26 0.07262309999999994 0 1 1.0 0.9974570883661793
27 0.07450629999999991 0 2 1.0 0.9987285441830897
28 0.07616610000000001 0 1 1.0 0.9993642720915448
29 0.07494999999999985 0 0 1.0 0.9993642720915448
30 0.07489940000000006 0 1 1.0 1.0
