25 0.2 0.1
1 0.002143299999999987 73 0 0.0632582322357019 0.3704663212435233
2 0.002879700000000013 89 4 0.14038128249566725 0.38082901554404147
3 0.0033159000000000105 113 8 0.23830155979202772 0.4015544041450777
4 0.0040684 126 6 0.34748700173310226 0.4170984455958549
5 0.004513900000000015 123 11 0.4540727902946274 0.44559585492227977
6 0.005164799999999997 107 9 0.5467937608318891 0.4689119170984456
7 0.005229400000000023 93 11 0.6273830155979203 0.49740932642487046
8 0.005910800000000022 84 3 0.7001733102253033 0.5051813471502591
9 0.0061417 75 17 0.7651646447140381 0.5492227979274611
10 0.006560299999999991 51 9 0.8093587521663779 0.572538860103627
11 0.006977700000000003 50 16 0.8526863084922011 0.6139896373056994
12 0.007334300000000016 34 10 0.8821490467937608 0.6398963730569949
13 0.00752739999999999 30 10 0.9081455805892548 0.6658031088082902
14 0.007367299999999993 22 5 0.9272097053726169 0.6787564766839378
15 0.00814490000000001 15 8 0.9402079722703639 0.6994818652849741
16 0.007731200000000021 13 10 0.951473136915078 0.7253886010362695
17 0.007875799999999988 9 2 0.9592720970537262 0.7305699481865285
18 0.008657099999999973 6 3 0.9644714038128249 0.7383419689119171
19 0.007949099999999987 11 5 0.9740034662045061 0.7512953367875648
20 0.008986400000000005 9 10 0.9818024263431543 0.7772020725388601
21 0.008425800000000039 5 2 0.9861351819757366 0.7823834196891192
22 0.008613900000000008 1 3 0.987001733102253 0.7901554404145078
23 0.008609599999999995 3 3 0.9896013864818024 0.7979274611398963
24 0.008842599999999978 4 3 0.9930675909878682 0.805699481865285
25 0.008662100000000006 0 6 0.9930675909878682 0.8212435233160622
26 0.00867190000000001 1 5 0.9939341421143848 0.8341968911917098
27 0.008741800000000022 1 5 0.9948006932409013 0.8471502590673575
28 0.009393800000000008 3 3 0.9974003466204506 0.8549222797927462
29 0.00915170000000004 1 4 0.9982668977469671 0.8652849740932642
30 0.009236399999999978 0 1 0.9982668977469671 0.8678756476683938
31 0.009357600000000021 0 1 0.9982668977469671 0.8704663212435233
32 0.009749099999999955 0 4 0.9982668977469671 0.8808290155440415
33 0.00951550000000001 1 2 0.9991334488734835 0.8860103626943006
34 0.009743000000000002 1 2 1.0 0.8911917098445595
35 0.009472999999999954 0 2 1.0 0.8963730569948186
36 0.009447499999999998 0 1 1.0 0.8989637305699482
37 0.00966870000000003 0 3 1.0 0.9067357512953368
38 0.009614500000000026 0 0 1.0 0.9067357512953368
39 0.009835900000000009 0 1 1.0 0.9093264248704663
40 0.009762400000000004 0 2 1.0 0.9145077720207254
41 0.009195699999999973 0 0 1.0 0.9145077720207254
42 0.00977260000000002 0 1 1.0 0.917098445595855
43 0.009625499999999954 0 2 1.0 0.9222797927461139
44 0.009938900000000028 0 1 1.0 0.9248704663212435
45 0.009706400000000004 0 1 1.0 0.927461139896373
46 0.009599600000000041 0 0 1.0 0.927461139896373
47 0.00947319999999996 0 1 1.0 0.9300518134715026
48 0.009298299999999982 0 0 1.0 0.9300518134715026
49 0.009350399999999981 0 0 1.0 0.9300518134715026
50 0.009416199999999986 0 0 1.0 0.9300518134715026
51 0.009433999999999942 0 2 1.0 0.9352331606217616
52 0.009463100000000058 0 1 1.0 0.9378238341968912
53 0.009917699999999918 0 1 1.0 0.9404145077720207
54 0.009533800000000037 0 2 1.0 0.9455958549222798
55 0.00952249999999999 0 0 1.0 0.9455958549222798
56 0.009630899999999998 0 0 1.0 0.9455958549222798
57 0.009610000000000007 0 1 1.0 0.9481865284974094
58 0.009651599999999982 0 0 1.0 0.9481865284974094
59 0.012161399999999989 0 0 1.0 0.9481865284974094
60 0.01004179999999999 0 0 1.0 0.9481865284974094
61 0.014803699999999975 0 1 1.0 0.9507772020725389
62 0.009905399999999953 0 1 1.0 0.9533678756476683
63 0.009721800000000003 0 0 1.0 0.9533678756476683
64 0.010066699999999984 0 0 1.0 0.9533678756476683
65 0.01039190000000001 0 1 1.0 0.9559585492227979
66 0.010155800000000048 0 0 1.0 0.9559585492227979
67 0.01002829999999999 0 0 1.0 0.9559585492227979
68 0.009630600000000045 0 0 1.0 0.9559585492227979
69 0.009742299999999982 0 0 1.0 0.9559585492227979
70 0.009703000000000017 0 0 1.0 0.9559585492227979
71 0.009548099999999948 0 1 1.0 0.9585492227979274
72 0.009677000000000047 0 0 1.0 0.9585492227979274
73 0.01013430000000004 0 1 1.0 0.961139896373057
74 0.010063299999999997 0 1 1.0 0.9637305699481865
75 0.010336600000000029 0 0 1.0 0.9637305699481865
76 0.010411799999999971 0 0 1.0 0.9637305699481865
77 0.00981860000000001 0 0 1.0 0.9637305699481865
78 0.009885399999999933 0 1 1.0 0.966321243523316
79 0.01020449999999995 0 2 1.0 0.9715025906735751
80 0.010188100000000033 0 0 1.0 0.9715025906735751
81 0.010580399999999934 0 0 1.0 0.9715025906735751
82 0.010598600000000014 0 2 1.0 0.9766839378238342
83 0.010192299999999932 0 1 1.0 0.9792746113989638
84 0.01047600000000004 0 1 1.0 0.9818652849740933
85 0.010291599999999956 0 0 1.0 0.9818652849740933
86 0.010506400000000027 0 1 1.0 0.9844559585492227
87 0.010849699999999962 0 0 1.0 0.9844559585492227
88 0.010340800000000039 0 0 1.0 0.9844559585492227
89 0.010324100000000058 0 0 1.0 0.9844559585492227
90 0.010006200000000076 0 1 1.0 0.9870466321243523
91 0.009925199999999967 0 0 1.0 0.9870466321243523
92 0.01005900000000004 0 0 1.0 0.9870466321243523
93 0.01011760000000006 0 0 1.0 0.9870466321243523
94 0.010497600000000107 0 1 1.0 0.9896373056994818
95 0.00989059999999986 0 0 1.0 0.9896373056994818
96 0.009962600000000155 0 0 1.0 0.9896373056994818
97 0.01021800000000006 0 0 1.0 0.9896373056994818
98 0.009997699999999998 0 0 1.0 0.9896373056994818
99 0.009978900000000124 0 0 1.0 0.9896373056994818
100 0.009924900000000125 0 0 1.0 0.9896373056994818
101 0.01015710000000003 0 0 1.0 0.9896373056994818
102 0.010078599999999938 0 0 1.0 0.9896373056994818
103 0.010190499999999991 0 0 1.0 0.9896373056994818
104 0.010151299999999974 0 0 1.0 0.9896373056994818
105 0.010250899999999952 0 0 1.0 0.9896373056994818
106 0.009912599999999827 0 0 1.0 0.9896373056994818
107 0.010017600000000071 0 0 1.0 0.9896373056994818
108 0.010054599999999914 0 0 1.0 0.9896373056994818
109 0.01024449999999999 0 0 1.0 0.9896373056994818
110 0.010029299999999797 0 0 1.0 0.9896373056994818
111 0.010097000000000023 0 0 1.0 0.9896373056994818
112 0.010122999999999882 0 0 1.0 0.9896373056994818
113 0.009878799999999854 0 0 1.0 0.9896373056994818
114 0.010101099999999974 0 0 1.0 0.9896373056994818
115 0.010131700000000077 0 0 1.0 0.9896373056994818
116 0.010238999999999887 0 1 1.0 0.9922279792746114
117 0.010016500000000095 0 0 1.0 0.9922279792746114
118 0.009902399999999867 0 0 1.0 0.9922279792746114
119 0.010073300000000174 0 0 1.0 0.9922279792746114
120 0.010310999999999959 0 0 1.0 0.9922279792746114
121 0.009850000000000136 0 0 1.0 0.9922279792746114
122 0.009944100000000011 0 0 1.0 0.9922279792746114
123 0.010347399999999896 0 0 1.0 0.9922279792746114
124 0.0101985 0 0 1.0 0.9922279792746114
125 0.010142799999999896 0 0 1.0 0.9922279792746114
126 0.01009060000000006 0 0 1.0 0.9922279792746114
127 0.010247999999999813 0 0 1.0 0.9922279792746114
128 0.009998599999999858 0 0 1.0 0.9922279792746114
129 0.010190499999999991 0 0 1.0 0.9922279792746114
130 0.015021500000000021 0 0 1.0 0.9922279792746114
131 0.011322199999999949 0 0 1.0 0.9922279792746114
132 0.012516299999999925 0 0 1.0 0.9922279792746114
133 0.012233500000000008 0 0 1.0 0.9922279792746114
134 0.012262700000000182 0 0 1.0 0.9922279792746114
135 0.012216200000000121 0 0 1.0 0.9922279792746114
136 0.012458099999999916 0 0 1.0 0.9922279792746114
137 0.012129700000000021 0 0 1.0 0.9922279792746114
138 0.01181460000000012 0 0 1.0 0.9922279792746114
139 0.01616569999999995 0 0 1.0 0.9922279792746114
140 0.011503599999999947 0 0 1.0 0.9922279792746114
141 0.010962399999999928 0 0 1.0 0.9922279792746114
142 0.011715799999999943 0 1 1.0 0.9948186528497409
143 0.012040800000000074 0 0 1.0 0.9948186528497409
144 0.010897399999999946 0 0 1.0 0.9948186528497409
145 0.011160599999999965 0 0 1.0 0.9948186528497409
146 0.011293699999999962 0 0 1.0 0.9948186528497409
147 0.011048600000000075 0 0 1.0 0.9948186528497409
148 0.011655399999999982 0 0 1.0 0.9948186528497409
149 0.011878300000000008 0 0 1.0 0.9948186528497409
150 0.011543499999999929 0 0 1.0 0.9948186528497409
151 0.011684200000000144 0 0 1.0 0.9948186528497409
152 0.015549299999999988 0 0 1.0 0.9948186528497409
153 0.017391500000000004 0 0 1.0 0.9948186528497409
154 0.011305300000000074 0 0 1.0 0.9948186528497409
155 0.011171300000000217 0 0 1.0 0.9948186528497409
156 0.011462800000000106 0 0 1.0 0.9948186528497409
157 0.01120320000000019 0 0 1.0 0.9948186528497409
158 0.011011899999999963 0 0 1.0 0.9948186528497409
159 0.011781400000000053 0 0 1.0 0.9948186528497409
160 0.011839000000000155 0 1 1.0 0.9974093264248705
161 0.011017999999999972 0 0 1.0 0.9974093264248705
162 0.012262500000000065 0 0 1.0 0.9974093264248705
163 0.012608399999999964 0 0 1.0 0.9974093264248705
164 0.012444200000000016 0 0 1.0 0.9974093264248705
165 0.012452999999999825 0 0 1.0 0.9974093264248705
166 0.016223399999999888 0 0 1.0 0.9974093264248705
167 0.012072899999999942 0 0 1.0 0.9974093264248705
168 0.011934400000000123 0 0 1.0 0.9974093264248705
169 0.011792499999999873 0 0 1.0 0.9974093264248705
170 0.011906799999999995 0 0 1.0 0.9974093264248705
171 0.011600999999999972 0 0 1.0 0.9974093264248705
172 0.011615200000000048 0 0 1.0 0.9974093264248705
173 0.011331900000000061 0 0 1.0 0.9974093264248705
174 0.011806100000000042 0 0 1.0 0.9974093264248705
175 0.011528699999999947 0 0 1.0 0.9974093264248705
176 0.01600540000000006 0 0 1.0 0.9974093264248705
177 0.016177000000000108 0 0 1.0 0.9974093264248705
178 0.011438599999999965 0 0 1.0 0.9974093264248705
179 0.011270900000000195 0 0 1.0 0.9974093264248705
180 0.011784500000000087 0 0 1.0 0.9974093264248705
181 0.011310100000000212 0 0 1.0 0.9974093264248705
182 0.011380100000000226 0 0 1.0 0.9974093264248705
183 0.011678100000000136 0 0 1.0 0.9974093264248705
184 0.011503299999999772 0 0 1.0 0.9974093264248705
185 0.011782199999999854 0 0 1.0 0.9974093264248705
186 0.011586299999999827 0 0 1.0 0.9974093264248705
187 0.011434899999999804 0 0 1.0 0.9974093264248705
188 0.01113310000000034 0 0 1.0 0.9974093264248705
189 0.012061600000000006 0 0 1.0 0.9974093264248705
190 0.011221299999999879 0 0 1.0 0.9974093264248705
191 0.010394099999999629 0 0 1.0 0.9974093264248705
192 0.010723999999999734 0 0 1.0 0.9974093264248705
193 0.010469000000000062 0 0 1.0 0.9974093264248705
194 0.01250859999999987 0 0 1.0 0.9974093264248705
195 0.011900400000000033 0 0 1.0 0.9974093264248705
196 0.013222099999999681 0 0 1.0 0.9974093264248705
197 0.012545199999999923 0 0 1.0 0.9974093264248705
198 0.012572200000000144 0 0 1.0 0.9974093264248705
199 0.01219559999999964 0 0 1.0 0.9974093264248705
200 0.011457400000000284 0 0 1.0 0.9974093264248705
201 0.011285299999999943 0 0 1.0 0.9974093264248705
202 0.011629300000000065 0 0 1.0 0.9974093264248705
203 0.011221399999999715 0 0 1.0 0.9974093264248705
204 0.011339899999999847 0 0 1.0 0.9974093264248705
205 0.01202930000000002 0 0 1.0 0.9974093264248705
206 0.012119499999999839 0 0 1.0 0.9974093264248705
207 0.01179079999999999 0 0 1.0 0.9974093264248705
208 0.011656099999999725 0 0 1.0 0.9974093264248705
209 0.01138090000000025 0 0 1.0 0.9974093264248705
210 0.01199949999999994 0 0 1.0 0.9974093264248705
211 0.011309199999999908 0 0 1.0 0.9974093264248705
212 0.012416099999999819 0 0 1.0 0.9974093264248705
213 0.011532900000000179 0 0 1.0 0.9974093264248705
214 0.011141099999999682 0 0 1.0 0.9974093264248705
215 0.011246500000000381 0 0 1.0 0.9974093264248705
216 0.0110872999999998 0 0 1.0 0.9974093264248705
217 0.011447599999999891 0 0 1.0 0.9974093264248705
218 0.011160499999999907 0 0 1.0 0.9974093264248705
219 0.012097699999999989 0 0 1.0 0.9974093264248705
220 0.011912399999999934 0 0 1.0 0.9974093264248705
221 0.012776600000000027 0 0 1.0 0.9974093264248705
222 0.016068800000000216 0 0 1.0 0.9974093264248705
223 0.01311030000000013 0 0 1.0 0.9974093264248705
224 0.012251399999999801 0 0 1.0 0.9974093264248705
225 0.011681400000000064 0 0 1.0 0.9974093264248705
226 0.011695599999999917 0 0 1.0 0.9974093264248705
227 0.01153700000000013 0 0 1.0 0.9974093264248705
228 0.01135470000000005 0 0 1.0 0.9974093264248705
229 0.011812299999999887 0 0 1.0 0.9974093264248705
230 0.011409400000000236 0 0 1.0 0.9974093264248705
231 0.010972699999999946 0 0 1.0 0.9974093264248705
232 0.01214650000000006 0 0 1.0 0.9974093264248705
233 0.011490300000000175 0 0 1.0 0.9974093264248705
234 0.01416139999999988 0 0 1.0 0.9974093264248705
235 0.016608399999999968 0 0 1.0 0.9974093264248705
236 0.011309000000000236 0 0 1.0 0.9974093264248705
237 0.011979900000000043 0 0 1.0 0.9974093264248705
238 0.011316799999999905 0 0 1.0 0.9974093264248705
239 0.011844099999999802 0 0 1.0 0.9974093264248705
240 0.010910599999999882 0 0 1.0 0.9974093264248705
241 0.010962299999999647 0 0 1.0 0.9974093264248705
242 0.01115200000000005 0 0 1.0 0.9974093264248705
243 0.010861800000000255 0 0 1.0 0.9974093264248705
244 0.016834400000000027 0 0 1.0 0.9974093264248705
245 0.01155790000000012 0 0 1.0 0.9974093264248705
246 0.011401900000000076 0 0 1.0 0.9974093264248705
247 0.011772300000000069 0 0 1.0 0.9974093264248705
248 0.011395800000000289 0 0 1.0 0.9974093264248705
249 0.010657300000000092 0 0 1.0 0.9974093264248705
250 0.011866700000000119 0 0 1.0 0.9974093264248705
251 0.012741999999999809 0 0 1.0 0.9974093264248705
252 0.013003300000000273 0 0 1.0 0.9974093264248705
253 0.012585599999999975 0 0 1.0 0.9974093264248705
254 0.01197910000000002 0 0 1.0 0.9974093264248705
255 0.01308739999999986 0 0 1.0 0.9974093264248705
256 0.01689020000000019 0 0 1.0 0.9974093264248705
257 0.011494400000000127 0 0 1.0 0.9974093264248705
258 0.011370900000000184 0 0 1.0 0.9974093264248705
259 0.012017399999999956 0 0 1.0 0.9974093264248705
260 0.012172099999999908 0 0 1.0 0.9974093264248705
261 0.0114232000000003 0 0 1.0 0.9974093264248705
262 0.011528000000000205 0 0 1.0 0.9974093264248705
263 0.012144599999999617 0 0 1.0 0.9974093264248705
264 0.011255000000000237 0 0 1.0 0.9974093264248705
265 0.011538300000000223 0 0 1.0 0.9974093264248705
266 0.012002799999999869 0 0 1.0 0.9974093264248705
267 0.01192100000000007 0 0 1.0 0.9974093264248705
268 0.010773200000000038 0 0 1.0 0.9974093264248705
269 0.011535299999999804 0 0 1.0 0.9974093264248705
270 0.011620800000000209 0 0 1.0 0.9974093264248705
271 0.011191699999999916 0 0 1.0 0.9974093264248705
272 0.011509900000000073 0 0 1.0 0.9974093264248705
273 0.01177779999999995 0 0 1.0 0.9974093264248705
274 0.011804000000000148 0 0 1.0 0.9974093264248705
275 0.011299699999999913 0 0 1.0 0.9974093264248705
276 0.011168599999999973 0 0 1.0 0.9974093264248705
277 0.011209500000000094 0 0 1.0 0.9974093264248705
278 0.01634650000000004 0 0 1.0 0.9974093264248705
279 0.015439699999999945 0 0 1.0 0.9974093264248705
280 0.01064480000000012 0 0 1.0 0.9974093264248705
281 0.010868800000000345 0 0 1.0 0.9974093264248705
282 0.01106790000000002 0 0 1.0 0.9974093264248705
283 0.011235999999999802 0 0 1.0 0.9974093264248705
284 0.011150100000000052 0 0 1.0 0.9974093264248705
285 0.010800999999999839 0 0 1.0 0.9974093264248705
286 0.010792299999999866 0 0 1.0 0.9974093264248705
287 0.016277399999999886 0 0 1.0 0.9974093264248705
288 0.0107425000000001 0 0 1.0 0.9974093264248705
289 0.015309000000000239 0 0 1.0 0.9974093264248705
290 0.010990099999999892 0 0 1.0 0.9974093264248705
291 0.01053930000000003 0 0 1.0 0.9974093264248705
292 0.010400799999999766 0 0 1.0 0.9974093264248705
293 0.010091000000000072 0 0 1.0 0.9974093264248705
294 0.009964800000000107 0 0 1.0 0.9974093264248705
295 0.010745200000000121 0 0 1.0 0.9974093264248705
296 0.010736499999999705 0 0 1.0 0.9974093264248705
297 0.01641989999999982 0 0 1.0 0.9974093264248705
298 0.011069899999999855 0 0 1.0 0.9974093264248705
299 0.012567000000000217 0 0 1.0 0.9974093264248705
300 0.01326930000000015 0 0 1.0 0.9974093264248705
301 0.012685799999999858 0 0 1.0 0.9974093264248705
302 0.012629599999999908 0 0 1.0 0.9974093264248705
303 0.013255100000000297 0 0 1.0 0.9974093264248705
304 0.01165069999999968 0 0 1.0 0.9974093264248705
305 0.011366800000000232 0 0 1.0 0.9974093264248705
306 0.01200100000000015 0 0 1.0 0.9974093264248705
307 0.01203960000000004 0 0 1.0 0.9974093264248705
308 0.01187069999999979 0 0 1.0 0.9974093264248705
309 0.011624499999999927 0 0 1.0 0.9974093264248705
310 0.011579800000000251 0 0 1.0 0.9974093264248705
311 0.011526899999999785 0 0 1.0 0.9974093264248705
312 0.011448699999999867 0 0 1.0 0.9974093264248705
313 0.011570999999999998 0 0 1.0 0.9974093264248705
314 0.011173000000000322 0 0 1.0 0.9974093264248705
315 0.01335419999999976 0 0 1.0 0.9974093264248705
316 0.010912100000000091 0 0 1.0 0.9974093264248705
317 0.011524799999999669 0 0 1.0 0.9974093264248705
318 0.011492599999999964 0 0 1.0 0.9974093264248705
319 0.01137100000000002 0 0 1.0 0.9974093264248705
320 0.011254600000000003 0 0 1.0 0.9974093264248705
321 0.01121699999999981 0 0 1.0 0.9974093264248705
322 0.011034899999999848 0 0 1.0 0.9974093264248705
323 0.011092400000000335 0 0 1.0 0.9974093264248705
324 0.010972199999999876 0 0 1.0 0.9974093264248705
325 0.012151900000000104 0 0 1.0 0.9974093264248705
326 0.011755200000000077 0 0 1.0 0.9974093264248705
327 0.012002199999999963 0 0 1.0 0.9974093264248705
328 0.013299099999999786 0 0 1.0 0.9974093264248705
329 0.013332399999999911 0 0 1.0 0.9974093264248705
330 0.01278390000000007 0 0 1.0 0.9974093264248705
331 0.01295619999999964 0 0 1.0 0.9974093264248705
332 0.012980400000000003 0 0 1.0 0.9974093264248705
333 0.012151299999999754 0 0 1.0 0.9974093264248705
334 0.012659100000000034 0 0 1.0 0.9974093264248705
335 0.011426199999999831 0 0 1.0 0.9974093264248705
336 0.011256099999999769 0 0 1.0 0.9974093264248705
337 0.01136500000000007 0 0 1.0 0.9974093264248705
338 0.011528900000000064 0 0 1.0 0.9974093264248705
339 0.011200600000000005 0 0 1.0 0.9974093264248705
340 0.011243299999999845 0 0 1.0 0.9974093264248705
341 0.010470600000000108 0 0 1.0 0.9974093264248705
342 0.010859700000000139 0 0 1.0 0.9974093264248705
343 0.010985300000000198 0 0 1.0 0.9974093264248705
344 0.010762300000000558 0 0 1.0 0.9974093264248705
345 0.014939499999999661 0 0 1.0 0.9974093264248705
346 0.015254599999999563 0 0 1.0 0.9974093264248705
347 0.015545599999999382 0 0 1.0 0.9974093264248705
348 0.015652600000000128 0 0 1.0 0.9974093264248705
349 0.014442899999999703 0 0 1.0 0.9974093264248705
350 0.015377799999999553 0 0 1.0 0.9974093264248705
351 0.015536899999999854 0 0 1.0 0.9974093264248705
352 0.015056300000000356 0 0 1.0 0.9974093264248705
353 0.014977799999999597 0 0 1.0 0.9974093264248705
354 0.015846799999999384 0 0 1.0 0.9974093264248705
355 0.014933199999999758 0 0 1.0 0.9974093264248705
356 0.01516310000000054 0 0 1.0 0.9974093264248705
357 0.015095699999999823 0 0 1.0 0.9974093264248705
358 0.01480329999999963 0 0 1.0 0.9974093264248705
359 0.014920199999999717 0 0 1.0 0.9974093264248705
360 0.014583099999999405 0 0 1.0 0.9974093264248705
361 0.014569999999999972 0 0 1.0 0.9974093264248705
362 0.01492649999999962 0 0 1.0 0.9974093264248705
363 0.015294599999999825 0 0 1.0 0.9974093264248705
364 0.010882099999999895 0 0 1.0 0.9974093264248705
365 0.011001599999999279 0 0 1.0 0.9974093264248705
366 0.010988799999999799 0 0 1.0 0.9974093264248705
367 0.01071190000000044 0 0 1.0 0.9974093264248705
368 0.010374499999999287 0 0 1.0 0.9974093264248705
369 0.010021599999999964 0 0 1.0 0.9974093264248705
370 0.009926499999999727 0 0 1.0 0.9974093264248705
371 0.010192899999999838 0 0 1.0 0.9974093264248705
372 0.010331900000000616 0 0 1.0 0.9974093264248705
373 0.010507500000000114 0 0 1.0 0.9974093264248705
374 0.010452899999999765 0 0 1.0 0.9974093264248705
375 0.009964800000000551 0 0 1.0 0.9974093264248705
376 0.009900599999999926 0 0 1.0 0.9974093264248705
377 0.009997199999999928 0 0 1.0 0.9974093264248705
378 0.010372199999999943 0 0 1.0 0.9974093264248705
379 0.009910600000000436 0 0 1.0 0.9974093264248705
380 0.01027749999999994 0 0 1.0 0.9974093264248705
381 0.010038899999999629 0 0 1.0 0.9974093264248705
382 0.010003199999999879 0 0 1.0 0.9974093264248705
383 0.01041480000000039 0 0 1.0 0.9974093264248705
384 0.009927399999999587 0 0 1.0 0.9974093264248705
385 0.010327499999999823 0 0 1.0 0.9974093264248705
386 0.010102200000000394 0 0 1.0 0.9974093264248705
387 0.010008700000000204 0 0 1.0 0.9974093264248705
388 0.010380399999999845 0 0 1.0 0.9974093264248705
389 0.01004420000000028 0 0 1.0 0.9974093264248705
390 0.010124300000000197 0 0 1.0 0.9974093264248705
391 0.009939799999999721 0 0 1.0 0.9974093264248705
392 0.010034100000000379 0 0 1.0 0.9974093264248705
393 0.01000440000000058 0 0 1.0 0.9974093264248705
394 0.010302700000000442 0 0 1.0 0.9974093264248705
395 0.010049699999999717 0 0 1.0 0.9974093264248705
396 0.010214399999999735 0 0 1.0 0.9974093264248705
397 0.010817300000000252 0 0 1.0 0.9974093264248705
398 0.010404399999999647 0 0 1.0 0.9974093264248705
399 0.01165480000000052 0 0 1.0 0.9974093264248705
400 0.010025699999999915 0 0 1.0 0.9974093264248705
401 0.010119699999999732 0 0 1.0 0.9974093264248705
402 0.01015919999999948 0 0 1.0 0.9974093264248705
403 0.010220799999999919 0 0 1.0 0.9974093264248705
404 0.01078440000000036 0 0 1.0 0.9974093264248705
405 0.010150199999999998 0 0 1.0 0.9974093264248705
406 0.009787100000000493 0 0 1.0 0.9974093264248705
407 0.010122100000000245 0 0 1.0 0.9974093264248705
408 0.010480000000000267 0 0 1.0 0.9974093264248705
409 0.009888899999999978 0 0 1.0 0.9974093264248705
410 0.010157300000000369 0 0 1.0 0.9974093264248705
411 0.010159100000000088 0 0 1.0 0.9974093264248705
412 0.010842800000000707 0 0 1.0 0.9974093264248705
413 0.009991799999999884 0 0 1.0 0.9974093264248705
414 0.00996649999999999 0 0 1.0 0.9974093264248705
415 0.010041399999999534 0 0 1.0 0.9974093264248705
416 0.010104300000000066 0 0 1.0 0.9974093264248705
417 0.010083999999999982 0 0 1.0 0.9974093264248705
418 0.010013899999999687 0 0 1.0 0.9974093264248705
419 0.010282699999999423 0 0 1.0 0.9974093264248705
420 0.010394100000000073 0 0 1.0 0.9974093264248705
421 0.01019609999999993 0 0 1.0 0.9974093264248705
422 0.010378500000000734 0 0 1.0 0.9974093264248705
423 0.01010869999999997 0 0 1.0 0.9974093264248705
424 0.010002599999999973 0 0 1.0 0.9974093264248705
425 0.010282100000000405 0 0 1.0 0.9974093264248705
426 0.010264799999999852 0 0 1.0 0.9974093264248705
427 0.010090700000000119 0 0 1.0 0.9974093264248705
428 0.009948100000000792 0 0 1.0 0.9974093264248705
429 0.01012470000000043 0 0 1.0 0.9974093264248705
430 0.009835700000000003 0 0 1.0 0.9974093264248705
431 0.010014899999999827 0 0 1.0 0.9974093264248705
432 0.010643700000000145 0 0 1.0 0.9974093264248705
433 0.010572400000000037 0 0 1.0 0.9974093264248705
434 0.010110899999999923 0 0 1.0 0.9974093264248705
435 0.01068400000000036 0 0 1.0 0.9974093264248705
436 0.010062099999999852 0 0 1.0 0.9974093264248705
437 0.010597100000000026 0 0 1.0 0.9974093264248705
438 0.010304099999999927 0 0 1.0 0.9974093264248705
439 0.010023799999999916 0 0 1.0 0.9974093264248705
440 0.015312500000000284 0 0 1.0 0.9974093264248705
441 0.010121300000000666 0 0 1.0 0.9974093264248705
442 0.010045300000000701 0 0 1.0 0.9974093264248705
443 0.009911999999999921 0 0 1.0 0.9974093264248705
444 0.010020599999999824 0 0 1.0 0.9974093264248705
445 0.00985240000000065 0 0 1.0 0.9974093264248705
446 0.01019110000000012 0 0 1.0 0.9974093264248705
447 0.009863000000000177 0 0 1.0 0.9974093264248705
448 0.01018320000000017 0 0 1.0 0.9974093264248705
449 0.009992999999999697 0 0 1.0 0.9974093264248705
450 0.010011699999999735 0 0 1.0 0.9974093264248705
451 0.009953199999999995 0 0 1.0 0.9974093264248705
452 0.009984900000000074 0 0 1.0 0.9974093264248705
453 0.010246299999999486 0 0 1.0 0.9974093264248705
454 0.010014599999999874 0 0 1.0 0.9974093264248705
455 0.010038599999999676 0 0 1.0 0.9974093264248705
456 0.010037699999999816 0 0 1.0 0.9974093264248705
457 0.010214900000000249 0 1 1.0 1.0
