200 0.3 0.7
1 0.03772160000000013 649 0 0.00785856995822486 0.039364667252109506
2 0.06376629999999994 1444 616 0.02534358539686384 0.06288419686151732
3 0.1687307 4356 2245 0.0780892413876612 0.14860066435034935
4 0.4721451000000001 14082 6808 0.24860446812375128 0.40853728379977855
5 1.0095448 17970 6799 0.4661984621904704 0.6681302737581613
6 2.3160209000000003 13254 3456 0.6266876551431858 0.8000839983200336
7 3.0646212000000004 9247 1899 0.7386571411273234 0.8725898209308541
8 3.7241595000000007 6418 1068 0.8163710116849306 0.9133671872017105
9 4.3123276 4645 641 0.8726160925107465 0.9378412431751365
10 4.308199500000001 3130 420 0.9105164376097354 0.9538772860906418
11 4.5075483 2272 312 0.9380274868317491 0.9657897751135887
12 5.0424927 1525 239 0.9564933099231095 0.9749150471536023
13 5.211758800000002 1091 153 0.9697039413937155 0.9807567485013936
14 5.384392200000001 744 135 0.9787128413150088 0.9859111908670918
15 5.014142800000002 501 83 0.9847793182781377 0.9890802183956321
16 5.0404056 377 66 0.989344311921051 0.9916001679966401
17 5.542667799999997 280 47 0.9927347581279894 0.9933946775609942
18 5.323817900000002 187 40 0.994999091844766 0.9949219197434234
19 5.0198621000000045 137 19 0.9966579887388751 0.9956473597800771
20 5.378612799999999 89 28 0.9977356662832233 0.9967164293077775
21 5.333534999999998 54 18 0.9983895380517043 0.9974036882898706
22 5.420382500000002 46 16 0.9989465399285584 0.9980145851628422
23 5.194193800000008 29 10 0.9992976932857056 0.9983963957084495
24 5.116688800000006 21 5 0.999551976751226 0.9985873009812531
25 5.564439300000004 13 7 0.9997093903251196 0.9988545683631782
26 6.126845000000003 6 6 0.9997820427438396 0.9990836546905425
27 5.616845099999992 3 4 0.9998183689531998 0.9992363789087855
28 6.2038253999999995 6 6 0.9998910213719199 0.9994654652361499
29 5.956236400000009 2 3 0.9999152388448266 0.999580008399832
30 5.509313199999994 1 3 0.9999273475812799 0.9996945515635142
31 5.644122899999999 1 1 0.9999394563177333 0.9997327326180749
32 5.63185900000002 1 1 0.9999515650541866 0.9997709136726356
33 5.983672499999983 1 3 0.99996367379064 0.9998854568363178
34 6.106348299999979 0 1 0.99996367379064 0.9999236378908786
35 5.965591899999993 0 1 0.99996367379064 0.9999618189454392
36 5.734666000000004 0 0 0.99996367379064 0.9999618189454392
37 5.7470122 0 0 0.99996367379064 0.9999618189454392
38 5.633762300000001 2 0 0.9999878912635467 0.9999618189454392
39 5.594633000000016 0 0 0.9999878912635467 0.9999618189454392
40 5.7081904000000065 1 1 1.0 1.0
