100 0.5 0.9
1 0.01719949999999998 609 0 0.029292929292929294 0.08071612805340617
2 0.04571900000000001 1716 888 0.11183261183261184 0.21544530420270067
3 0.1895292 5504 2523 0.37657527657527656 0.5982400242755272
4 0.34566030000000003 5964 1769 0.6634439634439634 0.866636322257624
5 0.588936 3457 553 0.8297258297258298 0.9505386132605067
6 0.7098352000000001 1803 172 0.9164502164502164 0.9766348050371719
7 0.7473937999999998 848 79 0.9572390572390572 0.9886208466090123
8 0.8357638000000001 457 29 0.9792207792207792 0.9930207859201942
9 0.8127114 202 17 0.9889369889369889 0.9956000606888181
10 0.7900859999999996 116 13 0.9945165945165945 0.9975724472765893
11 0.8464517000000003 55 7 0.9971620971620971 0.9986345015930814
12 0.8722697999999998 25 6 0.9983645983645983 0.9995448338643604
13 0.7768751000000007 19 1 0.9992784992784993 0.9996965559095736
14 0.8363450999999991 6 1 0.9995670995670995 0.9998482779547868
15 0.9937196999999998 3 0 0.9997113997113997 0.9998482779547868
16 0.760863800000001 4 0 0.9999037999037999 0.9998482779547868
17 0.8307771000000006 1 1 0.9999518999518999 1.0
18 0.8455361000000003 1 0 1.0 1.0
