200 0.4 0.1
1 0.04301739999999998 1083 0 0.012656304779712515 0.042156292418072526
2 0.08046979999999992 2820 230 0.04561177982937945 0.0510762070971495
3 0.13909470000000002 7373 690 0.13177515484398739 0.07783595113438045
4 0.3327943 16340 1717 0.3227299287133341 0.1444250533255769
5 0.7432652000000002 20055 2354 0.5570994507420826 0.23571844095404304
6 1.1647995999999998 14501 2271 0.7265630477971251 0.32379290285049445
7 1.6184435999999995 9306 1997 0.835316115461026 0.4012410316075238
8 2.0770193 5620 1667 0.9009933387869581 0.4658910219119643
9 2.719894900000001 3417 1485 0.9409255580226715 0.5234826449486135
10 3.0909168000000005 1968 1144 0.9639242725254178 0.5678495249175878
11 3.124644899999998 1277 1059 0.9788477270071286 0.608919914679077
12 3.2712834000000015 743 903 0.987530676639009 0.6439402753538879
13 3.5621931999999994 414 750 0.9923688208484281 0.6730269536552259
14 4.001571400000003 272 709 0.995547504966694 0.7005235602094241
15 3.671678700000001 153 592 0.9973355147832185 0.7234826449486136
16 4.1938770000000005 95 598 0.9984457169568774 0.7466744231142137
17 4.469480999999995 54 528 0.9990767792450626 0.7671514446383556
18 4.118184100000001 33 445 0.9994624284211756 0.7844095404304828
19 4.444647499999995 28 406 0.9997896459039383 0.8001551289509404
20 4.334159099999994 7 352 0.999871450274629 0.8138064766337018
21 4.423951900000006 5 319 0.9999298819679794 0.8261780104712042
22 4.454502699999999 4 293 0.9999766273226598 0.8375412061275935
23 4.455182199999996 1 252 0.9999883136613299 0.8473143300368431
24 5.1691711 0 232 0.9999883136613299 0.8563118091913904
25 5.040661700000001 1 237 1.0 0.8655031995346132
26 4.508707799999996 0 218 1.0 0.8739577273608687
27 4.7939970000000045 0 187 1.0 0.8812100058173357
28 4.847886599999995 0 196 1.0 0.8888113244134187
29 4.981731600000003 0 165 1.0 0.895210393639713
30 6.419611199999991 0 167 1.0 0.9016870273414777
31 6.502175000000008 0 151 1.0 0.9075431452394803
32 5.010638999999998 0 109 1.0 0.9117704091526081
33 5.154565099999999 0 127 1.0 0.916695753344968
34 4.900434799999999 0 116 1.0 0.9211944929222416
35 5.085834899999995 0 97 1.0 0.924956369982548
36 5.101314400000007 0 99 1.0 0.9287958115183246
37 4.967198300000007 0 98 1.0 0.9325964708163661
38 5.018963899999989 0 92 1.0 0.9361644366879969
39 4.901921299999998 0 84 1.0 0.9394221446577468
40 4.949622199999993 0 78 1.0 0.9424471592010859
41 5.122441400000014 0 72 1.0 0.9452394803180143
42 5.377979600000003 0 55 1.0 0.9473725033934458
43 6.298311699999999 0 65 1.0 0.9498933488462284
44 5.168955699999998 0 68 1.0 0.9525305410122165
45 5.365697600000004 0 58 1.0 0.9547799108008532
46 5.159460100000018 0 58 1.0 0.95702928058949
47 5.2621924000000035 0 50 1.0 0.9589683924762459
48 5.245658899999995 0 51 1.0 0.9609462866007369
49 5.721866299999988 0 56 1.0 0.9631180919139034
50 5.404996600000004 0 33 1.0 0.9643979057591623
51 5.163154100000014 0 46 1.0 0.9661818886949777
52 5.065743900000001 0 40 1.0 0.9677331782043824
53 5.3959582999999895 0 41 1.0 0.9693232499515222
54 6.1847205999999915 0 34 1.0 0.9706418460345162
55 5.8317136000000005 0 35 1.0 0.9719992243552453
56 5.459230700000006 0 32 1.0 0.9732402559627691
57 5.472071299999982 0 18 1.0 0.9739383362420012
58 5.398990800000007 0 29 1.0 0.9750630211363196
59 5.238829299999992 0 23 1.0 0.9759550126042272
60 5.214915700000006 0 24 1.0 0.9768857863098701
61 5.465209100000038 0 26 1.0 0.9778941244909831
62 5.262307200000009 0 22 1.0 0.9787473337211557
63 5.200144800000032 0 25 1.0 0.9797168896645336
64 5.031437299999993 0 31 1.0 0.9809191390343223
65 5.424274799999978 0 23 1.0 0.98181113050223
66 5.449013999999977 0 21 1.0 0.9826255574946674
67 5.31475439999997 0 17 1.0 0.9832848555361644
68 5.9188318999999865 0 18 1.0 0.9839829358153965
69 5.492097099999967 0 18 1.0 0.9846810160946287
70 5.450984099999971 0 10 1.0 0.9850688384719798
71 5.293861199999981 0 20 1.0 0.9858444832266822
72 5.4719658999999865 0 12 1.0 0.9863098700795035
73 5.63691510000001 0 10 1.0 0.9866976924568548
74 5.443555799999956 0 17 1.0 0.9873569904983518
75 5.5027087999999935 0 10 1.0 0.9877448128757029
76 5.809058899999968 0 12 1.0 0.9882101997285243
77 5.826737299999991 0 10 1.0 0.9885980221058756
78 5.9347080000000005 0 11 1.0 0.9890246267209618
79 5.471359799999959 0 10 1.0 0.9894124490983129
80 5.3759637 0 11 1.0 0.9898390537133993
81 5.349695499999996 0 8 1.0 0.9901493116152802
82 5.286182199999985 0 13 1.0 0.9906534807058367
83 5.484625499999993 0 4 1.0 0.9908086096567772
84 5.537977500000011 0 6 1.0 0.9910413030831879
85 5.321115799999973 0 7 1.0 0.9913127787473337
86 5.41368319999998 0 4 1.0 0.9914679076982742
87 5.264782699999955 0 6 1.0 0.9917006011246849
88 5.446384699999953 0 9 1.0 0.992049641264301
89 5.429860299999973 0 10 1.0 0.9924374636416521
90 5.25837759999996 0 4 1.0 0.9925925925925926
91 5.363031199999966 0 8 1.0 0.9929028504944736
92 5.569627600000047 0 7 1.0 0.9931743261586193
93 5.18306199999995 0 10 1.0 0.9935621485359706
94 5.12912 0 7 1.0 0.9938336242001163
95 5.277386000000035 0 8 1.0 0.9941438821019973
96 5.293403300000023 0 8 1.0 0.9944541400038782
97 5.182182800000021 0 7 1.0 0.9947256156680241
98 5.530140299999971 0 2 1.0 0.9948031801434942
99 5.301734599999975 0 7 1.0 0.9950746558076401
100 5.376528099999973 0 9 1.0 0.9954236959472561
101 5.382860199999982 0 1 1.0 0.9954624781849912
102 5.552918699999964 0 1 1.0 0.9955012604227264
103 5.75545790000001 0 6 1.0 0.9957339538491371
104 5.1517206999999985 0 5 1.0 0.9959278650378127
105 5.622828600000048 0 2 1.0 0.996005429513283
106 5.606871500000011 0 4 1.0 0.9961605584642234
107 5.679167099999972 0 5 1.0 0.996354469652899
108 5.210164999999961 0 6 1.0 0.9965871630793097
109 5.448520400000007 0 2 1.0 0.9966647275547799
110 5.229161400000066 0 2 1.0 0.9967422920302501
111 5.323223600000006 0 2 1.0 0.9968198565057204
112 5.540635000000066 0 3 1.0 0.9969362032189257
113 5.312655500000005 0 3 1.0 0.9970525499321311
114 5.400483699999995 0 6 1.0 0.9972852433585417
115 5.426757500000008 0 2 1.0 0.997362807834012
116 5.4249476999999615 0 6 1.0 0.9975955012604227
117 5.118966399999977 0 0 1.0 0.9975955012604227
118 5.159097000000088 0 0 1.0 0.9975955012604227
119 5.380507399999942 0 3 1.0 0.9977118479736281
120 5.208814299999972 0 0 1.0 0.9977118479736281
121 5.307738399999948 0 1 1.0 0.9977506302113632
122 5.4822308999999905 0 0 1.0 0.9977506302113632
123 5.3879658999999265 0 3 1.0 0.9978669769245685
124 5.580742900000018 0 1 1.0 0.9979057591623036
125 5.477948500000025 0 2 1.0 0.9979833236377739
126 5.6714723999999705 0 1 1.0 0.998022105875509
127 5.406196099999988 0 1 1.0 0.9980608881132441
128 5.219014600000037 0 3 1.0 0.9981772348264495
129 5.485093500000062 0 1 1.0 0.9982160170641846
130 5.553324399999951 0 2 1.0 0.9982935815396549
131 5.449178200000006 0 1 1.0 0.99833236377739
132 5.6366149000000405 0 2 1.0 0.9984099282528602
133 5.40816719999998 0 2 1.0 0.9984874927283304
134 5.079501300000061 0 4 1.0 0.9986426216792709
135 5.316391500000009 0 2 1.0 0.9987201861547411
136 5.126580399999966 0 3 1.0 0.9988365328679465
137 5.386210399999982 0 1 1.0 0.9988753151056816
138 5.469619200000011 0 1 1.0 0.9989140973434167
139 5.445769799999994 0 4 1.0 0.9990692262943572
140 5.554508300000066 0 0 1.0 0.9990692262943572
141 5.376296600000046 0 0 1.0 0.9990692262943572
142 5.411386900000025 0 2 1.0 0.9991467907698274
143 5.332132700000102 0 1 1.0 0.9991855730075625
144 5.371515000000045 0 0 1.0 0.9991855730075625
145 5.2826612999999725 0 1 1.0 0.9992243552452976
146 5.321095799999966 0 1 1.0 0.9992631374830327
147 5.355588699999998 0 1 1.0 0.9993019197207679
148 5.228285600000049 0 0 1.0 0.9993019197207679
149 5.739080800000011 0 2 1.0 0.9993794841962381
150 5.308600699999943 0 1 1.0 0.9994182664339732
151 5.2734799999999495 0 0 1.0 0.9994182664339732
152 5.46422050000001 0 1 1.0 0.9994570486717084
153 5.21670830000005 0 0 1.0 0.9994570486717084
154 5.2183006000000205 0 0 1.0 0.9994570486717084
155 5.2144499999999425 0 0 1.0 0.9994570486717084
156 5.4562865999999985 0 0 1.0 0.9994570486717084
157 5.180988999999954 0 0 1.0 0.9994570486717084
158 5.265325200000007 0 0 1.0 0.9994570486717084
159 5.471052299999997 0 1 1.0 0.9994958309094435
160 5.438533799999959 0 0 1.0 0.9994958309094435
161 5.450987400000031 0 0 1.0 0.9994958309094435
162 5.343442600000003 0 1 1.0 0.9995346131471786
163 5.365932199999975 0 0 1.0 0.9995346131471786
164 5.25790690000008 0 1 1.0 0.9995733953849137
165 5.289914100000033 0 1 1.0 0.9996121776226489
166 5.429821700000048 0 0 1.0 0.9996121776226489
167 5.227910100000031 0 0 1.0 0.9996121776226489
168 5.318720999999982 0 1 1.0 0.999650959860384
169 5.424954099999923 0 0 1.0 0.999650959860384
170 5.617899699999953 0 1 1.0 0.9996897420981191
171 5.75830330000008 0 1 1.0 0.9997285243358541
172 5.73636149999993 0 0 1.0 0.9997285243358541
173 5.747458100000017 0 0 1.0 0.9997285243358541
174 5.36974280000004 0 0 1.0 0.9997285243358541
175 5.3956783000001 0 0 1.0 0.9997285243358541
176 5.560108799999966 0 0 1.0 0.9997285243358541
177 5.228375300000039 0 1 1.0 0.9997673065735893
178 5.227556500000105 0 0 1.0 0.9997673065735893
179 5.280164000000013 0 0 1.0 0.9997673065735893
180 5.458000500000026 0 0 1.0 0.9997673065735893
181 5.38351769999997 0 0 1.0 0.9997673065735893
182 5.265224499999931 0 0 1.0 0.9997673065735893
183 5.451963400000068 0 0 1.0 0.9997673065735893
184 5.343538899999999 0 0 1.0 0.9997673065735893
185 5.3644587 0 1 1.0 0.9998060888113244
186 5.300317100000029 0 1 1.0 0.9998448710490595
187 5.324588499999891 0 0 1.0 0.9998448710490595
188 5.290792399999987 0 1 1.0 0.9998836532867946
189 5.447070599999961 0 1 1.0 0.9999224355245298
190 5.433275999999978 0 0 1.0 0.9999224355245298
191 5.22440210000002 0 1 1.0 0.9999612177622649
192 5.292909799999961 0 0 1.0 0.9999612177622649
193 5.371225299999992 0 0 1.0 0.9999612177622649
194 5.703061999999932 0 0 1.0 0.9999612177622649
195 5.483814999999936 0 0 1.0 0.9999612177622649
196 5.45659610000007 0 0 1.0 0.9999612177622649
197 5.359687600000029 0 0 1.0 0.9999612177622649
198 5.395391599999925 0 0 1.0 0.9999612177622649
199 5.468100100000015 0 0 1.0 0.9999612177622649
200 5.544293700000026 0 0 1.0 0.9999612177622649
201 5.606117599999948 0 0 1.0 0.9999612177622649
202 5.485214699999915 0 0 1.0 0.9999612177622649
203 5.404244800000015 0 0 1.0 0.9999612177622649
204 5.643969399999833 0 0 1.0 0.9999612177622649
205 5.452270699999872 0 0 1.0 0.9999612177622649
206 5.613499100000126 0 0 1.0 0.9999612177622649
207 5.271116799999845 0 1 1.0 1.0
