150 0.5 0.3
1 0.021216700000000033 811 0 0.020934434692823956 0.059753010661962105
2 0.048673499999999925 2226 493 0.07839442436757874 0.09756845900130398
3 0.1233860000000001 6915 1772 0.2568921011874032 0.23348929968551047
4 0.31254649999999995 12700 3072 0.5847186370676304 0.4691263327452635
5 0.5805575 8013 2231 0.7915591120289107 0.6402546598143745
6 1.0357135000000002 3993 1375 0.8946308724832215 0.7457237094423563
7 1.0798080999999997 2046 795 0.9474445018069179 0.8067039963181714
8 1.3938990000000002 1027 596 0.9739545689210118 0.8524200352841912
9 1.5084754999999994 486 407 0.9864997418688694 0.8836388739740738
10 1.5450626000000005 270 300 0.9934692823954568 0.9066503029838153
11 1.604030700000001 112 212 0.9963603510583376 0.922911712817366
12 1.4092897999999998 57 183 0.9978316985028395 0.9369486845133083
13 1.5496030000000012 46 154 0.9990191017036655 0.9487612180716423
14 1.5965152000000007 19 108 0.9995095508518327 0.9570453325151492
15 1.7319651000000018 8 94 0.9997160557563242 0.9642555802715349
16 1.353131900000001 8 80 0.9999225606608156 0.9703919613407993
17 1.3809579999999997 2 62 0.9999741868869385 0.9751476566694792
18 1.3582602999999978 1 60 1.0 0.9797499424714274
19 1.3689274000000005 0 48 1.0 0.9834317711129861
20 1.395658300000001 0 33 1.0 0.9859630283040577
21 1.3788730999999999 0 25 1.0 0.9878806473882028
22 1.369329099999998 0 29 1.0 0.9901050855258111
23 1.379226199999998 0 18 1.0 0.9914857712663956
24 1.4114012000000002 0 19 1.0 0.9929431617703459
25 1.3731368999999987 0 15 1.0 0.994093733220833
26 1.3877287999999979 0 11 1.0 0.9949374856178569
27 1.3827488999999993 0 11 1.0 0.9957812380148807
28 1.4482748999999941 0 10 1.0 0.9965482856485388
29 1.386277100000001 0 6 1.0 0.9970085142287336
30 1.423283699999999 0 4 1.0 0.9973153332821968
31 1.418112200000003 0 6 1.0 0.9977755618623917
32 1.3956170000000014 0 4 1.0 0.9980823809158549
33 1.388463299999998 0 1 1.0 0.9981590856792206
34 1.3866743999999969 0 4 1.0 0.9984659047326839
35 1.4176231000000001 0 4 1.0 0.9987727237861471
36 1.3924200000000013 0 1 1.0 0.998849428549513
37 1.3896739999999994 0 3 1.0 0.9990795428396103
38 1.3966062000000008 0 0 1.0 0.9990795428396103
39 1.4449348999999998 0 1 1.0 0.9991562476029762
40 1.3978528000000026 0 2 1.0 0.9993096571297078
41 1.387814800000001 0 1 1.0 0.9993863618930735
42 1.3938555000000008 0 2 1.0 0.9995397714198052
43 1.4199039000000013 0 3 1.0 0.9997698857099026
44 1.609245399999999 0 1 1.0 0.9998465904732684
45 1.5685947000000056 0 0 1.0 0.9998465904732684
46 1.387936499999995 0 0 1.0 0.9998465904732684
47 1.6473203999999981 0 0 1.0 0.9998465904732684
48 1.4197629999999961 0 0 1.0 0.9998465904732684
49 1.3868493999999956 0 0 1.0 0.9998465904732684
50 1.3860872999999998 0 0 1.0 0.9998465904732684
51 1.4174991000000006 0 0 1.0 0.9998465904732684
52 1.4283894999999944 0 0 1.0 0.9998465904732684
53 1.4205364000000031 0 0 1.0 0.9998465904732684
54 1.4127107999999993 0 0 1.0 0.9998465904732684
55 1.4155937000000023 0 1 1.0 0.9999232952366341
56 1.4558265000000006 0 1 1.0 1.0
