175 0.7 0.8
1 0.05191089999999998 1427 0 0.025388748532185177 0.04869251577998197
2 0.15225959999999994 5272 2267 0.11918656371205921 0.16893863045669125
3 0.5935462 24821 9752 0.560794221257517 0.6862037871956718
4 1.4617860000000003 17158 4436 0.866064121268192 0.9214979048427306
5 2.5638333999999996 5258 945 0.9596128527203501 0.9716225534397709
6 2.556640699999999 1557 302 0.9873145215813258 0.9876412242083488
7 2.6117421000000007 516 131 0.9964950361171405 0.9945897204688909
8 2.6865748000000007 136 61 0.9989147066149522 0.9978252797963189
9 2.719913 39 24 0.9996085827135893 0.9990982867448152
10 2.6776209999999985 18 10 0.9999288332206526 0.9996287063066885
11 2.708501799999997 2 4 0.9999644166103263 0.999840874131438
12 2.7259265 0 1 0.9999644166103263 0.9998939160876253
13 2.7496857000000006 1 1 0.9999822083051632 0.9999469580438126
14 2.7470984000000023 1 1 1.0 1.0
