150 0.8 0.6
1 0.027749500000000038 1354 0 0.03222428483031082 0.054050365112946155
2 0.10158529999999999 5421 1885 0.16124042077205009 0.18269296389817785
3 0.4773337000000001 22670 7716 0.700771098100814 0.709274551286426
4 1.1452435 10118 2929 0.9415726593364748 0.9091653586296321
5 1.609889 1921 780 0.9872911609310295 0.9623967788166246
6 1.7661224999999998 442 324 0.9978104621828741 0.9845082918173753
7 1.8540583999999996 74 112 0.9995716121662145 0.9921517777929434
8 1.7949156000000004 14 63 0.9999048027036033 0.9964512386542005
9 2.512107799999999 4 24 1.0 0.998089128506108
10 2.2905634 0 14 1.0 0.999044564253054
11 2.3509399 0 8 1.0 0.9995905275370232
12 2.1810256000000017 0 3 1.0 0.9997952637685116
13 2.1140337000000002 0 0 1.0 0.9997952637685116
14 2.2071559 0 0 1.0 0.9997952637685116
15 2.1782833000000004 0 1 1.0 0.9998635091790077
16 2.3557823000000013 0 1 1.0 0.9999317545895039
17 2.094878399999999 0 1 1.0 1.0
