200 0.7 0.7
1 0.037904200000000055 1498 0 0.020167207420670713 0.036967468627607705
2 0.10949180000000003 4941 1928 0.08668668129619408 0.1140196626968268
3 0.5963245 25571 9839 0.4309427967527834 0.5072336344017265
4 1.8237322000000002 29265 8516 0.8249303302413872 0.84757413476141
5 3.5436419 8886 2041 0.9445603737260868 0.9291423547278395
6 4.2340415 2893 934 0.983508124772816 0.9664695068339861
7 4.455850499999999 853 428 0.9949918550330511 0.9835744544800575
8 4.606587500000002 263 202 0.9985325596736628 0.9916473503317081
9 4.767938100000002 68 108 0.9994480270332127 0.9959635520741748
10 4.633169500000001 32 52 0.9998788352024125 0.9980417232835105
11 4.7110378 7 28 0.999973074489425 0.9991607385500759
12 4.987819999999999 1 10 0.9999865372447125 0.9995603868595636
13 4.775253899999996 1 5 1.0 0.9997602110143075
14 4.6894031 0 4 1.0 0.9999200703381025
15 4.733566500000002 0 0 1.0 0.9999200703381025
16 4.831561800000003 0 0 1.0 0.9999200703381025
17 4.7872281 0 2 1.0 1.0
