125 0.5 0.1
1 0.01655059999999997 761 0 0.025152035959809624 0.06497622820919176
2 0.03358929999999999 2084 139 0.0940309360126917 0.07966191230850501
3 0.08402009999999993 5051 507 0.2609730301427816 0.13322768092974116
4 0.1636493 8466 1003 0.5407852987837123 0.23919704173269943
5 0.2630933 6567 986 0.7578331570597567 0.3433703116745906
6 0.3454917999999999 3570 832 0.8758262823902697 0.4312731114632858
7 0.43865929999999986 1858 663 0.9372355896351137 0.5013206550449023
8 0.5166763000000001 976 610 0.9694936541512428 0.5657686212361331
9 0.5716114000000001 427 488 0.9836065573770492 0.6173269941891179
10 0.6111434 241 400 0.9915719196192491 0.6595879556259905
11 0.6501731 128 386 0.9958024854574299 0.7003697834125726
12 0.7129389999999995 63 305 0.9978847170809095 0.7325937665081881
13 0.7130476999999997 27 258 0.9987771020624009 0.759852086634971
14 0.7381096000000005 16 244 0.9993059227921735 0.7856312731114633
15 0.7619524999999996 14 200 0.9997686409307245 0.8067617538298997
16 0.8135783999999999 5 170 0.9999338974087785 0.8247226624405706
17 0.8036374999999998 1 162 0.9999669487043892 0.841838351822504
18 0.8420489999999994 0 133 0.9999669487043892 0.8558901215002641
19 0.8179806999999997 1 119 1.0 0.8684627575277337
20 0.8273202000000008 0 105 1.0 0.8795562599049128
21 0.8337893000000012 0 98 1.0 0.8899101954569466
22 0.9168000000000003 0 80 1.0 0.8983623877443212
23 0.8401803000000001 0 76 1.0 0.906391970417327
24 0.8506686000000006 0 74 1.0 0.9142102482831485
25 0.9003318999999994 0 65 1.0 0.9210776545166403
26 0.8668197000000006 0 54 1.0 0.9267828843106181
27 0.865958899999999 0 47 1.0 0.9317485472794506
28 0.8977834999999992 0 49 1.0 0.9369255150554675
29 0.9134960999999997 0 54 1.0 0.9426307448494453
30 0.8823599999999985 0 28 1.0 0.9455890121500264
31 0.8857037000000005 0 30 1.0 0.9487585842577919
32 0.8869439000000021 0 51 1.0 0.9541468568409931
33 0.924877900000002 0 28 1.0 0.9571051241415742
34 0.8996366000000009 0 32 1.0 0.960486001056524
35 0.9016142000000009 0 25 1.0 0.9631273111463285
36 0.9344130999999969 0 19 1.0 0.96513470681458
37 0.8999933999999996 0 20 1.0 0.9672477548864237
38 0.9233717999999982 0 24 1.0 0.969783412572636
39 0.9066043999999991 0 23 1.0 0.9722134178552562
40 0.9044595999999991 0 17 1.0 0.9740095087163233
41 0.9214057999999987 0 23 1.0 0.9764395139989435
42 1.0036161000000021 0 10 1.0 0.9774960380348653
43 1.0023552999999978 0 10 1.0 0.9785525620707871
44 1.1963455000000032 0 12 1.0 0.9798203909138933
45 0.9065161999999987 0 12 1.0 0.9810882197569994
46 0.9082591999999963 0 12 1.0 0.9823560486001056
47 0.9864780999999994 0 15 1.0 0.9839408346539884
48 1.0805362999999986 0 3 1.0 0.9842577918647649
49 1.2044694999999948 0 11 1.0 0.9854199683042789
50 1.1077332999999996 0 12 1.0 0.9866877971473851
51 0.9687145000000044 0 8 1.0 0.9875330163761226
52 0.9507513999999944 0 8 1.0 0.98837823560486
53 1.0325782999999973 0 8 1.0 0.9892234548335974
54 0.9231542999999931 0 5 1.0 0.9897517168515584
55 0.9715695000000011 0 4 1.0 0.9901743264659271
56 0.9142670000000024 0 7 1.0 0.9909138932910724
57 0.9197444000000061 0 7 1.0 0.9916534601162177
58 0.9153534000000008 0 4 1.0 0.9920760697305864
59 0.9264378000000022 0 1 1.0 0.9921817221341785
60 0.9506610000000038 0 6 1.0 0.9928156365557317
61 0.9255627000000004 0 5 1.0 0.9933438985736925
62 0.9233840999999998 0 5 1.0 0.9938721605916535
63 0.9696341000000004 0 2 1.0 0.9940834653988379
64 0.9255559999999932 0 4 1.0 0.9945060750132065
65 0.9238348000000016 0 5 1.0 0.9950343370311675
66 0.9698810000000009 0 3 1.0 0.995351294241944
67 0.9313585999999958 0 3 1.0 0.9956682514527205
68 0.9207955000000041 0 2 1.0 0.9958795562599049
69 0.9208780000000019 0 4 1.0 0.9963021658742737
70 0.9207050999999993 0 2 1.0 0.996513470681458
71 1.2694085000000044 0 3 1.0 0.9968304278922345
72 0.9242439000000005 0 0 1.0 0.9968304278922345
73 0.9361923999999959 0 2 1.0 0.9970417326994189
74 0.9253146000000001 0 2 1.0 0.9972530375066033
75 0.922018400000006 0 0 1.0 0.9972530375066033
76 0.9222507999999934 0 3 1.0 0.9975699947173798
77 0.9530598000000055 0 1 1.0 0.997675647120972
78 0.9311452000000031 0 0 1.0 0.997675647120972
79 0.9279877999999968 0 3 1.0 0.9979926043317485
80 0.926788700000003 0 1 1.0 0.9980982567353407
81 1.1672168000000056 0 2 1.0 0.9983095615425251
82 0.9549610999999913 0 1 1.0 0.9984152139461173
83 0.932042899999999 0 0 1.0 0.9984152139461173
84 0.9313776000000047 0 1 1.0 0.9985208663497095
85 0.9394372000000004 0 0 1.0 0.9985208663497095
86 0.9272392999999965 0 1 1.0 0.9986265187533017
87 0.9283178000000021 0 0 1.0 0.9986265187533017
88 0.9521017 0 1 1.0 0.9987321711568938
89 0.9999698000000024 0 1 1.0 0.998837823560486
90 0.9230268000000024 0 2 1.0 0.9990491283676703
91 0.927568100000002 0 0 1.0 0.9990491283676703
92 0.919175199999998 0 1 1.0 0.9991547807712625
93 0.9224085000000031 0 0 1.0 0.9991547807712625
94 0.9435530000000085 0 1 1.0 0.9992604331748547
95 0.9225595999999996 0 0 1.0 0.9992604331748547
96 0.962363499999995 0 0 1.0 0.9992604331748547
97 0.9270196000000084 0 0 1.0 0.9992604331748547
98 0.9287297999999993 0 0 1.0 0.9992604331748547
99 0.9604984999999999 0 0 1.0 0.9992604331748547
100 0.9272490000000033 0 0 1.0 0.9992604331748547
101 0.9271025999999978 0 0 1.0 0.9992604331748547
102 0.9305777999999947 0 0 1.0 0.9992604331748547
103 0.9282409999999999 0 0 1.0 0.9992604331748547
104 0.9740030999999902 0 0 1.0 0.9992604331748547
105 0.9524939000000074 0 2 1.0 0.9994717379820391
106 0.9299845000000033 0 0 1.0 0.9994717379820391
107 0.9409130999999888 0 1 1.0 0.9995773903856313
108 0.9154139999999984 0 0 1.0 0.9995773903856313
109 0.9264637999999934 0 1 1.0 0.9996830427892235
110 0.9237817000000064 0 1 1.0 0.9997886951928157
111 0.9525061999999878 0 0 1.0 0.9997886951928157
112 0.927898500000012 0 0 1.0 0.9997886951928157
113 0.963306799999998 0 0 1.0 0.9997886951928157
114 0.9332699999999932 0 0 1.0 0.9997886951928157
115 0.9271263000000118 0 0 1.0 0.9997886951928157
116 0.9755228000000074 0 0 1.0 0.9997886951928157
117 0.9649146000000002 0 0 1.0 0.9997886951928157
118 0.9344205000000017 0 0 1.0 0.9997886951928157
119 1.0134347999999989 0 0 1.0 0.9997886951928157
120 0.9267382000000026 0 0 1.0 0.9997886951928157
121 0.9304302000000035 0 0 1.0 0.9997886951928157
122 0.9496920999999929 0 0 1.0 0.9997886951928157
123 0.9303899999999885 0 0 1.0 0.9997886951928157
124 0.9307589000000007 0 0 1.0 0.9997886951928157
125 0.9271801000000011 0 0 1.0 0.9997886951928157
126 0.9238563999999911 0 0 1.0 0.9997886951928157
127 0.924688500000002 0 0 1.0 0.9997886951928157
128 0.9579185999999993 0 0 1.0 0.9997886951928157
129 0.9324648000000053 0 0 1.0 0.9997886951928157
130 0.9294943000000018 0 0 1.0 0.9997886951928157
131 0.9296176000000003 0 0 1.0 0.9997886951928157
132 0.926477399999996 0 0 1.0 0.9997886951928157
133 1.0003917999999885 0 1 1.0 0.9998943475964078
134 0.928408300000001 0 1 1.0 1.0
