25 0.5 0.2
1 0.0028606000000000187 116 0 0.10069444444444445 0.28165374677002586
2 0.004161200000000004 190 25 0.265625 0.3462532299741602
3 0.006074600000000013 252 50 0.484375 0.4754521963824289
4 0.008815899999999988 225 58 0.6796875 0.6253229974160207
5 0.010056400000000021 172 36 0.8289930555555556 0.7183462532299741
6 0.010973700000000003 88 23 0.9053819444444444 0.7777777777777778
7 0.012170700000000007 61 18 0.9583333333333334 0.8242894056847545
8 0.011557600000000001 19 11 0.9748263888888888 0.8527131782945736
9 0.0122467 17 13 0.9895833333333334 0.8863049095607235
10 0.012280200000000019 4 8 0.9930555555555556 0.9069767441860465
11 0.012790000000000024 2 8 0.9947916666666666 0.9276485788113695
12 0.01228429999999997 4 2 0.9982638888888888 0.9328165374677002
13 0.01264160000000003 1 3 0.9991319444444444 0.9405684754521964
14 0.012854699999999997 1 4 1.0 0.9509043927648578
15 0.01251610000000003 0 1 1.0 0.9534883720930233
16 0.012577799999999972 0 2 1.0 0.958656330749354
17 0.013896399999999975 0 2 1.0 0.9638242894056848
18 0.012804899999999952 0 1 1.0 0.9664082687338501
19 0.013006699999999982 0 1 1.0 0.9689922480620154
20 0.01886289999999996 0 1 1.0 0.9715762273901809
21 0.012909499999999963 0 0 1.0 0.9715762273901809
22 0.012541800000000047 0 1 1.0 0.9741602067183462
23 0.017295400000000016 0 1 1.0 0.9767441860465116
24 0.013521700000000025 0 0 1.0 0.9767441860465116
25 0.013126200000000032 0 0 1.0 0.9767441860465116
26 0.012541099999999972 0 2 1.0 0.9819121447028424
27 0.013604000000000005 0 1 1.0 0.9844961240310077
28 0.012915900000000091 0 1 1.0 0.9870801033591732
29 0.012845600000000013 0 0 1.0 0.9870801033591732
30 0.013549499999999992 0 1 1.0 0.9896640826873385
31 0.013243799999999917 0 0 1.0 0.9896640826873385
32 0.013110100000000013 0 0 1.0 0.9896640826873385
33 0.013244800000000057 0 0 1.0 0.9896640826873385
34 0.013202700000000012 0 0 1.0 0.9896640826873385
35 0.012480200000000052 0 0 1.0 0.9896640826873385
36 0.012928300000000004 0 2 1.0 0.9948320413436692
37 0.01291169999999997 0 0 1.0 0.9948320413436692
38 0.01251100000000005 0 1 1.0 0.9974160206718347
39 0.012704500000000007 0 0 1.0 0.9974160206718347
40 0.013522400000000045 0 0 1.0 0.9974160206718347
41 0.013060600000000089 0 0 1.0 0.9974160206718347
42 0.013420100000000046 0 0 1.0 0.9974160206718347
43 0.01921689999999998 0 0 1.0 0.9974160206718347
44 0.019082000000000043 0 0 1.0 0.9974160206718347
45 0.013536300000000057 0 0 1.0 0.9974160206718347
46 0.014413200000000015 0 1 1.0 1.0
