125 0.6 0.8
1 0.022393499999999955 943 0 0.030659687225672205 0.06410847707776035
2 0.07885030000000004 2991 1366 0.12790584257242255 0.19011161331980445
3 0.2923505999999999 11780 5025 0.5109080859641708 0.653629738953971
4 0.6827546 9031 2504 0.804532301589882 0.8846047412600314
5 1.0439095999999999 3559 716 0.9202457977045876 0.9506503090120838
6 1.2463814000000002 1474 289 0.968169847514387 0.9773083663868647
7 1.2446539999999997 586 122 0.9872224209123126 0.9885619407803709
8 1.2934351 239 57 0.9949930097213643 0.9938197583248778
9 1.4086556000000003 89 32 0.9978866599473291 0.9967715155428466
10 1.292328200000001 42 22 0.9992522027505933 0.9988008486302001
11 1.3459608999999997 13 4 0.9996748707611276 0.9991698182824462
12 1.3524847999999992 6 5 0.999869948304451 0.9996310303477539
13 1.4326559999999997 3 1 0.9999674870761127 0.9997232727608154
14 1.3991988000000006 1 0 1.0 0.9997232727608154
15 1.3862997999999997 0 1 1.0 0.9998155151738769
16 1.3637464999999978 0 1 1.0 0.9999077575869385
17 1.4887759000000003 0 1 1.0 1.0
