200 0.7 0.6
1 0.04350330000000002 1784 0 0.020524148086790456 0.039026513365492725
2 0.13645319999999994 6719 2459 0.09782333586433814 0.1282144282035472
3 0.8474519999999999 36651 12781 0.5194772324612872 0.5917812193971927
4 2.6878883999999994 29164 7640 0.8549964335841329 0.8688839722897247
5 4.6993453 8773 1988 0.9559260026230414 0.9409887200319176
6 5.4343387 2618 793 0.98604495984906 0.9697508251423598
7 5.612163000000001 835 382 0.9956512735556016 0.9836059627869863
8 5.813310900000001 255 205 0.9985849382204736 0.991041311522977
9 5.875573600000003 95 108 0.9996778721152297 0.9949584708570599
10 5.9391715000000005 20 69 0.9999079634614942 0.997461100431613
11 5.902763 6 29 0.9999769908653735 0.9985129302528019
12 5.932799299999999 0 22 0.9999769908653735 0.999310870117152
13 5.951401099999998 2 10 1.0 0.9996735700554931
14 5.857426099999998 0 2 1.0 0.9997461100431613
15 6.124539200000008 0 3 1.0 0.9998549200246636
16 5.903849499999993 0 2 1.0 0.9999274600123318
17 6.387036199999997 0 0 1.0 0.9999274600123318
18 6.225893800000009 0 1 1.0 0.9999637300061659
19 6.212379000000013 0 1 1.0 1.0
