150 0.3 0.9
1 0.018080299999999994 425 0 0.010143924385994225 0.05454255912094912
2 0.02845910000000007 809 389 0.029453182805451464 0.08551636276773629
3 0.06939209999999996 2164 1300 0.08110365897319617 0.18902778883669083
4 0.18062180000000005 6261 3460 0.2305415662219252 0.4645274305279083
5 0.4022593000000001 8903 3526 0.44303888106547007 0.7452822676964727
6 0.6714176000000001 6917 1584 0.6081342339546985 0.8714069591527988
7 0.9847852999999998 4905 737 0.7252070553977612 0.9300899753165061
8 1.1485881 3445 329 0.8074325130677614 0.9562863285293415
9 1.2499965999999998 2498 203 0.8670549204000286 0.9724500358308783
10 1.3459523000000004 1652 117 0.9064849511898226 0.9817660641770841
11 1.5139740000000002 1177 71 0.9345776547246819 0.9874193805239271
12 1.3299181999999998 844 54 0.9547222951523976 0.9917190859144837
13 1.3657056999999995 550 28 0.967849726710743 0.9939485627836612
14 1.4075100999999997 432 25 0.9781607274983889 0.9959391671311411
15 1.3920268 289 17 0.985058596080865 0.9972927780874273
16 1.4101796999999987 191 8 0.9896173950402177 0.9979297714786209
17 1.4272577999999996 120 10 0.9924815619256748 0.9987260132176129
18 1.447402199999999 84 5 0.9944864787454949 0.9991241340871089
19 1.5536191000000024 74 2 0.9962527149915268 0.9992833824349072
20 1.430461000000001 48 2 0.9973983817457097 0.9994426307827057
21 1.4808726000000014 39 2 0.9983292359834833 0.999601879130504
22 1.4628479999999975 17 1 0.9987349929589231 0.9996815033044032
23 1.4281562 22 2 0.999260090221257 0.9998407516522017
24 1.4388520000000007 12 1 0.9995465069098026 0.9999203758261008
25 1.4693584000000008 10 1 0.9997851874835907 1.0
26 1.4538359000000014 2 0 0.9998329235983483 1.0
27 1.448700200000001 4 0 0.9999283958278635 1.0
28 1.4619411000000007 0 0 0.9999283958278635 1.0
29 1.698003 0 0 0.9999283958278635 1.0
30 1.4435134000000005 0 0 0.9999283958278635 1.0
31 1.7236474000000044 1 0 0.9999522638852424 1.0
32 1.447694300000002 0 0 0.9999522638852424 1.0
33 1.459984900000002 1 0 0.9999761319426211 1.0
34 1.4594515000000001 1 0 1.0 1.0
