100 0.7 0.9
1 0.0175246 776 0 0.040190594572198056 0.08544520547945206
2 0.05606939999999999 2430 980 0.1660451626268904 0.25325342465753425
3 0.20804019999999995 7915 2938 0.5759788688626476 0.7563356164383561
4 0.46448620000000007 5651 1190 0.8686554795939507 0.9601027397260274
5 0.5735084000000001 1786 167 0.9611559975139838 0.9886986301369863
6 0.6323678000000001 522 48 0.9881914232442511 0.9969178082191781
7 0.6689282999999997 174 12 0.9972032318210068 0.998972602739726
8 0.6433704000000002 40 1 0.9992749119535944 0.9991438356164384
9 0.6476990000000002 6 2 0.9995856639734825 0.999486301369863
10 0.6672333999999998 3 3 0.9997410399834266 1.0
11 0.6536797999999999 5 0 1.0 1.0
