125 0.7 0.8
1 0.024672699999999992 991 0 0.03274625780656247 0.06335109532267615
2 0.07991529999999997 3230 1364 0.13947724944651885 0.19794750345372014
3 0.3649015 13462 5235 0.5843108746654331 0.7145253601736727
4 0.8267916 8813 2149 0.8755245679542676 0.9265837773830669
5 1.1524627 2591 468 0.9611406668208704 0.9727649496743636
6 1.2672548000000003 846 162 0.9890955952813667 0.9887507400828893
7 1.2740764000000002 227 57 0.9965965039817599 0.9943753700414446
8 1.3370331000000002 72 33 0.9989756468294617 0.9976317347542925
9 1.2428397000000002 21 13 0.9996695634933748 0.9989145450957174
10 1.4628490999999997 7 5 0.9999008690480125 0.9994079336885732
11 1.5057126000000007 3 4 1.0 0.9998026445628577
12 1.3961226 0 2 1.0 1.0
