150 0.4 0.5
1 0.021861200000000025 764 0 0.017207982341546916 0.05345957756737072
2 0.0470777 1743 589 0.056466507500337854 0.09635833940276767
3 0.11853550000000002 5807 2143 0.18726068741835217 0.25243991260014564
4 0.3626437000000001 12362 4174 0.4656966530023875 0.5564457392571013
5 0.6517765 9452 2651 0.6785891256362899 0.7495265841223598
6 0.9941115 5685 1311 0.8066354340285599 0.8450109249817916
7 1.1987480000000001 3380 746 0.8827649894139376 0.8993445010924982
8 1.3551060000000001 2140 445 0.9309653587999459 0.931755280407866
9 1.4884564999999998 1244 297 0.9589846389477004 0.953386744355426
10 1.5390631999999993 735 187 0.9755394387134556 0.9670065549890751
11 1.7949058000000004 416 116 0.984909230145502 0.9754552075746541
12 1.6296166999999997 259 92 0.9907428262534348 0.9821558630735615
13 1.7366314000000003 177 61 0.9947294923194738 0.986598689002185
14 1.6592145999999985 102 46 0.997026893103293 0.9899490167516387
15 1.6988467000000007 58 32 0.9983332582548764 0.9922796795338674
16 1.712420899999998 28 25 0.9989639172935718 0.9941005098324837
17 1.7697763000000002 27 15 0.9995720527951709 0.9951930080116533
18 1.675342699999998 6 15 0.9997071940177485 0.996285506190823
19 1.7465596999999988 4 10 0.9997972881661336 0.9970138383102695
20 1.8160428999999993 2 12 0.9998423352403262 0.9978878368536053
21 1.6624254 2 3 0.9998873823145187 0.9981063364894391
22 1.6952981999999999 1 6 0.999909905851615 0.9985433357611071
23 1.7241779000000008 2 4 0.9999549529258075 0.9988346686088857
24 1.7935358000000008 0 5 0.9999549529258075 0.9991988346686089
25 1.653604399999999 2 3 1.0 0.9994173343044428
26 1.7052953999999971 0 1 1.0 0.9994901675163874
27 1.8334827999999987 0 2 1.0 0.9996358339402768
28 2.1101626999999965 0 2 1.0 0.999781500364166
29 2.0732155000000034 0 0 1.0 0.999781500364166
30 1.744948100000002 0 0 1.0 0.999781500364166
31 1.6649870000000035 0 0 1.0 0.999781500364166
32 1.9530451999999983 0 2 1.0 0.9999271667880554
33 1.9424094000000025 0 0 1.0 0.9999271667880554
34 2.1436762999999956 0 0 1.0 0.9999271667880554
35 1.667135199999997 0 0 1.0 0.9999271667880554
36 1.6668999000000042 0 1 1.0 1.0
