50 0.6 0.7
1 0.00845570000000001 391 0 0.06878958479943702 0.14885892116182572
2 0.024665500000000007 1133 472 0.2681210415200563 0.39367219917012447
3 0.05950730000000001 2193 767 0.6539408866995073 0.7914937759336099
4 0.08842319999999998 1179 234 0.8613652357494722 0.9128630705394191
5 0.1101471 451 96 0.9407107670654469 0.9626556016597511
6 0.11718660000000003 208 33 0.977304714989444 0.9797717842323651
7 0.11725180000000002 70 17 0.9896199859254047 0.9885892116182573
8 0.11909630000000004 35 9 0.995777621393385 0.9932572614107884
9 0.11854379999999998 15 5 0.9984166080225193 0.995850622406639
10 0.18310339999999992 7 3 0.9996481351161154 0.9974066390041494
11 0.1247476999999999 1 2 0.9998240675580577 0.9984439834024896
12 0.11846840000000003 0 2 0.9998240675580577 0.9994813278008299
13 0.11866139999999992 1 1 1.0 1.0
