50 0.5 0.3
1 0.006504599999999999 328 0 0.06900904691773617 0.16083916083916083
2 0.015194700000000005 770 156 0.2310119924258363 0.2517482517482518
3 0.030144100000000007 1365 329 0.5181990321901957 0.44347319347319347
4 0.04360580000000003 1106 261 0.7508941721018304 0.5955710955710956
5 0.05598780000000003 589 200 0.8748159057437408 0.7121212121212122
6 0.0641755 285 131 0.9347780349253103 0.7884615384615384
7 0.06831729999999997 154 81 0.9671786240269303 0.8356643356643356
8 0.0753509 78 60 0.9835893120134652 0.8706293706293706
9 0.07914350000000003 40 51 0.9920050494424574 0.9003496503496503
10 0.07675159999999992 15 30 0.9951609509783295 0.9178321678321678
11 0.08009029999999995 13 31 0.9978960656427519 0.9358974358974359
12 0.08044309999999999 2 18 0.9983168525142015 0.9463869463869464
13 0.08226800000000001 4 17 0.9991584262571008 0.9562937062937062
14 0.0856013000000001 2 12 0.9995792131285504 0.9632867132867133
15 0.0818025 1 6 0.9997896065642752 0.9667832167832168
16 0.08590370000000003 1 5 1.0 0.9696969696969697
17 0.0880025000000002 0 12 1.0 0.9766899766899767
18 0.08672480000000005 0 11 1.0 0.9831002331002331
19 0.08503670000000008 0 4 1.0 0.9854312354312355
20 0.08290829999999993 0 4 1.0 0.9877622377622378
21 0.08276380000000017 0 4 1.0 0.9900932400932401
22 0.08252499999999996 0 4 1.0 0.9924242424242424
23 0.08257860000000017 0 0 1.0 0.9924242424242424
24 0.0860398 0 5 1.0 0.9953379953379954
25 0.08317940000000013 0 0 1.0 0.9953379953379954
26 0.08303549999999982 0 1 1.0 0.995920745920746
27 0.09141589999999988 0 1 1.0 0.9965034965034965
28 0.08926110000000032 0 2 1.0 0.9976689976689976
29 0.08910029999999969 0 0 1.0 0.9976689976689976
30 0.08737779999999962 0 1 1.0 0.9982517482517482
31 0.08365229999999979 0 0 1.0 0.9982517482517482
32 0.08183220000000002 0 0 1.0 0.9982517482517482
33 0.08464760000000027 0 0 1.0 0.9982517482517482
34 0.08468220000000004 0 0 1.0 0.9982517482517482
35 0.08363209999999999 0 0 1.0 0.9982517482517482
36 0.08445649999999993 0 1 1.0 0.9988344988344988
37 0.13255839999999974 0 0 1.0 0.9988344988344988
38 0.0868237999999999 0 0 1.0 0.9988344988344988
39 0.08256949999999996 0 1 1.0 0.9994172494172494
40 0.08760489999999965 0 0 1.0 0.9994172494172494
41 0.0901635999999999 0 0 1.0 0.9994172494172494
42 0.08803699999999992 0 0 1.0 0.9994172494172494
43 0.08396809999999988 0 0 1.0 0.9994172494172494
44 0.10883630000000011 0 0 1.0 0.9994172494172494
45 0.08351059999999988 0 0 1.0 0.9994172494172494
46 0.08289110000000033 0 0 1.0 0.9994172494172494
47 0.08393919999999966 0 1 1.0 1.0
