25 0.8 0.2
1 0.003526400000000013 232 0 0.17575757575757575 0.3039443155452436
2 0.008409100000000003 470 60 0.5318181818181819 0.4431554524361949
3 0.014008199999999998 436 89 0.8621212121212121 0.6496519721577726
4 0.015155799999999997 118 56 0.9515151515151515 0.7795823665893271
5 0.016472900000000013 53 34 0.9916666666666667 0.8584686774941995
6 0.017102000000000006 10 19 0.9992424242424243 0.9025522041763341
7 0.017127400000000015 1 11 1.0 0.9280742459396751
8 0.017429200000000034 0 6 1.0 0.9419953596287703
9 0.018418799999999957 0 4 1.0 0.951276102088167
10 0.018533999999999995 0 5 1.0 0.962877030162413
11 0.018776199999999965 0 4 1.0 0.9721577726218097
12 0.019599499999999992 0 4 1.0 0.9814385150812065
13 0.018616899999999992 0 1 1.0 0.9837587006960556
14 0.018959999999999977 0 3 1.0 0.9907192575406032
15 0.02921570000000001 0 1 1.0 0.9930394431554525
16 0.018929300000000038 0 0 1.0 0.9930394431554525
17 0.018446399999999974 0 1 1.0 0.9953596287703016
18 0.02026279999999997 0 1 1.0 0.9976798143851509
19 0.019234799999999996 0 0 1.0 0.9976798143851509
20 0.019205399999999984 0 1 1.0 1.0
