150 1.0 0.3
1 0.03324300000000002 2005 0 0.04206882081409987 0.05557404326123128
2 0.14351970000000003 9373 1849 0.23873268988669744 0.17863560732113146
3 0.6090124000000001 31425 6718 0.8980906420478388 0.625757071547421
4 1.4960540999999998 4857 3088 1.0 0.8312811980033278
5 1.9350344000000002 0 1233 1.0 0.9133444259567388
6 2.0619398999999996 0 574 1.0 0.9515474209650583
7 2.0661898 0 280 1.0 0.9701830282861896
8 2.128083 0 154 1.0 0.980432612312812
9 2.1744404 0 112 1.0 0.9878868552412645
10 2.1944199000000015 0 60 1.0 0.9918801996672213
11 2.1721141 0 34 1.0 0.9941430948419301
12 2.196219000000003 0 27 1.0 0.9959400998336106
13 2.1436594999999983 0 19 1.0 0.9972046589018303
14 2.1854268999999995 0 12 1.0 0.9980033277870216
15 2.211818300000001 0 5 1.0 0.9983361064891847
16 2.1066857 0 4 1.0 0.9986023294509151
17 2.2023595 0 7 1.0 0.9990682196339434
18 2.1344280000000033 0 6 1.0 0.9994675540765391
19 2.1104496999999967 0 3 1.0 0.9996672212978369
20 2.181584700000002 0 1 1.0 0.9997337770382696
21 2.1405254000000014 0 2 1.0 0.9998668885191347
22 2.1039551000000003 0 1 1.0 0.9999334442595674
23 2.146054300000003 0 0 1.0 0.9999334442595674
24 2.1060311000000027 0 1 1.0 1.0
