75 0.3 1.0
1 0.010226900000000011 313 0 0.02389677813406627 0.1109366823652538
2 0.01974880000000001 647 360 0.07329363261566652 0.20512820512820512
3 0.04631840000000004 1591 904 0.19476255916933882 0.4416535845107274
4 0.1073944 2681 1186 0.3994502977553825 0.7519623233908949
5 0.15269589999999994 2366 570 0.5800885631394106 0.9010989010989011
6 0.23295900000000003 1665 231 0.7072072072072072 0.9615384615384616
7 0.23073889999999986 1113 79 0.7921820125209956 0.9822082679225537
8 0.2519408000000001 825 25 0.855168728050084 0.988749345892203
9 0.2672755 570 19 0.898686822415636 0.9937205651491365
10 0.27631570000000005 392 8 0.9286150557336998 0.9958137100994244
11 0.2790074 266 7 0.9489234997709574 0.9976452119309263
12 0.2915665999999999 208 5 0.9648037868376852 0.998953427524856
13 0.2778828 158 0 0.9768666972056802 0.998953427524856
14 0.29253280000000004 99 2 0.9844251030691709 0.9994767137624281
15 0.2811094999999999 55 0 0.9886242174377767 0.9994767137624281
16 0.31158129999999984 38 0 0.9915254237288136 0.9994767137624281
17 0.3059099999999999 30 0 0.9938158497480531 0.9994767137624281
18 0.2890242999999999 17 0 0.9951137578256223 0.9994767137624281
19 0.3324062999999997 22 0 0.9967934035730646 0.9994767137624281
20 0.2882252000000003 14 0 0.9978622690487097 0.9994767137624281
21 0.2987378999999999 11 0 0.9987020919224309 0.9994767137624281
22 0.3128196000000001 5 1 0.9990838295923041 0.999738356881214
23 0.2992695000000003 3 0 0.9993128721942282 0.999738356881214
24 0.2991109000000005 0 0 0.9993128721942282 0.999738356881214
25 0.34561560000000036 3 0 0.9995419147961521 0.999738356881214
26 0.32294910000000066 1 0 0.9996182623301267 0.999738356881214
27 0.28744430000000065 3 1 0.9998473049320507 1.0
28 0.2926441999999998 0 0 0.9998473049320507 1.0
29 0.3014916000000003 0 0 0.9998473049320507 1.0
30 0.30112059999999996 1 0 0.9999236524660253 1.0
31 0.2896270000000003 0 0 0.9999236524660253 1.0
32 0.311637300000001 0 0 0.9999236524660253 1.0
33 0.2897616000000003 1 0 1.0 1.0
