150 1.0 0.7
1 0.03775269999999997 1829 0 0.040648057605120455 0.054024630877049735
2 0.15156990000000004 7951 2373 0.21735265356920616 0.21548615363679663
3 0.7262301999999999 29785 9033 0.8793003822562006 0.8301013812342655
4 1.7668222000000002 5431 2170 1.0 0.9777505613390488
5 2.1578494999999998 0 246 1.0 0.994488671157379
6 2.0976477000000004 0 54 1.0 0.998162890385793
7 2.1405548000000003 0 19 1.0 0.9994556712254201
8 2.143080600000001 0 6 1.0 0.9998639178063551
9 2.1378612000000015 0 2 1.0 1.0
