150 0.7 0.7
1 0.028355800000000042 1285 0 0.027195191636155847 0.05280021360389827
2 0.09255959999999996 4535 1712 0.1231719963598654 0.16707829917896003
3 0.5210526999999999 19766 6975 0.5414911853717381 0.632668046191843
4 1.1962846000000003 15022 3928 0.8594103828490403 0.8948668313196716
5 1.8309866000000001 4669 922 0.9582231063892828 0.9564114545090447
6 2.1759012 1354 350 0.9868785845802205 0.9797743808824511
7 2.0193147000000007 411 147 0.9955768131891388 0.9895868099592817
8 2.0932853 136 84 0.9984550591521872 0.9951939122888993
9 2.0766560999999992 48 38 0.9994709106685573 0.9977304585808691
10 2.1836491999999996 16 15 0.9998095278406807 0.9987317268540151
11 2.0797133 6 8 0.9999365092802269 0.999265736599693
12 2.1115274 2 7 0.9999788364267423 0.9997329951271611
13 2.115541099999998 1 2 1.0 0.9998664975635805
14 2.0705217000000005 0 0 1.0 0.9998664975635805
15 2.1242570999999977 0 1 1.0 0.9999332487817902
16 2.219809099999999 0 1 1.0 1.0
