200 0.5 0.5
1 0.04103900000000005 1297 0 0.017232445359728957 0.044060257647601866
2 0.09193980000000002 3628 1240 0.06543546136982661 0.09609332382191263
3 0.3501331000000001 15418 5623 0.27028499302464626 0.33204649406235576
4 1.2383217000000002 26541 8151 0.6229190194645585 0.6740799798581679
5 2.2344334 14134 3624 0.8107088288048894 0.8261508119676052
6 3.026292700000001 7138 1635 0.9055470670298279 0.8947589274474425
7 3.9403635999999995 3610 932 0.9535109280542085 0.9338676513784566
8 3.9191494000000002 1732 483 0.9765229522354348 0.9541353698963535
9 3.9175186999999987 869 361 0.9880688234903342 0.9692837060971005
10 4.179099300000001 433 208 0.9938218295356407 0.9780118333263397
11 4.1456366 236 135 0.9969574171261543 0.983676723595317
12 4.2651307 116 104 0.9984986381452202 0.9880407872099366
13 4.181134999999998 48 75 0.9991363847737993 0.9911879484704796
14 4.57564 37 62 0.999627981133329 0.9937896017791952
15 4.420356499999997 14 36 0.9998139905666644 0.9953002391842558
16 4.379717499999998 5 34 0.9998804225071415 0.9967269522890353
17 4.681689599999999 6 11 0.9999601408357138 0.9971885359405815
18 4.639859099999995 1 19 0.9999734272238092 0.9979858167932525
19 4.566520499999996 1 11 0.9999867136119046 0.9984474004447987
20 4.668085500000004 0 9 0.9999867136119046 0.998825059796064
21 4.531688100000011 1 9 1.0 0.999202719147329
22 4.823322300000001 0 5 1.0 0.999412529898032
23 4.621715899999998 0 4 1.0 0.9995803784985943
24 4.599188599999991 0 2 1.0 0.9996643027988754
25 4.719012000000006 0 2 1.0 0.9997482270991566
26 4.425968100000006 0 2 1.0 0.9998321513994377
27 4.655606700000007 0 0 1.0 0.9998321513994377
28 4.347352600000008 0 1 1.0 0.9998741135495782
29 4.541822500000009 0 1 1.0 0.9999160756997189
30 4.6511943 0 0 1.0 0.9999160756997189
31 4.586593199999996 0 0 1.0 0.9999160756997189
32 4.766875799999994 0 0 1.0 0.9999160756997189
33 4.795125200000015 0 1 1.0 0.9999580378498594
34 4.554854399999982 0 0 1.0 0.9999580378498594
35 4.402628599999986 0 0 1.0 0.9999580378498594
36 4.497484299999996 0 0 1.0 0.9999580378498594
37 4.723979600000007 0 0 1.0 0.9999580378498594
38 4.954273000000001 0 0 1.0 0.9999580378498594
39 4.364456799999999 0 0 1.0 0.9999580378498594
40 4.516162800000018 0 0 1.0 0.9999580378498594
41 4.987370399999975 0 0 1.0 0.9999580378498594
42 4.12547379999998 0 1 1.0 1.0
