75 0.9 0.4
1 0.013397300000000001 857 0 0.06976554868121133 0.10552763819095477
2 0.048130499999999965 3004 699 0.3143112992510583 0.30067001675041877
3 0.15122189999999996 6901 1617 0.8760989905568218 0.7520938023450586
4 0.24394349999999998 1363 495 0.9870563334418756 0.890284757118928
5 0.3220026 144 204 0.998778899381309 0.9472361809045227
6 0.3035344 15 84 1.0 0.9706867671691792
7 0.29734680000000013 0 61 1.0 0.9877163595756561
8 0.30092580000000013 0 26 1.0 0.9949748743718593
9 0.30109989999999986 0 6 1.0 0.9966499162479062
10 0.3661589999999997 0 3 1.0 0.9974874371859297
11 0.3031115 0 3 1.0 0.998324958123953
12 0.32071890000000014 0 2 1.0 0.9988833054159687
13 0.30366269999999984 0 2 1.0 0.9994416527079844
14 0.30386610000000003 0 1 1.0 0.9997208263539922
15 0.3620698 0 1 1.0 1.0
