50 0.2 0.8
1 0.004453499999999999 117 0 0.02037617554858934 0.13530778164924506
2 0.0062772000000000105 169 64 0.04980842911877394 0.17247386759581881
3 0.010587199999999991 297 139 0.10153256704980843 0.25319396051103366
4 0.0169435 519 236 0.1919191919191919 0.3902439024390244
5 0.027487099999999987 722 308 0.3176593521421108 0.5691056910569106
6 0.03822919999999996 706 216 0.44061302681992337 0.6945412311265969
7 0.05001219999999995 593 152 0.5438871473354232 0.7828106852497096
8 0.05630170000000001 505 106 0.6318355973528388 0.8443670150987224
9 0.06393369999999998 417 56 0.70445837687217 0.8768873403019745
10 0.06716579999999994 352 53 0.7657610588645072 0.9076655052264808
11 0.07308510000000001 274 26 0.8134796238244514 0.9227642276422764
12 0.07501270000000004 218 20 0.8514454893765239 0.9343786295005807
13 0.08451960000000003 170 22 0.8810518982932776 0.9471544715447154
14 0.07944360000000006 152 20 0.9075235109717869 0.9587688734030198
15 0.08631149999999999 114 18 0.9273772204806687 0.9692218350754936
16 0.11391700000000005 90 14 0.9430512016718914 0.9773519163763066
17 0.0973773 62 7 0.953848833159178 0.9814169570267132
18 0.09301490000000001 61 7 0.9644723092998955 0.9854819976771196
19 0.09429129999999986 32 2 0.970045280390108 0.9866434378629501
20 0.090611 28 3 0.9749216300940439 0.9883855981416957
21 0.09042430000000001 32 4 0.9804946011842564 0.9907084785133565
22 0.09546919999999992 17 2 0.9834552420759317 0.991869918699187
23 0.09011060000000004 19 2 0.9867641936607454 0.9930313588850174
24 0.08888700000000016 14 1 0.9892023685127134 0.9936120789779327
25 0.0930470000000001 18 2 0.9923371647509579 0.9947735191637631
26 0.08869909999999992 7 3 0.9935562521769419 0.9965156794425087
27 0.08781289999999986 10 2 0.9952978056426333 0.9976771196283392
28 0.08741360000000009 4 1 0.9959944270289098 0.9982578397212544
29 0.0857148999999997 5 0 0.9968652037617555 0.9982578397212544
30 0.09955079999999983 4 0 0.997561825148032 0.9982578397212544
31 0.09434429999999994 8 1 0.9989550679205852 0.9988385598141696
32 0.09014250000000024 2 0 0.9993033786137234 0.9988385598141696
33 0.08845690000000017 0 0 0.9993033786137234 0.9988385598141696
34 0.08716860000000004 1 0 0.9994775339602926 0.9988385598141696
35 0.09160519999999961 0 0 0.9994775339602926 0.9988385598141696
36 0.08730740000000026 1 0 0.9996516893068618 0.9988385598141696
37 0.09639949999999997 2 0 1.0 0.9988385598141696
38 0.09757360000000004 0 0 1.0 0.9988385598141696
39 0.09129209999999999 0 1 1.0 0.9994192799070848
40 0.0905355000000001 0 1 1.0 1.0
