175 0.3 1.0
1 0.02406179999999991 557 0 0.009933125278644673 0.046689628779181015
2 0.04580859999999998 1203 684 0.03138653588943379 0.08408506915969602
3 0.10499250000000004 3538 2260 0.09448060633080696 0.20764310316549123
4 0.31790760000000007 9966 5764 0.2722068658047258 0.5227707615767317
5 0.67388 11696 4541 0.48078466339723586 0.7710349352140397
6 1.1308871000000003 8674 1949 0.6354703522068658 0.8775900716199224
7 1.8618382000000002 6111 912 0.7444493981275078 0.9274506587939424
8 1.7726782000000005 4339 478 0.821827909050379 0.9535837297031327
9 2.2793729999999996 2930 287 0.874079358002675 0.9692745065879395
10 2.3614266000000015 2112 173 0.9117432010699955 0.9787327100759936
11 2.5521162000000004 1473 124 0.9380115916183682 0.9855120004373735
12 2.2792475000000003 1088 84 0.9574141774409274 0.9901044229402438
13 2.3419138000000004 680 38 0.9695407935800268 0.992181947405828
14 2.404402600000001 500 42 0.9784574230940705 0.9944781586572632
15 2.5748113000000004 357 34 0.9848238965670977 0.9963369963369964
16 2.4329674000000026 271 28 0.9896567097637093 0.997867803837953
17 2.5082157999999986 168 11 0.992652697280428 0.9984691924990432
18 2.4396628000000007 129 7 0.9949531876950513 0.9988518943742825
19 2.4559707000000017 72 4 0.9962371823450735 0.9990705811601334
20 2.5337235999999947 65 5 0.9973963441818993 0.999343939642447
21 2.475120199999999 38 3 0.9980740080249666 0.9995079547318353
22 2.5047322000000065 42 2 0.9988230049041462 0.9996172981247609
23 2.514205799999999 16 1 0.9991083370485956 0.9996719698212235
24 2.478708900000001 17 3 0.9994115024520731 0.9998359849106118
25 2.4760320999999976 16 2 0.9996968345965225 0.9999453283035372
26 2.477468299999998 7 1 0.9998216674097191 1.0
27 2.535879999999999 1 0 0.9998395006687472 1.0
28 2.5185697000000005 2 0 0.9998751671868034 1.0
29 2.491502099999998 3 0 0.9999286669638876 1.0
30 2.5169850999999994 0 0 0.9999286669638876 1.0
31 2.6331440000000015 0 0 0.9999286669638876 1.0
32 2.4916815999999997 2 0 0.9999643334819438 1.0
33 2.513942700000001 0 0 0.9999643334819438 1.0
34 2.527498900000012 1 0 0.999982166740972 1.0
35 2.4906091000000004 1 0 1.0 1.0
