50 0.1 0.5
1 0.004674600000000001 69 0 0.014816405411208933 0.19872611464968154
2 0.005277799999999999 85 13 0.033068499033712694 0.2070063694267516
3 0.006535100000000016 140 28 0.0631307708825424 0.2248407643312102
4 0.009837499999999999 171 54 0.09984968864075586 0.2592356687898089
5 0.010543799999999992 182 61 0.1389306420442345 0.2980891719745223
6 0.012820299999999979 259 88 0.19454584496456948 0.354140127388535
7 0.015079100000000012 235 84 0.24500751556796221 0.40764331210191085
8 0.018537799999999993 293 95 0.3079235559372987 0.4681528662420382
9 0.021418099999999995 288 77 0.36976594374060556 0.5171974522292994
10 0.023995500000000003 263 88 0.42624006871376424 0.5732484076433121
11 0.028477399999999986 253 67 0.4805668885548636 0.6159235668789809
12 0.030008800000000002 257 63 0.5357526304487867 0.6560509554140127
13 0.03204069999999998 211 37 0.5810607687352373 0.6796178343949044
14 0.034545099999999995 203 56 0.6246510629160403 0.7152866242038216
15 0.03741490000000003 172 32 0.6615847111874598 0.7356687898089171
16 0.037848800000000016 132 29 0.689929138930642 0.7541401273885351
17 0.04229879999999997 143 27 0.7206356023190895 0.7713375796178344
18 0.041456099999999996 124 36 0.7472621859566244 0.7942675159235669
19 0.04389110000000007 114 25 0.7717414644621 0.8101910828025478
20 0.04454309999999995 118 25 0.7970796650203994 0.8261146496815287
21 0.04586159999999995 92 21 0.8168348722353447 0.8394904458598726
22 0.0465985000000001 86 24 0.8353016963710543 0.8547770700636943
23 0.05113430000000008 89 19 0.8544127120463818 0.8668789808917198
24 0.07534439999999998 66 16 0.868584925917973 0.8770700636942675
25 0.07751820000000009 59 9 0.8812540261971226 0.8828025477707007
26 0.07858419999999988 36 9 0.888984324672536 0.8885350318471338
27 0.05478970000000016 56 11 0.9010092334120678 0.8955414012738854
28 0.05302159999999989 35 12 0.9085248013742753 0.9031847133757962
29 0.053481300000000065 54 12 0.9201202490873953 0.910828025477707
30 0.05542970000000014 39 5 0.9284947391024264 0.9140127388535032
31 0.05481270000000005 40 7 0.9370839596306635 0.9184713375796179
32 0.05593769999999987 33 9 0.9441700665664591 0.924203821656051
33 0.05639380000000016 27 9 0.9499677904230192 0.9299363057324841
34 0.05997870000000005 30 8 0.9564097058191969 0.935031847133758
35 0.05948360000000008 11 2 0.9587717414644621 0.9363057324840764
36 0.06031469999999994 18 6 0.9626368907021687 0.9401273885350319
37 0.06472919999999993 17 4 0.9662873094266695 0.9426751592356688
38 0.06433149999999999 15 5 0.9695082671247585 0.945859872611465
39 0.06209170000000008 12 4 0.9720850332832296 0.9484076433121019
40 0.06991459999999994 8 6 0.9738028773888769 0.9522292993630573
41 0.06574760000000013 14 4 0.9768091045737599 0.9547770700636943
42 0.06562519999999994 11 5 0.9791711402190251 0.9579617834394905
43 0.06473899999999988 11 4 0.9815331758642903 0.9605095541401274
44 0.0679757999999997 10 6 0.9836804809963495 0.9643312101910828
45 0.06360020000000022 10 1 0.9858277861284088 0.964968152866242
46 0.06296330000000028 5 1 0.9869014386944385 0.9656050955414013
47 0.06532230000000006 6 3 0.9881898217736741 0.967515923566879
48 0.0632429000000001 3 3 0.9888340133132918 0.9694267515923567
49 0.06089909999999987 7 4 0.9903371269057333 0.9719745222929936
50 0.06123820000000002 6 3 0.9916255099849689 0.9738853503184713
51 0.06042309999999995 4 1 0.9924844320377926 0.9745222929936306
52 0.06334730000000022 6 2 0.9937728151170281 0.975796178343949
53 0.06087219999999993 0 1 0.9937728151170281 0.9764331210191083
54 0.060889400000000204 1 2 0.9939875456302341 0.9777070063694268
55 0.061122400000000354 2 2 0.9944170066566459 0.9789808917197452
56 0.06487070000000017 3 2 0.9950611981962637 0.9802547770700637
57 0.06362319999999988 2 1 0.9954906592226755 0.9808917197452229
58 0.07079730000000017 2 1 0.9959201202490874 0.9815286624203822
59 0.06693209999999983 0 2 0.9959201202490874 0.9828025477707006
60 0.0629846999999999 6 0 0.997208503328323 0.9828025477707006
61 0.06071729999999986 1 1 0.9974232338415289 0.9834394904458599
62 0.06179429999999986 1 3 0.9976379643547348 0.9853503184713376
63 0.06351590000000007 1 0 0.9978526948679407 0.9853503184713376
64 0.06151490000000015 2 3 0.9982821558943525 0.9872611464968153
65 0.061526599999999654 0 1 0.9982821558943525 0.9878980891719745
66 0.06832800000000017 0 1 0.9982821558943525 0.9885350318471338
67 0.07296619999999976 0 0 0.9982821558943525 0.9885350318471338
68 0.0727926000000001 0 1 0.9982821558943525 0.989171974522293
69 0.06379339999999978 1 2 0.9984968864075585 0.9904458598726115
70 0.062169200000000036 2 1 0.9989263474339704 0.9910828025477707
71 0.06170730000000013 0 0 0.9989263474339704 0.9910828025477707
72 0.06227190000000027 1 1 0.9991410779471763 0.9917197452229299
73 0.0664034 0 0 0.9991410779471763 0.9917197452229299
74 0.0667005000000005 0 0 0.9991410779471763 0.9917197452229299
75 0.06963760000000008 0 0 0.9991410779471763 0.9917197452229299
76 0.06285450000000026 1 1 0.9993558084603822 0.9923566878980892
77 0.07436480000000056 0 0 0.9993558084603822 0.9923566878980892
78 0.06188470000000024 0 0 0.9993558084603822 0.9923566878980892
79 0.062399100000000374 0 0 0.9993558084603822 0.9923566878980892
80 0.07114029999999971 0 0 0.9993558084603822 0.9923566878980892
81 0.0714087000000001 0 0 0.9993558084603822 0.9923566878980892
82 0.07216630000000013 0 0 0.9993558084603822 0.9923566878980892
83 0.06478099999999998 1 0 0.9995705389735882 0.9923566878980892
84 0.06640990000000002 2 0 1.0 0.9923566878980892
85 0.07911999999999964 0 2 1.0 0.9936305732484076
86 0.08239529999999995 0 3 1.0 0.9955414012738854
87 0.07904700000000009 0 0 1.0 0.9955414012738854
88 0.07854340000000004 0 0 1.0 0.9955414012738854
89 0.07805079999999975 0 0 1.0 0.9955414012738854
90 0.06338199999999983 0 0 1.0 0.9955414012738854
91 0.061053799999999825 0 1 1.0 0.9961783439490446
92 0.06115270000000006 0 0 1.0 0.9961783439490446
93 0.09238959999999974 0 1 1.0 0.9968152866242038
94 0.06088209999999972 0 0 1.0 0.9968152866242038
95 0.06147740000000024 0 0 1.0 0.9968152866242038
96 0.09379249999999928 0 0 1.0 0.9968152866242038
97 0.06260729999999981 0 0 1.0 0.9968152866242038
98 0.06103959999999997 0 1 1.0 0.9974522292993631
99 0.06100649999999952 0 1 1.0 0.9980891719745223
100 0.06517270000000064 0 0 1.0 0.9980891719745223
101 0.06468589999999974 0 1 1.0 0.9987261146496815
102 0.06430459999999982 0 0 1.0 0.9987261146496815
103 0.06413120000000028 0 0 1.0 0.9987261146496815
104 0.09610520000000022 0 0 1.0 0.9987261146496815
105 0.06329429999999991 0 0 1.0 0.9987261146496815
106 0.06112549999999928 0 0 1.0 0.9987261146496815
107 0.06256829999999969 0 0 1.0 0.9987261146496815
108 0.06329230000000052 0 0 1.0 0.9987261146496815
109 0.06349189999999982 0 0 1.0 0.9987261146496815
110 0.09533710000000006 0 0 1.0 0.9987261146496815
111 0.06412180000000056 0 0 1.0 0.9987261146496815
112 0.06160439999999934 0 0 1.0 0.9987261146496815
113 0.06309450000000005 0 0 1.0 0.9987261146496815
114 0.0634939000000001 0 0 1.0 0.9987261146496815
115 0.06374479999999938 0 0 1.0 0.9987261146496815
116 0.06224380000000007 0 0 1.0 0.9987261146496815
117 0.06290749999999967 0 1 1.0 0.9993630573248408
118 0.08247339999999959 0 0 1.0 0.9993630573248408
119 0.0640818000000003 0 0 1.0 0.9993630573248408
120 0.08263260000000017 0 0 1.0 0.9993630573248408
121 0.0639504999999998 0 0 1.0 0.9993630573248408
122 0.06344550000000027 0 0 1.0 0.9993630573248408
123 0.06399320000000053 0 0 1.0 0.9993630573248408
124 0.0637679999999996 0 0 1.0 0.9993630573248408
125 0.06292299999999962 0 0 1.0 0.9993630573248408
126 0.06587589999999999 0 0 1.0 0.9993630573248408
127 0.06252740000000045 0 0 1.0 0.9993630573248408
128 0.06178490000000014 0 0 1.0 0.9993630573248408
129 0.0622701999999995 0 0 1.0 0.9993630573248408
130 0.0619266000000005 0 0 1.0 0.9993630573248408
131 0.06175569999999997 0 0 1.0 0.9993630573248408
132 0.06282980000000116 0 0 1.0 0.9993630573248408
133 0.06264200000000031 0 0 1.0 0.9993630573248408
134 0.06391000000000169 0 0 1.0 0.9993630573248408
135 0.06187830000000005 0 0 1.0 0.9993630573248408
136 0.06145979999999973 0 0 1.0 0.9993630573248408
137 0.061515899999999846 0 0 1.0 0.9993630573248408
138 0.06258670000000066 0 0 1.0 0.9993630573248408
139 0.061050800000000294 0 0 1.0 0.9993630573248408
140 0.06261099999999864 0 0 1.0 0.9993630573248408
141 0.06338419999999978 0 0 1.0 0.9993630573248408
142 0.0896998 0 0 1.0 0.9993630573248408
143 0.0832999000000001 0 0 1.0 0.9993630573248408
144 0.09544499999999978 0 0 1.0 0.9993630573248408
145 0.09544099999999922 0 0 1.0 0.9993630573248408
146 0.061345799999999784 0 0 1.0 0.9993630573248408
147 0.06351899999999944 0 0 1.0 0.9993630573248408
148 0.06482350000000103 0 0 1.0 0.9993630573248408
149 0.06355719999999998 0 0 1.0 0.9993630573248408
150 0.06390760000000029 0 1 1.0 1.0
