50 0.1 0.4
1 0.003995899999999997 60 0 0.012244897959183673 0.15410764872521246
2 0.004885400000000012 73 11 0.027142857142857142 0.1603399433427762
3 0.005412499999999987 106 20 0.048775510204081635 0.171671388101983
4 0.0066739999999999855 142 36 0.07775510204081633 0.19206798866855523
5 0.0088984 207 56 0.12 0.2237960339943343
6 0.010219000000000006 229 63 0.16673469387755102 0.2594900849858357
7 0.012891000000000014 288 79 0.22551020408163266 0.30424929178470256
8 0.015863500000000003 310 85 0.28877551020408165 0.35240793201133147
9 0.01865110000000003 293 92 0.3485714285714286 0.40453257790368274
10 0.021571199999999957 264 75 0.40244897959183673 0.4470254957507082
11 0.024608600000000036 253 81 0.45408163265306123 0.49291784702549574
12 0.027697099999999975 270 91 0.5091836734693878 0.5444759206798867
13 0.030859899999999996 248 60 0.559795918367347 0.578470254957507
14 0.033449600000000024 213 57 0.603265306122449 0.6107648725212464
15 0.03543170000000001 198 54 0.643673469387755 0.6413597733711048
16 0.0382806 150 51 0.6742857142857143 0.6702549575070822
17 0.041203700000000065 172 43 0.7093877551020408 0.6946175637393768
18 0.04307739999999993 155 40 0.7410204081632653 0.7172804532577903
19 0.04470439999999998 138 39 0.7691836734693878 0.7393767705382436
20 0.04692280000000004 110 41 0.7916326530612245 0.7626062322946175
21 0.04993559999999997 93 32 0.8106122448979591 0.7807365439093484
22 0.05286630000000003 106 21 0.8322448979591837 0.7926345609065156
23 0.059783800000000054 92 32 0.8510204081632653 0.8107648725212464
24 0.054898400000000014 60 19 0.863265306122449 0.8215297450424929
25 0.05468740000000005 78 22 0.8791836734693877 0.8339943342776204
26 0.055965299999999996 59 15 0.8912244897959184 0.8424929178470255
27 0.07108979999999987 46 18 0.9006122448979592 0.8526912181303116
28 0.05906070000000008 50 14 0.9108163265306123 0.8606232294617564
29 0.05862759999999989 40 15 0.9189795918367347 0.8691218130311614
30 0.05877370000000015 38 17 0.926734693877551 0.8787535410764873
31 0.060478699999999996 34 12 0.9336734693877551 0.8855524079320113
32 0.060357799999999795 38 10 0.9414285714285714 0.8912181303116147
33 0.06390469999999993 33 8 0.9481632653061225 0.8957507082152975
34 0.06318139999999994 33 10 0.9548979591836735 0.9014164305949008
35 0.06249650000000018 27 8 0.9604081632653061 0.9059490084985836
36 0.06390679999999982 20 7 0.9644897959183674 0.909915014164306
37 0.06505139999999998 21 4 0.9687755102040816 0.9121813031161473
38 0.06511920000000004 22 8 0.973265306122449 0.91671388101983
39 0.07459070000000012 14 9 0.9761224489795919 0.9218130311614731
40 0.06585639999999993 16 5 0.9793877551020408 0.9246458923512748
41 0.06510720000000014 10 9 0.9814285714285714 0.9297450424929179
42 0.0664906999999999 10 8 0.9834693877551021 0.9342776203966006
43 0.07626620000000006 13 6 0.9861224489795918 0.9376770538243626
44 0.06636029999999993 8 8 0.9877551020408163 0.9422096317280453
45 0.06718040000000025 6 3 0.9889795918367347 0.9439093484419263
46 0.06811200000000017 4 5 0.9897959183673469 0.9467422096317281
47 0.06737949999999993 5 7 0.9908163265306122 0.9507082152974504
48 0.0680685999999997 4 2 0.9916326530612245 0.9518413597733711
49 0.06954189999999993 3 1 0.9922448979591837 0.9524079320113314
50 0.06956229999999985 1 3 0.9924489795918368 0.9541076487252125
51 0.06974550000000024 5 4 0.9934693877551021 0.9563739376770538
52 0.06763410000000025 5 2 0.9944897959183674 0.9575070821529745
53 0.0733334000000001 4 3 0.9953061224489796 0.9592067988668556
54 0.06930039999999993 1 2 0.9955102040816326 0.9603399433427762
55 0.06956799999999985 2 6 0.9959183673469387 0.9637393767705382
56 0.06857669999999993 5 3 0.996938775510204 0.9654390934844193
57 0.07128749999999995 2 2 0.9973469387755102 0.96657223796034
58 0.0693261999999999 4 3 0.9981632653061224 0.968271954674221
59 0.07182889999999986 1 2 0.9983673469387755 0.9694050991501416
60 0.06975319999999963 1 2 0.9985714285714286 0.9705382436260623
61 0.0700208 1 3 0.9987755102040816 0.9722379603399434
62 0.07011000000000012 0 3 0.9987755102040816 0.9739376770538244
63 0.07163599999999981 0 1 0.9987755102040816 0.9745042492917847
64 0.07215099999999985 1 3 0.9989795918367347 0.9762039660056657
65 0.06979680000000021 1 0 0.9991836734693877 0.9762039660056657
66 0.06880670000000011 1 2 0.9993877551020408 0.9773371104815864
67 0.06920919999999997 0 2 0.9993877551020408 0.9784702549575071
68 0.07147620000000021 0 2 0.9993877551020408 0.9796033994334278
69 0.0703708999999999 0 2 0.9993877551020408 0.9807365439093484
70 0.06948960000000026 0 1 0.9993877551020408 0.9813031161473088
71 0.06964460000000017 0 1 0.9993877551020408 0.9818696883852691
72 0.07130279999999978 0 0 0.9993877551020408 0.9818696883852691
73 0.07025719999999946 0 1 0.9993877551020408 0.9824362606232294
74 0.07342229999999983 1 0 0.9995918367346939 0.9824362606232294
75 0.07226999999999961 0 5 0.9995918367346939 0.9852691218130312
76 0.06946169999999974 0 1 0.9995918367346939 0.9858356940509915
77 0.06962470000000032 0 0 0.9995918367346939 0.9858356940509915
78 0.07134540000000023 0 0 0.9995918367346939 0.9858356940509915
79 0.06925240000000077 0 3 0.9995918367346939 0.9875354107648725
80 0.06914540000000002 0 1 0.9995918367346939 0.9881019830028328
81 0.07449549999999938 0 1 0.9995918367346939 0.9886685552407932
82 0.07783350000000056 0 1 0.9995918367346939 0.9892351274787535
83 0.07332719999999959 0 0 0.9995918367346939 0.9892351274787535
84 0.07115690000000008 0 0 0.9995918367346939 0.9892351274787535
85 0.07044229999999985 0 1 0.9995918367346939 0.9898016997167138
86 0.07013940000000041 0 1 0.9995918367346939 0.9903682719546743
87 0.0714661999999997 0 0 0.9995918367346939 0.9903682719546743
88 0.07375480000000056 0 0 0.9995918367346939 0.9903682719546743
89 0.07183739999999972 0 1 0.9995918367346939 0.9909348441926346
90 0.07061009999999968 0 0 0.9995918367346939 0.9909348441926346
91 0.07383220000000001 0 0 0.9995918367346939 0.9909348441926346
92 0.07365880000000047 0 1 0.9995918367346939 0.9915014164305949
93 0.07409960000000027 1 0 0.9997959183673469 0.9915014164305949
94 0.07193740000000037 0 0 0.9997959183673469 0.9915014164305949
95 0.0713045999999995 0 2 0.9997959183673469 0.9926345609065156
96 0.07431059999999956 0 1 0.9997959183673469 0.9932011331444759
97 0.08280380000000065 0 1 0.9997959183673469 0.9937677053824363
98 0.07164729999999953 0 1 0.9997959183673469 0.9943342776203966
99 0.07122979999999934 0 0 0.9997959183673469 0.9943342776203966
100 0.0714617000000004 0 0 0.9997959183673469 0.9943342776203966
101 0.07232890000000047 0 0 0.9997959183673469 0.9943342776203966
102 0.07111059999999991 0 0 0.9997959183673469 0.9943342776203966
103 0.07074479999999994 0 0 0.9997959183673469 0.9943342776203966
104 0.07364619999999977 0 0 0.9997959183673469 0.9943342776203966
105 0.07250479999999992 1 0 1.0 0.9943342776203966
106 0.07115950000000026 0 1 1.0 0.9949008498583569
107 0.07274659999999944 0 0 1.0 0.9949008498583569
108 0.07193650000000051 0 0 1.0 0.9949008498583569
109 0.06968730000000001 0 0 1.0 0.9949008498583569
110 0.1095739 0 0 1.0 0.9949008498583569
111 0.0699715000000003 0 1 1.0 0.9954674220963173
112 0.0700251999999999 0 0 1.0 0.9954674220963173
113 0.07062409999999986 0 0 1.0 0.9954674220963173
114 0.0732791000000006 0 0 1.0 0.9954674220963173
115 0.0724575999999999 0 0 1.0 0.9954674220963173
116 0.07137199999999932 0 0 1.0 0.9954674220963173
117 0.06987430000000039 0 0 1.0 0.9954674220963173
118 0.06917379999999973 0 0 1.0 0.9954674220963173
119 0.07106490000000054 0 0 1.0 0.9954674220963173
120 0.07053949999999976 0 0 1.0 0.9954674220963173
121 0.0719221000000001 0 0 1.0 0.9954674220963173
122 0.0721229999999995 0 0 1.0 0.9954674220963173
123 0.0740059999999998 0 0 1.0 0.9954674220963173
124 0.07014549999999975 0 0 1.0 0.9954674220963173
125 0.06984469999999998 0 1 1.0 0.9960339943342776
126 0.07013439999999971 0 0 1.0 0.9960339943342776
127 0.08232719999999993 0 1 1.0 0.996600566572238
128 0.07145460000000092 0 0 1.0 0.996600566572238
129 0.07287610000000022 0 0 1.0 0.996600566572238
130 0.07305290000000042 0 0 1.0 0.996600566572238
131 0.07019679999999973 0 0 1.0 0.996600566572238
132 0.07023560000000018 0 0 1.0 0.996600566572238
133 0.07045190000000012 0 0 1.0 0.996600566572238
134 0.07129169999999974 0 0 1.0 0.996600566572238
135 0.07064529999999891 0 0 1.0 0.996600566572238
136 0.07141780000000075 0 0 1.0 0.996600566572238
137 0.0774392000000006 0 0 1.0 0.996600566572238
138 0.07169080000000072 0 0 1.0 0.996600566572238
139 0.0728516999999993 0 0 1.0 0.996600566572238
140 0.07340970000000091 0 0 1.0 0.996600566572238
141 0.0716088000000017 0 0 1.0 0.996600566572238
142 0.07120719999999992 0 0 1.0 0.996600566572238
143 0.07177109999999942 0 0 1.0 0.996600566572238
144 0.07148940000000081 0 0 1.0 0.996600566572238
145 0.07104780000000055 0 1 1.0 0.9971671388101983
146 0.06986569999999936 0 0 1.0 0.9971671388101983
147 0.07207640000000026 0 1 1.0 0.9977337110481587
148 0.07147639999999988 0 0 1.0 0.9977337110481587
149 0.07168699999999895 0 0 1.0 0.9977337110481587
150 0.07119040000000076 0 0 1.0 0.9977337110481587
151 0.07227089999999947 0 0 1.0 0.9977337110481587
152 0.07019500000000001 0 0 1.0 0.9977337110481587
153 0.07322590000000062 0 0 1.0 0.9977337110481587
154 0.07311029999999974 0 0 1.0 0.9977337110481587
155 0.07055949999999989 0 0 1.0 0.9977337110481587
156 0.07382239999999918 0 0 1.0 0.9977337110481587
157 0.0718046999999995 0 0 1.0 0.9977337110481587
158 0.07228229999999947 0 0 1.0 0.9977337110481587
159 0.07133130000000065 0 2 1.0 0.9988668555240793
160 0.0706705999999997 0 0 1.0 0.9988668555240793
161 0.07140119999999861 0 0 1.0 0.9988668555240793
162 0.07160329999999959 0 0 1.0 0.9988668555240793
163 0.07194029999999962 0 0 1.0 0.9988668555240793
164 0.0728951999999996 0 0 1.0 0.9988668555240793
165 0.07968320000000162 0 0 1.0 0.9988668555240793
166 0.07318339999999957 0 0 1.0 0.9988668555240793
167 0.07306059999999981 0 1 1.0 0.9994334277620397
168 0.07284620000000075 0 0 1.0 0.9994334277620397
169 0.07247049999999966 0 0 1.0 0.9994334277620397
170 0.07152460000000005 0 0 1.0 0.9994334277620397
171 0.0722252000000001 0 0 1.0 0.9994334277620397
172 0.07309809999999928 0 0 1.0 0.9994334277620397
173 0.07103419999999971 0 0 1.0 0.9994334277620397
174 0.07076029999999989 0 0 1.0 0.9994334277620397
175 0.07122160000000122 0 0 1.0 0.9994334277620397
176 0.07236710000000102 0 0 1.0 0.9994334277620397
177 0.07189130000000077 0 0 1.0 0.9994334277620397
178 0.07121640000000085 0 0 1.0 0.9994334277620397
179 0.07353839999999856 0 0 1.0 0.9994334277620397
180 0.08341230000000088 0 0 1.0 0.9994334277620397
181 0.0722492999999993 0 0 1.0 0.9994334277620397
182 0.07192230000000066 0 0 1.0 0.9994334277620397
183 0.07184469999999976 0 0 1.0 0.9994334277620397
184 0.07327789999999901 0 0 1.0 0.9994334277620397
185 0.0724929000000003 0 0 1.0 0.9994334277620397
186 0.07280710000000035 0 0 1.0 0.9994334277620397
187 0.071474499999999 0 0 1.0 0.9994334277620397
188 0.07129340000000006 0 0 1.0 0.9994334277620397
189 0.0714876000000011 0 0 1.0 0.9994334277620397
190 0.0705644999999997 0 0 1.0 0.9994334277620397
191 0.07107629999999965 0 0 1.0 0.9994334277620397
192 0.07259029999999989 0 0 1.0 0.9994334277620397
193 0.07156480000000087 0 0 1.0 0.9994334277620397
194 0.07137389999999932 0 0 1.0 0.9994334277620397
195 0.07188660000000091 0 0 1.0 0.9994334277620397
196 0.110437000000001 0 0 1.0 0.9994334277620397
197 0.07295620000000014 0 0 1.0 0.9994334277620397
198 0.07123439999999981 0 0 1.0 0.9994334277620397
199 0.07094109999999887 0 0 1.0 0.9994334277620397
200 0.07484809999999875 0 1 1.0 1.0
