75 0.7 0.7
1 0.011143399999999998 540 0 0.04995836802664446 0.10611020185488271
2 0.035204299999999994 1727 675 0.2097326302155611 0.29023458810692854
3 0.1188863 4626 1692 0.637709316310482 0.75177304964539
4 0.19150109999999998 2665 626 0.884263114071607 0.92253136933988
5 0.2383675999999999 868 168 0.9645665648996207 0.9683578832515003
6 0.2621273999999999 261 61 0.9887131094458321 0.9849972722313148
7 0.26699949999999983 88 30 0.9968544731242484 0.9931805782869613
8 0.2803925999999999 23 11 0.9989823295401979 0.9961811238406983
9 0.2652639000000001 8 5 0.9997224535109631 0.997545008183306
10 0.2788660999999999 1 6 0.9998149690073087 0.9991816693944353
11 0.27039120000000016 2 3 1.0 1.0
