50 0.5 0.5
1 0.0060695000000000054 243 0 0.056815524900631284 0.15053050397877984
2 0.012287699999999985 544 178 0.1840074818798223 0.26856763925729443
3 0.025644100000000003 1058 358 0.43137713350479306 0.5059681697612732
4 0.0421783 1171 342 0.7051671732522796 0.7327586206896551
5 0.05437639999999999 644 172 0.8557400046761748 0.846816976127321
6 0.06226579999999998 307 105 0.9275192892214169 0.916445623342175
7 0.07104539999999998 151 55 0.9628244096329203 0.9529177718832891
8 0.10130929999999999 73 28 0.9798924479775544 0.9714854111405835
9 0.07396809999999998 39 17 0.989010989010989 0.9827586206896551
10 0.07064170000000003 28 10 0.9955576338555062 0.9893899204244032
11 0.0710037 13 4 0.9985971475333177 0.9920424403183024
12 0.07123269999999993 2 6 0.9990647650222119 0.9960212201591512
13 0.08323959999999997 3 2 0.999766191255553 0.9973474801061007
14 0.07412739999999995 1 0 1.0 0.9973474801061007
15 0.07419789999999993 0 1 1.0 0.9980106100795756
16 0.07349819999999996 0 0 1.0 0.9980106100795756
17 0.07432989999999995 0 1 1.0 0.9986737400530504
18 0.0724203000000001 0 1 1.0 0.9993368700265252
19 0.10917109999999997 0 0 1.0 0.9993368700265252
20 0.07725839999999984 0 1 1.0 1.0
