100 0.6 0.4
1 0.013711100000000032 607 0 0.03893771248957598 0.09443474888501066
2 0.032892599999999994 1712 483 0.14875874013727627 0.18809385301531897
3 0.10474 4883 1382 0.46199243056001027 0.4560791157649796
4 0.17744149999999997 4794 1263 0.7695169670921804 0.7009889470622455
5 0.38523929999999995 2150 634 0.9074347296170376 0.8239286406825674
6 0.3311042000000002 864 300 0.9628584258130733 0.8821019972852434
7 0.46378680000000005 362 179 0.9860799281544679 0.9168121000581734
8 0.35085149999999987 117 128 0.993585220347681 0.9416327322086484
9 0.39370400000000005 57 85 0.9972416447495028 0.9581151832460733
10 0.3676792 21 69 0.9985887484764898 0.9714950552646888
11 0.36753880000000017 15 46 0.9995509654243376 0.9804149699437658
12 0.46724750000000004 2 28 0.999679261017384 0.9858444832266822
13 0.3907090999999996 2 10 0.9998075566104304 0.987783595113438
14 0.4177509000000006 3 16 1.0 0.9908861741322474
15 0.38364499999999957 0 6 1.0 0.992049641264301
16 0.40522100000000005 0 10 1.0 0.9939887531510568
17 0.49580689999999983 0 9 1.0 0.9957339538491371
18 0.40230940000000004 0 6 1.0 0.9968974209811906
19 0.47700660000000017 0 6 1.0 0.9980608881132441
20 0.38442440000000033 0 0 1.0 0.9980608881132441
21 0.39290800000000026 0 0 1.0 0.9980608881132441
22 0.3868746000000005 0 3 1.0 0.9986426216792709
23 0.3913304000000011 0 1 1.0 0.9988365328679465
24 0.40689189999999975 0 1 1.0 0.9990304440566221
25 0.3741544000000001 0 0 1.0 0.9990304440566221
26 0.37831420000000016 0 1 1.0 0.9992243552452976
27 0.5463866 0 0 1.0 0.9992243552452976
28 0.37692490000000056 0 0 1.0 0.9992243552452976
29 0.3727789999999995 0 1 1.0 0.9994182664339732
30 0.3887463999999987 0 1 1.0 0.9996121776226489
31 0.3783443999999996 0 1 1.0 0.9998060888113244
32 0.3946353000000009 0 0 1.0 0.9998060888113244
33 0.3756392000000002 0 0 1.0 0.9998060888113244
34 0.3843499999999995 0 0 1.0 0.9998060888113244
35 0.37069559999999946 0 0 1.0 0.9998060888113244
36 0.37289059999999985 0 0 1.0 0.9998060888113244
37 0.3859554999999997 0 0 1.0 0.9998060888113244
38 0.42020820000000114 0 0 1.0 0.9998060888113244
39 0.4095628999999992 0 0 1.0 0.9998060888113244
40 0.3909886 0 0 1.0 0.9998060888113244
41 0.40941039999999873 0 1 1.0 1.0
