175 0.9 0.6
1 0.04253050000000003 1934 0 0.030282627417208174 0.04492197492964953
2 0.1418279 8147 2302 0.15784858686291395 0.1627014581734459
3 0.8322633 38889 10993 0.7667736631958036 0.7251470964441034
4 2.224171 13386 3982 0.9763720347608236 0.9288820670248146
5 3.3278283 1344 848 0.9974164252720582 0.9722691225377335
6 3.6102032999999993 145 304 0.9996868394269162 0.9878229726272704
7 3.771207499999999 16 142 0.9999373678853832 0.995088257866462
8 3.2257909 3 45 0.9999843419713458 0.9973906369915579
9 3.2435681999999986 1 27 1.0 0.9987720644666155
10 3.229949699999999 0 14 1.0 0.9994883601944231
11 3.1749468000000007 0 6 1.0 0.9997953440777693
12 3.2269056999999997 0 1 1.0 0.999846508058327
13 3.220220300000001 0 2 1.0 0.9999488360194423
14 3.195212099999999 0 1 1.0 1.0
