150 1.0 0.1
1 0.030442099999999916 1912 0 0.04217678071162288 0.059098639455782316
2 0.11384280000000002 8515 725 0.23000904418414841 0.1104733560090703
3 0.41164140000000005 25250 2580 0.7869984338120133 0.29329648526077096
4 0.7832006 9481 2593 0.9961396774976287 0.4770408163265306
5 1.3378489 175 1718 1.0 0.598781179138322
6 1.5408863 0 1280 1.0 0.689484126984127
7 1.5798291999999998 0 850 1.0 0.7497165532879818
8 1.7725258000000004 0 669 1.0 0.7971230158730159
9 1.7718176999999997 0 542 1.0 0.8355300453514739
10 1.7958181999999994 0 413 1.0 0.8647959183673469
11 1.8579930000000004 0 331 1.0 0.8882511337868481
12 2.1169012999999985 0 237 1.0 0.905045351473923
13 2.1008955 0 193 1.0 0.9187216553287982
14 1.9337117 0 172 1.0 0.9309098639455783
15 2.0819734999999966 0 107 1.0 0.9384920634920635
16 2.0678228999999995 0 97 1.0 0.9453656462585034
17 1.9658844000000002 0 105 1.0 0.9528061224489796
18 2.0125974000000006 0 99 1.0 0.9598214285714286
19 2.2475960000000015 0 70 1.0 0.964781746031746
20 2.2548668999999997 0 58 1.0 0.968891723356009
21 2.284840800000005 0 64 1.0 0.9734268707482994
22 2.0971918000000045 0 45 1.0 0.9766156462585034
23 2.0208628000000033 0 35 1.0 0.9790958049886621
24 2.1965245999999965 0 34 1.0 0.9815051020408163
25 1.9701069999999987 0 31 1.0 0.983701814058957
26 2.0513222000000013 0 27 1.0 0.9856150793650794
27 2.2907565000000005 0 27 1.0 0.9875283446712018
28 2.2827628000000004 0 21 1.0 0.9890164399092971
29 2.342612899999999 0 18 1.0 0.9902919501133787
30 2.2168779 0 20 1.0 0.9917091836734694
31 2.033331600000004 0 7 1.0 0.9922052154195011
32 2.3187538999999973 0 16 1.0 0.9933390022675737
33 2.2634462999999982 0 12 1.0 0.9941893424036281
34 2.175149100000006 0 8 1.0 0.9947562358276644
35 2.1591001999999975 0 5 1.0 0.9951105442176871
36 2.286418900000001 0 9 1.0 0.9957482993197279
37 1.8495200999999923 0 7 1.0 0.9962443310657596
38 1.8748592999999971 0 4 1.0 0.9965277777777778
39 1.8453714999999988 0 6 1.0 0.996952947845805
40 1.8816148000000084 0 6 1.0 0.9973781179138322
41 1.8388108000000045 0 3 1.0 0.9975907029478458
42 1.8836306000000036 0 2 1.0 0.9977324263038548
43 1.8464578000000103 0 0 1.0 0.9977324263038548
44 1.879045700000006 0 3 1.0 0.9979450113378685
45 1.853249599999998 0 5 1.0 0.9982993197278912
46 1.9142995999999926 0 5 1.0 0.9986536281179138
47 1.8426613000000032 0 3 1.0 0.9988662131519275
48 1.966750900000008 0 3 1.0 0.999078798185941
49 1.840293299999999 0 0 1.0 0.999078798185941
50 1.8801466999999974 0 4 1.0 0.9993622448979592
51 1.8465451999999942 0 2 1.0 0.9995039682539683
52 1.8898900000000083 0 0 1.0 0.9995039682539683
53 1.8835807000000102 0 3 1.0 0.9997165532879818
54 1.878965100000002 0 0 1.0 0.9997165532879818
55 1.880603899999997 0 1 1.0 0.9997874149659864
56 1.8379237000000046 0 0 1.0 0.9997874149659864
57 1.9053514000000007 0 1 1.0 0.999858276643991
58 1.8978058000000004 0 0 1.0 0.999858276643991
59 1.8595842000000005 0 0 1.0 0.999858276643991
60 1.8854751000000078 0 0 1.0 0.999858276643991
61 1.8855015999999978 0 0 1.0 0.999858276643991
62 1.8801340999999923 0 0 1.0 0.999858276643991
63 1.8910848999999956 0 0 1.0 0.999858276643991
64 1.8549503999999928 0 0 1.0 0.999858276643991
65 1.8832711999999958 0 0 1.0 0.999858276643991
66 1.846726099999998 0 0 1.0 0.999858276643991
67 1.8765451000000013 0 0 1.0 0.999858276643991
68 2.033259799999996 0 0 1.0 0.999858276643991
69 2.068111099999996 0 0 1.0 0.999858276643991
70 1.8498088999999993 0 0 1.0 0.999858276643991
71 1.881873100000007 0 0 1.0 0.999858276643991
72 1.850739500000003 0 0 1.0 0.999858276643991
73 1.8934693999999865 0 1 1.0 0.9999291383219955
74 1.8555221000000017 0 0 1.0 0.9999291383219955
75 1.8838088999999911 0 0 1.0 0.9999291383219955
76 1.8455052000000194 0 1 1.0 1.0
